"<HEADER software/>"
EwEVersion,"6.7.0.18858 (compiled 5/2/2024)"
Date,"10/21/2024 5:10:42 PM"
"<HEADER ecopath/>"
ModelName,1
ModelSource,"C:\Users\Matt Woodstock\Documents\USGWEM Ecospace\USGWEM_v2.02.eweaccdb.mdb"
"<HEADER ecosim/>"
EcosimScenario,sim-spa_02
TimeSeries,-
StartYear,1980
"<HEADER ecospace/>"
EcospaceScenario,exp2_04_MOM6-phyc-vint
MapRows,53
MapCols,131
MapCellLength,14.84601
MapCellSize,0.1335878
MapLatitude,31.00668
MapLongitude,-98
NoActiveCells,5258
EcoSpaceTimeStepLength,0.0833333333333333
CoordinateSystemWKT,"GEOGCS['WGS 84', DATUM['WGS_1984', SPHEROID['WGS 84',6378137,298.257223563, AUTHORITY['EPSG','7030']], AUTHORITY['EPSG','6326']], PRIMEM['Greenwich',0, AUTHORITY['EPSG','8901']], UNIT['degree',0.01745329251994328, AUTHORITY['EPSG','9122']], AUTHORITY['EPSG','4326']]"
ExternalDataConfigFile,"C:\Users\Matt Woodstock\AppData\Roaming\Ecopath with Ecosim\ewe_datasets.xml"
"<HEADER end/>"
Variable,EcospaceMapBiomass
Contaminant Concentrations,"Sandbar shark"

Step,1
Year,0.08333334
-9999,-9999,-9999,-9999,-9999,-9999,-9999,-9999,-9999,-9999,-9999,-9999,-9999,-9999,-9999,-9999,-9999,-9999,-9999,-9999,-9999,-9999,-9999,-9999,-9999,-9999,-9999,-9999,-9999,-9999,-9999,-9999,-9999,-9999,-9999,-9999,-9999,-9999,-9999,-9999,-9999,-9999,-9999,-9999,-9999,-9999,-9999,-9999,-9999,-9999,-9999,-9999,-9999,-9999,-9999,-9999,-9999,-9999,-9999,-9999,-9999,-9999,-9999,-9999,-9999,-9999,-9999,-9999,-9999,-9999,-9999,-9999,-9999,-9999,-9999,-9999,-9999,-9999,-9999,-9999,-9999,-9999,-9999,-9999,-9999,-9999,-9999,-9999,-9999,-9999,-9999,-9999,-9999,-9999,-9999,-9999,-9999,-9999,-9999,-9999,-9999,-9999,-9999,-9999,-9999,-9999,-9999,-9999,-9999,-9999,-9999,-9999,-9999,-9999,-9999,-9999,-9999,-9999,-9999,-9999,-9999,-9999,-9999,-9999,-9999,-9999,-9999,-9999,-9999,-9999,-9999
-9999,-9999,-9999,-9999,-9999,-9999,-9999,-9999,-9999,-9999,-9999,-9999,-9999,-9999,-9999,-9999,-9999,-9999,-9999,-9999,-9999,-9999,-9999,-9999,-9999,-9999,-9999,-9999,-9999,-9999,-9999,-9999,-9999,-9999,-9999,-9999,-9999,-9999,-9999,-9999,-9999,-9999,-9999,-9999,-9999,-9999,-9999,-9999,-9999,-9999,-9999,-9999,-9999,-9999,-9999,-9999,-9999,-9999,-9999,-9999,-9999,-9999,-9999,-9999,-9999,-9999,-9999,-9999,-9999,-9999,-9999,-9999,-9999,-9999,-9999,-9999,-9999,-9999,-9999,-9999,-9999,-9999,-9999,-9999,-9999,-9999,-9999,-9999,-9999,-9999,-9999,-9999,-9999,-9999,-9999,-9999,-9999,-9999,-9999,-9999,-9999,-9999,-9999,-9999,-9999,-9999,-9999,-9999,-9999,-9999,-9999,-9999,-9999,-9999,-9999,-9999,-9999,-9999,-9999,-9999,-9999,-9999,-9999,-9999,-9999,-9999,-9999,-9999,-9999,-9999,-9999
-9999,-9999,-9999,-9999,-9999,-9999,-9999,-9999,-9999,-9999,-9999,-9999,-9999,-9999,-9999,-9999,-9999,-9999,-9999,-9999,-9999,-9999,-9999,-9999,-9999,-9999,-9999,-9999,-9999,-9999,-9999,-9999,-9999,-9999,-9999,-9999,-9999,-9999,-9999,-9999,-9999,-9999,-9999,-9999,-9999,-9999,-9999,-9999,-9999,-9999,-9999,-9999,-9999,-9999,-9999,-9999,-9999,-9999,-9999,-9999,-9999,-9999,-9999,-9999,-9999,-9999,-9999,-9999,-9999,-9999,-9999,-9999,-9999,-9999,5.54714733880246E-06,8.25164079287788E-06,-9999,-9999,-9999,-9999,-9999,-9999,-9999,-9999,-9999,-9999,-9999,-9999,-9999,-9999,-9999,-9999,-9999,-9999,-9999,-9999,-9999,-9999,-9999,-9999,-9999,-9999,-9999,-9999,-9999,-9999,-9999,-9999,-9999,-9999,-9999,-9999,-9999,-9999,-9999,-9999,-9999,-9999,-9999,-9999,-9999,-9999,-9999,-9999,-9999,-9999,-9999,-9999,-9999,-9999,-9999
-9999,-9999,-9999,-9999,-9999,-9999,-9999,-9999,-9999,-9999,-9999,-9999,-9999,-9999,-9999,-9999,-9999,-9999,-9999,-9999,-9999,-9999,-9999,-9999,-9999,-9999,-9999,-9999,-9999,-9999,-9999,-9999,-9999,-9999,-9999,-9999,-9999,-9999,-9999,-9999,-9999,-9999,-9999,-9999,-9999,-9999,-9999,-9999,-9999,-9999,-9999,-9999,-9999,-9999,-9999,-9999,-9999,-9999,-9999,-9999,-9999,-9999,-9999,-9999,-9999,-9999,-9999,-9999,-9999,-9999,-9999,-9999,-9999,-9999,8.06857224233681E-06,1.1944655852858E-05,-9999,-9999,-9999,-9999,-9999,-9999,-9999,-9999,-9999,-9999,-9999,-9999,-9999,-9999,-9999,-9999,-9999,-9999,-9999,-9999,-9999,-9999,-9999,-9999,-9999,-9999,-9999,-9999,-9999,-9999,-9999,-9999,-9999,-9999,-9999,-9999,-9999,-9999,-9999,-9999,-9999,-9999,-9999,-9999,-9999,-9999,-9999,-9999,-9999,-9999,-9999,-9999,-9999,-9999,-9999
-9999,-9999,-9999,-9999,-9999,-9999,-9999,-9999,-9999,-9999,-9999,-9999,-9999,-9999,-9999,-9999,-9999,-9999,-9999,-9999,-9999,-9999,-9999,-9999,-9999,-9999,-9999,-9999,-9999,-9999,-9999,-9999,-9999,-9999,-9999,-9999,-9999,-9999,-9999,-9999,-9999,-9999,-9999,-9999,-9999,-9999,-9999,-9999,-9999,-9999,-9999,-9999,-9999,-9999,-9999,-9999,4.15503876638468E-07,6.0983904859313E-07,8.85280371676345E-07,1.28226713513868E-06,-9999,-9999,-9999,-9999,-9999,9.96225571725518E-06,9.66547395364614E-06,1.3809081792715E-05,1.3473544640874E-05,8.71100201038644E-06,1.2497985153459E-05,6.27096233074553E-05,8.41576547827572E-05,8.33044905448332E-05,1.16792880362482E-05,5.99455925112125E-05,7.76375964051113E-05,-9999,-9999,7.1800677687861E-05,0.000110925910121296,9.67964660958387E-05,9.79672258836217E-05,0.000251236837357283,0.000333817035425454,0.000304482877254486,0.000304738612612709,0.000185881086508743,8.73301833053119E-05,-9999,-9999,-9999,-9999,-9999,-9999,-9999,-9999,-9999,-9999,-9999,-9999,-9999,-9999,-9999,-9999,-9999,-9999,-9999,-9999,-9999,-9999,-9999,-9999,-9999,-9999,-9999,-9999,-9999,-9999,-9999,-9999,-9999,-9999,-9999,-9999,-9999,-9999,-9999,-9999,-9999,-9999
-9999,-9999,-9999,-9999,-9999,-9999,-9999,-9999,-9999,-9999,-9999,-9999,-9999,-9999,-9999,-9999,-9999,-9999,-9999,-9999,-9999,-9999,-9999,-9999,-9999,-9999,-9999,-9999,-9999,-9999,-9999,-9999,-9999,-9999,-9999,-9999,-9999,-9999,-9999,-9999,-9999,-9999,-9999,-9999,-9999,-9999,-9999,-9999,-9999,-9999,-9999,-9999,-9999,-9999,-9999,4.2451785020603E-07,6.26655833002587E-07,9.18548778372497E-07,1.32450054479705E-06,1.87617354185932E-06,2.64336358668515E-06,3.804178959399E-06,-9999,1.61610842042137E-05,4.38391762145329E-05,1.48826966324123E-05,1.41484088089783E-05,0.000106689491076395,0.000108073283627164,1.26748755064909E-05,1.228816472576E-05,0.000142368895467371,0.000180361661477946,0.000159944014740176,0.000140642368933186,0.000138245755806565,0.000106607170891948,0.000117849558591843,0.000195433152839541,0.00034443472395651,0.000816156214568764,0.00124403147492558,0.00137457193341106,0.00136872136499733,0.00137530302163213,0.00138353416696191,0.00139258126728237,0.00140797055792063,0.00135363009758294,0.000712529930751771,0.000301787920761853,-9999,-9999,-9999,-9999,-9999,-9999,-9999,-9999,-9999,-9999,-9999,-9999,-9999,-9999,-9999,-9999,-9999,-9999,-9999,-9999,-9999,-9999,-9999,-9999,-9999,-9999,-9999,-9999,-9999,-9999,-9999,-9999,-9999,-9999,-9999,-9999,-9999,-9999,-9999,-9999
-9999,-9999,-9999,-9999,-9999,-9999,-9999,-9999,-9999,-9999,-9999,-9999,-9999,-9999,-9999,-9999,-9999,-9999,-9999,-9999,-9999,-9999,-9999,-9999,-9999,-9999,-9999,-9999,-9999,-9999,-9999,-9999,-9999,-9999,-9999,-9999,-9999,-9999,-9999,-9999,-9999,-9999,-9999,-9999,-9999,-9999,-9999,-9999,-9999,-9999,-9999,-9999,-9999,-9999,-9999,6.36067909454141E-07,9.44016676385218E-07,1.39503345053527E-06,2.01254556486674E-06,2.82923747363384E-06,3.91070625482826E-06,5.41060035175178E-06,7.58047508497839E-06,1.07797441160074E-05,1.53288365254411E-05,9.05259803403169E-05,0.000158602982992306,0.000404192745918408,0.000656452670227736,0.000946871470659971,0.00108015059959143,0.000963007740210742,0.00118531053885818,0.0013214509235695,0.00105901272036135,0.0010395817225799,0.000973952410276979,0.00103816448245198,0.00139306823257357,0.00141540810000151,0.0014268959639594,0.00142927980050445,0.00143100321292877,0.00142825965303928,0.00142646103631705,0.00142726756166667,0.00143091450445354,0.00143372686579823,0.00143286399543285,0.00142362795304507,0.00139644485898316,0.00115724524948746,0.000274971156613901,-9999,-9999,-9999,-9999,-9999,-9999,-9999,-9999,-9999,9.0500878286548E-05,9.05244451132603E-05,9.0653273218777E-05,-9999,-9999,-9999,-9999,-9999,-9999,-9999,-9999,-9999,-9999,-9999,-9999,-9999,-9999,-9999,-9999,-9999,-9999,-9999,-9999,-9999,-9999,-9999,-9999,-9999,-9999
-9999,-9999,-9999,-9999,-9999,-9999,-9999,-9999,-9999,-9999,-9999,-9999,-9999,-9999,-9999,-9999,-9999,-9999,-9999,-9999,-9999,-9999,-9999,-9999,-9999,-9999,-9999,-9999,-9999,-9999,-9999,4.06916660722345E-05,-9999,-9999,-9999,0.000125785707496107,-9999,-9999,-9999,-9999,-9999,-9999,-9999,-9999,-9999,-9999,-9999,-9999,-9999,-9999,-9999,-9999,-9999,-9999,-9999,-9999,-9999,9.48403851452895E-07,1.37952213208337E-06,1.98423822439509E-06,-9999,5.17011267220369E-06,7.42542670195689E-06,1.06174411484972E-05,1.51064441524795E-05,9.1154157416895E-05,0.000164367389515974,0.000225986033910885,0.000140713178552687,0.000776353757828474,0.00159601506311446,0.00167208514176309,0.00165450142230839,0.00163168821018189,0.00157774472609162,0.00153229339048266,0.00153107696678489,0.0015242847148329,0.0014963939320296,0.00147315883077681,0.00145468022674322,0.00144241331145167,0.00142256787512451,0.00140887207817286,0.00141048058867455,0.00141467154026031,0.00142094667535275,0.00142870401032269,0.00143359752837569,0.00143348798155785,0.00143398705404252,0.00140543247107416,0.00127384101506323,0.000332665338646621,-9999,-9999,-9999,-9999,-9999,-9999,-9999,-9999,0.00012343522394076,0.000191412895219401,0.000124705649795942,8.94796685315669E-05,9.00669401744381E-05,-9999,-9999,-9999,-9999,-9999,-9999,-9999,-9999,-9999,-9999,-9999,-9999,-9999,-9999,-9999,-9999,-9999,-9999,-9999,-9999,-9999,-9999,-9999,-9999
-9999,-9999,-9999,-9999,-9999,-9999,-9999,-9999,-9999,-9999,-9999,-9999,-9999,-9999,-9999,-9999,-9999,-9999,-9999,-9999,-9999,-9999,-9999,-9999,-9999,-9999,-9999,-9999,-9999,-9999,2.96926118608098E-05,5.61962624487933E-05,-9999,-9999,6.04170782025903E-05,0.00010205074067926,-9999,-9999,0.000111652618215885,0.00019277588580735,-9999,-9999,-9999,-9999,-9999,1.58742968778824E-05,-9999,-9999,-9999,-9999,-9999,-9999,-9999,-9999,-9999,-9999,-9999,-9999,-9999,-9999,-9999,7.50125991544337E-06,1.07600362753146E-05,1.55045090650674E-05,1.49684838106623E-05,8.78133650985546E-05,9.7289914265275E-05,9.39006567932665E-05,8.93411415745504E-05,0.000526750343851745,0.00161336362361908,0.00170307466760278,0.00168900389689952,0.00166148028802127,0.00162741867825389,0.00159375974908471,0.00156410248018801,0.00153553346171975,0.00150945747736841,0.00148330477531999,0.00145728432107717,0.0014296747976914,0.00139946083072573,0.00139052618760616,0.00139000045601279,0.00140012067276984,0.00140888302121311,0.0014190684305504,0.0014292182167992,0.00143509847112,0.00143889535684139,0.00143661093898118,0.0014136383542791,0.00119261723011732,0.000334696320351213,-9999,-9999,-9999,-9999,-9999,0.000144846271723509,0.000146438731462695,0.000279144471278414,0.000413915724493563,0.000314044125843793,0.000211101898457855,0.000138762668939307,8.94146432983689E-05,-9999,-9999,-9999,-9999,-9999,-9999,-9999,-9999,-9999,-9999,-9999,-9999,-9999,-9999,-9999,-9999,-9999,-9999,-9999,-9999,-9999,-9999,-9999
-9999,-9999,-9999,-9999,-9999,-9999,-9999,-9999,-9999,-9999,-9999,-9999,-9999,-9999,-9999,-9999,-9999,-9999,-9999,-9999,-9999,-9999,-9999,6.94608461344615E-05,8.928265015129E-05,-9999,-9999,-9999,-9999,7.54900829633698E-05,7.07396102370694E-05,2.80465574178379E-05,0.000141985990921967,1.498500478192E-05,0.000125791106256656,0.000220899528358132,0.000397803785745054,0.000172252402990125,0.000101745215943083,-9999,0.000103889651654754,0.000108373358671088,-9999,-9999,0.000166587764397264,2.23741863010218E-05,1.37116257974412E-05,8.64587400428718E-06,-9999,-9999,-9999,-9999,-9999,-9999,-9999,-9999,-9999,3.36159246216994E-05,2.13205748877954E-05,-9999,-9999,-9999,1.54561075760284E-05,0.000103057747764979,9.97686147456989E-05,9.9985183624085E-05,9.70646069617942E-05,9.23682964639738E-05,0.000122105178888887,0.000759553571697325,0.00161545409355313,0.00170099677052349,0.00168421654962003,0.00165886385366321,0.00162679585628211,0.00159448711201549,0.00156429107300937,0.00153437128756195,0.00150694022886455,0.00147978565655649,0.00144456920679659,0.001361288363114,0.00136248511262238,0.00137278775218874,0.00137477985117584,0.00137922842986882,0.00139210734050721,0.00140718754846603,0.00142091268207878,0.00142927840352058,0.00143451895564795,0.00143654970452189,0.00142877909820527,0.00136661832220852,0.000399912794819102,7.04646663507447E-05,1.02628800959792E-05,7.15719716026797E-06,1.10829096229281E-05,0.00034931386471726,0.000693191192112863,0.000903545878827572,0.00101521646138281,0.000871870317496359,0.000827483949251473,0.000630338094197214,0.00038042530650273,0.000123638761579059,8.96513520274311E-05,9.06190907699056E-05,-9999,-9999,-9999,-9999,-9999,-9999,-9999,-9999,-9999,-9999,-9999,-9999,-9999,-9999,-9999,-9999,-9999,-9999,-9999,-9999,-9999
-9999,-9999,-9999,-9999,-9999,-9999,-9999,-9999,-9999,-9999,-9999,-9999,-9999,-9999,-9999,-9999,-9999,-9999,-9999,-9999,-9999,-9999,0.000104331535112578,0.000123520629131235,8.40464635984972E-05,8.54271638672799E-05,9.48403103393503E-05,0.00010985229164362,0.000206755168619566,0.000310328905470669,0.000232897975365631,0.000549244752619416,0.000754313776269555,0.000812214624602348,0.000931919610593468,0.000805446354206651,0.000798274821136147,0.000726644764654338,0.000417925592046231,0.00031927996315062,0.000102365382190328,6.27028712187894E-05,5.20860339747742E-05,6.98115836712532E-05,1.85079534276156E-05,1.26535314848297E-05,1.22013952932321E-05,1.17021972982911E-05,7.5631187428371E-06,-9999,-9999,-9999,-9999,-9999,-9999,-9999,-9999,0.00014065980212763,0.000127968669403344,0.000118748575914651,-9999,-9999,9.99010153464042E-05,0.000102335441624746,0.000102419187896885,9.99299154500477E-05,9.51272959355265E-05,0.000111880312033463,0.000369989982573316,0.0010575772030279,0.00162694451864809,0.00169563351664692,0.00167439761571586,0.0016500111669302,0.00161948311142623,0.00158711615949869,0.0015567020745948,0.0015285313129425,0.00150062458124012,0.00147402263246477,0.00136998668313026,0.000703630270436406,0.000824420480057597,0.00113652006257325,0.001310950727202,0.00136168021708727,0.00137461978010833,0.0013913867296651,0.00140727555844933,0.00141720159444958,0.00142745731864125,0.00143451616168022,0.00142620189581066,0.00133486068807542,0.000641040969640017,0.000518541724886745,4.22829507442657E-05,1.06267780211056E-05,0.000526152609381825,0.00123106548562646,0.00137994135729969,0.00147526024375111,0.00146652141120285,0.00142654904630035,0.00137499521952122,0.00113279744982719,0.000727172766346484,0.000378371856641024,0.000137592418468557,8.93763135536574E-05,-9999,-9999,-9999,-9999,-9999,-9999,-9999,-9999,-9999,-9999,-9999,-9999,-9999,-9999,-9999,-9999,-9999,-9999,-9999,-9999,-9999
-9999,-9999,-9999,-9999,-9999,-9999,-9999,-9999,-9999,-9999,-9999,-9999,-9999,-9999,-9999,-9999,-9999,-9999,-9999,-9999,-9999,-9999,0.00010452436254127,0.000125422739074565,0.000106590734503698,0.000110841312562115,0.000412599503761157,0.000822591886390001,0.00108685495797545,0.000955069554038346,0.000951653753872961,0.000764138938393444,0.000820402463432401,0.000939550693146884,0.000872769742272794,0.000991870881989598,0.00117337773554027,0.00116567336954176,0.0012155823642388,0.0010791135719046,0.000755043292883784,0.000485654512885958,0.000198408451979049,7.39012320991606E-05,3.55530573870055E-05,1.56952901306795E-05,1.56821770360693E-05,1.55315919982968E-05,1.0326856681786E-05,1.01878395071253E-05,1.01691239251522E-05,-9999,-9999,-9999,-9999,-9999,-9999,-9999,0.000117510484415106,0.000106547828181647,9.98074538074434E-05,9.36631913646124E-05,9.80751137831248E-05,0.000100285076769069,0.000101115161669441,9.77771778707393E-05,0.000115336639282759,0.000374571944121271,0.00101386103779078,0.00161129119805992,0.00169941619969904,0.00168014923110604,0.00165735394693911,0.0016342259477824,0.00160580081865191,0.00157398858573288,0.00154551211744547,0.00152013916522264,0.00149518740363419,0.00132767367176712,1.79073358594906E-05,9.61524983722484E-06,9.48435626924038E-06,9.39598430704791E-06,0.000107979503809474,0.000889931223355234,0.00132674968335778,0.00137167237699032,0.00138866691850126,0.00140440568793565,0.00141835247632116,0.00142934953328222,0.00142683682497591,0.00132126384414732,0.00135415291879326,0.00141118513420224,0.00125520024448633,0.000683043559547514,0.00140152499079704,0.00155817007180303,0.00159426091704518,0.00158835644833744,0.00155613548122346,0.0015381631674245,0.0015094158006832,0.00137315737083554,0.00102855474688113,0.000672673690132797,0.000207426346605644,8.69468422024511E-05,4.44504039478488E-05,-9999,-9999,-9999,-9999,-9999,-9999,-9999,-9999,-9999,-9999,-9999,-9999,-9999,-9999,-9999,-9999,-9999,-9999,-9999,-9999
-9999,-9999,-9999,-9999,-9999,-9999,-9999,-9999,-9999,-9999,-9999,-9999,-9999,-9999,-9999,-9999,-9999,-9999,-9999,-9999,-9999,-9999,0.000103083570138551,0.00012927247735206,0.000204264055355452,0.000940729165449739,0.00121936318464577,0.00134782097302377,0.0012823079014197,0.00101804791484028,0.00101251259911805,0.00113462831359357,0.0011920549441129,0.00124796363525093,0.00141837808769196,0.00141030747909099,0.0014566556783393,0.00149972387589514,0.00158628588542342,0.00148202897980809,0.00131135247647762,0.000818248372524977,0.000430265732575208,0.000247156916884705,0.00021235721942503,0.000237405387451872,0.000207657940336503,0.00014269194798544,1.42306416819338E-05,1.44139266922139E-05,1.44868436109391E-05,-9999,-9999,-9999,-9999,9.95849040918984E-05,0.000100855679193046,0.000103243568446487,0.000104563034255989,9.6997493528761E-05,0.000111203189590015,8.79281578818336E-05,7.6408454333432E-05,4.81554270663764E-05,0.000136753194965422,0.000455530156614259,0.000216581029235385,0.00121678959112614,0.00171528966166079,0.00170121632982045,0.0016803463222459,0.00165927549824119,0.00163712014909834,0.00161422346718609,0.00158469111192971,0.00155577366240323,0.00153467617928982,0.00143519439734519,1.00632214525831E-05,9.91812339634635E-06,9.77948366198689E-06,6.43995781501872E-06,6.35387414149591E-06,6.29370697424747E-06,9.33373848965857E-06,3.47646964655723E-05,0.000456713780295104,0.00120365002658218,0.00136053236201406,0.00138684152625501,0.00140455341897905,0.00141865073237568,0.00143408018629998,0.00145110872108489,0.00146935938391834,0.00148865685332566,0.00149129726924002,0.00151275098323822,0.00156294740736485,0.00160560687072575,0.00162616395391524,0.00162362249102443,0.00161261460743845,0.00160079100169241,0.00153780449181795,0.00147994712460786,0.00125000404659659,0.000971992325503379,0.000444435805547982,0.000164326876983978,1.94320309674367E-05,1.2406266250764E-05,-9999,-9999,-9999,-9999,-9999,-9999,-9999,-9999,-9999,-9999,-9999,-9999,-9999,-9999,-9999,-9999,-9999,-9999,-9999
-9999,-9999,-9999,-9999,-9999,-9999,-9999,-9999,-9999,-9999,-9999,-9999,-9999,-9999,-9999,-9999,-9999,-9999,-9999,-9999,-9999,9.46380678215064E-05,0.000112043948320206,0.00043782772263512,0.00120117759797722,0.00157008087262511,0.00157166610006243,0.00145904277451336,0.00127162015996873,0.00150039128493518,0.00149166164919734,0.00153648084960878,0.0015291441231966,0.00152185675688088,0.00161076337099075,0.00168648990802467,0.00171467766631395,0.00170378317125142,0.00175924820359796,0.00174699467606843,0.00170337315648794,0.00139425927773118,0.000540980196092278,0.000337111268891022,0.000413259578635916,0.000374113296857104,0.00033541553420946,0.000337723176926374,0.000334029929945245,0.000238982102018781,0.000152246037032455,0.000101940517197363,0.000102068828709889,0.000103351994766854,0.000104469945654273,9.51766851358116E-05,0.00010701271094149,9.50257599470206E-05,9.58151867962442E-05,0.000109743312350474,0.00045616299030371,0.000972591747995466,0.000472998770419508,1.32997920445632E-05,1.32517689053202E-05,1.28976471387432E-05,5.11151883983985E-05,0.000471608393127099,0.00170239619910717,0.00168159592431039,0.00166262406855822,0.00163173396140337,0.00160584808327258,0.00138379691634327,5.87732101848815E-05,1.05095587059623E-05,1.03414704426541E-05,1.02141239040066E-05,6.73179874866037E-06,6.63415448798332E-06,6.54409950584522E-06,4.30419959229766E-06,4.25005873694317E-06,4.21154982177541E-06,6.25027996647987E-06,9.31310478335945E-06,6.04145716351923E-05,0.000398162141209468,0.00109579518903047,0.00133918668143451,0.00138198700733483,0.00140063953585923,0.00141812744550407,0.00143782596569508,0.00146242487244308,0.0014867598656565,0.00151032151188701,0.00153558515012264,0.00156611704733223,0.00159403262659907,0.00160890107508749,0.00161969265900552,0.00162470946088433,0.00162675441242754,0.00160632224287838,0.00152789754793048,0.00144069828093052,0.00110560993198305,0.000656983349472284,0.000364975945558399,0.00010006019147113,1.21905459309346E-05,1.24530779430643E-05,2.37484673561994E-05,-9999,-9999,-9999,-9999,-9999,-9999,-9999,-9999,-9999,-9999,-9999,-9999,-9999,-9999,-9999,-9999,-9999
-9999,-9999,-9999,-9999,-9999,-9999,-9999,-9999,-9999,-9999,-9999,-9999,-9999,-9999,-9999,-9999,-9999,-9999,-9999,-9999,-9999,0.000187612022273242,0.00105718267150223,0.00155272940173745,0.0017457481008023,0.00166002917103469,0.00156049022916704,0.00150282331742346,0.0015992762055248,0.00172385852783918,0.00182057288475335,0.00181043287739158,0.00186056096572429,0.00190030480735004,0.00186814262997359,0.00193713395856321,0.00192547985352576,0.00189530395437032,0.00191224808804691,0.00190997892059386,0.00186724902596325,0.00181959522888064,0.00171304342802614,0.00153650075662881,0.00135225581470877,0.00107889657374471,0.000681757926940918,0.000370481022400782,0.00040615361649543,0.000332921743392944,0.000244062423007563,0.000159121467731893,0.000142174118082039,0.000113728630822152,0.000112994726805482,0.000172657542861998,0.000153313099872321,0.000150905689224601,0.000232659993343987,0.0010237917304039,0.00168855849187821,0.00184326816815883,0.0017958803800866,0.000568176794331521,1.26373752209474E-05,1.24126536320546E-05,1.20459480967838E-05,0.00170290982350707,0.00168420188128948,0.00166549894493073,0.00118857738561928,1.10805167423678E-05,1.09558932308573E-05,1.08859085230506E-05,-9999,-9999,-9999,-9999,-9999,-9999,-9999,2.85606847683084E-06,2.83665372080577E-06,4.19927346229088E-06,6.24162157691899E-06,9.30275291466387E-06,2.11371516343206E-05,0.000129281484987587,0.000519775145221502,0.001116041559726,0.00134306424297392,0.00137809850275517,0.00139606522861868,0.00142361538019031,0.00144967634696513,0.00147422240115702,0.00149878498632461,0.00152630941011012,0.00155197479762137,0.00157367519568652,0.00158833316527307,0.00159982335753739,0.0016141589730978,0.00163263897411525,0.00162867782637477,0.00158782885409892,0.0014879391528666,0.00129330402705818,0.000991340610198677,0.000598107930272818,0.000325613509630784,0.000104296661447734,7.00420787325129E-05,5.61635788471904E-05,7.49289829400368E-05,-9999,-9999,-9999,-9999,-9999,-9999,-9999,-9999,-9999,-9999,-9999,-9999,-9999,-9999,-9999,-9999
-9999,-9999,-9999,-9999,-9999,-9999,-9999,-9999,-9999,-9999,-9999,-9999,-9999,-9999,-9999,-9999,-9999,-9999,-9999,9.7349940915592E-05,0.000264744099695235,0.00147608469706029,0.00176551833283156,0.00177044374868274,0.00173425092361867,0.0018107641953975,0.00177164527121931,0.00176504603587091,0.0018830233020708,0.00189560954459012,0.00192549778148532,0.00194997328799218,0.00192587135825306,0.00189885520376265,0.0019401143072173,0.00195647496730089,0.00194484821986407,0.00191879959311336,0.00192566681653261,0.00193419412244111,0.00193138152826577,0.00191252189688385,0.001901377690956,0.00185891741421074,0.00181487144436687,0.00171859562397003,0.00160367763601243,0.00149064767174423,0.00115787773393095,0.000766496057622135,0.000325109402183443,0.000323398999171332,0.00035392539575696,0.000385974970413372,0.000502238108310848,0.000742742442525923,0.00111816613934934,0.00122055155225098,0.00150946096982807,0.00179175147786736,0.00184998440090567,0.00184851104859263,0.00183806451968849,0.00183750479482114,4.52520143880975E-05,0.00173604267183691,0.00175559264607728,0.00170911836903542,0.00132247910369188,2.88019928120775E-05,1.13013920781668E-05,-9999,-9999,-9999,-9999,-9999,-9999,-9999,-9999,-9999,-9999,-9999,-9999,2.80415542874835E-06,4.17711044065072E-06,6.22774905423285E-06,9.30056739889551E-06,6.43210005364381E-05,0.000261832261458039,0.000737685710191727,0.00121562567073852,0.00135274324566126,0.00138056464493275,0.00139946467243135,0.00142355356365442,0.00144887703936547,0.0014746788656339,0.00150126428343356,0.00152530940249562,0.00154496484901756,0.00156058976426721,0.00157240277621895,0.0015818695537746,0.00159764592535794,0.00160851271357387,0.00159139977768064,0.0015492249513045,0.00147907994687557,0.00133275089319795,0.000922005099710077,0.000501025991979986,0.000355318508809432,0.000221749462070875,8.55327598401345E-05,8.24720409582369E-05,-9999,-9999,-9999,-9999,-9999,-9999,-9999,-9999,-9999,-9999,-9999,-9999,-9999,-9999,-9999,-9999
-9999,-9999,-9999,-9999,-9999,-9999,-9999,-9999,-9999,-9999,-9999,-9999,-9999,-9999,-9999,-9999,-9999,-9999,0.000288493931293488,0.000729171908460557,0.0016603774856776,0.00187945319339633,0.00188455905299634,0.0019350933143869,0.00195679371245205,0.00193416350521147,0.00203006900846958,0.00206026248633862,0.00203936942853034,0.00201407843269408,0.00198786333203316,0.00195187609642744,0.00191572122275829,0.00195878837257624,0.00194929610006511,0.00197473634034395,0.00196451367810369,0.00196806085295975,0.00195103965234011,0.00194487837143242,0.00193780905101448,0.00192786217667162,0.0019201006507501,0.00190970941912383,0.001893260050565,0.00186230079270899,0.00182679260615259,0.00176392367575318,0.00166614074259996,0.00145048089325428,0.000909071939531714,0.0005026237340644,0.000639212667010725,0.00116005400195718,0.00138375582173467,0.00149206886999309,0.00149395770858973,0.00162653147708625,0.0017925298307091,0.00182822742499411,0.00182608887553215,0.00181122473441064,0.00179818412289023,0.00178597471676767,0.00176057359203696,0.00173678272403777,0.00164256582502276,2.47839288931573E-05,-9999,-9999,-9999,-9999,-9999,-9999,-9999,-9999,-9999,-9999,-9999,-9999,-9999,-9999,-9999,-9999,-9999,6.22153993390384E-06,9.28973440750269E-06,2.79734740615822E-05,0.000129220090457238,0.000436352042015642,0.000961767567787319,0.0013024335494265,0.00136010709684342,0.0013806038768962,0.00139779958408326,0.00141744827851653,0.00144171586725861,0.00146783224772662,0.00149044161662459,0.00150859472341835,0.00152156502008438,0.00153330923058093,0.00154644018039107,0.00155838020145893,0.00157227471936494,0.00156808458268642,0.00152929034084082,0.0014751119306311,0.00140366028062999,0.00123644899576902,0.000807230942882597,0.000494670239277184,0.000195792541489936,9.42439437494613E-05,8.31722281873226E-05,-9999,-9999,-9999,-9999,-9999,-9999,-9999,-9999,-9999,-9999,-9999,-9999,-9999,-9999,-9999,-9999
-9999,-9999,-9999,-9999,-9999,-9999,-9999,-9999,-9999,-9999,-9999,-9999,1.40998472488718E-05,4.18994241044857E-05,-9999,9.77948584477417E-05,0.000207161690923385,0.000779572001192719,0.00144804804585874,0.00176519434899092,0.00198637577705085,0.00204876973293722,0.00207802839577198,0.0020821790676564,0.00207467959262431,0.00208425032906234,0.00208519399166107,0.00207168818451464,0.00206684949807823,0.00204719929024577,0.00202349526807666,0.00200731796212494,0.00200067320838571,0.00199790694750845,0.00199138000607491,0.00198798230849206,0.00197884743101895,0.00196930929087102,0.00195605680346489,0.00194069207645953,0.00192551920190454,0.00191060826182365,0.00190089968964458,0.00189344468526542,0.00188507838174701,0.0018734821351245,0.00185918947681785,0.00183918536640704,0.00181156652979553,0.00175994157325476,0.00163364841137081,0.00136930763255805,0.00119427707977593,0.00128667347598821,0.00137136143166572,0.00147908623330295,0.00158918288070709,0.00176272005774081,0.00180451956111938,0.00178592524025589,0.00178123870864511,0.00177674670703709,0.00176959170494229,0.00175632815808058,0.00173714431002736,0.00173050898592919,1.92619900190039E-05,-9999,-9999,-9999,-9999,-9999,-9999,-9999,-9999,-9999,-9999,-9999,-9999,-9999,-9999,-9999,-9999,-9999,-9999,-9999,6.22076868239674E-06,9.2890186351724E-06,4.57504866062663E-05,0.000205401578568853,0.000626566004939377,0.00114384095650166,0.00133034202735871,0.00136130442842841,0.00137941504362971,0.00138906680513173,0.00140792294405401,0.00143160915467888,0.00145162991248071,0.00146804435644299,0.00147976656444371,0.00148764380719513,0.00149911572225392,0.0015158987371251,0.00152897275984287,0.00153269455768168,0.00151758280117065,0.00148062757216394,0.00143670558463782,0.00132390903308988,0.000973161426372826,0.000522711779922247,0.000211017424589954,0.000102404104836751,8.09221237432212E-05,-9999,-9999,-9999,-9999,-9999,-9999,-9999,-9999,-9999,-9999,-9999,-9999,-9999,-9999,-9999,-9999
-9999,-9999,-9999,-9999,-9999,-9999,-9999,-9999,-9999,-9999,1.37347815325484E-05,1.37532215376268E-05,1.38267660076963E-05,0.000155109883053228,0.000378113036276773,0.00100217002909631,0.00152632442768663,0.00177644751966,0.00194898550398648,0.0020428781863302,0.00208264589309692,0.0020940531976521,0.00209719268605113,0.00209647230803967,0.00209383107721806,0.00208559562452137,0.00207768869586289,0.00206608464941382,0.00205172621645033,0.00203464925289154,0.00201686099171638,0.00199862220324576,0.00198399601504207,0.00197450141422451,0.00196562288329005,0.00195975066162646,0.00195241789333522,0.00194132491014898,0.0019276977982372,0.00191252212971449,0.00189682387281209,0.0018803320126608,0.00186713074799627,0.00185868714470416,0.00185107381548733,0.00184162775985897,0.00183105922769755,0.00181940430775285,0.00180581398308277,0.00179204135201871,0.00177663273643702,0.00175710290204734,0.0017402054509148,0.00172973016742617,0.00173466932028532,0.00176663289312273,0.00178218202199787,0.00178632361348718,0.00178211461752653,0.00176367070525885,0.000446730817202479,1.18854186439421E-05,1.19109117804328E-05,3.2028132409323E-05,0.000781184295192361,8.86165798874572E-05,-9999,-9999,-9999,-9999,-9999,-9999,-9999,-9999,-9999,-9999,-9999,-9999,-9999,-9999,-9999,-9999,-9999,-9999,-9999,-9999,-9999,6.21599201622303E-06,9.27718792809173E-06,4.76373643323313E-05,0.000246134732151404,0.000738801492843777,0.00122342049144208,0.00133985991124064,0.00135683151893318,0.00136859610211104,0.00137664959765971,0.00139390956610441,0.00141050014644861,0.00142676208633929,0.00143692898564041,0.00144486175850034,0.00145098520442843,0.00146834587212652,0.00148378242738545,0.00149124837480485,0.00148654286749661,0.00146971398498863,0.00141963001806289,0.00131021742708981,0.00106905424036086,0.000679343705996871,0.000249852368142456,0.000110751985630486,7.84635631134734E-05,-9999,-9999,-9999,-9999,-9999,-9999,-9999,-9999,-9999,-9999,-9999,-9999,-9999,-9999,-9999,-9999
-9999,-9999,-9999,-9999,-9999,-9999,-9999,-9999,9.31710965232924E-05,9.30564201553352E-05,2.20319416257553E-05,3.70124325854704E-05,0.00027098908321932,0.00122219079639763,0.00166605459526181,0.0018273857422173,0.00194881926290691,0.00201806682161987,0.00204666936770082,0.00207067071460187,0.00208216020837426,0.00208522449247539,0.00208569131791592,0.00208053644746542,0.00207291822880507,0.00206205528229475,0.00204830057919025,0.00203243037685752,0.00201589660719037,0.00199755071662366,0.00197893381118774,0.00196021632291377,0.00194428523536772,0.00193530472461134,0.00192562839947641,0.00191832566633821,0.00190821941941977,0.00189656729344279,0.00188263179734349,0.00186578603461385,0.00184802140574902,0.00183073675725609,0.00181813968811184,0.00181074754800647,0.00180303491652012,0.00179347209632397,0.00178305758163333,0.00177227309904993,0.00176067417487502,0.0017507285811007,0.0017436845228076,0.00174178194720298,0.00174423935823143,0.00174889713525772,0.00175614026375115,0.0017606089822948,0.00176171609200537,0.00176124356221408,0.00175544829107821,0.0017394587630406,0.00168435787782073,1.17281033453764E-05,-9999,-9999,-9999,-9999,-9999,-9999,-9999,-9999,-9999,-9999,-9999,-9999,-9999,-9999,-9999,-9999,-9999,-9999,-9999,-9999,-9999,-9999,-9999,-9999,-9999,-9999,6.20632636127993E-06,9.26205848372774E-06,1.65491146617569E-05,0.00013375113485381,0.000611298368312418,0.00118603243026882,0.00132844795007259,0.00134902587160468,0.00135479599703103,0.00136051198933274,0.00137015827931464,0.00138489669188857,0.00139572820626199,0.0014056732179597,0.00141384545713663,0.00142251327633858,0.0014374548336491,0.00144715327769518,0.00144928449299186,0.00143990141805261,0.00140396400820464,0.00132616655901074,0.00113864603918046,0.000745367316994816,0.000266185990767553,0.000107101826870348,7.59975373512134E-05,-9999,-9999,-9999,-9999,-9999,-9999,-9999,-9999,-9999,-9999,-9999,-9999,-9999,-9999,-9999,-9999
-9999,-9999,-9999,-9999,-9999,-9999,-9999,-9999,9.13879048312083E-05,0.000104194696177728,0.000114836097054649,0.000444948818767443,0.0016305292956531,0.00186830200254917,0.00192334735766053,0.00197437033057213,0.00201871898025274,0.00204475154168904,0.0020586852915585,0.00206409860402346,0.00206547090783715,0.00206440524198115,0.00205897795967758,0.00205052131786942,0.00203956570476294,0.00202581589110196,0.00200796755962074,0.00198741932399571,0.00197045877575874,0.00195474992506206,0.00193731777835637,0.00191915221512318,0.00190391228534281,0.00189201871398836,0.0018831203924492,0.00187416060362011,0.00186388299334794,0.00185081351082772,0.00183526892215014,0.00181707285810262,0.00179842801298946,0.00178039318416268,0.00176634849049151,0.00175703002605587,0.00174729048740119,0.00173708191141486,0.00172708788886666,0.00171850994229317,0.00170857319608331,0.00170033983886242,0.00169506738893688,0.00169677310623229,0.00170328910462558,0.00171220488846302,0.00172147597186267,0.00172751070931554,0.00172893947456032,0.00172412116080523,0.00171830004546791,0.00171257834881544,0.00163134420290589,1.16636074380949E-05,-9999,-9999,-9999,-9999,-9999,-9999,-9999,-9999,-9999,-9999,-9999,-9999,-9999,-9999,-9999,-9999,-9999,-9999,-9999,-9999,-9999,-9999,-9999,-9999,-9999,-9999,-9999,-9999,9.24718460737495E-06,9.25544463825645E-06,1.88515004992951E-05,0.000189533442608081,0.000933158560656011,0.00129891629330814,0.00133139651734382,0.00133413029834628,0.00133660447318107,0.00134406727738678,0.00135482021141797,0.00136331969406456,0.00137350056320429,0.00138282217085361,0.00139334856066853,0.00140334269963205,0.00140580604784191,0.00140526739414781,0.00138235313352197,0.00133320805616677,0.00120680523104966,0.000761414121370763,0.000281523272860795,9.20713064260781E-05,7.56383087718859E-05,-9999,-9999,-9999,-9999,-9999,-9999,-9999,-9999,-9999,-9999,-9999,-9999,-9999,-9999,-9999,-9999
-9999,-9999,-9999,-9999,-9999,-9999,9.43867707974277E-05,9.33952906052582E-05,9.33486589929089E-05,0.000265304552158341,0.00124263018369675,0.00173086114227772,0.00191061978694052,0.00195542490109801,0.00199186592362821,0.00201368005946279,0.0020296152215451,0.00203901878558099,0.00204339670017362,0.00204203836619854,0.00203623715788126,0.00202944874763489,0.00202200631611049,0.00201107584871352,0.00199603335931897,0.00198320019990206,0.00196457118727267,0.00194570317398757,0.00192783609963953,0.00190916971769184,0.00188845884986222,0.00187200191430748,0.00185922742821276,0.00184707902371883,0.00183639884926379,0.00182618794497102,0.00181544991210103,0.00180471723433584,0.0017907201545313,0.0017740847542882,0.00175389321520925,0.00173714139964432,0.00172093464061618,0.00170913257170469,0.00169828569050878,0.00168857013341039,0.00167901790700853,0.00166783551685512,0.00166068004909903,0.00165313598699868,0.00164966401644051,0.00165280385408551,0.00165952835232019,0.00166976288892329,0.00167622417211533,0.00168458686675876,0.00169068819377571,0.00168635742738843,0.00167240796145052,0.000802391383331269,1.15949433165952E-05,-9999,-9999,-9999,-9999,-9999,-9999,-9999,-9999,-9999,-9999,-9999,-9999,-9999,-9999,-9999,-9999,-9999,-9999,-9999,-9999,-9999,-9999,-9999,-9999,-9999,-9999,-9999,-9999,-9999,-9999,-9999,-9999,9.19273679755861E-06,2.57905194303021E-05,0.000433520530350506,0.00118521368131042,0.00130618328694254,0.00130959274247289,0.0013089639833197,0.001312370528467,0.00132241344545037,0.00133140198886395,0.00134310475550592,0.00135218934156001,0.00135944515932351,0.001362343900837,0.00136073189787567,0.00134772516321391,0.00131874973885715,0.00120326655451208,0.000853141478728503,0.000386812287615612,7.74753571022302E-05,-9999,-9999,-9999,-9999,-9999,-9999,-9999,-9999,-9999,-9999,-9999,-9999,-9999,-9999,-9999,-9999,-9999
-9999,-9999,-9999,-9999,-9999,-9999,9.38121665967628E-05,0.000117297662654892,0.000440352916484699,0.00148446171078831,0.00182144122663885,0.00192253373097628,0.00195767101831734,0.00197349116206169,0.00198605889454484,0.00199759774841368,0.00200988771393895,0.00201856298372149,0.00202060886658728,0.00201468938030303,0.00200327788479626,0.00199347385205328,0.00198518158867955,0.00197273283265531,0.00195677718147635,0.00194273958913982,0.00192403176333755,0.00190382730215788,0.00188549852464348,0.00186520197894424,0.00184089876711369,0.00182296405546367,0.00180472945794463,0.0017884080298245,0.00176919100340456,0.00175772584043443,0.00175248575396836,0.00174889410845935,0.00174008868634701,0.00173091178294271,0.00170700112357736,0.00169505272060633,0.00167687819339335,0.00166581012308598,0.00165771297179163,0.00165325403213501,0.00164350913837552,0.00164017337374389,0.00163112953305244,0.0016295233508572,0.00162520189769566,0.0016319464193657,0.00164159329142421,0.00134315947070718,0.0015541649190709,0.00133177591487765,3.6518118577078E-05,1.14408239824115E-05,1.14697722892743E-05,-9999,-9999,-9999,-9999,-9999,-9999,-9999,-9999,-9999,-9999,-9999,-9999,-9999,-9999,-9999,-9999,-9999,-9999,-9999,-9999,-9999,-9999,-9999,-9999,-9999,-9999,-9999,-9999,-9999,-9999,-9999,-9999,-9999,-9999,-9999,9.05057913769269E-06,8.9848690549843E-06,0.000179354334250093,0.00104841613210738,0.00127560656983405,0.00127630354836583,0.00127405335661024,0.00128049647901207,0.00129230425227433,0.00130256603006274,0.00131194165442139,0.00131651770789176,0.0013169749872759,0.00131601991597563,0.00130752567201853,0.0012906298507005,0.00121710472740233,0.000960757024586201,0.000404783379053697,0.000103005892015062,8.26274917926639E-05,6.45180698484182E-05,-9999,-9999,-9999,-9999,-9999,-9999,-9999,-9999,-9999,-9999,-9999,-9999,-9999,-9999,-9999
-9999,-9999,-9999,-9999,0.000120443204650655,0.000133135006763041,9.4323062512558E-05,0.000403408310376108,0.0015641605714336,0.00185934803448617,0.00193454790860415,0.00194718828424811,0.00194931274745613,0.0019534477032721,0.00196041539311409,0.00197092699818313,0.00198352965526283,0.00199245382100344,0.00199310295283794,0.00198476924560964,0.00197127438150346,0.0019580505322665,0.00195453106425703,0.001933149760589,0.00191726989578456,0.0019045959925279,0.00188125541899353,0.00187491183169186,0.00185548281297088,0.00183549255598336,0.00180576893035322,0.00177933915983886,0.00175477331504226,0.00174808816518635,0.00172060960903764,0.00171813101042062,0.00171773112379014,0.00170660030562431,0.0017132016364485,0.000234208346228115,0.00117553165182471,0.0009592633577995,0.00163004908245057,0.00115875690244138,0.00149063533172011,0.00161485408898443,0.00161611475050449,0.000858031678944826,0.000273225567070767,0.000772269791923463,0.000108446620288305,9.39721066970378E-05,1.10884129753686E-05,1.11199287857744E-05,-9999,-9999,-9999,-9999,-9999,-9999,-9999,-9999,-9999,-9999,-9999,-9999,-9999,-9999,-9999,-9999,-9999,-9999,-9999,-9999,-9999,-9999,-9999,-9999,-9999,-9999,-9999,-9999,-9999,-9999,-9999,-9999,-9999,-9999,-9999,-9999,-9999,-9999,-9999,-9999,-9999,5.90394574828679E-06,8.67706967255799E-06,0.000282479042652994,0.00117137364577502,0.0012414853554219,0.00123755866661668,0.00124115205835551,0.00125501910224557,0.00126443477347493,0.00127114751376212,0.00127338862512261,0.00127205101307482,0.00127019919455051,0.00126667029689997,0.00125603261403739,0.00120829651132226,0.00092223210958764,0.000324904511217028,6.27148183411919E-05,6.23009691480547E-05,4.44335637439508E-05,6.45512409391813E-05,-9999,-9999,-9999,-9999,-9999,-9999,-9999,-9999,-9999,-9999,-9999,-9999,-9999,-9999
-9999,-9999,-9999,-9999,9.61065088631585E-05,0.000148260092828423,0.000224223447730765,0.0014857625355944,0.00188076647464186,0.00194232491776347,0.00194422889035195,0.00193623709492385,0.00193051365204155,0.00192591396626085,0.00192572537343949,0.00193323381245136,0.00194696430116892,0.00196415325626731,0.00196483405306935,0.0015314050251618,2.04259904421633E-05,1.32657387439394E-05,1.32014301925665E-05,1.3116382433509E-05,1.3019283869653E-05,1.29139880300499E-05,6.1647871916648E-05,1.26662707771175E-05,4.77087414765265E-05,1.23571680887835E-05,0.000158360606292263,0.00124899856746197,0.00165188044775277,0.0015937895514071,0.00169869186356664,0.00166267529129982,0.00168684415984899,0.00166992330923676,0.000481467810459435,1.15595194074558E-05,1.14567792479647E-05,1.1365300451871E-05,1.12795705717872E-05,1.12058642116608E-05,1.11414410639554E-05,1.10936525743455E-05,1.10645123641007E-05,-9999,-9999,-9999,-9999,-9999,-9999,-9999,-9999,-9999,-9999,-9999,-9999,-9999,-9999,-9999,-9999,-9999,-9999,-9999,-9999,-9999,-9999,-9999,-9999,-9999,-9999,-9999,-9999,-9999,-9999,-9999,-9999,-9999,-9999,-9999,-9999,-9999,-9999,-9999,-9999,-9999,-9999,-9999,-9999,-9999,-9999,-9999,-9999,-9999,8.43565339891938E-06,5.65242917218711E-05,0.00101608328986913,0.00119900016579777,0.00120314105879515,0.00120176468044519,0.00121417723130435,0.00122310710139573,0.00122819317039102,0.00122991134412587,0.00122693786397576,0.0012240941869095,0.00122130697127432,0.00121469423174858,0.0011831916635856,0.000986186787486076,0.000497592554893345,0.000167717167641968,2.96967391477665E-05,0.000100921344710514,6.1262006056495E-05,-9999,-9999,-9999,-9999,-9999,-9999,-9999,-9999,-9999,-9999,-9999,-9999,-9999,-9999
-9999,-9999,-9999,-9999,-9999,9.40536192501895E-05,0.0010783823672682,0.00186346564441919,0.00194382341578603,0.00194728164933622,0.00193329923786223,0.00191722484305501,0.00190590310376137,0.00189080904237926,0.00188526604324579,0.00189890316687524,0.00114418484736234,1.31098395286244E-05,1.31915421661688E-05,1.32229106384329E-05,-9999,-9999,-9999,-9999,-9999,-9999,-9999,-9999,-9999,-9999,-9999,-9999,-9999,4.35228175774682E-05,0.000126623504911549,0.000109314074506983,0.000145309546496719,1.15671846288024E-05,-9999,-9999,-9999,-9999,-9999,-9999,-9999,-9999,-9999,-9999,-9999,-9999,-9999,-9999,-9999,-9999,-9999,-9999,-9999,-9999,-9999,-9999,-9999,-9999,-9999,-9999,-9999,-9999,-9999,-9999,-9999,-9999,-9999,-9999,-9999,-9999,-9999,-9999,-9999,-9999,-9999,-9999,-9999,-9999,-9999,-9999,-9999,-9999,-9999,-9999,-9999,-9999,-9999,-9999,-9999,-9999,-9999,-9999,5.51479342902894E-06,8.06563730293419E-06,0.000860902247950435,0.00115788273978978,0.00116406765300781,0.00116213946603239,0.00117671478074044,0.00118069932796061,0.00118450343143195,0.00118596898391843,0.00118419458158314,0.00118143286090344,0.00117696076631546,0.00117187458090484,0.00115806702524424,0.00104795035440475,0.000682257057633251,0.000200154405320063,0.0001102910755435,6.70558511046693E-05,-9999,-9999,-9999,-9999,-9999,-9999,-9999,-9999,-9999,-9999,-9999,-9999,-9999,-9999,-9999
-9999,-9999,-9999,-9999,-9999,0.000372582202544436,0.00174974533729255,0.00193645048420876,0.0019539981149137,0.00194022909272462,0.00191994127817452,0.00189719547051936,0.00187394802924246,0.00185962964314967,0.00185232295189053,0.000212739105336368,1.28841702462523E-05,8.68179904500721E-06,-9999,-9999,-9999,-9999,-9999,-9999,-9999,-9999,-9999,-9999,-9999,-9999,-9999,-9999,-9999,-9999,-9999,-9999,-9999,-9999,-9999,-9999,-9999,-9999,-9999,-9999,-9999,-9999,-9999,-9999,-9999,-9999,-9999,-9999,-9999,-9999,-9999,-9999,-9999,-9999,-9999,-9999,-9999,-9999,-9999,-9999,-9999,-9999,-9999,-9999,-9999,-9999,-9999,-9999,-9999,-9999,-9999,-9999,-9999,-9999,-9999,-9999,-9999,-9999,-9999,-9999,-9999,-9999,-9999,-9999,-9999,-9999,-9999,-9999,-9999,-9999,-9999,-9999,-9999,7.7708264143439E-06,0.000648534391075373,0.00111950701102614,0.00112510181497782,0.0011249331291765,0.0011370568536222,0.00113804161082953,0.00114041799679399,0.00114256318192929,0.00114314106758684,0.00114112801384181,0.00113744707778096,0.0011324918596074,0.00112097815144807,0.00107516860589385,0.00077466742368415,0.00038920683437027,7.47601225157268E-05,5.41048757440876E-05,-9999,-9999,-9999,-9999,-9999,-9999,-9999,-9999,-9999,-9999,-9999,-9999,-9999,-9999,-9999
-9999,-9999,9.86905579338782E-05,9.76357914623804E-05,9.56278236117214E-05,0.00102657231036574,0.00190295442007482,0.00195296690799296,0.00195057212840766,0.00192912120837718,0.00190414860844612,0.00187648891005665,0.00185234018135816,0.0018226143438369,0.000110013570520096,1.27029379655141E-05,8.54873724165373E-06,-9999,-9999,-9999,-9999,-9999,-9999,-9999,-9999,-9999,-9999,-9999,-9999,-9999,-9999,-9999,-9999,-9999,-9999,-9999,-9999,-9999,-9999,-9999,-9999,-9999,-9999,-9999,-9999,-9999,-9999,-9999,-9999,-9999,-9999,-9999,-9999,-9999,-9999,-9999,-9999,-9999,-9999,-9999,-9999,-9999,-9999,-9999,-9999,-9999,-9999,-9999,-9999,-9999,-9999,-9999,-9999,-9999,-9999,-9999,-9999,-9999,-9999,-9999,-9999,-9999,-9999,-9999,-9999,-9999,-9999,-9999,-9999,-9999,-9999,-9999,-9999,-9999,-9999,-9999,-9999,7.52958749217214E-06,0.000374048104276881,0.00108220567926764,0.00109083415009081,0.00108693493530154,0.00109097606036812,0.00109657249413431,0.00109659938607365,0.00110205612145364,0.00110450037755072,0.00110320572275668,0.00109935668297112,0.0010943174129352,0.00108648184686899,0.0010575809283182,0.000929576519411057,0.000587434915360063,0.000313467928208411,7.08925508661196E-05,-9999,-9999,-9999,-9999,-9999,-9999,-9999,-9999,-9999,-9999,-9999,-9999,-9999,-9999,-9999
-9999,-9999,-9999,-9999,0.000118432704766747,0.00160886789672077,0.00193269061855972,0.00195488217286766,0.0019413506379351,0.00191379000898451,0.00188620446715504,0.00185923546086997,0.00183944927994162,0.000157901595230214,1.25729511637473E-05,8.44591795612359E-06,-9999,-9999,-9999,-9999,-9999,-9999,-9999,-9999,-9999,-9999,-9999,-9999,-9999,-9999,-9999,-9999,-9999,-9999,-9999,-9999,-9999,-9999,-9999,-9999,-9999,-9999,-9999,-9999,-9999,-9999,-9999,-9999,-9999,-9999,-9999,-9999,-9999,-9999,-9999,-9999,-9999,-9999,-9999,-9999,-9999,-9999,-9999,-9999,-9999,-9999,-9999,-9999,-9999,-9999,-9999,-9999,-9999,-9999,-9999,-9999,-9999,-9999,-9999,-9999,-9999,-9999,-9999,-9999,-9999,-9999,-9999,-9999,-9999,-9999,-9999,-9999,-9999,-9999,-9999,-9999,-9999,7.31605950932135E-06,0.000194314998225309,0.00104227394331247,0.00105366727802902,0.00105316564440727,0.00105199578683823,0.00105733308009803,0.00105647090822458,0.00106348237022758,0.00106894806958735,0.00106736598536372,0.00106285163201392,0.00105816090945154,0.00104991998523474,0.00103385234251618,0.000986252562142909,0.000854099169373512,0.000529664685018361,0.000157277361722663,-9999,-9999,-9999,-9999,-9999,-9999,-9999,-9999,-9999,-9999,-9999,-9999,-9999,-9999,-9999
-9999,-9999,-9999,-9999,0.000250931130722165,0.00174773787148297,0.00193894433323294,0.00194914825260639,0.00193031714297831,0.00189814937766641,0.00187082472257316,0.00184649135917425,0.00123515503946692,1.25019869301468E-05,8.36585331853712E-06,-9999,-9999,-9999,-9999,-9999,-9999,-9999,-9999,-9999,-9999,-9999,-9999,-9999,-9999,-9999,-9999,-9999,-9999,-9999,-9999,-9999,-9999,-9999,-9999,-9999,-9999,-9999,-9999,-9999,-9999,-9999,-9999,-9999,-9999,-9999,-9999,-9999,-9999,-9999,-9999,-9999,-9999,-9999,-9999,-9999,-9999,-9999,-9999,-9999,-9999,-9999,-9999,-9999,-9999,-9999,-9999,-9999,-9999,-9999,-9999,-9999,-9999,-9999,-9999,-9999,-9999,-9999,-9999,-9999,-9999,-9999,-9999,-9999,-9999,-9999,-9999,-9999,-9999,-9999,-9999,-9999,-9999,7.12342261977028E-06,7.74056388763711E-05,0.000998303643427789,0.00101624766830355,0.00102051242720336,0.00101618666667491,0.0010174831841141,0.00102016946766526,0.00102373992558569,0.00103053404018283,0.00102952599991113,0.00102690199855715,0.00102224783040583,0.00101555325090885,0.00100505608133972,0.000984262558631599,0.000938298006076366,0.000784503819886595,0.000421433069277555,5.73183060623705E-05,-9999,-9999,-9999,-9999,-9999,-9999,-9999,-9999,-9999,-9999,-9999,-9999,-9999,-9999
-9999,-9999,-9999,-9999,0.000203179602976888,0.00172028958331794,0.00193449691869318,0.00194029416888952,0.00191873079165816,0.00188636081293225,0.00186017027590424,0.00183672341518104,1.24600337585434E-05,8.3216727944091E-06,5.5770724429749E-06,-9999,-9999,-9999,-9999,-9999,-9999,-9999,-9999,-9999,-9999,-9999,-9999,-9999,-9999,-9999,-9999,-9999,-9999,-9999,-9999,-9999,-9999,-9999,-9999,-9999,-9999,-9999,-9999,-9999,-9999,-9999,-9999,-9999,-9999,-9999,-9999,-9999,-9999,-9999,-9999,-9999,-9999,-9999,-9999,-9999,-9999,-9999,-9999,-9999,-9999,-9999,-9999,-9999,-9999,-9999,-9999,-9999,-9999,-9999,-9999,-9999,-9999,-9999,-9999,-9999,-9999,-9999,-9999,-9999,-9999,-9999,-9999,-9999,-9999,-9999,-9999,-9999,-9999,-9999,-9999,-9999,-9999,4.61601484857965E-06,6.83144435242866E-06,0.000943835242651403,0.000983616453595459,0.000987754436209798,0.00098560459446162,0.000980234239250422,0.000985357793979347,0.000989300198853016,0.000991672277450562,0.000992874032817781,0.000991699635051191,0.000988594139926136,0.000982674187980592,0.000973258865997195,0.000961998652201146,0.000940091151278466,0.000868648930918425,0.000628145295195282,0.00019569305004552,4.4453758164309E-05,-9999,-9999,-9999,-9999,-9999,-9999,-9999,-9999,-9999,-9999,-9999,-9999,-9999
-9999,-9999,-9999,-9999,0.000105464881926309,0.00156354741193354,0.00192205980420113,0.00193100213073194,0.00191221502609551,0.00188060174696147,0.00185389234684408,0.0018256981857121,1.23982972581871E-05,8.27769144962076E-06,-9999,-9999,-9999,-9999,-9999,-9999,-9999,-9999,-9999,-9999,-9999,-9999,-9999,-9999,-9999,-9999,-9999,-9999,-9999,-9999,-9999,-9999,-9999,-9999,-9999,-9999,-9999,-9999,-9999,-9999,-9999,-9999,-9999,-9999,-9999,-9999,-9999,-9999,-9999,-9999,-9999,-9999,-9999,-9999,-9999,-9999,-9999,-9999,-9999,-9999,-9999,-9999,-9999,-9999,-9999,-9999,-9999,-9999,-9999,-9999,-9999,-9999,-9999,-9999,-9999,-9999,-9999,-9999,-9999,-9999,-9999,-9999,-9999,-9999,-9999,-9999,-9999,-9999,-9999,-9999,-9999,-9999,-9999,4.5136976041249E-06,6.61778585708817E-06,0.000889083312358707,0.000952085247263312,0.000954642018768936,0.00095699611119926,0.000950743618886918,0.000950527959503233,0.000955056515522301,0.0009580182377249,0.000962014892138541,0.000961342127993703,0.000959211203735322,0.000952791015151888,0.000944127677939832,0.000935485179070383,0.000920292863156646,0.000875299330800772,0.000770896673202515,0.000451962696388364,8.48069685162045E-05,6.06196990702301E-05,6.17863679508446E-06,-9999,-9999,-9999,-9999,-9999,-9999,-9999,-9999,-9999,-9999,-9999
-9999,-9999,-9999,-9999,9.40547906793654E-05,0.00084557558875531,0.00187994923908263,0.00192261906340718,0.0019114303868264,0.00188776536379009,0.00185869028791785,0.00183218240272254,2.74348858511075E-05,1.22994406410726E-05,-9999,-9999,-9999,-9999,-9999,-9999,-9999,-9999,-9999,-9999,-9999,-9999,-9999,-9999,-9999,-9999,-9999,-9999,-9999,-9999,-9999,-9999,-9999,-9999,-9999,-9999,-9999,-9999,-9999,-9999,-9999,-9999,-9999,-9999,-9999,-9999,-9999,-9999,-9999,-9999,-9999,-9999,-9999,-9999,-9999,-9999,-9999,-9999,-9999,-9999,-9999,-9999,-9999,-9999,-9999,-9999,-9999,-9999,-9999,-9999,-9999,-9999,-9999,-9999,-9999,-9999,-9999,-9999,-9999,-9999,-9999,-9999,-9999,-9999,-9999,-9999,-9999,-9999,-9999,-9999,-9999,-9999,-9999,-9999,6.41204815110541E-06,0.000847198418341577,0.000921749917324632,0.000922558712773025,0.000929981179069728,0.000924087944440544,0.000921218656003475,0.000926404725760221,0.000932056223973632,0.000934190524276346,0.000935199903324246,0.00093193119391799,0.00092664104886353,0.000919031270314008,0.000911348382942379,0.000900418148376048,0.000868373434059322,0.000792036298662424,0.000596219557337463,0.000140004718559794,4.80440103274304E-05,-9999,-9999,-9999,-9999,-9999,-9999,-9999,-9999,-9999,-9999,-9999,-9999
-9999,-9999,-9999,-9999,9.39879901125096E-05,0.000369092042092234,0.00173735897988081,0.00191039685159922,0.00190655468031764,0.00189303082879633,0.00186958035919815,0.00184170203283429,0.00123908987734467,1.22743022075156E-05,-9999,-9999,-9999,-9999,-9999,-9999,-9999,-9999,-9999,-9999,-9999,-9999,-9999,-9999,-9999,-9999,-9999,-9999,-9999,-9999,-9999,-9999,-9999,-9999,-9999,-9999,-9999,-9999,-9999,-9999,-9999,-9999,-9999,-9999,-9999,-9999,-9999,-9999,-9999,-9999,-9999,-9999,-9999,-9999,-9999,-9999,-9999,-9999,-9999,-9999,-9999,-9999,-9999,-9999,-9999,-9999,-9999,-9999,-9999,-9999,-9999,-9999,-9999,-9999,-9999,-9999,-9999,-9999,-9999,-9999,-9999,-9999,-9999,-9999,-9999,-9999,-9999,-9999,-9999,-9999,-9999,-9999,-9999,-9999,6.25997972747427E-06,0.000758262409362942,0.000896463636308908,0.000897269579581916,0.00090395292500034,0.000904970685951412,0.000899530481547117,0.000897408463060856,0.000905283959582448,0.000907503126654774,0.000907917914446443,0.00090527452994138,0.000901888473890722,0.000895896286237985,0.000889622955583036,0.000878182065207511,0.000854731479194015,0.00079370808089152,0.000685972045175731,0.000261172390310094,4.72816645924468E-05,4.2411240428919E-05,4.28100829594769E-05,-9999,-9999,-9999,-9999,-9999,-9999,-9999,-9999,-9999,-9999
-9999,-9999,-9999,-9999,-9999,0.000103520156699233,0.00141521252226084,0.00188997539225966,0.0019000272732228,0.00189160532318056,0.00187465851195157,0.0018468628404662,0.00181084708310664,1.22574265333242E-05,-9999,-9999,-9999,-9999,-9999,-9999,-9999,-9999,-9999,-9999,-9999,-9999,-9999,-9999,-9999,-9999,-9999,-9999,-9999,-9999,-9999,-9999,-9999,-9999,-9999,-9999,-9999,-9999,-9999,-9999,-9999,-9999,-9999,-9999,-9999,-9999,-9999,-9999,-9999,-9999,-9999,-9999,-9999,-9999,-9999,-9999,-9999,-9999,-9999,-9999,-9999,-9999,-9999,-9999,-9999,-9999,-9999,-9999,-9999,-9999,-9999,-9999,-9999,-9999,-9999,-9999,-9999,-9999,-9999,-9999,-9999,-9999,-9999,-9999,-9999,-9999,-9999,-9999,-9999,-9999,-9999,-9999,-9999,-9999,6.1486748563766E-06,0.000598734826780856,0.000868060218635947,0.000876398698892444,0.000880447332747281,0.000883257074747235,0.00087765121133998,0.000871982425451279,0.000880392559338361,0.000882769702002406,0.000883842702023685,0.000880847335793078,0.000878356106113642,0.000874007993843406,0.000868455041199923,0.000859621679410338,0.000844657712150365,0.00081612030044198,0.000653161318041384,0.000397316587623209,0.000148163890116848,9.95046939351596E-05,5.89425944781397E-05,4.28220046160277E-05,-9999,-9999,-9999,-9999,-9999,-9999,-9999,-9999,-9999
-9999,-9999,-9999,-9999,-9999,2.10108773899265E-05,0.000996637740172446,0.00184662535320967,0.00189344899263233,0.00188889831770211,0.00187565409578383,0.00184866541530937,0.00181163765955716,1.2257274647709E-05,-9999,-9999,-9999,-9999,-9999,-9999,-9999,-9999,-9999,-9999,-9999,-9999,-9999,-9999,-9999,-9999,-9999,-9999,-9999,-9999,-9999,-9999,-9999,-9999,-9999,-9999,-9999,-9999,-9999,-9999,-9999,-9999,-9999,-9999,-9999,-9999,-9999,-9999,-9999,-9999,-9999,-9999,-9999,-9999,-9999,-9999,-9999,-9999,-9999,-9999,-9999,-9999,-9999,-9999,-9999,-9999,-9999,-9999,-9999,-9999,-9999,-9999,-9999,-9999,-9999,-9999,-9999,-9999,-9999,-9999,-9999,-9999,-9999,-9999,-9999,-9999,-9999,-9999,-9999,-9999,-9999,-9999,-9999,-9999,6.07716174272355E-06,0.000197992354515009,0.000835982849821448,0.000856603961437941,0.000859703461173922,0.000861809239722788,0.000857756065670401,0.000853189150802791,0.000858128070831299,0.000863269728142768,0.000863214314449579,0.000858636340126395,0.00085561047308147,0.000851948512718081,0.000847076764330268,0.000841902859974653,0.000830856733955443,0.000793643179349601,0.000672930211294442,0.000557069201022387,0.000438282208051533,0.000366193184163421,0.000109404805698432,4.18807503592689E-05,-9999,-9999,-9999,-9999,-9999,-9999,-9999,-9999,-9999
-9999,-9999,-9999,-9999,-9999,1.28888650579029E-05,0.000715571048203856,0.00183979922439903,0.00188719504512846,0.00188581272959709,0.00187445245683193,0.00184611533768475,0.00179136509541422,1.22645360534079E-05,-9999,-9999,-9999,-9999,-9999,-9999,-9999,-9999,-9999,-9999,-9999,-9999,-9999,-9999,-9999,-9999,-9999,-9999,-9999,-9999,-9999,-9999,-9999,-9999,-9999,-9999,-9999,-9999,-9999,-9999,-9999,-9999,-9999,-9999,-9999,-9999,-9999,-9999,-9999,-9999,-9999,-9999,-9999,-9999,-9999,-9999,-9999,-9999,-9999,-9999,-9999,-9999,-9999,-9999,-9999,-9999,-9999,-9999,-9999,-9999,-9999,-9999,-9999,-9999,-9999,-9999,-9999,-9999,-9999,-9999,-9999,-9999,-9999,-9999,-9999,-9999,-9999,-9999,-9999,-9999,-9999,-9999,-9999,-9999,-9999,5.87298154641758E-06,0.000809610181022435,0.000834690232295543,0.000842012232169509,0.000842511653900146,0.000838992709759623,0.000834035919979215,0.000837920815683901,0.000843642046675086,0.000843067944515496,0.000839707616250962,0.000835468003060669,0.000832280667964369,0.000827474927064031,0.000823180074803531,0.000816431187558919,0.000789900252129883,0.000756999826990068,0.000711421715095639,0.000607913185376674,0.000383908103685826,0.000144457517308183,4.0718776290305E-05,-9999,-9999,-9999,-9999,-9999,-9999,-9999,-9999,-9999
-9999,-9999,-9999,-9999,-9999,-9999,0.000433526176493615,0.00183981831651181,0.0018811384215951,0.00188282015733421,0.00187002203892916,0.00183728709816933,0.00181060773320496,-9999,-9999,-9999,-9999,-9999,-9999,-9999,-9999,-9999,-9999,-9999,-9999,-9999,-9999,-9999,-9999,-9999,-9999,-9999,-9999,-9999,-9999,-9999,-9999,-9999,-9999,-9999,-9999,-9999,-9999,-9999,-9999,-9999,-9999,-9999,-9999,-9999,-9999,-9999,-9999,-9999,-9999,-9999,-9999,-9999,-9999,-9999,-9999,-9999,-9999,-9999,-9999,-9999,-9999,-9999,-9999,-9999,-9999,-9999,-9999,-9999,-9999,-9999,-9999,-9999,-9999,-9999,-9999,-9999,-9999,-9999,-9999,-9999,-9999,-9999,-9999,-9999,-9999,-9999,-9999,-9999,-9999,-9999,-9999,-9999,-9999,5.76319189349306E-06,0.000749838131014258,0.000816208659671247,0.000826921139378101,0.000827835174277425,0.000824592018034309,0.000820530753117055,0.000821794150397182,0.000825610011816025,0.000824226357508451,0.00082187436055392,0.000817722990177572,0.000813063932582736,0.000808496377430856,0.0008042884292081,0.000801309011876583,0.000794316292740405,0.000778935849666595,0.0007271928479895,0.000631937407888472,0.000471506267786026,0.000242692869505845,4.92358994961251E-05,-9999,-9999,-9999,-9999,-9999,-9999,-9999,-9999,-9999
-9999,-9999,-9999,-9999,-9999,-9999,0.000325538392644376,0.00183735613245517,0.00188019475899637,0.00187908171210438,0.00186057318933308,0.00182708981446922,0.00179036357440054,-9999,-9999,-9999,-9999,-9999,-9999,-9999,-9999,-9999,-9999,-9999,-9999,-9999,-9999,-9999,-9999,-9999,-9999,-9999,-9999,-9999,-9999,-9999,-9999,-9999,-9999,-9999,-9999,-9999,-9999,-9999,-9999,-9999,-9999,-9999,-9999,-9999,-9999,-9999,-9999,-9999,-9999,-9999,-9999,-9999,-9999,-9999,-9999,-9999,-9999,-9999,-9999,-9999,-9999,-9999,-9999,-9999,-9999,-9999,-9999,-9999,-9999,-9999,-9999,-9999,-9999,-9999,-9999,-9999,-9999,-9999,-9999,-9999,-9999,-9999,-9999,-9999,-9999,-9999,-9999,-9999,-9999,-9999,-9999,-9999,-9999,5.68101177123026E-06,0.000493932166136801,0.000803854665718973,0.000813642574939877,0.000813780934549868,0.000810387195087969,0.000807711912784725,0.000805067713372409,0.00081057584611699,0.000809030316304415,0.00080662831896916,0.000802337599452585,0.000797918415628374,0.000792795326560736,0.000788290228229016,0.000785069016274065,0.000781520968303084,0.000771318038459867,0.000745428202208132,0.000686413957737386,0.000527909665834159,0.000368556298781186,9.11815805011429E-05,4.70054292236455E-05,3.73829934687819E-05,-9999,-9999,-9999,-9999,-9999,-9999,-9999
-9999,-9999,-9999,-9999,-9999,-9999,0.00051665777573362,0.00186423945706338,0.00188341806642711,0.00187458260916173,0.00184976973105222,0.00181733269710094,0.00164032902102917,-9999,-9999,-9999,-9999,-9999,-9999,-9999,-9999,-9999,-9999,-9999,-9999,-9999,-9999,-9999,-9999,-9999,-9999,-9999,-9999,-9999,-9999,-9999,-9999,-9999,-9999,-9999,-9999,-9999,-9999,-9999,-9999,-9999,-9999,-9999,-9999,-9999,-9999,-9999,-9999,-9999,-9999,-9999,-9999,-9999,-9999,-9999,-9999,-9999,-9999,-9999,-9999,-9999,-9999,-9999,-9999,-9999,-9999,-9999,-9999,-9999,-9999,-9999,-9999,-9999,-9999,-9999,-9999,-9999,-9999,-9999,-9999,-9999,-9999,-9999,-9999,-9999,-9999,-9999,-9999,-9999,-9999,-9999,-9999,-9999,-9999,5.61708202440059E-06,3.32443560182583E-05,0.000794310704804957,0.000800557143520564,0.000800803420133889,0.000795980973634869,0.000792589446064085,0.000791150494478643,0.000795100058894604,0.000796596053987741,0.000794198596850038,0.00078882317757234,0.000783355673775077,0.000778629444539547,0.000774732965510339,0.000769866863265634,0.000767242454458028,0.000758496287744492,0.000738577335141599,0.000692106958013028,0.000608099915552884,0.000429945124778897,0.000162120471941307,7.96730164438486E-05,5.7256140280515E-05,3.62838181899861E-05,-9999,-9999,-9999,-9999,-9999,-9999
-9999,-9999,-9999,-9999,-9999,-9999,-9999,-9999,-9999,-9999,-9999,-9999,-9999,-9999,-9999,-9999,-9999,-9999,-9999,-9999,-9999,-9999,-9999,-9999,-9999,-9999,-9999,-9999,-9999,-9999,-9999,-9999,-9999,-9999,-9999,-9999,-9999,-9999,-9999,-9999,-9999,-9999,-9999,-9999,-9999,-9999,-9999,-9999,-9999,-9999,-9999,-9999,-9999,-9999,-9999,-9999,-9999,-9999,-9999,-9999,-9999,-9999,-9999,-9999,-9999,-9999,-9999,-9999,-9999,-9999,-9999,-9999,-9999,-9999,-9999,-9999,-9999,-9999,-9999,-9999,-9999,-9999,-9999,-9999,-9999,-9999,-9999,-9999,-9999,-9999,-9999,-9999,-9999,-9999,-9999,-9999,-9999,-9999,-9999,-9999,5.4602928685199E-06,0.000763642252422869,0.000787446333561093,0.000788273056969047,0.000784401374403387,0.000780789996497333,0.000778852438088506,0.000782846880611032,0.000786206743214279,0.000781894603278488,0.000776563363615423,0.000770991551689804,0.000764840224292129,0.000761134491767734,0.000756594643462449,0.00075297913281247,0.000748544640373439,0.000736619520466775,0.000706776627339423,0.000638140190858394,0.000465225195512176,0.000245592411374673,0.000157774280523881,0.000117186347779352,6.19744605501182E-05,3.51180606230628E-05,-9999,-9999,-9999,-9999,-9999
-9999,-9999,-9999,-9999,-9999,-9999,-9999,-9999,-9999,-9999,-9999,-9999,-9999,-9999,-9999,-9999,-9999,-9999,-9999,-9999,-9999,-9999,-9999,-9999,-9999,-9999,-9999,-9999,-9999,-9999,-9999,-9999,-9999,-9999,-9999,-9999,-9999,-9999,-9999,-9999,-9999,-9999,-9999,-9999,-9999,-9999,-9999,-9999,-9999,-9999,-9999,-9999,-9999,-9999,-9999,-9999,-9999,-9999,-9999,-9999,-9999,-9999,-9999,-9999,-9999,-9999,-9999,-9999,-9999,-9999,-9999,-9999,-9999,-9999,-9999,-9999,-9999,-9999,-9999,-9999,-9999,-9999,-9999,-9999,-9999,-9999,-9999,-9999,-9999,-9999,-9999,-9999,-9999,-9999,-9999,-9999,-9999,-9999,-9999,-9999,5.38651147508062E-06,0.000578569248318672,0.000778553483542055,0.000776109751313925,0.000773081847000867,0.000768820114899427,0.000766003679018468,0.000772040046285838,0.00077498349128291,0.00077026488725096,0.000763139338232577,0.000758184120059013,0.000751387909986079,0.00074797251727432,0.000744139833841473,0.000742554315365851,0.000738491711672395,0.00073018588591367,0.000698861724231392,0.000625673506874591,0.000476946181152016,0.00030192852136679,0.00022075894230511,0.000127130013424903,8.39353670016862E-05,3.86509564123116E-05,3.40937258442864E-05,-9999,-9999,-9999,-9999
-9999,-9999,-9999,-9999,-9999,-9999,-9999,-9999,-9999,-9999,-9999,-9999,-9999,-9999,-9999,-9999,-9999,-9999,-9999,-9999,-9999,-9999,-9999,-9999,-9999,-9999,-9999,-9999,-9999,-9999,-9999,-9999,-9999,-9999,-9999,-9999,-9999,-9999,-9999,-9999,-9999,-9999,-9999,-9999,-9999,-9999,-9999,-9999,-9999,-9999,-9999,-9999,-9999,-9999,-9999,-9999,-9999,-9999,-9999,-9999,-9999,-9999,-9999,-9999,-9999,-9999,-9999,-9999,-9999,-9999,-9999,-9999,-9999,-9999,-9999,-9999,-9999,-9999,-9999,-9999,-9999,-9999,-9999,-9999,-9999,-9999,-9999,-9999,-9999,-9999,-9999,-9999,-9999,-9999,-9999,-9999,-9999,-9999,-9999,-9999,5.33581169293029E-06,1.37238794195582E-05,0.000772151222918183,0.000766020268201828,0.000763017742428929,0.000757861998863518,0.000756567576900125,0.000762450217735022,0.000764482654631138,0.000760089315008372,0.000752521213144064,0.000746923964470625,0.000739702663850039,0.0007351313252002,0.000732311804313213,0.000730546889826655,0.000723418314009905,0.00071247381856665,0.000687775551341474,0.000613964046351612,0.000506330281496048,0.000381791382096708,0.000274359947070479,0.000165907738846727,9.15444252314046E-05,4.74343250971287E-05,3.35683034791145E-05,-9999,-9999,-9999,-9999
-9999,-9999,-9999,-9999,-9999,-9999,-9999,-9999,-9999,-9999,-9999,-9999,-9999,-9999,-9999,-9999,-9999,-9999,-9999,-9999,-9999,-9999,-9999,-9999,-9999,-9999,-9999,-9999,-9999,-9999,-9999,-9999,-9999,-9999,-9999,-9999,-9999,-9999,-9999,-9999,-9999,-9999,-9999,-9999,-9999,-9999,-9999,-9999,-9999,-9999,-9999,-9999,-9999,-9999,-9999,-9999,-9999,-9999,-9999,-9999,-9999,-9999,-9999,-9999,-9999,-9999,-9999,-9999,-9999,-9999,-9999,-9999,-9999,-9999,-9999,-9999,-9999,-9999,-9999,-9999,-9999,-9999,-9999,-9999,-9999,-9999,-9999,-9999,-9999,-9999,-9999,-9999,-9999,-9999,-9999,-9999,-9999,-9999,-9999,-9999,-9999,5.25056748301722E-06,0.000710894586518407,0.000755231827497482,0.000752793799620122,0.000748269783798605,0.000748551625292748,0.000752326974179596,0.000754350854549557,0.000750703446101397,0.000742275035008788,0.000736034533474594,0.000728672603145242,0.000722646538633853,0.000719055416993797,0.000717676943168044,0.000715904519893229,0.00070916028926149,0.000681619741953909,0.000614742166362703,0.0005149997305125,0.000438039802247658,0.000310924195218831,0.000163310309289955,9.95673981378786E-05,4.63198848592583E-05,3.23735621350352E-05,-9999,-9999,2.73523837677203E-05,2.72318302450003E-05
-9999,-9999,-9999,-9999,-9999,-9999,-9999,-9999,-9999,-9999,-9999,-9999,-9999,-9999,-9999,-9999,-9999,-9999,-9999,-9999,-9999,-9999,-9999,-9999,-9999,-9999,-9999,-9999,-9999,-9999,-9999,-9999,-9999,-9999,-9999,-9999,-9999,-9999,-9999,-9999,-9999,-9999,-9999,-9999,-9999,-9999,-9999,-9999,-9999,-9999,-9999,-9999,-9999,-9999,-9999,-9999,-9999,-9999,-9999,-9999,-9999,-9999,-9999,-9999,-9999,-9999,-9999,-9999,-9999,-9999,-9999,-9999,-9999,-9999,-9999,-9999,-9999,-9999,-9999,-9999,-9999,-9999,-9999,-9999,-9999,-9999,-9999,-9999,-9999,-9999,-9999,-9999,-9999,-9999,-9999,-9999,-9999,-9999,-9999,-9999,-9999,-9999,3.73305665561929E-05,0.000759784481488168,0.000745768717024475,0.000742713978979737,0.000742828065995127,0.000745871686376631,0.000745364697650075,0.000740123679861426,0.000732193177100271,0.000725520891137421,0.00071821769233793,0.000712275272235274,0.000707405037246644,0.000704963691532612,0.000702134275343269,0.000694366812240332,0.000666541454847902,0.00063327158568427,0.000567863462492824,0.000450939201982692,0.000306664354866371,0.000191907631233335,8.77838319865987E-05,4.99308371217921E-05,3.06456931866705E-05,2.88990486296825E-05,2.7973675969406E-05,2.73123987426516E-05,2.99672155961161E-05
-9999,-9999,-9999,-9999,-9999,-9999,-9999,-9999,-9999,-9999,-9999,-9999,-9999,-9999,-9999,-9999,-9999,-9999,-9999,-9999,-9999,-9999,-9999,-9999,-9999,-9999,-9999,-9999,-9999,-9999,-9999,-9999,-9999,-9999,-9999,-9999,-9999,-9999,-9999,-9999,-9999,-9999,-9999,-9999,-9999,-9999,-9999,-9999,-9999,-9999,-9999,-9999,-9999,-9999,-9999,-9999,-9999,-9999,-9999,-9999,-9999,-9999,-9999,-9999,-9999,-9999,-9999,-9999,-9999,-9999,-9999,-9999,-9999,-9999,-9999,-9999,-9999,-9999,-9999,-9999,-9999,-9999,-9999,-9999,-9999,-9999,-9999,-9999,-9999,-9999,-9999,-9999,-9999,-9999,-9999,-9999,-9999,-9999,-9999,-9999,-9999,-9999,-9999,0.000526018440723419,0.000750940118450671,0.000739566399715841,0.000741560244932771,0.000741523923352361,0.00073992379475385,0.00073293293826282,0.000724214653018862,0.000715713249519467,0.000708321633283049,0.00070238223997876,0.000698390416800976,0.000693288922775537,0.000687359366565943,0.000679196673445404,0.000656481191981584,0.000631629023700953,0.000572981080040336,0.000463528500404209,0.000343020568834618,0.000157341186422855,7.65285367378965E-05,4.2763782403199E-05,3.28892092511524E-05,2.83448553091148E-05,3.06796246150043E-05,3.32335257553495E-05,0.000268802134087309
-9999,-9999,-9999,-9999,-9999,-9999,-9999,-9999,-9999,-9999,-9999,-9999,-9999,-9999,-9999,-9999,-9999,-9999,-9999,-9999,-9999,-9999,-9999,-9999,-9999,-9999,-9999,-9999,-9999,-9999,-9999,-9999,-9999,-9999,-9999,-9999,-9999,-9999,-9999,-9999,-9999,-9999,-9999,-9999,-9999,-9999,-9999,-9999,-9999,-9999,-9999,-9999,-9999,-9999,-9999,-9999,-9999,-9999,-9999,-9999,-9999,-9999,-9999,-9999,-9999,-9999,-9999,-9999,-9999,-9999,-9999,-9999,-9999,-9999,-9999,-9999,-9999,-9999,-9999,-9999,-9999,-9999,-9999,-9999,-9999,-9999,-9999,-9999,-9999,-9999,-9999,-9999,-9999,-9999,-9999,-9999,-9999,-9999,-9999,-9999,-9999,-9999,-9999,5.12931956109242E-06,0.00052835833048448,0.000757975969463587,0.00074546504765749,0.000740771414712071,0.000737067603040487,0.000729149440303445,0.00071997195482254,0.000711454777047038,0.000703953672200441,0.000696671311743557,0.000689390930347145,0.000682967249304056,0.000672648195177317,0.00065899029141292,0.000648433284368366,0.000599187100306153,0.000525426119565964,0.000379836914362386,0.000203015195438638,6.12687654211186E-05,3.76996758859605E-05,3.6270372220315E-05,3.92446891055442E-05,3.81475801987108E-05,6.33786694379523E-05,0.000542554946150631,0.000547475530765951
-9999,-9999,-9999,-9999,-9999,-9999,-9999,-9999,-9999,-9999,-9999,-9999,-9999,-9999,-9999,-9999,-9999,-9999,-9999,-9999,-9999,-9999,-9999,-9999,-9999,-9999,-9999,-9999,-9999,-9999,-9999,-9999,-9999,-9999,-9999,-9999,-9999,-9999,-9999,-9999,-9999,-9999,-9999,-9999,-9999,-9999,-9999,-9999,-9999,-9999,-9999,-9999,-9999,-9999,-9999,-9999,-9999,-9999,-9999,-9999,-9999,-9999,-9999,-9999,-9999,-9999,-9999,-9999,-9999,-9999,-9999,-9999,-9999,-9999,-9999,-9999,-9999,-9999,-9999,-9999,-9999,-9999,-9999,-9999,-9999,-9999,-9999,-9999,-9999,-9999,-9999,-9999,-9999,-9999,-9999,-9999,-9999,-9999,-9999,-9999,-9999,-9999,-9999,-9999,5.11695952809532E-06,5.11987036588835E-06,0.000704035745002329,0.00074812222737819,0.000733627530280501,0.000726128229871392,0.000717280723620206,0.000709050858858973,0.000660215271636844,0.000545658287592232,0.000677561736665666,0.000652401824481785,0.000547588046174496,0.000453954300610349,0.000416378141380847,0.00035441989894025,0.000183626238140278,6.73698959872127E-05,3.39204998454079E-05,2.94374676741427E-05,4.93035404360853E-05,8.07876349426806E-05,0.000289814051939175,0.000545847287867218,0.000550955999642611,0.000550614611711353,0.000542319088708609
-9999,-9999,-9999,-9999,-9999,-9999,-9999,-9999,-9999,-9999,-9999,-9999,-9999,-9999,-9999,-9999,-9999,-9999,-9999,-9999,-9999,-9999,-9999,-9999,-9999,-9999,-9999,-9999,-9999,-9999,-9999,-9999,-9999,-9999,-9999,-9999,-9999,-9999,-9999,-9999,-9999,-9999,-9999,-9999,-9999,-9999,-9999,-9999,-9999,-9999,-9999,-9999,-9999,-9999,-9999,-9999,-9999,-9999,-9999,-9999,-9999,-9999,-9999,-9999,-9999,-9999,-9999,-9999,-9999,-9999,-9999,-9999,-9999,-9999,-9999,-9999,-9999,-9999,-9999,-9999,-9999,-9999,-9999,-9999,-9999,-9999,-9999,-9999,-9999,-9999,-9999,-9999,-9999,-9999,-9999,-9999,-9999,-9999,-9999,-9999,-9999,-9999,-9999,-9999,-9999,-9999,5.08473749505356E-06,2.54787082667463E-05,0.000742901291232556,0.000732157728634775,0.000717913906555623,0.000707944156602025,0.000668551656417549,0.000665832485537976,0.000629986345302314,0.000488912512082607,0.00035343348281458,0.000216030719457194,8.39008353068493E-05,0.000123115140013397,7.26776852388866E-05,9.52230329858139E-05,0.000304180750390515,0.000569468771573156,0.000569567491766065,0.000566701812203974,0.000560770102310926,0.000551905890461057,0.000544711365364492,0.000521051348187029,0.000269880518317223
-9999,-9999,-9999,-9999,-9999,-9999,-9999,-9999,-9999,-9999,-9999,-9999,-9999,-9999,-9999,-9999,-9999,-9999,-9999,-9999,-9999,-9999,-9999,-9999,-9999,-9999,-9999,-9999,-9999,-9999,-9999,-9999,-9999,-9999,-9999,-9999,-9999,-9999,-9999,-9999,-9999,-9999,-9999,-9999,-9999,-9999,-9999,-9999,-9999,-9999,-9999,-9999,-9999,-9999,-9999,-9999,-9999,-9999,-9999,-9999,-9999,-9999,-9999,-9999,-9999,-9999,-9999,-9999,-9999,-9999,-9999,-9999,-9999,-9999,-9999,-9999,-9999,-9999,-9999,-9999,-9999,-9999,-9999,-9999,-9999,-9999,-9999,-9999,-9999,-9999,-9999,-9999,-9999,-9999,-9999,-9999,-9999,-9999,-9999,-9999,-9999,-9999,-9999,-9999,-9999,-9999,-9999,-9999,4.97720520797884E-06,2.00988215510733E-05,0.000704255478922278,0.000720028707291931,0.000711379165295511,0.000702474149875343,0.00069193122908473,0.000680892611853778,0.000668825290631503,0.000657360709737986,0.000643856299575418,0.000629693677183241,0.000614608288742602,0.000602143816649914,0.00059124716790393,0.000580470717977732,0.000569665862713009,0.000560714222956449,0.000548490846995264,0.000510585319716483,0.000303107575746253,2.09493591682985E-05,-9999
-9999,-9999,-9999,-9999,-9999,-9999,-9999,-9999,-9999,-9999,-9999,-9999,-9999,-9999,-9999,-9999,-9999,-9999,-9999,-9999,-9999,-9999,-9999,-9999,-9999,-9999,-9999,-9999,-9999,-9999,-9999,-9999,-9999,-9999,-9999,-9999,-9999,-9999,-9999,-9999,-9999,-9999,-9999,-9999,-9999,-9999,-9999,-9999,-9999,-9999,-9999,-9999,-9999,-9999,-9999,-9999,-9999,-9999,-9999,-9999,-9999,-9999,-9999,-9999,-9999,-9999,-9999,-9999,-9999,-9999,-9999,-9999,-9999,-9999,-9999,-9999,-9999,-9999,-9999,-9999,-9999,-9999,-9999,-9999,-9999,-9999,-9999,-9999,-9999,-9999,-9999,-9999,-9999,-9999,-9999,-9999,-9999,-9999,-9999,-9999,-9999,-9999,-9999,-9999,-9999,-9999,-9999,-9999,-9999,-9999,4.8690953917685E-06,4.84738302475307E-06,4.81137612950988E-06,4.75989372716867E-06,1.94872391148238E-05,2.71675962721929E-05,4.55097233498236E-06,4.44830584456213E-06,4.33813011113671E-06,8.05250328994589E-06,2.50558096013265E-05,0.000107391177152749,0.00021912989905104,0.000238893553614616,5.43445166840684E-05,3.8625344132015E-06,3.82644475394045E-06,3.80569213120907E-06,-9999,-9999,-9999
-9999,-9999,-9999,-9999,-9999,-9999,-9999,-9999,-9999,-9999,-9999,-9999,-9999,-9999,-9999,-9999,-9999,-9999,-9999,-9999,-9999,-9999,-9999,-9999,-9999,-9999,-9999,-9999,-9999,-9999,-9999,-9999,-9999,-9999,-9999,-9999,-9999,-9999,-9999,-9999,-9999,-9999,-9999,-9999,-9999,-9999,-9999,-9999,-9999,-9999,-9999,-9999,-9999,-9999,-9999,-9999,-9999,-9999,-9999,-9999,-9999,-9999,-9999,-9999,-9999,-9999,-9999,-9999,-9999,-9999,-9999,-9999,-9999,-9999,-9999,-9999,-9999,-9999,-9999,-9999,-9999,-9999,-9999,-9999,-9999,-9999,-9999,-9999,-9999,-9999,-9999,-9999,-9999,-9999,-9999,-9999,-9999,-9999,-9999,-9999,-9999,-9999,-9999,-9999,-9999,-9999,-9999,-9999,-9999,-9999,-9999,-9999,-9999,-9999,-9999,-9999,-9999,-9999,-9999,-9999,-9999,-9999,-9999,-9999,-9999,-9999,-9999,-9999,-9999,-9999,-9999
-9999,-9999,-9999,-9999,-9999,-9999,-9999,-9999,-9999,-9999,-9999,-9999,-9999,-9999,-9999,-9999,-9999,-9999,-9999,-9999,-9999,-9999,-9999,-9999,-9999,-9999,-9999,-9999,-9999,-9999,-9999,-9999,-9999,-9999,-9999,-9999,-9999,-9999,-9999,-9999,-9999,-9999,-9999,-9999,-9999,-9999,-9999,-9999,-9999,-9999,-9999,-9999,-9999,-9999,-9999,-9999,-9999,-9999,-9999,-9999,-9999,-9999,-9999,-9999,-9999,-9999,-9999,-9999,-9999,-9999,-9999,-9999,-9999,-9999,-9999,-9999,-9999,-9999,-9999,-9999,-9999,-9999,-9999,-9999,-9999,-9999,-9999,-9999,-9999,-9999,-9999,-9999,-9999,-9999,-9999,-9999,-9999,-9999,-9999,-9999,-9999,-9999,-9999,-9999,-9999,-9999,-9999,-9999,-9999,-9999,-9999,-9999,-9999,-9999,-9999,-9999,-9999,-9999,-9999,-9999,-9999,-9999,-9999,-9999,-9999,-9999,-9999,-9999,-9999,-9999,-9999

Step,13
Year,1.083333
-9999,-9999,-9999,-9999,-9999,-9999,-9999,-9999,-9999,-9999,-9999,-9999,-9999,-9999,-9999,-9999,-9999,-9999,-9999,-9999,-9999,-9999,-9999,-9999,-9999,-9999,-9999,-9999,-9999,-9999,-9999,-9999,-9999,-9999,-9999,-9999,-9999,-9999,-9999,-9999,-9999,-9999,-9999,-9999,-9999,-9999,-9999,-9999,-9999,-9999,-9999,-9999,-9999,-9999,-9999,-9999,-9999,-9999,-9999,-9999,-9999,-9999,-9999,-9999,-9999,-9999,-9999,-9999,-9999,-9999,-9999,-9999,-9999,-9999,-9999,-9999,-9999,-9999,-9999,-9999,-9999,-9999,-9999,-9999,-9999,-9999,-9999,-9999,-9999,-9999,-9999,-9999,-9999,-9999,-9999,-9999,-9999,-9999,-9999,-9999,-9999,-9999,-9999,-9999,-9999,-9999,-9999,-9999,-9999,-9999,-9999,-9999,-9999,-9999,-9999,-9999,-9999,-9999,-9999,-9999,-9999,-9999,-9999,-9999,-9999,-9999,-9999,-9999,-9999,-9999,-9999
-9999,-9999,-9999,-9999,-9999,-9999,-9999,-9999,-9999,-9999,-9999,-9999,-9999,-9999,-9999,-9999,-9999,-9999,-9999,-9999,-9999,-9999,-9999,-9999,-9999,-9999,-9999,-9999,-9999,-9999,-9999,-9999,-9999,-9999,-9999,-9999,-9999,-9999,-9999,-9999,-9999,-9999,-9999,-9999,-9999,-9999,-9999,-9999,-9999,-9999,-9999,-9999,-9999,-9999,-9999,-9999,-9999,-9999,-9999,-9999,-9999,-9999,-9999,-9999,-9999,-9999,-9999,-9999,-9999,-9999,-9999,-9999,-9999,-9999,-9999,-9999,-9999,-9999,-9999,-9999,-9999,-9999,-9999,-9999,-9999,-9999,-9999,-9999,-9999,-9999,-9999,-9999,-9999,-9999,-9999,-9999,-9999,-9999,-9999,-9999,-9999,-9999,-9999,-9999,-9999,-9999,-9999,-9999,-9999,-9999,-9999,-9999,-9999,-9999,-9999,-9999,-9999,-9999,-9999,-9999,-9999,-9999,-9999,-9999,-9999,-9999,-9999,-9999,-9999,-9999,-9999
-9999,-9999,-9999,-9999,-9999,-9999,-9999,-9999,-9999,-9999,-9999,-9999,-9999,-9999,-9999,-9999,-9999,-9999,-9999,-9999,-9999,-9999,-9999,-9999,-9999,-9999,-9999,-9999,-9999,-9999,-9999,-9999,-9999,-9999,-9999,-9999,-9999,-9999,-9999,-9999,-9999,-9999,-9999,-9999,-9999,-9999,-9999,-9999,-9999,-9999,-9999,-9999,-9999,-9999,-9999,-9999,-9999,-9999,-9999,-9999,-9999,-9999,-9999,-9999,-9999,-9999,-9999,-9999,-9999,-9999,-9999,-9999,-9999,-9999,5.49379728909116E-06,8.17184718471253E-06,-9999,-9999,-9999,-9999,-9999,-9999,-9999,-9999,-9999,-9999,-9999,-9999,-9999,-9999,-9999,-9999,-9999,-9999,-9999,-9999,-9999,-9999,-9999,-9999,-9999,-9999,-9999,-9999,-9999,-9999,-9999,-9999,-9999,-9999,-9999,-9999,-9999,-9999,-9999,-9999,-9999,-9999,-9999,-9999,-9999,-9999,-9999,-9999,-9999,-9999,-9999,-9999,-9999,-9999,-9999
-9999,-9999,-9999,-9999,-9999,-9999,-9999,-9999,-9999,-9999,-9999,-9999,-9999,-9999,-9999,-9999,-9999,-9999,-9999,-9999,-9999,-9999,-9999,-9999,-9999,-9999,-9999,-9999,-9999,-9999,-9999,-9999,-9999,-9999,-9999,-9999,-9999,-9999,-9999,-9999,-9999,-9999,-9999,-9999,-9999,-9999,-9999,-9999,-9999,-9999,-9999,-9999,-9999,-9999,-9999,-9999,-9999,-9999,-9999,-9999,-9999,-9999,-9999,-9999,-9999,-9999,-9999,-9999,-9999,-9999,-9999,-9999,-9999,-9999,7.99067493062466E-06,1.18297984954552E-05,-9999,-9999,-9999,-9999,-9999,-9999,-9999,-9999,-9999,-9999,-9999,-9999,-9999,-9999,-9999,-9999,-9999,-9999,-9999,-9999,-9999,-9999,-9999,-9999,-9999,-9999,-9999,-9999,-9999,-9999,-9999,-9999,-9999,-9999,-9999,-9999,-9999,-9999,-9999,-9999,-9999,-9999,-9999,-9999,-9999,-9999,-9999,-9999,-9999,-9999,-9999,-9999,-9999,-9999,-9999
-9999,-9999,-9999,-9999,-9999,-9999,-9999,-9999,-9999,-9999,-9999,-9999,-9999,-9999,-9999,-9999,-9999,-9999,-9999,-9999,-9999,-9999,-9999,-9999,-9999,-9999,-9999,-9999,-9999,-9999,-9999,-9999,-9999,-9999,-9999,-9999,-9999,-9999,-9999,-9999,-9999,-9999,-9999,-9999,-9999,-9999,-9999,-9999,-9999,-9999,-9999,-9999,-9999,-9999,-9999,-9999,4.13114008779303E-07,6.0630878806478E-07,8.80047537066275E-07,1.27433770558127E-06,-9999,-9999,-9999,-9999,-9999,9.8863993116538E-06,9.58868986344896E-06,1.36929520522244E-05,1.33580606416217E-05,8.63594686961733E-06,1.2386800335662E-05,6.21294384473003E-05,8.33627345855348E-05,8.25070455903187E-05,1.15664261102211E-05,5.9369263908593E-05,7.68822428653948E-05,-9999,-9999,7.10316016920842E-05,0.00010971596930176,9.57233132794499E-05,9.68636813922785E-05,0.000248347845626995,0.000329926115227863,0.000300885934848338,0.000301088293781504,0.000183620897587389,8.62562810652889E-05,-9999,-9999,-9999,-9999,-9999,-9999,-9999,-9999,-9999,-9999,-9999,-9999,-9999,-9999,-9999,-9999,-9999,-9999,-9999,-9999,-9999,-9999,-9999,-9999,-9999,-9999,-9999,-9999,-9999,-9999,-9999,-9999,-9999,-9999,-9999,-9999,-9999,-9999,-9999,-9999,-9999,-9999
-9999,-9999,-9999,-9999,-9999,-9999,-9999,-9999,-9999,-9999,-9999,-9999,-9999,-9999,-9999,-9999,-9999,-9999,-9999,-9999,-9999,-9999,-9999,-9999,-9999,-9999,-9999,-9999,-9999,-9999,-9999,-9999,-9999,-9999,-9999,-9999,-9999,-9999,-9999,-9999,-9999,-9999,-9999,-9999,-9999,-9999,-9999,-9999,-9999,-9999,-9999,-9999,-9999,-9999,-9999,4.2209580897179E-07,6.2306952486324E-07,9.13247788503213E-07,1.31664467062365E-06,1.86429519999365E-06,2.62596313405083E-06,3.7784784581163E-06,-9999,1.60466970555717E-05,4.35299407399725E-05,1.47693363032886E-05,1.40336442200351E-05,0.000105770064692479,0.000107121239125263,1.25627238958259E-05,1.21768134704325E-05,0.000141042619361542,0.000178653004695661,0.000158411145093851,0.000139291427331045,0.000136910588480532,0.000105566563433968,0.000116672017611563,0.000193423038581386,0.000340796745149419,0.000807378615718335,0.00123033788986504,0.00135931535623968,0.00135324336588383,0.00135957135353237,0.00136738852597773,0.00137593795079738,0.00139099103398621,0.00133708294015378,0.00070367829175666,0.000298013066640124,-9999,-9999,-9999,-9999,-9999,-9999,-9999,-9999,-9999,-9999,-9999,-9999,-9999,-9999,-9999,-9999,-9999,-9999,-9999,-9999,-9999,-9999,-9999,-9999,-9999,-9999,-9999,-9999,-9999,-9999,-9999,-9999,-9999,-9999,-9999,-9999,-9999,-9999,-9999,-9999
-9999,-9999,-9999,-9999,-9999,-9999,-9999,-9999,-9999,-9999,-9999,-9999,-9999,-9999,-9999,-9999,-9999,-9999,-9999,-9999,-9999,-9999,-9999,-9999,-9999,-9999,-9999,-9999,-9999,-9999,-9999,-9999,-9999,-9999,-9999,-9999,-9999,-9999,-9999,-9999,-9999,-9999,-9999,-9999,-9999,-9999,-9999,-9999,-9999,-9999,-9999,-9999,-9999,-9999,-9999,6.32451246929122E-07,9.38638436309702E-07,1.38702500862564E-06,2.00061890609504E-06,2.81106008515053E-06,3.88456692235195E-06,5.37242249265546E-06,7.52402138459729E-06,1.06985580714536E-05,1.52110687849927E-05,8.98025900823995E-05,0.000157281203428283,0.000400641321903095,0.000650710426270962,0.000938267970923334,0.00107019988354295,0.000954104762058705,0.00117419613525271,0.00130911555606872,0.00104904221370816,0.00102985126432031,0.000964662584010512,0.0010280697606504,0.00137907324824482,0.00140062207356095,0.00141171924769878,0.00141360983252525,0.00141511741094291,0.00141202204395086,0.00140996603295207,0.00141051190439612,0.00141368398908526,0.00141640892252326,0.00141528458334506,0.0014059788081795,0.00137896439991891,0.00114278099499643,0.000271505006821826,-9999,-9999,-9999,-9999,-9999,-9999,-9999,-9999,-9999,8.92487005330622E-05,8.92790194484405E-05,8.94046679604799E-05,-9999,-9999,-9999,-9999,-9999,-9999,-9999,-9999,-9999,-9999,-9999,-9999,-9999,-9999,-9999,-9999,-9999,-9999,-9999,-9999,-9999,-9999,-9999,-9999,-9999,-9999
-9999,-9999,-9999,-9999,-9999,-9999,-9999,-9999,-9999,-9999,-9999,-9999,-9999,-9999,-9999,-9999,-9999,-9999,-9999,-9999,-9999,-9999,-9999,-9999,-9999,-9999,-9999,-9999,-9999,-9999,-9999,4.06298349844292E-05,-9999,-9999,-9999,0.00012553260603454,-9999,-9999,-9999,-9999,-9999,-9999,-9999,-9999,-9999,-9999,-9999,-9999,-9999,-9999,-9999,-9999,-9999,-9999,-9999,-9999,-9999,9.42965812100738E-07,1.37139943490183E-06,1.97167469195847E-06,-9999,5.13191616846598E-06,7.36791980671114E-06,1.05324761534575E-05,1.49849565787008E-05,9.03881882550195E-05,0.000162949261721224,0.000224008777877316,0.000139459982165135,0.000769274076446891,0.00158142042346299,0.00165679166093469,0.00163940305355936,0.00161675491835922,0.00156325311399996,0.00151816662400961,0.00151666905730963,0.00150960043538362,0.00148158730007708,0.00145801610779017,0.00143934274092317,0.00142680527642369,0.00140686973463744,0.00139296823181212,0.00139420188497752,0.00139799667522311,0.0014038848457858,0.00141133135184646,0.00141594116576016,0.0014156533870846,0.00141591741703451,0.00138764397706836,0.00125767756253481,0.000328389753121883,-9999,-9999,-9999,-9999,-9999,-9999,-9999,-9999,0.000121771969133988,0.000188811449334025,0.000123019170132466,8.82714812178165E-05,8.88303766259924E-05,-9999,-9999,-9999,-9999,-9999,-9999,-9999,-9999,-9999,-9999,-9999,-9999,-9999,-9999,-9999,-9999,-9999,-9999,-9999,-9999,-9999,-9999,-9999,-9999
-9999,-9999,-9999,-9999,-9999,-9999,-9999,-9999,-9999,-9999,-9999,-9999,-9999,-9999,-9999,-9999,-9999,-9999,-9999,-9999,-9999,-9999,-9999,-9999,-9999,-9999,-9999,-9999,-9999,-9999,2.96497946692398E-05,5.61184788239188E-05,-9999,-9999,6.03013613726944E-05,0.000101833524240647,-9999,-9999,0.000110821412818041,0.000191165876458399,-9999,-9999,-9999,-9999,-9999,1.58242946781684E-05,-9999,-9999,-9999,-9999,-9999,-9999,-9999,-9999,-9999,-9999,-9999,-9999,-9999,-9999,-9999,7.44344151826226E-06,1.06709003375727E-05,1.53696928464342E-05,1.4838251445326E-05,8.70628500706516E-05,9.64511928032152E-05,9.30788519326597E-05,8.85536646819673E-05,0.000522005022503436,0.00159900251310319,0.0016876794397831,0.00167380692437291,0.00164676969870925,0.00161300366744399,0.00157941807992756,0.00154946686234325,0.00152082706335932,0.00149473454803228,0.00146823772229254,0.00144205300603062,0.00141433742828667,0.00138410110957921,0.00137488427571952,0.00137397751677781,0.00138362043071538,0.00139196519739926,0.00140173407271504,0.00141155975870788,0.0014171723742038,0.00142077216878533,0.00141836982220411,0.00139557046350092,0.00117728440091014,0.000330351351294667,-9999,-9999,-9999,-9999,-9999,0.00014287285739556,0.000144458070280962,0.000275359605439007,0.000408239400712773,0.000309756956994534,0.000208212833967991,0.000136787231895141,8.81313462741673E-05,-9999,-9999,-9999,-9999,-9999,-9999,-9999,-9999,-9999,-9999,-9999,-9999,-9999,-9999,-9999,-9999,-9999,-9999,-9999,-9999,-9999,-9999,-9999
-9999,-9999,-9999,-9999,-9999,-9999,-9999,-9999,-9999,-9999,-9999,-9999,-9999,-9999,-9999,-9999,-9999,-9999,-9999,-9999,-9999,-9999,-9999,6.91532186465338E-05,8.88605791260488E-05,-9999,-9999,-9999,-9999,7.52420164644718E-05,7.0530513767153E-05,2.7974279873888E-05,0.000141607481054962,1.49423376569757E-05,0.000125382677651942,0.000220097310375422,0.000396023620851338,0.000171338208019733,0.00010111925075762,-9999,0.00010345133341616,0.000107934742118232,-9999,-9999,0.000166110577993095,2.23044844460674E-05,1.36649050546112E-05,8.61261014506454E-06,-9999,-9999,-9999,-9999,-9999,-9999,-9999,-9999,-9999,3.33957286784425E-05,2.11807891901117E-05,-9999,-9999,-9999,1.53227756527485E-05,0.000102112870081328,9.88624597084709E-05,9.90915868896991E-05,9.62167687248439E-05,9.15538985282183E-05,0.000121025994303636,0.000752818363253027,0.00160146737471223,0.00168591097462922,0.00166947185061872,0.0016443885397166,0.00161250133533031,0.00158027641009539,0.00155000190716237,0.00151998305227607,0.00149251625407487,0.00146501627750695,0.00142971181776375,0.00134682969655842,0.00134757987689227,0.00135734316427261,0.00135891255922616,0.00136294227559119,0.00137533154338598,0.00138991139829159,0.00140328134875745,0.0014113774523139,0.00141640834044665,0.00141820742283016,0.0014105070149526,0.00134896533563733,0.000394653790863231,6.95183698553592E-05,1.01235327747418E-05,7.05931779521052E-06,1.09308566607069E-05,0.000344510714057833,0.000683702121023089,0.000891214061994106,0.00100127421319485,0.000859662075527012,0.0008160948054865,0.000621687329839915,0.000375098607037216,0.000121875855256803,8.83443135535344E-05,8.928615716286E-05,-9999,-9999,-9999,-9999,-9999,-9999,-9999,-9999,-9999,-9999,-9999,-9999,-9999,-9999,-9999,-9999,-9999,-9999,-9999,-9999,-9999
-9999,-9999,-9999,-9999,-9999,-9999,-9999,-9999,-9999,-9999,-9999,-9999,-9999,-9999,-9999,-9999,-9999,-9999,-9999,-9999,-9999,-9999,0.000103881800896488,0.000122953264508396,8.3670107414946E-05,8.5033243522048E-05,9.44082494243048E-05,0.000109352149593178,0.000205848889891058,0.000308985298033804,0.000231958125368692,0.000547114759683609,0.00075148738687858,0.000809150340501219,0.000928094668779522,0.000802049471531063,0.000794547435361892,0.000722972908988595,0.000415700080338866,0.000317577359965071,0.000101844590972178,6.2398481532E-05,5.1838575018337E-05,6.9481749960687E-05,1.84360997081967E-05,1.26072591228876E-05,1.21519105960033E-05,1.16511182568502E-05,7.53235599404434E-06,-9999,-9999,-9999,-9999,-9999,-9999,-9999,-9999,0.000139687486807816,0.000127115112263709,0.000118002244562376,-9999,-9999,9.90898406598717E-05,0.00010144358384423,0.000101515513961203,9.90410408121534E-05,9.42964543355629E-05,0.000110893612145446,0.0003667181590572,0.00104825885500759,0.00161271670367569,0.00168085878249258,0.00165988586377352,0.00163552700541914,0.00160517799668014,0.00157295842655003,0.00154245272278786,0.00151419872418046,0.00148623250424862,0.00145946990232915,0.00135608250275254,0.000696210365276784,0.000815404404420406,0.00112368515692651,0.00129575550090522,0.00134550733491778,0.00135796132963151,0.00137425470165908,0.00138967181555927,0.00139929389115423,0.00140928977634758,0.00141607550904155,0.00140755041502416,0.00131729757413268,0.000632486422546208,0.000511517515406013,4.17067712987773E-05,1.0480563105375E-05,0.000518931134138256,0.00121406663674861,0.00136106612626463,0.00145519617944956,0.00144650670699775,0.00140693562570959,0.00135598250199109,0.00111696380190551,0.000717002083547413,0.000373015413060784,0.00013558377395384,8.80725565366447E-05,-9999,-9999,-9999,-9999,-9999,-9999,-9999,-9999,-9999,-9999,-9999,-9999,-9999,-9999,-9999,-9999,-9999,-9999,-9999,-9999,-9999
-9999,-9999,-9999,-9999,-9999,-9999,-9999,-9999,-9999,-9999,-9999,-9999,-9999,-9999,-9999,-9999,-9999,-9999,-9999,-9999,-9999,-9999,0.000104021724837366,0.000124822719953954,0.000106076346128248,0.000110310793388635,0.000410666776588187,0.000818535918369889,0.00108145480044186,0.00095086544752121,0.000947542313951999,0.000760843046009541,0.000817076652310789,0.000935645832214504,0.000868872331921011,0.000987181556411088,0.00116731435991824,0.00115943525452167,0.00120892189443111,0.00107314763590693,0.000750899489503354,0.000483005947899073,0.00019733038789127,7.35106150386855E-05,3.53746290784329E-05,1.56194109877106E-05,1.5606061424478E-05,1.5456898836419E-05,1.02802569017513E-05,1.01475370684057E-05,1.01289706435637E-05,-9999,-9999,-9999,-9999,-9999,-9999,-9999,0.00011677852307912,0.00010588933218969,9.91611304925755E-05,9.29939633351751E-05,9.73076093941927E-05,9.94289730442688E-05,0.000100222168839537,9.69423490460031E-05,0.000114355614641681,0.00037131569115445,0.00100498145911843,0.00159724231343716,0.00168471701908857,0.00166561058722436,0.00164291588589549,0.00161981419660151,0.00159154157154262,0.00155979732517153,0.00153134285937995,0.00150591239798814,0.00148088647983968,0.00131483504083008,1.77281945070717E-05,9.51437323237769E-06,9.38063203648198E-06,9.28934969124384E-06,0.000106706946098711,0.000879207800608128,0.0013104974059388,0.00135460763704032,0.00137113989330828,0.00138646876439452,0.00140003080014139,0.00141073320992291,0.00140800687950104,0.00130380224436522,0.00133590574841946,0.00139200477860868,0.00123808172065765,0.000673630274832249,0.0013823474291712,0.00153675256296992,0.00157245039008558,0.00156656594481319,0.00153473787941039,0.00151695450767875,0.00148841785266995,0.00135403359308839,0.00101398944389075,0.000663081533275545,0.000204435957130045,8.56684418977238E-05,4.38108181697316E-05,-9999,-9999,-9999,-9999,-9999,-9999,-9999,-9999,-9999,-9999,-9999,-9999,-9999,-9999,-9999,-9999,-9999,-9999,-9999,-9999
-9999,-9999,-9999,-9999,-9999,-9999,-9999,-9999,-9999,-9999,-9999,-9999,-9999,-9999,-9999,-9999,-9999,-9999,-9999,-9999,-9999,-9999,0.000102545374829788,0.000128627405501902,0.000203290939680301,0.000936025870032609,0.00121311796829104,0.00134107330814004,0.00127576116938144,0.00101303937844932,0.001007747836411,0.00112940231338143,0.00118674128316343,0.00124224822502583,0.00141149875707924,0.00140306679531932,0.00144870555959642,0.00149148935452104,0.00157754216343164,0.00147374253720045,0.00130420422647148,0.000813713413663208,0.000427871476858854,0.00024580437457189,0.000211219128686935,0.000236124949879013,0.00020651874365285,0.0001418826286681,1.41559567055083E-05,1.43424904308631E-05,1.44184805321856E-05,-9999,-9999,-9999,-9999,9.90437110885978E-05,0.000100303259387147,0.000102653590147384,0.00010393162665423,9.63910715654492E-05,0.000110459397546947,8.73145982041024E-05,7.58565147407353E-05,4.77703215437941E-05,0.000135574970045127,0.000451618747320026,0.00021476334950421,0.0012067505158484,0.00170091306790709,0.00168680376373231,0.00166603631805629,0.00164505338761955,0.00162292062304914,0.00160004792269319,0.00157057715114206,0.00154182408004999,0.00152070645708591,0.00142200523987412,9.96797825791873E-06,9.82173514785245E-06,9.68132371781394E-06,6.37202583675389E-06,6.28383486400708E-06,6.22151310381014E-06,9.22266553970985E-06,3.4340704587521E-05,0.000451049359980971,0.0011884841369465,0.00134316668845713,0.00136892555747181,0.00138618692290038,0.00139997410587966,0.00141499133314937,0.00143169425427914,0.00144947727676481,0.00146831409074366,0.00147077965084463,0.00149185105692595,0.00154129497241229,0.00158348528202623,0.0016037916066125,0.00160122802481055,0.00159036065451801,0.00157866056542844,0.00151652877684683,0.00145936838816851,0.00123245478607714,0.000958116783294827,0.000438093964476138,0.000161938907695003,1.91490016732132E-05,1.22266119433334E-05,-9999,-9999,-9999,-9999,-9999,-9999,-9999,-9999,-9999,-9999,-9999,-9999,-9999,-9999,-9999,-9999,-9999,-9999,-9999
-9999,-9999,-9999,-9999,-9999,-9999,-9999,-9999,-9999,-9999,-9999,-9999,-9999,-9999,-9999,-9999,-9999,-9999,-9999,-9999,-9999,9.41181424423121E-05,0.000111456552986056,0.000435500842286274,0.00119475065730512,0.0015619988553226,0.00156365614384413,0.00145166018046439,0.0012651669094339,0.00149271439295262,0.0014841171214357,0.00152880023233593,0.0015215837629512,0.00151428277604282,0.00160241988487542,0.00167754827998579,0.00170534895732999,0.0016944888047874,0.00174961169250309,0.00173740414902568,0.0016939485212788,0.00138651148881763,0.000537975283805281,0.000335273740347475,0.000410996173741296,0.000372029229765758,0.000333543983288109,0.000335821794578806,0.000332182971760631,0.000237628177274019,0.00015143615019042,0.000101397599792108,0.000101518715382554,0.000102788108051755,0.000103899335954338,9.46496802498586E-05,0.000106406383565627,9.44522544159554E-05,9.52188129303977E-05,0.000109043496195227,0.000453233864391223,0.000966461608186364,0.000469976163003594,1.32010263769189E-05,1.31441029225243E-05,1.2791095286957E-05,5.06902615597937E-05,0.00046778516843915,0.00168840680271387,0.00166768953204155,0.00164872920140624,0.00161792081780732,0.00159211410209537,0.00137186422944069,5.82611428399105E-05,1.04162863863166E-05,1.02480589703191E-05,1.01203067970346E-05,6.66808000460151E-06,6.56941529086907E-06,6.47800334263593E-06,4.25815505877836E-06,4.20251490140799E-06,4.16240891354391E-06,6.17470823272015E-06,9.19780541153159E-06,5.96539757680148E-05,0.000393081543734297,0.0010816230205819,0.00132167711853981,0.00136374344583601,0.0013819900341332,0.00139907223638147,0.00141840323340148,0.00144256534986198,0.00146635144483298,0.00148928805720061,0.00151437078602612,0.00154426984954625,0.00157182198017836,0.00158668693620712,0.001597351860255,0.00160226935986429,0.00160402595065534,0.00158393394667655,0.00150642998050898,0.00142042082734406,0.0010899129556492,0.000647489330731332,0.000359666533768177,9.86211525741965E-05,1.20123913802672E-05,1.22679175547091E-05,2.33969494729536E-05,-9999,-9999,-9999,-9999,-9999,-9999,-9999,-9999,-9999,-9999,-9999,-9999,-9999,-9999,-9999,-9999,-9999
-9999,-9999,-9999,-9999,-9999,-9999,-9999,-9999,-9999,-9999,-9999,-9999,-9999,-9999,-9999,-9999,-9999,-9999,-9999,-9999,-9999,0.000186564371688291,0.00105150218587369,0.00154442398343235,0.00173635361716151,0.00165111478418112,0.00155209691729397,0.00149475398939103,0.00159085367340595,0.00171487557236105,0.00181109027471393,0.00180106039624661,0.00185079872608185,0.00189031765330583,0.00185805815272033,0.00192651443649083,0.00191485066898167,0.00188498524948955,0.00190186104737222,0.0018995595164597,0.00185713905375451,0.00180980016011745,0.00170396605972201,0.00152825191617012,0.00134482409339398,0.00107286300044507,0.00067791435867548,0.000368366512702778,0.000403825106332079,0.000331039249431342,0.000242640075157396,0.000158172857481986,0.000141346870805137,0.000113067653728649,0.000112342488137074,0.000171639650943689,0.000152402237290516,0.000150006162584759,0.000231239304412156,0.00101750052999705,0.00167813361622393,0.00183173245750368,0.00178435270208865,0.000564407790079713,1.25435644804384E-05,1.23169684229651E-05,1.19529568110011E-05,0.00169005803763866,0.00167094613425434,0.00165209290571511,0.00117891316767782,1.09887014332344E-05,1.08638305391651E-05,1.07936884887749E-05,-9999,-9999,-9999,-9999,-9999,-9999,-9999,2.82440896626213E-06,2.80428048426984E-06,4.14925716540893E-06,6.16501984040951E-06,9.18595105758868E-06,2.08672609005589E-05,0.000127607461763546,0.000512971542775631,0.00110126414801925,0.0013251198688522,0.00135953666176647,0.00137712154537439,0.00140413001645356,0.00142974825575948,0.00145379302557558,0.0014778517652303,0.00150494696572423,0.0015302209649235,0.00155157526023686,0.00156609714031219,0.00157744623720646,0.00159168231766671,0.00160959223285317,0.00160545122344047,0.00156518502626568,0.00146671070251614,0.00127474963665009,0.000976984272710979,0.000589443894568831,0.000320764433126897,0.000102765028714202,6.90133456373587E-05,5.53285790374503E-05,7.38443632144481E-05,-9999,-9999,-9999,-9999,-9999,-9999,-9999,-9999,-9999,-9999,-9999,-9999,-9999,-9999,-9999,-9999
-9999,-9999,-9999,-9999,-9999,-9999,-9999,-9999,-9999,-9999,-9999,-9999,-9999,-9999,-9999,-9999,-9999,-9999,-9999,9.68190652201883E-05,0.000263292226009071,0.00146814633626491,0.00175590487197042,0.00176087906584144,0.00172483560163528,0.00180096318945289,0.0017620618455112,0.00175547739490867,0.00187288771849126,0.00188531528692693,0.00191505090333521,0.00193936692085117,0.00191535928752273,0.00188851030543447,0.00192940596025437,0.00194565951824188,0.00193429307546467,0.00190833583474159,0.00191519560758024,0.00192358973436058,0.00192078528925776,0.00190216931514442,0.0018911532824859,0.00184895505663007,0.00180503516457975,0.001708900090307,0.00159456895198673,0.00148203049320728,0.00115113973151892,0.000762066571041942,0.000323186803143471,0.000321483763400465,0.000351821567164734,0.000383651640731841,0.00049920188030228,0.000738265283871442,0.00111158541403711,0.00121336150914431,0.00150046963244677,0.00178087363019586,0.00183881691191345,0.00183719862252474,0.0018266283441335,0.00182613509241492,4.49489416496363E-05,0.00172452651895583,0.00174328905995935,0.00169656495563686,0.00131252990104258,2.85791738861008E-05,1.12124944280367E-05,-9999,-9999,-9999,-9999,-9999,-9999,-9999,-9999,-9999,-9999,-9999,-9999,2.76991931968951E-06,4.12508234148845E-06,6.14824602962472E-06,9.17996567295631E-06,6.34767638985068E-05,0.000258362997556105,0.000727821723558009,0.00119922868907452,0.00133431772701442,0.00136162748094648,0.00138014380354434,0.00140378018841147,0.00142861134372652,0.00145396252628416,0.00148011930286884,0.00150372262578458,0.00152303592767566,0.00153851544018835,0.00155014195479453,0.00155925017315894,0.00157460360787809,0.00158526154700667,0.00156827841419727,0.00152680452447385,0.00145768420770764,0.00131346052512527,0.000908441375941038,0.000493669416755438,0.000350049551343545,0.000218454340938479,8.4273298853077E-05,8.13022124930285E-05,-9999,-9999,-9999,-9999,-9999,-9999,-9999,-9999,-9999,-9999,-9999,-9999,-9999,-9999,-9999,-9999
-9999,-9999,-9999,-9999,-9999,-9999,-9999,-9999,-9999,-9999,-9999,-9999,-9999,-9999,-9999,-9999,-9999,-9999,0.000286913680611178,0.000725225429050624,0.00165132130496204,0.00186938582919538,0.00187428551726043,0.00192470604088157,0.00194618583191186,0.00192360754590482,0.002019003033638,0.0020492197945714,0.00202835444360971,0.00200309418141842,0.00197707396000624,0.00194117415230721,0.00190521054901183,0.00194790866225958,0.00193848856724799,0.00196369970217347,0.00195364374667406,0.00195735413581133,0.00194049708079547,0.00193424557801336,0.0019273511134088,0.00191742298193276,0.00190954096615314,0.00189926382154226,0.00188273785170168,0.00185181561391801,0.0018162727355957,0.00175359495915473,0.00165655696764588,0.00144203554373235,0.00090367253869772,0.000499614106956869,0.000635429052636027,0.00115318200550973,0.0013755860272795,0.0014832851011306,0.00148523307871073,0.00161701219622046,0.00178197212517262,0.00181732140481472,0.00181508483365178,0.00180026353336871,0.00178720324765891,0.00177486182656139,0.0017493823543191,0.00172542431391776,0.00163152161985636,2.46119125222322E-05,-9999,-9999,-9999,-9999,-9999,-9999,-9999,-9999,-9999,-9999,-9999,-9999,-9999,-9999,-9999,-9999,-9999,6.14086184214102E-06,9.16776843951084E-06,2.76022365142126E-05,0.000127488645375706,0.000430451997090131,0.000948629865888506,0.00128449499607086,0.00134125351905823,0.00136134831700474,0.00137817382346839,0.0013973955065012,0.00142124504782259,0.00144689343869686,0.00146914867218584,0.00148701237048954,0.00149969011545181,0.00151104258839041,0.00152392766904086,0.00153556722216308,0.00154908420518041,0.00154493888840079,0.00150689925067127,0.00145357986912131,0.00138292973861098,0.0012180992634967,0.000795219442807138,0.000487227400299162,0.000192845152923837,9.28230583667755E-05,8.19312845123932E-05,-9999,-9999,-9999,-9999,-9999,-9999,-9999,-9999,-9999,-9999,-9999,-9999,-9999,-9999,-9999,-9999
-9999,-9999,-9999,-9999,-9999,-9999,-9999,-9999,-9999,-9999,-9999,-9999,1.40191086757113E-05,4.16575421695597E-05,-9999,9.72432608250529E-05,0.000206009790417738,0.000775356078520417,0.00144017394632101,0.00175573315937072,0.00197579758241773,0.00203786510974169,0.00206702691502869,0.00207111844792962,0.00206333957612514,0.00207296991720796,0.00207399018108845,0.00206077587790787,0.00205559795722365,0.00203591072931886,0.00201239646412432,0.0019962708465755,0.00198963540606201,0.00198671221733093,0.0019801405724138,0.0019769121427089,0.00196788017638028,0.00195884658023715,0.00194583320990205,0.00193040375597775,0.00191512890160084,0.00190028490033001,0.00189050170592964,0.00188314367551357,0.00187462789472193,0.0018630059203133,0.00184853386599571,0.00182835850864649,0.00180108461063355,0.00174968258943409,0.00162397185340524,0.00136104959528893,0.00118706887587905,0.00127904140390456,0.00136332411784679,0.00147037522401661,0.00158002565149218,0.00175256445072591,0.00179386208765209,0.00177533261012286,0.00177064875606447,0.00176609389018267,0.00175879476591945,0.00174544297624379,0.00172624969854951,0.00171950249932706,1.91376439033775E-05,-9999,-9999,-9999,-9999,-9999,-9999,-9999,-9999,-9999,-9999,-9999,-9999,-9999,-9999,-9999,-9999,-9999,-9999,-9999,6.13810016147909E-06,9.16440967557719E-06,4.5131346269045E-05,0.000202597526367754,0.000617928511928767,0.00112794456072152,0.00131173466797918,0.00134213722776622,0.00135985563974828,0.00136922486126423,0.00138767715543509,0.00141088070813566,0.00143057678360492,0.0014467288274318,0.00145818316377699,0.00146582839079201,0.00147717026993632,0.00149369216524065,0.00150648655835539,0.00151022896170616,0.0014950669137761,0.00145863729994744,0.00141519645694643,0.00130415637977421,0.000958569580689073,0.000514758750796318,0.000207788805710152,0.000100842778920196,7.9708595876582E-05,-9999,-9999,-9999,-9999,-9999,-9999,-9999,-9999,-9999,-9999,-9999,-9999,-9999,-9999,-9999,-9999
-9999,-9999,-9999,-9999,-9999,-9999,-9999,-9999,-9999,-9999,1.36557027872186E-05,1.36752669277485E-05,1.37468186949263E-05,0.000154215405927971,0.000375974312191829,0.000996607239358127,0.00151780410669744,0.00176670646760613,0.0019380240701139,0.00203177239745855,0.00207166746258736,0.00208311248570681,0.00208625057712197,0.00208555185236037,0.00208257650956511,0.00207413639873266,0.00206603412516415,0.00205474300310016,0.00204043858684599,0.00202328222803771,0.00200552260503173,0.00198739394545555,0.00197277870029211,0.00196336209774017,0.00195465469732881,0.00194881274364889,0.00194168428424746,0.00193086790386587,0.00191744440235198,0.00190230598673224,0.00188651378266513,0.00187018734868616,0.00185690121725202,0.00184840965084732,0.00184079620521516,0.00183130102232099,0.00182055681943893,0.00180860050022602,0.00179506849963218,0.00178151344880462,0.00176613440271467,0.00174650317057967,0.00172951177228242,0.00171912368386984,0.00172417564317584,0.00175621279049665,0.00177171255927533,0.00177585717756301,0.00177154573611915,0.00175315351225436,0.000444084289483726,1.18146763270488E-05,1.18391781143146E-05,3.18322017847095E-05,0.000776364700868726,8.80660591064952E-05,-9999,-9999,-9999,-9999,-9999,-9999,-9999,-9999,-9999,-9999,-9999,-9999,-9999,-9999,-9999,-9999,-9999,-9999,-9999,-9999,-9999,6.13176189290243E-06,9.15049167815596E-06,4.69815713586286E-05,0.000242717273067683,0.000728470098692924,0.0012062193127349,0.00132087850943208,0.00133741099853069,0.00134884961880744,0.0013566390844062,0.00137349334545434,0.0013897861354053,0.00140571617521346,0.00141564011573792,0.00142328708898276,0.00142950192093849,0.00144651427399367,0.00146159285213798,0.00146892864722759,0.00146422011312097,0.00144750799518079,0.00139803579077125,0.00129039515741169,0.0010527593549341,0.000668809982016683,0.000246018928010017,0.000109043307020329,7.72765197325498E-05,-9999,-9999,-9999,-9999,-9999,-9999,-9999,-9999,-9999,-9999,-9999,-9999,-9999,-9999,-9999,-9999
-9999,-9999,-9999,-9999,-9999,-9999,-9999,-9999,9.2630201834254E-05,9.25191197893582E-05,2.19031098822597E-05,3.67995962733403E-05,0.000269484997261316,0.00121538247913122,0.00165668199770153,0.00181729206815362,0.00193807855248451,0.00200730049982667,0.00203548651188612,0.00205960893072188,0.00207118969410658,0.00207446096464992,0.00207479228265584,0.00206942111253738,0.00206182966940105,0.00205062283203006,0.00203688465990126,0.00202106521464884,0.00200462085194886,0.00198648823425174,0.00196786411106586,0.00194922590162605,0.00193332729395479,0.00192449847236276,0.00191491818986833,0.0019076318712905,0.00189773598685861,0.00188625033479184,0.00187248957809061,0.00185576570220292,0.00183792726602405,0.00182070583105087,0.00180809828452766,0.00180072418879718,0.00179301074240357,0.00178338203113526,0.00177285214886069,0.0017619701102376,0.00175030843820423,0.00174046261236072,0.00173333240672946,0.00173126929439604,0.00173357594758272,0.00173810869455338,0.00174528360366821,0.00174997327849269,0.00175119983032346,0.00175069365650415,0.00174489943310618,0.00172897800803185,0.00167423509992659,1.16580922622234E-05,-9999,-9999,-9999,-9999,-9999,-9999,-9999,-9999,-9999,-9999,-9999,-9999,-9999,-9999,-9999,-9999,-9999,-9999,-9999,-9999,-9999,-9999,-9999,-9999,-9999,-9999,6.12090616414207E-06,9.13381518330425E-06,1.63179829542059E-05,0.000131869979668409,0.000602644809987396,0.00116910878568888,0.00130927516147494,0.00132937380112708,0.00133487582206726,0.00134032394271344,0.00134968804195523,0.00136410375125706,0.00137472688220441,0.00138437666464597,0.00139240478165448,0.00140100717544556,0.00141570903360844,0.00142515648622066,0.00142731727100909,0.001417949446477,0.00138227618299425,0.00130571983754635,0.00112092483323067,0.000733687833417207,0.000262027257122099,0.000105433122371323,7.48226884752512E-05,-9999,-9999,-9999,-9999,-9999,-9999,-9999,-9999,-9999,-9999,-9999,-9999,-9999,-9999,-9999,-9999
-9999,-9999,-9999,-9999,-9999,-9999,-9999,-9999,9.08599249669351E-05,0.000103592494269833,0.000114176575152669,0.000442450487753376,0.00162153504788876,0.00185816048178822,0.00191280955914408,0.0019634619820863,0.00200748397037387,0.00203349743969738,0.00204752967692912,0.00205329386517406,0.00205463892780244,0.00205363961867988,0.00204815552569926,0.00203958922065794,0.0020285677164793,0.00201482744887471,0.00199692160822451,0.0019764497410506,0.00195958511903882,0.00194401096086949,0.00192663236521184,0.00190848053898662,0.00189326319377869,0.00188144308049232,0.00187262590043247,0.00186373805627227,0.00185356719885021,0.00184062670450658,0.00182533881161362,0.0018072189996019,0.0017885931301862,0.00177057995460927,0.00175650208257139,0.00174716778565198,0.00173747458029538,0.00172724190633744,0.00171719247009605,0.00170853512827307,0.00169857544824481,0.00169037654995918,0.00168498384300619,0.00168654695153236,0.00169294653460383,0.00170173263177276,0.00171090883668512,0.00171696720644832,0.00171847676392645,0.00171367125585675,0.0017078717937693,0.00170224788598716,0.00162151304539293,1.15938164526597E-05,-9999,-9999,-9999,-9999,-9999,-9999,-9999,-9999,-9999,-9999,-9999,-9999,-9999,-9999,-9999,-9999,-9999,-9999,-9999,-9999,-9999,-9999,-9999,-9999,-9999,-9999,-9999,-9999,9.11718780116644E-06,9.12466748559382E-06,1.85828066605609E-05,0.000186804361874238,0.000919600541237742,0.00127986364532262,0.00131160963792354,0.00131407775916159,0.00131633027922362,0.00132353324443102,0.00133400643244386,0.00134230346884578,0.00135224056430161,0.00136138976085931,0.00137180997990072,0.0013816999271512,0.00138406292535365,0.00138338899705559,0.0013606040738523,0.00131219404283911,0.00118756573647261,0.000749351631384343,0.000277017999906093,9.05972337932326E-05,7.44324643164873E-05,-9999,-9999,-9999,-9999,-9999,-9999,-9999,-9999,-9999,-9999,-9999,-9999,-9999,-9999,-9999,-9999
-9999,-9999,-9999,-9999,-9999,-9999,9.38352386583574E-05,9.28578301682137E-05,9.28131994442083E-05,0.000263776280917227,0.0012354968348518,0.00172119180206209,0.00190009456127882,0.00194459920749068,0.00198093289509416,0.00200243690051138,0.00201831292361021,0.00202769320458174,0.00203205901198089,0.00203099520877004,0.00202547525987029,0.00201876531355083,0.00201145559549332,0.00200047343969345,0.00198545469902456,0.00197254214435816,0.00195393385365605,0.00193509040400386,0.00191728840582073,0.00189867988228798,0.00187802955042571,0.00186166062485427,0.00184892781544477,0.0018367872107774,0.00182619574479759,0.00181604223325849,0.00180533993989229,0.00179471343290061,0.00178086431697011,0.00176432193256915,0.00174421665724367,0.00172750116325915,0.00171134085394442,0.00169952062424272,0.00168866314925253,0.00167891767341644,0.0016693469369784,0.00165816210210323,0.00165100023150444,0.00164345558732748,0.00163987907581031,0.00164289539679885,0.00164949428290129,0.00165963370818645,0.0016660385299474,0.00167439982760698,0.00168046145699918,0.00167616480030119,0.00166229449678212,0.000797561777289957,1.15252723844605E-05,-9999,-9999,-9999,-9999,-9999,-9999,-9999,-9999,-9999,-9999,-9999,-9999,-9999,-9999,-9999,-9999,-9999,-9999,-9999,-9999,-9999,-9999,-9999,-9999,-9999,-9999,-9999,-9999,-9999,-9999,-9999,-9999,9.0588928287616E-06,2.54114238487091E-05,0.000427086051786318,0.00116740795783699,0.00128625298384577,0.0012893684906885,0.00128856778610498,0.00129177398048341,0.00130156124942005,0.00131037086248398,0.00132181332446635,0.00133079441729933,0.00133792625274509,0.00134088261984289,0.00133915210608393,0.0013262692373246,0.00129760196432471,0.0011838439386338,0.000839340267702937,0.000380513985874131,7.62003764975816E-05,-9999,-9999,-9999,-9999,-9999,-9999,-9999,-9999,-9999,-9999,-9999,-9999,-9999,-9999,-9999,-9999,-9999
-9999,-9999,-9999,-9999,-9999,-9999,9.32710172492079E-05,0.0001166159127024,0.00043778883991763,0.00147567607928067,0.0018111695535481,0.00191171106416732,0.00194657221436501,0.00196224986575544,0.00197492283768952,0.00198637507855892,0.0019987307023257,0.00200740830041468,0.00200953986495733,0.00200376240536571,0.00199252762831748,0.00198285118676722,0.00197469582781196,0.00196226150728762,0.00194633507635444,0.00193230074364692,0.00191364309284836,0.00189345038961619,0.00187518924940377,0.00185495789628476,0.00183065375313163,0.00181285466533154,0.00179471902083606,0.00177851831540465,0.001759372651577,0.00174802506808192,0.00174285820685327,0.00173928472213447,0.00173051154706627,0.00172136025503278,0.00169759010896087,0.00168565835338086,0.00166755472309887,0.00165649480186403,0.00164835003670305,0.00164386234246194,0.00163414166308939,0.00163077120669186,0.0016217267839238,0.00162006099708378,0.00161565793678164,0.00162226473912597,0.00163178343791515,0.00133510318119079,0.00154481490608305,0.00132377585396171,3.62992614100222E-05,1.1372131666576E-05,1.14007943921024E-05,-9999,-9999,-9999,-9999,-9999,-9999,-9999,-9999,-9999,-9999,-9999,-9999,-9999,-9999,-9999,-9999,-9999,-9999,-9999,-9999,-9999,-9999,-9999,-9999,-9999,-9999,-9999,-9999,-9999,-9999,-9999,-9999,-9999,-9999,-9999,8.91568743099924E-06,8.84936071088305E-06,0.000176611792994663,0.00103210145607591,0.00125547137577087,0.00125597068108618,0.00125358684454113,0.00125985336489975,0.00127140525728464,0.00128147553186864,0.00129069108515978,0.00129519030451775,0.00129574886523187,0.00129456154536456,0.00128624471835792,0.00126948021352291,0.00119712145533413,0.000944773259107023,0.000398019241401926,0.000101253848697525,8.12015568953939E-05,6.3393556047231E-05,-9999,-9999,-9999,-9999,-9999,-9999,-9999,-9999,-9999,-9999,-9999,-9999,-9999,-9999,-9999
-9999,-9999,-9999,-9999,0.000119713571621105,0.000132338638650253,9.37705699470825E-05,0.000401046767365187,0.00155510567128658,0.00184865004848689,0.00192361895460635,0.0019361280137673,0.00193845469038934,0.00194253446534276,0.00194950983859599,0.00195992575027049,0.0019725663587451,0.00198154104873538,0.00198225094936788,0.00197402038611472,0.00196073856204748,0.00194769294466823,0.00194426556117833,0.00192298949696124,0.00190715922508389,0.00189450639300048,0.00187124183867127,0.0018648422555998,0.00184546422678977,0.00182551913894713,0.0017958558164537,0.00176954758353531,0.0017450840678066,0.00173847982659936,0.001711166347377,0.00170870870351791,0.00170833105221391,0.00169726321473718,0.00170381530188024,0.000232929334742948,0.00116910366341472,0.000953996903263032,0.00162103900220245,0.00115232355892658,0.00148228835314512,0.0016057580942288,0.00160697719547898,0.000853167846798897,0.000271666009211913,0.000767826975788921,0.000107817271782551,9.34231356950477E-05,1.10230430436786E-05,1.10541122921859E-05,-9999,-9999,-9999,-9999,-9999,-9999,-9999,-9999,-9999,-9999,-9999,-9999,-9999,-9999,-9999,-9999,-9999,-9999,-9999,-9999,-9999,-9999,-9999,-9999,-9999,-9999,-9999,-9999,-9999,-9999,-9999,-9999,-9999,-9999,-9999,-9999,-9999,-9999,-9999,-9999,-9999,5.81296990276314E-06,8.540825547243E-06,0.000277985644061118,0.00115240586455911,0.00122121011372656,0.00121723965276033,0.00122064654715359,0.00123422034084797,0.00124341959599406,0.00124999182298779,0.0012521781027317,0.00125083839520812,0.00124901696108282,0.0012454844545573,0.00123494490981102,0.00118787970859557,0.000906470115296543,0.000319304439472035,6.16187317064032E-05,6.12067451584153E-05,4.36573391198181E-05,6.34379975963384E-05,-9999,-9999,-9999,-9999,-9999,-9999,-9999,-9999,-9999,-9999,-9999,-9999,-9999,-9999
-9999,-9999,-9999,-9999,9.55131908995099E-05,0.000147376660606824,0.000222916205530055,0.00147728645242751,0.00187002122402191,0.00193150562699884,0.00193331984337419,0.00192527950275689,0.00191959750372916,0.00191508745774627,0.00191499409265816,0.00192250509280711,0.00193629926070571,0.00195346516557038,0.00195422628894448,0.00152318715117872,2.03182116820244E-05,1.31965489345021E-05,1.31329152281978E-05,1.30482458189363E-05,1.29514701256994E-05,1.28464644149062E-05,6.13240335951559E-05,1.25992546600173E-05,4.74547159683425E-05,1.22908095363528E-05,0.000157500442583114,0.00124217814300209,0.00164283637423068,0.00158507423475385,0.00168940029107034,0.00165357801597565,0.00167762069031596,0.00166079448536038,0.000478843721793965,1.14965951070189E-05,1.13942942334688E-05,1.130302916863E-05,1.12174420792144E-05,1.11438248495688E-05,1.10793898784323E-05,1.10315604615607E-05,1.10023966044537E-05,-9999,-9999,-9999,-9999,-9999,-9999,-9999,-9999,-9999,-9999,-9999,-9999,-9999,-9999,-9999,-9999,-9999,-9999,-9999,-9999,-9999,-9999,-9999,-9999,-9999,-9999,-9999,-9999,-9999,-9999,-9999,-9999,-9999,-9999,-9999,-9999,-9999,-9999,-9999,-9999,-9999,-9999,-9999,-9999,-9999,-9999,-9999,-9999,-9999,8.29950204206398E-06,5.56019149371423E-05,0.000999132171273232,0.00117888045497239,0.00118286360520869,0.00118142447900027,0.00119355134665966,0.00120229227468371,0.00120723631698638,0.00120884750504047,0.00120593048632145,0.00120305991731584,0.00120026525110006,0.00119373411871493,0.00116260396316648,0.000968950160313398,0.00048877188237384,0.00016468865214847,2.9161239581299E-05,9.91161869023927E-05,6.01983520027716E-05,-9999,-9999,-9999,-9999,-9999,-9999,-9999,-9999,-9999,-9999,-9999,-9999,-9999,-9999
-9999,-9999,-9999,-9999,-9999,9.35053612920456E-05,0.00107230548746884,0.00185303366743028,0.00193269574083388,0.0019362336024642,0.00192236341536045,0.00190632895100862,0.00189520698040724,0.00188023992814124,0.00187481846660376,0.00188844581134617,0.00113794801291078,1.30393509607529E-05,1.31212291307747E-05,1.3152722203813E-05,-9999,-9999,-9999,-9999,-9999,-9999,-9999,-9999,-9999,-9999,-9999,-9999,-9999,4.32858141721226E-05,0.000125933773233555,0.000108718428236898,0.000144517558510415,1.15041339086019E-05,-9999,-9999,-9999,-9999,-9999,-9999,-9999,-9999,-9999,-9999,-9999,-9999,-9999,-9999,-9999,-9999,-9999,-9999,-9999,-9999,-9999,-9999,-9999,-9999,-9999,-9999,-9999,-9999,-9999,-9999,-9999,-9999,-9999,-9999,-9999,-9999,-9999,-9999,-9999,-9999,-9999,-9999,-9999,-9999,-9999,-9999,-9999,-9999,-9999,-9999,-9999,-9999,-9999,-9999,-9999,-9999,-9999,-9999,5.42367843081593E-06,7.92957052908605E-06,0.000846151146106422,0.00113791588228196,0.0011439137160778,0.00114194885827601,0.00115622254088521,0.00116004922892898,0.00116375542711467,0.00116511434316635,0.00116336345672607,0.00116061687003821,0.00115616084076464,0.00115113309584558,0.0011373880552128,0.00102907069958746,0.000669823493808508,0.000196440349100158,0.000108238033135422,6.58043791190721E-05,-9999,-9999,-9999,-9999,-9999,-9999,-9999,-9999,-9999,-9999,-9999,-9999,-9999,-9999,-9999
-9999,-9999,-9999,-9999,-9999,0.000370430876500905,0.00173990079201758,0.00192534492816776,0.001942835515365,0.00192921934649348,0.00190903001930565,0.00188641995191574,0.001863400102593,0.00184925482608378,0.0018420604756102,0.000211575854336843,1.28143556139548E-05,8.635109224997E-06,-9999,-9999,-9999,-9999,-9999,-9999,-9999,-9999,-9999,-9999,-9999,-9999,-9999,-9999,-9999,-9999,-9999,-9999,-9999,-9999,-9999,-9999,-9999,-9999,-9999,-9999,-9999,-9999,-9999,-9999,-9999,-9999,-9999,-9999,-9999,-9999,-9999,-9999,-9999,-9999,-9999,-9999,-9999,-9999,-9999,-9999,-9999,-9999,-9999,-9999,-9999,-9999,-9999,-9999,-9999,-9999,-9999,-9999,-9999,-9999,-9999,-9999,-9999,-9999,-9999,-9999,-9999,-9999,-9999,-9999,-9999,-9999,-9999,-9999,-9999,-9999,-9999,-9999,-9999,7.63515345170163E-06,0.000637142802588642,0.00109966774471104,0.0011050917673856,0.00110488093923777,0.00111673737410456,0.00111764564644545,0.00111992482561618,0.00112198980059475,0.00112251134123653,0.00112052354961634,0.00111685669980943,0.00111194723285735,0.00110041571315378,0.00105525692924857,0.000760050024837255,0.000381736288545653,7.33186316210777E-05,5.30546858499292E-05,-9999,-9999,-9999,-9999,-9999,-9999,-9999,-9999,-9999,-9999,-9999,-9999,-9999,-9999,-9999
-9999,-9999,9.81464108917862E-05,9.70836335909553E-05,9.50809117057361E-05,0.00102081371005625,0.00189235329162329,0.00194207159802318,0.00193952536210418,0.00191814405843616,0.00189337623305619,0.00186590501107275,0.00184194161556661,0.00181243044789881,0.000109406551928259,1.2633469850698E-05,8.50226933835074E-06,-9999,-9999,-9999,-9999,-9999,-9999,-9999,-9999,-9999,-9999,-9999,-9999,-9999,-9999,-9999,-9999,-9999,-9999,-9999,-9999,-9999,-9999,-9999,-9999,-9999,-9999,-9999,-9999,-9999,-9999,-9999,-9999,-9999,-9999,-9999,-9999,-9999,-9999,-9999,-9999,-9999,-9999,-9999,-9999,-9999,-9999,-9999,-9999,-9999,-9999,-9999,-9999,-9999,-9999,-9999,-9999,-9999,-9999,-9999,-9999,-9999,-9999,-9999,-9999,-9999,-9999,-9999,-9999,-9999,-9999,-9999,-9999,-9999,-9999,-9999,-9999,-9999,-9999,-9999,-9999,7.39432152840891E-06,0.000367308821296319,0.00106248597148806,0.00107089069206268,0.00106701219920069,0.00107093481346965,0.00107633881270885,0.00107630377169698,0.00108163477852941,0.00108402920886874,0.0010827446822077,0.00107889855280519,0.00107387197203934,0.0010660431580618,0.00103736796882004,0.000911552342586219,0.000575863057747483,0.000307197100482881,6.94664631737396E-05,-9999,-9999,-9999,-9999,-9999,-9999,-9999,-9999,-9999,-9999,-9999,-9999,-9999,-9999,-9999
-9999,-9999,-9999,-9999,0.000117741976282559,0.00159969110973179,0.00192166259512305,0.0019437299342826,0.00193031586240977,0.00190286117140204,0.00187549565453082,0.00184874632395804,0.00182914163451642,0.000157025511725806,1.25036358440411E-05,8.39956373965833E-06,-9999,-9999,-9999,-9999,-9999,-9999,-9999,-9999,-9999,-9999,-9999,-9999,-9999,-9999,-9999,-9999,-9999,-9999,-9999,-9999,-9999,-9999,-9999,-9999,-9999,-9999,-9999,-9999,-9999,-9999,-9999,-9999,-9999,-9999,-9999,-9999,-9999,-9999,-9999,-9999,-9999,-9999,-9999,-9999,-9999,-9999,-9999,-9999,-9999,-9999,-9999,-9999,-9999,-9999,-9999,-9999,-9999,-9999,-9999,-9999,-9999,-9999,-9999,-9999,-9999,-9999,-9999,-9999,-9999,-9999,-9999,-9999,-9999,-9999,-9999,-9999,-9999,-9999,-9999,-9999,-9999,7.18122691978351E-06,0.000190726495929994,0.00102277065161616,0.00103386293631047,0.00103331566788256,0.00103211298119277,0.00103729218244553,0.00103641638997942,0.00104319560341537,0.001048608799465,0.00104700645897537,0.00104248977731913,0.00103781279176474,0.00102953612804413,0.0010135539341718,0.000966602121479809,0.000836764695122838,0.000518803135491908,0.000154001114424318,-9999,-9999,-9999,-9999,-9999,-9999,-9999,-9999,-9999,-9999,-9999,-9999,-9999,-9999,-9999
-9999,-9999,-9999,-9999,0.00024946709163487,0.0017378133488819,0.00192794704344124,0.00193811987992376,0.00191935012117028,0.00188731076195836,0.00186024839058518,0.00183611712418497,0.00122825417201966,1.24326834338717E-05,8.31958550406853E-06,-9999,-9999,-9999,-9999,-9999,-9999,-9999,-9999,-9999,-9999,-9999,-9999,-9999,-9999,-9999,-9999,-9999,-9999,-9999,-9999,-9999,-9999,-9999,-9999,-9999,-9999,-9999,-9999,-9999,-9999,-9999,-9999,-9999,-9999,-9999,-9999,-9999,-9999,-9999,-9999,-9999,-9999,-9999,-9999,-9999,-9999,-9999,-9999,-9999,-9999,-9999,-9999,-9999,-9999,-9999,-9999,-9999,-9999,-9999,-9999,-9999,-9999,-9999,-9999,-9999,-9999,-9999,-9999,-9999,-9999,-9999,-9999,-9999,-9999,-9999,-9999,-9999,-9999,-9999,-9999,-9999,-9999,6.98909070706577E-06,7.59422764531337E-05,0.000979085685685277,0.000996607122942805,0.00100074172951281,0.000996455084532499,0.00099768303334713,0.00100027513690293,0.00100368610583246,0.00101032771635801,0.00100932479836047,0.00100666773505509,0.00100200728047639,0.000995294656604528,0.000984781072475016,0.000964200065936893,0.000918780802749097,0.000768026511650532,0.000412448978750035,5.60785374545958E-05,-9999,-9999,-9999,-9999,-9999,-9999,-9999,-9999,-9999,-9999,-9999,-9999,-9999,-9999
-9999,-9999,-9999,-9999,0.00020198458514642,0.00171032827347517,0.00192328169941902,0.00192919082473963,0.0019077688921243,0.00187558319885284,0.00184962875209749,0.0018263841047883,1.23907166198478E-05,8.27552230475703E-06,5.54614916836726E-06,-9999,-9999,-9999,-9999,-9999,-9999,-9999,-9999,-9999,-9999,-9999,-9999,-9999,-9999,-9999,-9999,-9999,-9999,-9999,-9999,-9999,-9999,-9999,-9999,-9999,-9999,-9999,-9999,-9999,-9999,-9999,-9999,-9999,-9999,-9999,-9999,-9999,-9999,-9999,-9999,-9999,-9999,-9999,-9999,-9999,-9999,-9999,-9999,-9999,-9999,-9999,-9999,-9999,-9999,-9999,-9999,-9999,-9999,-9999,-9999,-9999,-9999,-9999,-9999,-9999,-9999,-9999,-9999,-9999,-9999,-9999,-9999,-9999,-9999,-9999,-9999,-9999,-9999,-9999,-9999,-9999,-9999,4.52638732895139E-06,6.69771088723792E-06,0.00092511938419193,0.000964074628427625,0.000968094100244343,0.000965948507655412,0.000960646662861109,0.000965592567808926,0.000969379267189652,0.000971680099610239,0.000972801120951772,0.000971601693890989,0.000968421576544642,0.000962445803452283,0.000953042821493,0.000941898091696203,0.000920188496820629,0.000850013573653996,0.000614478369243443,0.000191383500350639,4.34663525084034E-05,-9999,-9999,-9999,-9999,-9999,-9999,-9999,-9999,-9999,-9999,-9999,-9999,-9999
-9999,-9999,-9999,-9999,0.000104838036349975,0.00155439681839198,0.00191098707728088,0.00191995536442846,0.00190131028648466,0.00186991004738957,0.00184336316306144,0.00181541370693594,1.23293521028245E-05,8.23178015707526E-06,-9999,-9999,-9999,-9999,-9999,-9999,-9999,-9999,-9999,-9999,-9999,-9999,-9999,-9999,-9999,-9999,-9999,-9999,-9999,-9999,-9999,-9999,-9999,-9999,-9999,-9999,-9999,-9999,-9999,-9999,-9999,-9999,-9999,-9999,-9999,-9999,-9999,-9999,-9999,-9999,-9999,-9999,-9999,-9999,-9999,-9999,-9999,-9999,-9999,-9999,-9999,-9999,-9999,-9999,-9999,-9999,-9999,-9999,-9999,-9999,-9999,-9999,-9999,-9999,-9999,-9999,-9999,-9999,-9999,-9999,-9999,-9999,-9999,-9999,-9999,-9999,-9999,-9999,-9999,-9999,-9999,-9999,-9999,4.42433474745485E-06,6.48458262730855E-06,0.000870982999913394,0.000932669267058372,0.000935136980842799,0.00093740236479789,0.000931235554162413,0.000930931186303496,0.000935289659537375,0.000938152836170048,0.000942024926189333,0.000941280508413911,0.000939110293984413,0.000932652154006064,0.000924018211662769,0.000915384676773101,0.000900367856957018,0.000856121769174933,0.000753842934500426,0.000441839190898463,8.28888369142078E-05,5.9240817790851E-05,6.03728540227166E-06,-9999,-9999,-9999,-9999,-9999,-9999,-9999,-9999,-9999,-9999,-9999
-9999,-9999,-9999,-9999,9.35000134631991E-05,0.000840654945932329,0.00186922180000693,0.00191182503476739,0.00190071831457317,0.00187708612065762,0.00184816936962306,0.00182186008896679,2.72822417173302E-05,1.22312330859131E-05,-9999,-9999,-9999,-9999,-9999,-9999,-9999,-9999,-9999,-9999,-9999,-9999,-9999,-9999,-9999,-9999,-9999,-9999,-9999,-9999,-9999,-9999,-9999,-9999,-9999,-9999,-9999,-9999,-9999,-9999,-9999,-9999,-9999,-9999,-9999,-9999,-9999,-9999,-9999,-9999,-9999,-9999,-9999,-9999,-9999,-9999,-9999,-9999,-9999,-9999,-9999,-9999,-9999,-9999,-9999,-9999,-9999,-9999,-9999,-9999,-9999,-9999,-9999,-9999,-9999,-9999,-9999,-9999,-9999,-9999,-9999,-9999,-9999,-9999,-9999,-9999,-9999,-9999,-9999,-9999,-9999,-9999,-9999,-9999,6.27925282969954E-06,0.000829541066195816,0.000902488129213452,0.000903232197742909,0.000910450238734484,0.000904624990653247,0.000901739986147732,0.00090674968669191,0.000912218121811748,0.00091420317767188,0.000915135839022696,0.000911863113287836,0.000906554574612528,0.000898980011697859,0.000891252828296274,0.000880484993103892,0.000848920491989702,0.00077422329923138,0.000582667649723589,0.000136781542096287,4.69235528726131E-05,-9999,-9999,-9999,-9999,-9999,-9999,-9999,-9999,-9999,-9999,-9999,-9999
-9999,-9999,-9999,-9999,9.34348936425522E-05,0.000366926629794762,0.0017275131540373,0.00189968920312822,0.00189590745139867,0.00188241829164326,0.00185905362013727,0.00183129601646215,0.00123214675113559,1.22061364891124E-05,-9999,-9999,-9999,-9999,-9999,-9999,-9999,-9999,-9999,-9999,-9999,-9999,-9999,-9999,-9999,-9999,-9999,-9999,-9999,-9999,-9999,-9999,-9999,-9999,-9999,-9999,-9999,-9999,-9999,-9999,-9999,-9999,-9999,-9999,-9999,-9999,-9999,-9999,-9999,-9999,-9999,-9999,-9999,-9999,-9999,-9999,-9999,-9999,-9999,-9999,-9999,-9999,-9999,-9999,-9999,-9999,-9999,-9999,-9999,-9999,-9999,-9999,-9999,-9999,-9999,-9999,-9999,-9999,-9999,-9999,-9999,-9999,-9999,-9999,-9999,-9999,-9999,-9999,-9999,-9999,-9999,-9999,-9999,-9999,6.12742405792233E-06,0.000742129341233522,0.000877300859428942,0.000878024438861758,0.000884506036527455,0.000885445799212903,0.000880063977092505,0.000877911224961281,0.000885539571754634,0.000887632719241083,0.000887949077878147,0.000885291374288499,0.000881878135260195,0.000875879544764757,0.000869606796186417,0.000858337443787605,0.000835185928735882,0.000775438966229558,0.000669989676680416,0.000255042454227805,4.61545096186455E-05,4.13734633184504E-05,4.17450210079551E-05,-9999,-9999,-9999,-9999,-9999,-9999,-9999,-9999,-9999,-9999
-9999,-9999,-9999,-9999,-9999,0.000102910336863715,0.00140729954000562,0.00187959067989141,0.00188947981223464,0.0018811869667843,0.00186408893205225,0.0018363994313404,0.00180066144093871,1.21892817332991E-05,-9999,-9999,-9999,-9999,-9999,-9999,-9999,-9999,-9999,-9999,-9999,-9999,-9999,-9999,-9999,-9999,-9999,-9999,-9999,-9999,-9999,-9999,-9999,-9999,-9999,-9999,-9999,-9999,-9999,-9999,-9999,-9999,-9999,-9999,-9999,-9999,-9999,-9999,-9999,-9999,-9999,-9999,-9999,-9999,-9999,-9999,-9999,-9999,-9999,-9999,-9999,-9999,-9999,-9999,-9999,-9999,-9999,-9999,-9999,-9999,-9999,-9999,-9999,-9999,-9999,-9999,-9999,-9999,-9999,-9999,-9999,-9999,-9999,-9999,-9999,-9999,-9999,-9999,-9999,-9999,-9999,-9999,-9999,-9999,6.01622559770476E-06,0.000585777743253857,0.000849105417728424,0.000857179285958409,0.000861068838275969,0.000863756227772683,0.000858211016748101,0.000852607074193656,0.000860740954522043,0.000862964661791921,0.000863957568071783,0.00086091662524268,0.000858426850754768,0.000854074372909963,0.00084848003461957,0.000839683110825717,0.000824900227598846,0.000796906999312341,0.000637691409792751,0.000387808191590011,0.000144554593134671,9.70082837739028E-05,5.74487639823928E-05,4.17199298681226E-05,-9999,-9999,-9999,-9999,-9999,-9999,-9999,-9999,-9999
-9999,-9999,-9999,-9999,-9999,2.0888041035505E-05,0.000990930944681168,0.00183622248005122,0.0018829395994544,0.00187849998474121,0.00186511955689639,0.00183817069046199,0.00180143374018371,1.21890916489065E-05,-9999,-9999,-9999,-9999,-9999,-9999,-9999,-9999,-9999,-9999,-9999,-9999,-9999,-9999,-9999,-9999,-9999,-9999,-9999,-9999,-9999,-9999,-9999,-9999,-9999,-9999,-9999,-9999,-9999,-9999,-9999,-9999,-9999,-9999,-9999,-9999,-9999,-9999,-9999,-9999,-9999,-9999,-9999,-9999,-9999,-9999,-9999,-9999,-9999,-9999,-9999,-9999,-9999,-9999,-9999,-9999,-9999,-9999,-9999,-9999,-9999,-9999,-9999,-9999,-9999,-9999,-9999,-9999,-9999,-9999,-9999,-9999,-9999,-9999,-9999,-9999,-9999,-9999,-9999,-9999,-9999,-9999,-9999,-9999,5.94472794546164E-06,0.000193636471522041,0.000817348423879594,0.000837434665299952,0.000840368738863617,0.000842357985675335,0.000838331412523985,0.000833792146295309,0.000838538282550871,0.000843474816065282,0.000843343208543956,0.000838784093502909,0.00083579373313114,0.000832100806292146,0.000827181502245367,0.000821977795567364,0.000811059027910233,0.000774573301896453,0.000656629272270948,0.000543481146451086,0.00042745703831315,0.000357050070306286,0.000106632091046777,4.08084306400269E-05,-9999,-9999,-9999,-9999,-9999,-9999,-9999,-9999,-9999
-9999,-9999,-9999,-9999,-9999,1.28138435684377E-05,0.000711467873770744,0.00182958040386438,0.00187683955300599,0.00187532673589885,0.00186397379729897,0.00183572410605848,0.00178130296990275,1.21963039418915E-05,-9999,-9999,-9999,-9999,-9999,-9999,-9999,-9999,-9999,-9999,-9999,-9999,-9999,-9999,-9999,-9999,-9999,-9999,-9999,-9999,-9999,-9999,-9999,-9999,-9999,-9999,-9999,-9999,-9999,-9999,-9999,-9999,-9999,-9999,-9999,-9999,-9999,-9999,-9999,-9999,-9999,-9999,-9999,-9999,-9999,-9999,-9999,-9999,-9999,-9999,-9999,-9999,-9999,-9999,-9999,-9999,-9999,-9999,-9999,-9999,-9999,-9999,-9999,-9999,-9999,-9999,-9999,-9999,-9999,-9999,-9999,-9999,-9999,-9999,-9999,-9999,-9999,-9999,-9999,-9999,-9999,-9999,-9999,-9999,-9999,5.74021578358952E-06,0.000791191880125552,0.000815629784483463,0.000822681293357164,0.00082309398567304,0.000819587614387274,0.000814665108919144,0.000818386324681342,0.000823895272333175,0.000823263428173959,0.000819911656435579,0.000815701088868082,0.000812456477433443,0.00080759433330968,0.000803269911557436,0.000796572014223784,0.000770523911342025,0.000738300557713956,0.000693678157404065,0.00059266242897138,0.000374334049411118,0.000140793490572833,3.9678780012764E-05,-9999,-9999,-9999,-9999,-9999,-9999,-9999,-9999,-9999
-9999,-9999,-9999,-9999,-9999,-9999,0.000431096443207934,0.00182978098746389,0.00187083904165775,0.00187228701543063,0.00185954198241234,0.00182694173417985,0.00180043757427484,-9999,-9999,-9999,-9999,-9999,-9999,-9999,-9999,-9999,-9999,-9999,-9999,-9999,-9999,-9999,-9999,-9999,-9999,-9999,-9999,-9999,-9999,-9999,-9999,-9999,-9999,-9999,-9999,-9999,-9999,-9999,-9999,-9999,-9999,-9999,-9999,-9999,-9999,-9999,-9999,-9999,-9999,-9999,-9999,-9999,-9999,-9999,-9999,-9999,-9999,-9999,-9999,-9999,-9999,-9999,-9999,-9999,-9999,-9999,-9999,-9999,-9999,-9999,-9999,-9999,-9999,-9999,-9999,-9999,-9999,-9999,-9999,-9999,-9999,-9999,-9999,-9999,-9999,-9999,-9999,-9999,-9999,-9999,-9999,-9999,-9999,5.6303242672584E-06,0.000732493761461228,0.000797218759544194,0.000807568896561861,0.000808377924840897,0.000805138901341707,0.000801095564384013,0.000802258728072047,0.000805895600933582,0.000804491864982992,0.00080210791202262,0.000797957647591829,0.000793268147390336,0.000788686738815159,0.000784457428380847,0.000781474227551371,0.000774529878981411,0.000759428250603378,0.00070884806336835,0.000615911791101098,0.00045958103146404,0.000236520994803868,4.79706177429762E-05,-9999,-9999,-9999,-9999,-9999,-9999,-9999,-9999,-9999
-9999,-9999,-9999,-9999,-9999,-9999,0.000323735031997785,0.0018273462774232,0.00186987407505512,0.00186862493865192,0.00185014202725142,0.00181684293784201,0.00178033020347357,-9999,-9999,-9999,-9999,-9999,-9999,-9999,-9999,-9999,-9999,-9999,-9999,-9999,-9999,-9999,-9999,-9999,-9999,-9999,-9999,-9999,-9999,-9999,-9999,-9999,-9999,-9999,-9999,-9999,-9999,-9999,-9999,-9999,-9999,-9999,-9999,-9999,-9999,-9999,-9999,-9999,-9999,-9999,-9999,-9999,-9999,-9999,-9999,-9999,-9999,-9999,-9999,-9999,-9999,-9999,-9999,-9999,-9999,-9999,-9999,-9999,-9999,-9999,-9999,-9999,-9999,-9999,-9999,-9999,-9999,-9999,-9999,-9999,-9999,-9999,-9999,-9999,-9999,-9999,-9999,-9999,-9999,-9999,-9999,-9999,-9999,5.5480923037976E-06,0.000482349772937596,0.000784813018981367,0.000794268911704421,0.000794303196016699,0.000790917547419667,0.000788239005487412,0.000785583222750574,0.000790875870734453,0.000789304554928094,0.000786879449151456,0.000782567542046309,0.000778153189457953,0.000773030216805637,0.000768495607189834,0.00076527294004336,0.000761717208661139,0.00075167475733906,0.000726293248590082,0.000668767374008894,0.000514251063577831,0.000358885707100853,8.87862115632743E-05,4.57518071925733E-05,3.63802791980561E-05,-9999,-9999,-9999,-9999,-9999,-9999,-9999
-9999,-9999,-9999,-9999,-9999,-9999,0.000513868115376681,0.00185406487435102,0.00187305093277246,0.00186416343785822,0.00183936243411154,0.00180709478445351,0.00163119228091091,-9999,-9999,-9999,-9999,-9999,-9999,-9999,-9999,-9999,-9999,-9999,-9999,-9999,-9999,-9999,-9999,-9999,-9999,-9999,-9999,-9999,-9999,-9999,-9999,-9999,-9999,-9999,-9999,-9999,-9999,-9999,-9999,-9999,-9999,-9999,-9999,-9999,-9999,-9999,-9999,-9999,-9999,-9999,-9999,-9999,-9999,-9999,-9999,-9999,-9999,-9999,-9999,-9999,-9999,-9999,-9999,-9999,-9999,-9999,-9999,-9999,-9999,-9999,-9999,-9999,-9999,-9999,-9999,-9999,-9999,-9999,-9999,-9999,-9999,-9999,-9999,-9999,-9999,-9999,-9999,-9999,-9999,-9999,-9999,-9999,-9999,5.484224857355E-06,3.24518041452393E-05,0.000775139487814158,0.000781142618507147,0.000781302223913372,0.000776526285335422,0.000773148785810918,0.000771664257626981,0.000775436172261834,0.000776835542637855,0.000774406711570919,0.000769048696383834,0.000763617048505694,0.000758901122026145,0.000754990265704691,0.000750173232518137,0.000747495272662491,0.000738854287192225,0.000719345291145146,0.000674105016514659,0.000592179130762815,0.00041852641152218,0.000157799746375531,7.75193038862199E-05,5.56954655621666E-05,3.52860624843743E-05,-9999,-9999,-9999,-9999,-9999,-9999
-9999,-9999,-9999,-9999,-9999,-9999,-9999,-9999,-9999,-9999,-9999,-9999,-9999,-9999,-9999,-9999,-9999,-9999,-9999,-9999,-9999,-9999,-9999,-9999,-9999,-9999,-9999,-9999,-9999,-9999,-9999,-9999,-9999,-9999,-9999,-9999,-9999,-9999,-9999,-9999,-9999,-9999,-9999,-9999,-9999,-9999,-9999,-9999,-9999,-9999,-9999,-9999,-9999,-9999,-9999,-9999,-9999,-9999,-9999,-9999,-9999,-9999,-9999,-9999,-9999,-9999,-9999,-9999,-9999,-9999,-9999,-9999,-9999,-9999,-9999,-9999,-9999,-9999,-9999,-9999,-9999,-9999,-9999,-9999,-9999,-9999,-9999,-9999,-9999,-9999,-9999,-9999,-9999,-9999,-9999,-9999,-9999,-9999,-9999,-9999,5.32741114511737E-06,0.000744946300983429,0.000768054102081805,0.000768777972552925,0.000764929340220988,0.00076133682159707,0.000759370101150125,0.00076318415813148,0.000766400131396949,0.000762101146392524,0.000756804773118347,0.000751282903365791,0.000745179946534336,0.000741442898288369,0.00073691422585398,0.000733331777155399,0.000728921266272664,0.000717232993338257,0.000688182946760207,0.000621234416030347,0.000452795356977731,0.000238954031374305,0.00015343377890531,0.000113939502625726,6.02501968387514E-05,3.41325612680521E-05,-9999,-9999,-9999,-9999,-9999
-9999,-9999,-9999,-9999,-9999,-9999,-9999,-9999,-9999,-9999,-9999,-9999,-9999,-9999,-9999,-9999,-9999,-9999,-9999,-9999,-9999,-9999,-9999,-9999,-9999,-9999,-9999,-9999,-9999,-9999,-9999,-9999,-9999,-9999,-9999,-9999,-9999,-9999,-9999,-9999,-9999,-9999,-9999,-9999,-9999,-9999,-9999,-9999,-9999,-9999,-9999,-9999,-9999,-9999,-9999,-9999,-9999,-9999,-9999,-9999,-9999,-9999,-9999,-9999,-9999,-9999,-9999,-9999,-9999,-9999,-9999,-9999,-9999,-9999,-9999,-9999,-9999,-9999,-9999,-9999,-9999,-9999,-9999,-9999,-9999,-9999,-9999,-9999,-9999,-9999,-9999,-9999,-9999,-9999,-9999,-9999,-9999,-9999,-9999,-9999,5.25369705428602E-06,0.000564256624784321,0.000759115791879594,0.000756647321395576,0.000753619882743806,0.000749388302210718,0.000746569654438645,0.000752375286538154,0.00075516413198784,0.000750480277929455,0.000743449141737074,0.000738529663067311,0.00073180824983865,0.000728390994481742,0.000724552024621516,0.000722901953849941,0.000718872994184494,0.000710687541868538,0.000680141500197351,0.000608850037679076,0.00046403196756728,0.000293694349238649,0.000214676867472008,0.000123586680274457,8.15808161860332E-05,3.75564413843676E-05,3.31199480569921E-05,-9999,-9999,-9999,-9999
-9999,-9999,-9999,-9999,-9999,-9999,-9999,-9999,-9999,-9999,-9999,-9999,-9999,-9999,-9999,-9999,-9999,-9999,-9999,-9999,-9999,-9999,-9999,-9999,-9999,-9999,-9999,-9999,-9999,-9999,-9999,-9999,-9999,-9999,-9999,-9999,-9999,-9999,-9999,-9999,-9999,-9999,-9999,-9999,-9999,-9999,-9999,-9999,-9999,-9999,-9999,-9999,-9999,-9999,-9999,-9999,-9999,-9999,-9999,-9999,-9999,-9999,-9999,-9999,-9999,-9999,-9999,-9999,-9999,-9999,-9999,-9999,-9999,-9999,-9999,-9999,-9999,-9999,-9999,-9999,-9999,-9999,-9999,-9999,-9999,-9999,-9999,-9999,-9999,-9999,-9999,-9999,-9999,-9999,-9999,-9999,-9999,-9999,-9999,-9999,5.20312141816248E-06,1.33802423079032E-05,0.000752612482756376,0.000746570236515254,0.000743572192732245,0.000738476985134184,0.000737122842110693,0.000742757343687117,0.000744646647945046,0.000740310526452959,0.000732845393940806,0.000727322825696319,0.000720201700460166,0.000715652538929135,0.000712809909600765,0.000711004249751568,0.000703963334672153,0.000693224894348532,0.000669140194077045,0.000597271486185491,0.000492470397148281,0.000371268106391653,0.000266742921667174,0.000161253876285627,8.89561051735654E-05,4.60786795883905E-05,3.26008048432413E-05,-9999,-9999,-9999,-9999
-9999,-9999,-9999,-9999,-9999,-9999,-9999,-9999,-9999,-9999,-9999,-9999,-9999,-9999,-9999,-9999,-9999,-9999,-9999,-9999,-9999,-9999,-9999,-9999,-9999,-9999,-9999,-9999,-9999,-9999,-9999,-9999,-9999,-9999,-9999,-9999,-9999,-9999,-9999,-9999,-9999,-9999,-9999,-9999,-9999,-9999,-9999,-9999,-9999,-9999,-9999,-9999,-9999,-9999,-9999,-9999,-9999,-9999,-9999,-9999,-9999,-9999,-9999,-9999,-9999,-9999,-9999,-9999,-9999,-9999,-9999,-9999,-9999,-9999,-9999,-9999,-9999,-9999,-9999,-9999,-9999,-9999,-9999,-9999,-9999,-9999,-9999,-9999,-9999,-9999,-9999,-9999,-9999,-9999,-9999,-9999,-9999,-9999,-9999,-9999,-9999,5.11781945533585E-06,0.000692757428623736,0.000735858979169279,0.000733405642677099,0.000728916143998504,0.000729100604075938,0.000732691725715995,0.0007345718331635,0.000730967556592077,0.000722672033589333,0.000716499169357121,0.000709240208379924,0.000703299359884113,0.00069969572359696,0.000698268064297736,0.000696446746587753,0.000689837150275707,0.000662985432427377,0.000597853155340999,0.000500775757245719,0.000425855832872912,0.000302218599244952,0.000158699636813253,9.67269588727504E-05,4.4978951336816E-05,3.1423638574779E-05,-9999,-9999,2.64452319242992E-05,2.63261645159218E-05
-9999,-9999,-9999,-9999,-9999,-9999,-9999,-9999,-9999,-9999,-9999,-9999,-9999,-9999,-9999,-9999,-9999,-9999,-9999,-9999,-9999,-9999,-9999,-9999,-9999,-9999,-9999,-9999,-9999,-9999,-9999,-9999,-9999,-9999,-9999,-9999,-9999,-9999,-9999,-9999,-9999,-9999,-9999,-9999,-9999,-9999,-9999,-9999,-9999,-9999,-9999,-9999,-9999,-9999,-9999,-9999,-9999,-9999,-9999,-9999,-9999,-9999,-9999,-9999,-9999,-9999,-9999,-9999,-9999,-9999,-9999,-9999,-9999,-9999,-9999,-9999,-9999,-9999,-9999,-9999,-9999,-9999,-9999,-9999,-9999,-9999,-9999,-9999,-9999,-9999,-9999,-9999,-9999,-9999,-9999,-9999,-9999,-9999,-9999,-9999,-9999,-9999,3.63708713848609E-05,0.000740108022000641,0.00072638934943825,0.000723338685929775,0.000723349861800671,0.000726227997802198,0.000725650403182954,0.000720465672202408,0.000712643843144178,0.000706061022356153,0.000698866322636604,0.000692998524755239,0.000688177125994116,0.000685728271491826,0.000682891579344869,0.000675263756420463,0.000648132874630392,0.00061570800608024,0.000552041979972273,0.000438297051005065,0.000298012746497989,0.000186449266038835,8.5250438132789E-05,4.84587581013329E-05,2.97156293527223E-05,2.79864379990613E-05,2.70656055363361E-05,2.64098580373684E-05,2.89689833152806E-05
-9999,-9999,-9999,-9999,-9999,-9999,-9999,-9999,-9999,-9999,-9999,-9999,-9999,-9999,-9999,-9999,-9999,-9999,-9999,-9999,-9999,-9999,-9999,-9999,-9999,-9999,-9999,-9999,-9999,-9999,-9999,-9999,-9999,-9999,-9999,-9999,-9999,-9999,-9999,-9999,-9999,-9999,-9999,-9999,-9999,-9999,-9999,-9999,-9999,-9999,-9999,-9999,-9999,-9999,-9999,-9999,-9999,-9999,-9999,-9999,-9999,-9999,-9999,-9999,-9999,-9999,-9999,-9999,-9999,-9999,-9999,-9999,-9999,-9999,-9999,-9999,-9999,-9999,-9999,-9999,-9999,-9999,-9999,-9999,-9999,-9999,-9999,-9999,-9999,-9999,-9999,-9999,-9999,-9999,-9999,-9999,-9999,-9999,-9999,-9999,-9999,-9999,-9999,0.000512314902152866,0.000731289444956928,0.000720130861736834,0.00072197406552732,0.000721840595360845,0.000720196927431971,0.000713289366103709,0.000704710895661265,0.000696349481586367,0.000689062580931932,0.000683200953062624,0.000679252960253507,0.000674225855618715,0.000668376858811826,0.000660381221678108,0.000638201308902353,0.000613971322309226,0.000556896207854152,0.000450439867563546,0.000333277275785804,0.000152826061821543,7.42878110031597E-05,4.14739479310811E-05,3.18660349876154E-05,2.74370959232328E-05,2.96736761811189E-05,3.21268998959567E-05,0.000259768421528861
-9999,-9999,-9999,-9999,-9999,-9999,-9999,-9999,-9999,-9999,-9999,-9999,-9999,-9999,-9999,-9999,-9999,-9999,-9999,-9999,-9999,-9999,-9999,-9999,-9999,-9999,-9999,-9999,-9999,-9999,-9999,-9999,-9999,-9999,-9999,-9999,-9999,-9999,-9999,-9999,-9999,-9999,-9999,-9999,-9999,-9999,-9999,-9999,-9999,-9999,-9999,-9999,-9999,-9999,-9999,-9999,-9999,-9999,-9999,-9999,-9999,-9999,-9999,-9999,-9999,-9999,-9999,-9999,-9999,-9999,-9999,-9999,-9999,-9999,-9999,-9999,-9999,-9999,-9999,-9999,-9999,-9999,-9999,-9999,-9999,-9999,-9999,-9999,-9999,-9999,-9999,-9999,-9999,-9999,-9999,-9999,-9999,-9999,-9999,-9999,-9999,-9999,-9999,4.99509042128921E-06,0.000514462299179286,0.000737961730919778,0.000725666352082044,0.000721005315426737,0.000717288523446769,0.000709507090505213,0.00070046738255769,0.000692090601660311,0.000684710452333093,0.000677524309139699,0.00067036715336144,0.000664051913190633,0.000653927039820701,0.000640613026916981,0.000630279653705657,0.000582338194362819,0.00051058828830719,0.000369050598237664,0.000197204179130495,5.94742086832412E-05,3.65576015610714E-05,3.51393828168511E-05,3.79872581106611E-05,3.69002445950173E-05,6.12708827247843E-05,0.00052431965013966,0.000529044889844954
-9999,-9999,-9999,-9999,-9999,-9999,-9999,-9999,-9999,-9999,-9999,-9999,-9999,-9999,-9999,-9999,-9999,-9999,-9999,-9999,-9999,-9999,-9999,-9999,-9999,-9999,-9999,-9999,-9999,-9999,-9999,-9999,-9999,-9999,-9999,-9999,-9999,-9999,-9999,-9999,-9999,-9999,-9999,-9999,-9999,-9999,-9999,-9999,-9999,-9999,-9999,-9999,-9999,-9999,-9999,-9999,-9999,-9999,-9999,-9999,-9999,-9999,-9999,-9999,-9999,-9999,-9999,-9999,-9999,-9999,-9999,-9999,-9999,-9999,-9999,-9999,-9999,-9999,-9999,-9999,-9999,-9999,-9999,-9999,-9999,-9999,-9999,-9999,-9999,-9999,-9999,-9999,-9999,-9999,-9999,-9999,-9999,-9999,-9999,-9999,-9999,-9999,-9999,-9999,4.98187228004099E-06,4.98423196404474E-06,0.000685243052430451,0.000728072191122919,0.000713843328412622,0.000706485356204212,0.000697768467944115,0.000689648150000721,0.000642077240627259,0.000530589837580919,0.000658752571325749,0.000634224503301084,0.000532270409166813,0.00044122280087322,0.000404653081204742,0.000344371539540589,0.000178368602064438,6.54010873404332E-05,3.29056856571697E-05,2.85351652564714E-05,4.77464745927136E-05,7.81739145168103E-05,0.000280259642750025,0.000527685915585607,0.000532526522874832,0.000532119418494403,0.000524063943885267
-9999,-9999,-9999,-9999,-9999,-9999,-9999,-9999,-9999,-9999,-9999,-9999,-9999,-9999,-9999,-9999,-9999,-9999,-9999,-9999,-9999,-9999,-9999,-9999,-9999,-9999,-9999,-9999,-9999,-9999,-9999,-9999,-9999,-9999,-9999,-9999,-9999,-9999,-9999,-9999,-9999,-9999,-9999,-9999,-9999,-9999,-9999,-9999,-9999,-9999,-9999,-9999,-9999,-9999,-9999,-9999,-9999,-9999,-9999,-9999,-9999,-9999,-9999,-9999,-9999,-9999,-9999,-9999,-9999,-9999,-9999,-9999,-9999,-9999,-9999,-9999,-9999,-9999,-9999,-9999,-9999,-9999,-9999,-9999,-9999,-9999,-9999,-9999,-9999,-9999,-9999,-9999,-9999,-9999,-9999,-9999,-9999,-9999,-9999,-9999,-9999,-9999,-9999,-9999,-9999,-9999,4.94853338750545E-06,2.47930602199631E-05,0.000722786586266011,0.000712267938069999,0.000698293675668538,0.000688515661749989,0.000650115078315139,0.00064737640786916,0.000612416421063244,0.000475221604574472,0.000343470455845818,0.000209896039450541,8.14897939562798E-05,0.000119526353955735,7.05242200638168E-05,9.23258121474646E-05,0.000294607598334551,0.00055123888887465,0.000551147386431694,0.000548187585081905,0.000542279449291527,0.000533566053491086,0.000526507617905736,0.000503565417602658,0.000260802917182446
-9999,-9999,-9999,-9999,-9999,-9999,-9999,-9999,-9999,-9999,-9999,-9999,-9999,-9999,-9999,-9999,-9999,-9999,-9999,-9999,-9999,-9999,-9999,-9999,-9999,-9999,-9999,-9999,-9999,-9999,-9999,-9999,-9999,-9999,-9999,-9999,-9999,-9999,-9999,-9999,-9999,-9999,-9999,-9999,-9999,-9999,-9999,-9999,-9999,-9999,-9999,-9999,-9999,-9999,-9999,-9999,-9999,-9999,-9999,-9999,-9999,-9999,-9999,-9999,-9999,-9999,-9999,-9999,-9999,-9999,-9999,-9999,-9999,-9999,-9999,-9999,-9999,-9999,-9999,-9999,-9999,-9999,-9999,-9999,-9999,-9999,-9999,-9999,-9999,-9999,-9999,-9999,-9999,-9999,-9999,-9999,-9999,-9999,-9999,-9999,-9999,-9999,-9999,-9999,-9999,-9999,-9999,-9999,4.84197335026693E-06,1.95507109310711E-05,0.000684941245708615,0.000700221804436296,0.000691715918947011,0.000682962476275861,0.000672588997986168,0.000661750149447471,0.000649816705845296,0.000638424302451313,0.000624999462161213,0.00061095179989934,0.000595977529883385,0.000583543325774372,0.000572653138078749,0.000561939377803355,0.000551253324374557,0.000542396155651659,0.000530414457898587,0.000493647938128561,0.000293007440632209,2.02493010874605E-05,-9999
-9999,-9999,-9999,-9999,-9999,-9999,-9999,-9999,-9999,-9999,-9999,-9999,-9999,-9999,-9999,-9999,-9999,-9999,-9999,-9999,-9999,-9999,-9999,-9999,-9999,-9999,-9999,-9999,-9999,-9999,-9999,-9999,-9999,-9999,-9999,-9999,-9999,-9999,-9999,-9999,-9999,-9999,-9999,-9999,-9999,-9999,-9999,-9999,-9999,-9999,-9999,-9999,-9999,-9999,-9999,-9999,-9999,-9999,-9999,-9999,-9999,-9999,-9999,-9999,-9999,-9999,-9999,-9999,-9999,-9999,-9999,-9999,-9999,-9999,-9999,-9999,-9999,-9999,-9999,-9999,-9999,-9999,-9999,-9999,-9999,-9999,-9999,-9999,-9999,-9999,-9999,-9999,-9999,-9999,-9999,-9999,-9999,-9999,-9999,-9999,-9999,-9999,-9999,-9999,-9999,-9999,-9999,-9999,-9999,-9999,4.73528052680194E-06,4.71381144961924E-06,4.67822837890708E-06,4.62746174889617E-06,1.89413676707773E-05,2.64040972979274E-05,4.42145937995519E-06,4.31984926763107E-06,4.21061076849583E-06,7.81055678089615E-06,2.42873629758833E-05,0.000104040751466528,0.000212212311453186,0.000231294587138109,5.26012008776888E-05,3.73694979316497E-06,3.70087991541368E-06,3.6801523037866E-06,-9999,-9999,-9999
-9999,-9999,-9999,-9999,-9999,-9999,-9999,-9999,-9999,-9999,-9999,-9999,-9999,-9999,-9999,-9999,-9999,-9999,-9999,-9999,-9999,-9999,-9999,-9999,-9999,-9999,-9999,-9999,-9999,-9999,-9999,-9999,-9999,-9999,-9999,-9999,-9999,-9999,-9999,-9999,-9999,-9999,-9999,-9999,-9999,-9999,-9999,-9999,-9999,-9999,-9999,-9999,-9999,-9999,-9999,-9999,-9999,-9999,-9999,-9999,-9999,-9999,-9999,-9999,-9999,-9999,-9999,-9999,-9999,-9999,-9999,-9999,-9999,-9999,-9999,-9999,-9999,-9999,-9999,-9999,-9999,-9999,-9999,-9999,-9999,-9999,-9999,-9999,-9999,-9999,-9999,-9999,-9999,-9999,-9999,-9999,-9999,-9999,-9999,-9999,-9999,-9999,-9999,-9999,-9999,-9999,-9999,-9999,-9999,-9999,-9999,-9999,-9999,-9999,-9999,-9999,-9999,-9999,-9999,-9999,-9999,-9999,-9999,-9999,-9999,-9999,-9999,-9999,-9999,-9999,-9999
-9999,-9999,-9999,-9999,-9999,-9999,-9999,-9999,-9999,-9999,-9999,-9999,-9999,-9999,-9999,-9999,-9999,-9999,-9999,-9999,-9999,-9999,-9999,-9999,-9999,-9999,-9999,-9999,-9999,-9999,-9999,-9999,-9999,-9999,-9999,-9999,-9999,-9999,-9999,-9999,-9999,-9999,-9999,-9999,-9999,-9999,-9999,-9999,-9999,-9999,-9999,-9999,-9999,-9999,-9999,-9999,-9999,-9999,-9999,-9999,-9999,-9999,-9999,-9999,-9999,-9999,-9999,-9999,-9999,-9999,-9999,-9999,-9999,-9999,-9999,-9999,-9999,-9999,-9999,-9999,-9999,-9999,-9999,-9999,-9999,-9999,-9999,-9999,-9999,-9999,-9999,-9999,-9999,-9999,-9999,-9999,-9999,-9999,-9999,-9999,-9999,-9999,-9999,-9999,-9999,-9999,-9999,-9999,-9999,-9999,-9999,-9999,-9999,-9999,-9999,-9999,-9999,-9999,-9999,-9999,-9999,-9999,-9999,-9999,-9999,-9999,-9999,-9999,-9999,-9999,-9999

Step,25
Year,2.083333
-9999,-9999,-9999,-9999,-9999,-9999,-9999,-9999,-9999,-9999,-9999,-9999,-9999,-9999,-9999,-9999,-9999,-9999,-9999,-9999,-9999,-9999,-9999,-9999,-9999,-9999,-9999,-9999,-9999,-9999,-9999,-9999,-9999,-9999,-9999,-9999,-9999,-9999,-9999,-9999,-9999,-9999,-9999,-9999,-9999,-9999,-9999,-9999,-9999,-9999,-9999,-9999,-9999,-9999,-9999,-9999,-9999,-9999,-9999,-9999,-9999,-9999,-9999,-9999,-9999,-9999,-9999,-9999,-9999,-9999,-9999,-9999,-9999,-9999,-9999,-9999,-9999,-9999,-9999,-9999,-9999,-9999,-9999,-9999,-9999,-9999,-9999,-9999,-9999,-9999,-9999,-9999,-9999,-9999,-9999,-9999,-9999,-9999,-9999,-9999,-9999,-9999,-9999,-9999,-9999,-9999,-9999,-9999,-9999,-9999,-9999,-9999,-9999,-9999,-9999,-9999,-9999,-9999,-9999,-9999,-9999,-9999,-9999,-9999,-9999,-9999,-9999,-9999,-9999,-9999,-9999
-9999,-9999,-9999,-9999,-9999,-9999,-9999,-9999,-9999,-9999,-9999,-9999,-9999,-9999,-9999,-9999,-9999,-9999,-9999,-9999,-9999,-9999,-9999,-9999,-9999,-9999,-9999,-9999,-9999,-9999,-9999,-9999,-9999,-9999,-9999,-9999,-9999,-9999,-9999,-9999,-9999,-9999,-9999,-9999,-9999,-9999,-9999,-9999,-9999,-9999,-9999,-9999,-9999,-9999,-9999,-9999,-9999,-9999,-9999,-9999,-9999,-9999,-9999,-9999,-9999,-9999,-9999,-9999,-9999,-9999,-9999,-9999,-9999,-9999,-9999,-9999,-9999,-9999,-9999,-9999,-9999,-9999,-9999,-9999,-9999,-9999,-9999,-9999,-9999,-9999,-9999,-9999,-9999,-9999,-9999,-9999,-9999,-9999,-9999,-9999,-9999,-9999,-9999,-9999,-9999,-9999,-9999,-9999,-9999,-9999,-9999,-9999,-9999,-9999,-9999,-9999,-9999,-9999,-9999,-9999,-9999,-9999,-9999,-9999,-9999,-9999,-9999,-9999,-9999,-9999,-9999
-9999,-9999,-9999,-9999,-9999,-9999,-9999,-9999,-9999,-9999,-9999,-9999,-9999,-9999,-9999,-9999,-9999,-9999,-9999,-9999,-9999,-9999,-9999,-9999,-9999,-9999,-9999,-9999,-9999,-9999,-9999,-9999,-9999,-9999,-9999,-9999,-9999,-9999,-9999,-9999,-9999,-9999,-9999,-9999,-9999,-9999,-9999,-9999,-9999,-9999,-9999,-9999,-9999,-9999,-9999,-9999,-9999,-9999,-9999,-9999,-9999,-9999,-9999,-9999,-9999,-9999,-9999,-9999,-9999,-9999,-9999,-9999,-9999,-9999,5.39832717549871E-06,8.03306284069549E-06,-9999,-9999,-9999,-9999,-9999,-9999,-9999,-9999,-9999,-9999,-9999,-9999,-9999,-9999,-9999,-9999,-9999,-9999,-9999,-9999,-9999,-9999,-9999,-9999,-9999,-9999,-9999,-9999,-9999,-9999,-9999,-9999,-9999,-9999,-9999,-9999,-9999,-9999,-9999,-9999,-9999,-9999,-9999,-9999,-9999,-9999,-9999,-9999,-9999,-9999,-9999,-9999,-9999,-9999,-9999
-9999,-9999,-9999,-9999,-9999,-9999,-9999,-9999,-9999,-9999,-9999,-9999,-9999,-9999,-9999,-9999,-9999,-9999,-9999,-9999,-9999,-9999,-9999,-9999,-9999,-9999,-9999,-9999,-9999,-9999,-9999,-9999,-9999,-9999,-9999,-9999,-9999,-9999,-9999,-9999,-9999,-9999,-9999,-9999,-9999,-9999,-9999,-9999,-9999,-9999,-9999,-9999,-9999,-9999,-9999,-9999,-9999,-9999,-9999,-9999,-9999,-9999,-9999,-9999,-9999,-9999,-9999,-9999,-9999,-9999,-9999,-9999,-9999,-9999,7.85451175033813E-06,1.16307528514881E-05,-9999,-9999,-9999,-9999,-9999,-9999,-9999,-9999,-9999,-9999,-9999,-9999,-9999,-9999,-9999,-9999,-9999,-9999,-9999,-9999,-9999,-9999,-9999,-9999,-9999,-9999,-9999,-9999,-9999,-9999,-9999,-9999,-9999,-9999,-9999,-9999,-9999,-9999,-9999,-9999,-9999,-9999,-9999,-9999,-9999,-9999,-9999,-9999,-9999,-9999,-9999,-9999,-9999,-9999,-9999
-9999,-9999,-9999,-9999,-9999,-9999,-9999,-9999,-9999,-9999,-9999,-9999,-9999,-9999,-9999,-9999,-9999,-9999,-9999,-9999,-9999,-9999,-9999,-9999,-9999,-9999,-9999,-9999,-9999,-9999,-9999,-9999,-9999,-9999,-9999,-9999,-9999,-9999,-9999,-9999,-9999,-9999,-9999,-9999,-9999,-9999,-9999,-9999,-9999,-9999,-9999,-9999,-9999,-9999,-9999,-9999,4.08156211051391E-07,5.98625717884715E-07,8.68178233304207E-07,1.25666440453642E-06,-9999,-9999,-9999,-9999,-9999,9.70450855675153E-06,9.41456073633162E-06,1.34524862005492E-05,1.31266351672821E-05,8.48816216603154E-06,1.21817411127267E-05,6.11312279943377E-05,8.20301356725395E-05,8.11901700217277E-05,1.1378288945707E-05,5.84011540922802E-05,7.56241570343263E-05,-9999,-9999,6.99111842550337E-05,0.000107987449155189,9.42039478104562E-05,9.53132839640602E-05,0.00024432668578811,0.000324548076605424,0.000295957404887304,0.000296133279334754,0.000180583534529433,8.48240961204283E-05,-9999,-9999,-9999,-9999,-9999,-9999,-9999,-9999,-9999,-9999,-9999,-9999,-9999,-9999,-9999,-9999,-9999,-9999,-9999,-9999,-9999,-9999,-9999,-9999,-9999,-9999,-9999,-9999,-9999,-9999,-9999,-9999,-9999,-9999,-9999,-9999,-9999,-9999,-9999,-9999,-9999,-9999
-9999,-9999,-9999,-9999,-9999,-9999,-9999,-9999,-9999,-9999,-9999,-9999,-9999,-9999,-9999,-9999,-9999,-9999,-9999,-9999,-9999,-9999,-9999,-9999,-9999,-9999,-9999,-9999,-9999,-9999,-9999,-9999,-9999,-9999,-9999,-9999,-9999,-9999,-9999,-9999,-9999,-9999,-9999,-9999,-9999,-9999,-9999,-9999,-9999,-9999,-9999,-9999,-9999,-9999,-9999,4.17305813016355E-07,6.15624458077946E-07,9.01505984529649E-07,1.29840282170335E-06,1.83698159617052E-06,2.58372961070563E-06,3.7142035580473E-06,-9999,1.57408157974714E-05,4.27123814006336E-05,1.44980131153716E-05,1.378180240863E-05,0.00010396075231256,0.00010532746091485,1.23560294014169E-05,1.19831156553118E-05,0.000138839663122781,0.000175885987118818,0.000155968824401498,0.000137143768370152,0.000134786227135919,0.000103916223451961,0.000114860020403285,0.000190434366231784,0.000335527729475871,0.000794855121057481,0.00121122947894037,0.00133803207427263,0.00133195263333619,0.00133789796382189,0.00134548277128488,0.00135370658244938,0.00136836664751172,0.00131518230773509,0.000692055269610137,0.000293045537546277,-9999,-9999,-9999,-9999,-9999,-9999,-9999,-9999,-9999,-9999,-9999,-9999,-9999,-9999,-9999,-9999,-9999,-9999,-9999,-9999,-9999,-9999,-9999,-9999,-9999,-9999,-9999,-9999,-9999,-9999,-9999,-9999,-9999,-9999,-9999,-9999,-9999,-9999,-9999,-9999
-9999,-9999,-9999,-9999,-9999,-9999,-9999,-9999,-9999,-9999,-9999,-9999,-9999,-9999,-9999,-9999,-9999,-9999,-9999,-9999,-9999,-9999,-9999,-9999,-9999,-9999,-9999,-9999,-9999,-9999,-9999,-9999,-9999,-9999,-9999,-9999,-9999,-9999,-9999,-9999,-9999,-9999,-9999,-9999,-9999,-9999,-9999,-9999,-9999,-9999,-9999,-9999,-9999,-9999,-9999,6.25243558260991E-07,9.2733716883231E-07,1.36887626922544E-06,1.9725891888811E-06,2.77007234217308E-06,3.82183361580246E-06,5.27802239957964E-06,7.3863920988515E-06,1.04979571915464E-05,1.4927777556295E-05,8.81763917277567E-05,0.000154525783727877,0.000393783440813422,0.000640035199467093,0.000923548243008554,0.00105382816400379,0.000939619261771441,0.00115655187983066,0.00128961924929172,0.00103342346847057,0.00101447210181504,0.000950206245761365,0.00101259781513363,0.00135815178509802,0.00137943704612553,0.00139018252957612,0.00139191269408911,0.00139327929355204,0.00139006297104061,0.00138780486304313,0.0013882031198591,0.00139115622732788,0.0013933148002252,0.00139202701393515,0.00138272042386234,0.00135605398099869,0.00112358503974974,0.000266906718024984,-9999,-9999,-9999,-9999,-9999,-9999,-9999,-9999,-9999,8.73341632541269E-05,8.73709286679514E-05,8.74891629791819E-05,-9999,-9999,-9999,-9999,-9999,-9999,-9999,-9999,-9999,-9999,-9999,-9999,-9999,-9999,-9999,-9999,-9999,-9999,-9999,-9999,-9999,-9999,-9999,-9999,-9999,-9999
-9999,-9999,-9999,-9999,-9999,-9999,-9999,-9999,-9999,-9999,-9999,-9999,-9999,-9999,-9999,-9999,-9999,-9999,-9999,-9999,-9999,-9999,-9999,-9999,-9999,-9999,-9999,-9999,-9999,-9999,-9999,4.03706326324027E-05,-9999,-9999,-9999,0.000124986618175171,-9999,-9999,-9999,-9999,-9999,-9999,-9999,-9999,-9999,-9999,-9999,-9999,-9999,-9999,-9999,-9999,-9999,-9999,-9999,-9999,-9999,9.30273188259889E-07,1.35229447550955E-06,1.94446056411834E-06,-9999,5.03860064782202E-06,7.23256925994065E-06,1.03374914033338E-05,1.47055925481254E-05,8.87447313289158E-05,0.000160101044457406,0.000220193294808269,0.000137182796606794,0.000757388304919004,0.00155742280185223,0.00163175177294761,0.00161494873464108,0.00159304437693208,0.00154030974954367,0.00149576121475548,0.00149423012044281,0.00148711260408163,0.00145938678178936,0.00143611244857311,0.00141771836206317,0.00140518904663622,0.0013853213749826,0.00137127190828323,0.00137237308081239,0.00137607404030859,0.00138163892552257,0.00138849881477654,0.00139263411983848,0.00139220512937754,0.00139233691152185,0.00136421527713537,0.00123629288282245,0.000322791864164174,-9999,-9999,-9999,-9999,-9999,-9999,-9999,-9999,0.000119183270726353,0.000184773234650493,0.000120385360787623,8.63810491864569E-05,8.69343566591851E-05,-9999,-9999,-9999,-9999,-9999,-9999,-9999,-9999,-9999,-9999,-9999,-9999,-9999,-9999,-9999,-9999,-9999,-9999,-9999,-9999,-9999,-9999,-9999,-9999
-9999,-9999,-9999,-9999,-9999,-9999,-9999,-9999,-9999,-9999,-9999,-9999,-9999,-9999,-9999,-9999,-9999,-9999,-9999,-9999,-9999,-9999,-9999,-9999,-9999,-9999,-9999,-9999,-9999,-9999,2.94018391286954E-05,5.56971426703967E-05,-9999,-9999,5.98394690314308E-05,0.000101134944998194,-9999,-9999,0.000110125518403947,0.00019030379189644,-9999,-9999,-9999,-9999,-9999,1.56315491040004E-05,-9999,-9999,-9999,-9999,-9999,-9999,-9999,-9999,-9999,-9999,-9999,-9999,-9999,-9999,-9999,7.3083933784801E-06,1.04787677628337E-05,1.50942851178115E-05,1.45688109114417E-05,8.54904428706504E-05,9.47688167798333E-05,9.15102427825332E-05,8.71264492161572E-05,0.000514007639139891,0.00157474086154252,0.00166251964401454,0.00164910592138767,0.0016225854633376,0.00158924248535186,0.00155608425848186,0.00152672710828483,0.00149848137516528,0.00147260085213929,0.00144658819772303,0.00142068415880203,0.00139297905843705,0.00136288034263998,0.00135357887484133,0.00135251309257001,0.00136192922946066,0.0013699431437999,0.0013791989767924,0.00138847471680492,0.00139374565333128,0.00139705196488649,0.00139443762600422,0.00137189822271466,0.0011571659706533,0.00032465867116116,-9999,-9999,-9999,-9999,-9999,0.000139990006573498,0.000141504948260263,0.000269740121439099,0.000399732874939218,0.000303261476801708,0.000203824354684912,0.000133905079565011,8.62622619024478E-05,-9999,-9999,-9999,-9999,-9999,-9999,-9999,-9999,-9999,-9999,-9999,-9999,-9999,-9999,-9999,-9999,-9999,-9999,-9999,-9999,-9999,-9999,-9999
-9999,-9999,-9999,-9999,-9999,-9999,-9999,-9999,-9999,-9999,-9999,-9999,-9999,-9999,-9999,-9999,-9999,-9999,-9999,-9999,-9999,-9999,-9999,6.81269739288837E-05,8.76251942827366E-05,-9999,-9999,-9999,-9999,7.44612407288514E-05,6.98362127877772E-05,2.77144590654643E-05,0.000140178468427621,1.47967812154093E-05,0.00012425085878931,0.000218124885577708,0.000392178713809699,0.000169705628650263,0.000100247692898847,-9999,0.000102024001535028,0.000106412364402786,-9999,-9999,0.000164196942932904,2.20373931369977E-05,1.35024401970441E-05,8.51431377668632E-06,-9999,-9999,-9999,-9999,-9999,-9999,-9999,-9999,-9999,3.28447385982145E-05,2.08358360396232E-05,-9999,-9999,-9999,1.50565037984052E-05,0.000100347679108381,9.71286135609262E-05,9.73599817370996E-05,9.45772335398942E-05,9.00620580068789E-05,0.000119155316497199,0.000741636788006872,0.00157793215475976,0.0016612313920632,0.00164510402828455,0.00162030989304185,0.00158899778034538,0.00155739509500563,0.00152745272498578,0.00149782304652035,0.00147061783354729,0.00144350808113813,0.00140828045550734,0.00132644805125892,0.00132704910356551,0.00133652100339532,0.00133786187507212,0.00134159787558019,0.00135355140082538,0.00136770703829825,0.00138059922028333,0.0013882506173104,0.00139300862792879,0.00139446463435888,0.00138651090674102,0.00132587715052068,0.000387844746001065,6.83068647049367E-05,9.94194488157518E-06,6.92757794240606E-06,1.07215282696416E-05,0.000337825767928734,0.000670359877403826,0.000873598619364202,0.000981329940259457,0.000842250708956271,0.000799172674305737,0.000608747010119259,0.000367344619007781,0.000119306205306202,8.64320027176291E-05,8.73362005222589E-05,-9999,-9999,-9999,-9999,-9999,-9999,-9999,-9999,-9999,-9999,-9999,-9999,-9999,-9999,-9999,-9999,-9999,-9999,-9999,-9999,-9999
-9999,-9999,-9999,-9999,-9999,-9999,-9999,-9999,-9999,-9999,-9999,-9999,-9999,-9999,-9999,-9999,-9999,-9999,-9999,-9999,-9999,-9999,0.000102355355920736,0.000121250639494974,8.25021852506325E-05,8.39346757857129E-05,9.32190378080122E-05,0.000108006664959248,0.000203338597202674,0.000305465975543484,0.000229470810154453,0.000541324552614242,0.000743546057492495,0.000800634094048291,0.000918444711714983,0.00079362018732354,0.000786222342867404,0.000715142057742923,0.000411099870689213,0.000313835305860266,0.000100585551990662,6.16032994003035E-05,5.11525358888321E-05,6.85650302330032E-05,1.82044332177611E-05,1.24499183584703E-05,1.20090535347117E-05,1.15132443170296E-05,7.43659120416851E-06,-9999,-9999,-9999,-9999,-9999,-9999,-9999,-9999,0.000137399794766679,0.000125069331261329,0.000116084222099744,-9999,-9999,9.74319482338615E-05,9.97323804767802E-05,9.97843744698912E-05,9.73464848357253E-05,9.27441869862378E-05,0.000109187632915564,0.000361376238288358,0.00103317433968186,0.00158945098519325,0.001656633336097,0.00163601827807724,0.00161207211203873,0.00158215267583728,0.00155043951235712,0.00152052158955485,0.00149268622044474,0.00146494980435818,0.00143825937993824,0.00133584171999246,0.000685737875755876,0.000803081784397364,0.00110657839104533,0.00127581506967545,0.00132453965488821,0.00133652426302433,0.00135233311448246,0.00136740913148969,0.00137670780532062,0.00138613919261843,0.0013924929080531,0.00138383463490754,0.00129476352594793,0.000621534883975983,0.000502604874782264,4.09669883083552E-05,1.02881604107097E-05,0.000509124191012233,0.00119084632024169,0.00133472261950374,0.00142671738285571,0.00141803291626275,0.00137893459759653,0.00132841872982681,0.00109402113594115,0.000702121702488512,0.000365265063010156,0.000132684814161621,8.61413718666881E-05,-9999,-9999,-9999,-9999,-9999,-9999,-9999,-9999,-9999,-9999,-9999,-9999,-9999,-9999,-9999,-9999,-9999,-9999,-9999,-9999,-9999
-9999,-9999,-9999,-9999,-9999,-9999,-9999,-9999,-9999,-9999,-9999,-9999,-9999,-9999,-9999,-9999,-9999,-9999,-9999,-9999,-9999,-9999,0.000102543694083579,0.000123156583867967,0.000104684877442196,0.00010890622070292,0.000405623635742813,0.000808832584880292,0.00106829404830933,0.000939497607760131,0.000936607364565134,0.000752488034777343,0.000808077282272279,0.000925380561966449,0.000859365158248693,0.000976390088908374,0.00115453556645662,0.00114651233889163,0.00119515752885491,0.00106069224420935,0.000741945754271001,0.00047718858695589,0.000194928463315591,7.25956560927443E-05,3.49344554706477E-05,1.5427847756655E-05,1.54148547153454E-05,1.52658540173434E-05,1.01498644653475E-05,1.00095794550725E-05,9.99255462375004E-06,-9999,-9999,-9999,-9999,-9999,-9999,-9999,0.000114946946268901,0.00010421314073028,9.76301671471447E-05,9.15961136342958E-05,9.5768817118369E-05,9.78061725618318E-05,9.85551159828901E-05,9.53165144892409E-05,0.00011253151751589,0.000365961197530851,0.000990900909528136,0.00157474726438522,0.00166084012016654,0.0016419873572886,0.0016196669312194,0.00159706652630121,0.00156925898045301,0.00153801753185689,0.00150990718975663,0.00148473936133087,0.00145984638947994,0.00129551533609629,1.74669694388285E-05,9.37478580453899E-06,9.24253890843829E-06,9.15043801796855E-06,0.000105063882074319,0.000865507638081908,0.00128984358161688,0.00133302866015583,0.00134914356749505,0.00136417127214372,0.00137716042809188,0.00138730381149799,0.00138428271748126,0.00128149194642901,0.00131272373255342,0.00136755697894841,0.00121612113434821,0.000661457481328398,0.0013567345449701,0.00150769588071853,0.0015422796132043,0.00153639796189964,0.00150478631258011,0.00148686685133725,0.00145838258322328,0.00132622406817973,0.000993255525827408,0.00064929062500596,0.000200085749384016,8.38319392642006E-05,4.28630446549505E-05,-9999,-9999,-9999,-9999,-9999,-9999,-9999,-9999,-9999,-9999,-9999,-9999,-9999,-9999,-9999,-9999,-9999,-9999,-9999,-9999
-9999,-9999,-9999,-9999,-9999,-9999,-9999,-9999,-9999,-9999,-9999,-9999,-9999,-9999,-9999,-9999,-9999,-9999,-9999,-9999,-9999,-9999,0.000101226825790945,0.000126985993119888,0.000200702808797359,0.000924658088479191,0.00119857012759894,0.00132497400045395,0.00126055616419762,0.0010011859703809,0.000996026676148176,0.00111639848910272,0.00117327668704093,0.0012281626695767,0.00139566860161722,0.00138749333564192,0.00143256899900734,0.00147465092595667,0.00155947683379054,0.001456567668356,0.00128878047689795,0.000803975854068995,0.000422705750679597,0.00024276073963847,0.000208559227758087,0.000233140555792488,0.00020389401470311,0.000140090662171133,1.39764952109545E-05,1.41540031108889E-05,1.42289427458309E-05,-9999,-9999,-9999,-9999,9.76532610366121E-05,9.88805477390997E-05,0.000101179532066453,0.000102398174931295,9.49680543271825E-05,0.000108910615381319,8.60914224176668E-05,7.4757743277587E-05,4.70170416519977E-05,0.000133336172439158,0.000444202625658363,0.000211394828511402,0.00118913210462779,0.00167694862466305,0.00166329764761031,0.00164284650236368,0.00162223435472697,0.00160052825231105,0.00157808791846037,0.00154879898764193,0.00151990575250238,0.00149885099381208,0.00140142429154366,9.82413439487573E-06,9.68011045188177E-06,9.54251663642935E-06,6.28137786407024E-06,6.19407683188911E-06,6.13105703450856E-06,9.08419497136492E-06,3.38087738782633E-05,0.00044392648851499,0.00116956827696413,0.00132161343935877,0.00134677067399025,0.00136360165197402,0.001376838888973,0.00139133399352431,0.0014073426136747,0.00142443424556404,0.00144262704998255,0.00144480424933136,0.00146509567275643,0.001513073570095,0.00155393534805626,0.00157355540432036,0.00157078017946333,0.00155964237637818,0.00154751003719866,0.00148594053462148,0.00142955302726477,0.00120709091424942,0.000938226003199816,0.000428916828241199,0.000158492170157842,1.87385121535044E-05,1.1951417036471E-05,-9999,-9999,-9999,-9999,-9999,-9999,-9999,-9999,-9999,-9999,-9999,-9999,-9999,-9999,-9999,-9999,-9999,-9999,-9999
-9999,-9999,-9999,-9999,-9999,-9999,-9999,-9999,-9999,-9999,-9999,-9999,-9999,-9999,-9999,-9999,-9999,-9999,-9999,-9999,-9999,9.29508823901415E-05,0.00011006162094418,0.00043017728603445,0.00118039525114,0.00154320860747248,0.00154503341764212,0.00143434444908053,0.00125020113773644,0.00147541577462107,0.0014670726377517,0.00151120219379663,0.00150416058022529,0.00149722187779844,0.00158440601080656,0.00165851321071386,0.00168587791267782,0.00167511822655797,0.00172948348335922,0.00171723845414817,0.00167409109417349,0.00137019297108054,0.000531539437361062,0.000331169896526262,0.00040590635035187,0.000367369066225365,0.000329324422637001,0.000331591436406597,0.00032798747997731,0.000234628110774793,0.000149418221553788,0.00010004686191678,0.000100193305115681,0.000101439807622228,0.000102520672953688,9.3370137619786E-05,0.000104957973235287,9.32059192564338E-05,9.39625533646904E-05,0.000107616651803255,0.000447437923867255,0.00095425802282989,0.000464134849607944,1.30185981106479E-05,1.29518366520642E-05,1.25990954984445E-05,4.99441594001837E-05,0.000461313000414521,0.0016655633226037,0.00164499960374087,0.00162620097398758,0.0015953277470544,0.00156975444406271,0.0013525775866583,5.74357727600727E-05,1.02672156572226E-05,1.01008463389007E-05,9.97490769805154E-06,6.57309783491655E-06,6.47655588181806E-06,6.38725532553508E-06,4.19917159888428E-06,4.1440371205681E-06,4.1034322748601E-06,6.08436675975099E-06,9.0586891019484E-06,5.87205940973945E-05,0.000386836443794891,0.00106429529841989,0.00130030885338783,0.00134145654737949,0.00135916646104306,0.00137576402630657,0.00139446486718953,0.00141785538289696,0.0014410192379728,0.00146320008207113,0.00148735789116472,0.00151618127711117,0.00154288718476892,0.00155704352073371,0.00156708899885416,0.00157160882372409,0.00157263432629406,0.00155220017768443,0.00147587363608181,0.00139130267780274,0.00106722151394933,0.000633808027487248,0.000352146860677749,9.65202489169315E-05,1.17410399980145E-05,1.19807064038469E-05,2.28265053010546E-05,-9999,-9999,-9999,-9999,-9999,-9999,-9999,-9999,-9999,-9999,-9999,-9999,-9999,-9999,-9999,-9999,-9999
-9999,-9999,-9999,-9999,-9999,-9999,-9999,-9999,-9999,-9999,-9999,-9999,-9999,-9999,-9999,-9999,-9999,-9999,-9999,-9999,-9999,0.000184340344276279,0.00103900209069252,0.00152606412302703,0.00171588163357228,0.00163159286603332,0.0015338045777753,0.0014772234717384,0.0015721699455753,0.00169491185806692,0.00179025158286095,0.00178061926271766,0.00182966177817434,0.0018687688279897,0.00183700525667518,0.0019044749205932,0.00189295050222427,0.00186327216215432,0.00188005215022713,0.00187779089901596,0.00183565902989358,0.00178849813528359,0.00168370525352657,0.00150982174091041,0.00132851966191083,0.00105971447192132,0.000669530360028148,0.000363814324373379,0.000398812029743567,0.000326909532304853,0.000239594141021371,0.000156182402861305,0.000139576091896743,0.000111651097540744,0.000110926237539388,0.000169485079823062,0.00015047294436954,0.000148120656376705,0.000228357224841602,0.00100500555709004,0.00165736733470112,0.00180951715447009,0.00176294101402164,0.000557643594220281,1.23792833619518E-05,1.21511566248955E-05,1.17936324386392E-05,0.00166828604415059,0.00164897867944092,0.00162972416728735,0.00116276368498802,1.08361573438742E-05,1.07125360955251E-05,1.0643223504303E-05,-9999,-9999,-9999,-9999,-9999,-9999,-9999,2.78601032732695E-06,2.76585251413053E-06,4.09113727073418E-06,6.0762158682337E-06,9.04938042367576E-06,2.05465476028621E-05,0.000125601087347604,0.000504801282659173,0.00108356936834753,0.00130359071772546,0.00133716640993953,0.00135417701676488,0.00138056790456176,0.00140548218041658,0.00142873579170555,0.00145201606210321,0.00147815758828074,0.00150249514263123,0.00152305979281664,0.00153704348485917,0.00154774123802781,0.00156136124860495,0.00157854298595339,0.00157381501048803,0.00153375929221511,0.00143680511973798,0.00124843092635274,0.000956473406404257,0.000576848105993122,0.00031384767498821,0.000100467615993693,6.74139882903546E-05,5.39843604201451E-05,7.19890813343227E-05,-9999,-9999,-9999,-9999,-9999,-9999,-9999,-9999,-9999,-9999,-9999,-9999,-9999,-9999,-9999,-9999
-9999,-9999,-9999,-9999,-9999,-9999,-9999,-9999,-9999,-9999,-9999,-9999,-9999,-9999,-9999,-9999,-9999,-9999,-9999,9.56937510636635E-05,0.000260251079453155,0.00145097251515836,0.00173544732388109,0.00174025655724108,0.00170461996458471,0.00177988933864981,0.00174146296922117,0.00173506024293602,0.00185097579378635,0.00186362979002297,0.0018933693645522,0.00191763299517334,0.00189367355778813,0.00186703423969448,0.00190757913514972,0.00192345888353884,0.00191228394396603,0.00188659119885415,0.00189342373050749,0.00190184894017875,0.00189899862743914,0.00188032165169716,0.0018689741846174,0.00182687805499882,0.00178323336876929,0.00168823916465044,0.00157516915351152,0.00146408658474684,0.00113714288454503,0.000752763007767498,0.000319228682201356,0.00031755564850755,0.000347526569385082,0.00037899092421867,0.000493163999635726,0.000729315332137048,0.00109793886076659,0.00119835708756,0.00148203526623547,0.00175918114837259,0.00181629217695445,0.00181488832458854,0.00180455413646996,0.00180409918539226,4.44115539721679E-05,0.0017038433579728,0.00172227958682925,0.00167522998526692,0.00129549123812467,2.81994816759834E-05,1.10618166218046E-05,-9999,-9999,-9999,-9999,-9999,-9999,-9999,-9999,-9999,-9999,-9999,-9999,2.7311598387314E-06,4.06615345127648E-06,6.05798641117872E-06,9.0414005171624E-06,6.2490493291989E-05,0.000254287733696401,0.000716198061127216,0.00117985543329269,0.00131253956351429,0.00133908551651984,0.00135700264945626,0.00138006953056902,0.00140417693182826,0.00142860691994429,0.00145392015110701,0.00147666374687105,0.00149519077967852,0.00151000905316323,0.00152112566865981,0.00153001060243696,0.00154453807044774,0.001554383081384,0.00153714569751173,0.00149579835124314,0.00142750749364495,0.00128562480676919,0.000889054732397199,0.000482921110233292,0.000342270621331409,0.000213428618735634,8.22321235318668E-05,7.92549035395496E-05,-9999,-9999,-9999,-9999,-9999,-9999,-9999,-9999,-9999,-9999,-9999,-9999,-9999,-9999,-9999,-9999
-9999,-9999,-9999,-9999,-9999,-9999,-9999,-9999,-9999,-9999,-9999,-9999,-9999,-9999,-9999,-9999,-9999,-9999,0.000283613189822063,0.000716940965503454,0.00163247715681791,0.00184793130028993,0.00185261096339673,0.00190238084178418,0.0019237759988755,0.00190145976375788,0.00199555209837854,0.00202533812262118,0.00200477964244783,0.00198032474145293,0.00195486377924681,0.00191945605911314,0.00188358849845827,0.00192591489758343,0.00191670143976808,0.00194147718138993,0.00193149445112795,0.00193513021804392,0.00191867456305772,0.00191284343600273,0.00190560868941247,0.00189560768194497,0.00188745860941708,0.00187693384941667,0.00186041335109621,0.00182972056791186,0.00179466395638883,0.00173284090124071,0.00163660733960569,0.00142471236176789,0.000892872456461191,0.000493674771860242,0.000627802102826536,0.00113947805948555,0.0013592584291473,0.00146560242865235,0.00146740255877376,0.00159732170868665,0.00176022737286985,0.00179535162169486,0.0017930967733264,0.00177853566128761,0.00176586641464382,0.00175379624124616,0.00172874191775918,0.00170483370311558,0.0016117156483233,2.43066060647834E-05,-9999,-9999,-9999,-9999,-9999,-9999,-9999,-9999,-9999,-9999,-9999,-9999,-9999,-9999,-9999,-9999,-9999,6.05070454184897E-06,9.03054115042323E-06,2.71784592769109E-05,0.000125495207612403,0.000423628691351041,0.000933441158849746,0.00126367597840726,0.00131922273430973,0.00133866514079273,0.00135492940898985,0.00137349625583738,0.00139656628016382,0.0014213501708582,0.00144273799378425,0.00145997956860811,0.00147216650657356,0.00148310174699873,0.00149560417048633,0.00150645116809756,0.00151920132339001,0.00151443865615875,0.00147635221946985,0.00142347277142107,0.00135401485022157,0.0011921573895961,0.00077805359615013,0.000476428540423512,0.000188429534318857,9.0603411081247E-05,7.99213812570088E-05,-9999,-9999,-9999,-9999,-9999,-9999,-9999,-9999,-9999,-9999,-9999,-9999,-9999,-9999,-9999,-9999
-9999,-9999,-9999,-9999,-9999,-9999,-9999,-9999,-9999,-9999,-9999,-9999,1.38429131766316E-05,4.11532455473207E-05,-9999,9.61283440119587E-05,0.000203648800379597,0.000766517536249012,0.00142389931716025,0.00173611240461469,0.00195349589921534,0.00201462069526315,0.00204325187951326,0.00204732222482562,0.002039814600721,0.00204917485825717,0.00205000163987279,0.00203683390282094,0.00203171255998313,0.00201257900334895,0.00198964448645711,0.0019740522839129,0.00196736305952072,0.00196465011686087,0.00195838534273207,0.00195465632714331,0.00194575998466462,0.00193676503840834,0.00192382023669779,0.00190878135617822,0.00189327541738749,0.00187848252244294,0.00186882400885224,0.00186093873344362,0.00185242458246648,0.00184078281745315,0.00182676326949149,0.00180700817145407,0.00177996221464127,0.00172904296778142,0.00160500733181834,0.00134521466679871,0.00117319158744067,0.00126405654009432,0.00134714785963297,0.0014529530890286,0.00156115414574742,0.00173154613003135,0.0017723327036947,0.00175408320501447,0.00174902961589396,0.00174453679937869,0.001737812301144,0.0017246789066121,0.00170568912290037,0.00169895170256495,1.89068559848238E-05,-9999,-9999,-9999,-9999,-9999,-9999,-9999,-9999,-9999,-9999,-9999,-9999,-9999,-9999,-9999,-9999,-9999,-9999,-9999,6.04634806222748E-06,9.02509418665431E-06,4.44304459961131E-05,0.000199403482838534,0.000608090602327138,0.0011097639799118,0.00129032286349684,0.00131991156376898,0.00133697199635208,0.00134578277356923,0.00136355170980096,0.00138603278901428,0.00140499463304877,0.00142041489016265,0.00143142987508327,0.00143884925637394,0.0014496793737635,0.00146522535942495,0.00147716561332345,0.00148030510172248,0.00146514619700611,0.00142886769026518,0.00138585979584605,0.00127658317796886,0.000937846081797034,0.000503447372466326,0.00020305163343437,9.84691505436786E-05,7.77860550442711E-05,-9999,-9999,-9999,-9999,-9999,-9999,-9999,-9999,-9999,-9999,-9999,-9999,-9999,-9999,-9999,-9999
-9999,-9999,-9999,-9999,-9999,-9999,-9999,-9999,-9999,-9999,1.3488448530552E-05,1.35085647343658E-05,1.35821055664564E-05,0.000152432403410785,0.00037165085086599,0.000985264079645276,0.00150063121691346,0.00174690713174641,0.00191655557136983,0.00200939574278891,0.00204842980019748,0.00205953512340784,0.00206244736909866,0.00206165784038603,0.0020587604958564,0.00205045728944242,0.00204257993027568,0.00203133933246136,0.00201724236831069,0.00200013164430857,0.00198305211961269,0.00196550157852471,0.00195138959679753,0.00194200535770506,0.00193324475549161,0.00192719395272434,0.00192013301420957,0.00190944876521826,0.00189606298226863,0.00188103609252721,0.00186522176954895,0.00184895365964621,0.00183572864625603,0.00182701065205038,0.0018192701973021,0.00180985953193158,0.00179947738070041,0.00178780860733241,0.00177442561835051,0.00176087860018015,0.0017458104994148,0.00172649743035436,0.00170984410215169,0.00169956753961742,0.00170433800667524,0.0017359028570354,0.00175116048194468,0.00175518111791462,0.00175097864121199,0.00173288944642991,0.00043886894127354,1.16753217298537E-05,1.169867846329E-05,3.14555181830656E-05,0.000767190009355545,8.70261428644881E-05,-9999,-9999,-9999,-9999,-9999,-9999,-9999,-9999,-9999,-9999,-9999,-9999,-9999,-9999,-9999,-9999,-9999,-9999,-9999,-9999,-9999,6.03875332672033E-06,9.00963823369239E-06,4.62446841993369E-05,0.00023886704002507,0.00071677309460938,0.00118656666018069,0.00129905599169433,0.00131498579867184,0.00132580427452922,0.00133302970789373,0.00134929816704243,0.00136500236112624,0.0013801452005282,0.0013896101154387,0.001397002954036,0.00140275293961167,0.00141903513576835,0.00143319589551538,0.00143983482848853,0.00143500231206417,0.0014183335006237,0.00136922998353839,0.00126312021166086,0.00103017792571336,0.000654256553389132,0.00024048489285633,0.000106513958598953,7.54403590690345E-05,-9999,-9999,-9999,-9999,-9999,-9999,-9999,-9999,-9999,-9999,-9999,-9999,-9999,-9999,-9999,-9999
-9999,-9999,-9999,-9999,-9999,-9999,-9999,-9999,9.14798947633244E-05,9.1382498794701E-05,2.16436128539499E-05,3.63764193025418E-05,0.000266444345470518,0.00120185245759785,0.00163814087864012,0.00179695663973689,0.00191655708476901,0.0019847375806421,0.00201307144016027,0.00203662365674973,0.00204801303334534,0.00205120095051825,0.00205130130052567,0.00204592617228627,0.00203854753635824,0.00202754372730851,0.0020141254644841,0.00199862057343125,0.00198225630447268,0.00196436676196754,0.00194625358562917,0.00192818429786712,0.00191281398292631,0.0019038028549403,0.00189412070903927,0.00188681064173579,0.00187701196409762,0.0018656748579815,0.00185195752419531,0.00183529255446047,0.00181771581992507,0.00180076179094613,0.0017881179228425,0.00178042496554554,0.00177268241532147,0.00176311796531081,0.00175277993548661,0.00174212967976928,0.00173067790456116,0.00172084826044738,0.00171391246840358,0.00171188439708203,0.0017141995485872,0.00171861122362316,0.00172560487408191,0.00173018896020949,0.00173131842166185,0.0017309010727331,0.00172525434754789,0.00170963106211275,0.00165540690068156,1.15262246254133E-05,-9999,-9999,-9999,-9999,-9999,-9999,-9999,-9999,-9999,-9999,-9999,-9999,-9999,-9999,-9999,-9999,-9999,-9999,-9999,-9999,-9999,-9999,-9999,-9999,-9999,-9999,6.02692580287112E-06,8.99173573998269E-06,1.60602903633844E-05,0.000129751395434141,0.000592829310335219,0.00114979653153569,0.00128732668235898,0.00130667351186275,0.0013116393238306,0.00131666683591902,0.00132573279552162,0.00133934570476413,0.00134929898194969,0.00135859288275242,0.00136634020600468,0.00137454003561288,0.00138818821869791,0.00139695848338306,0.00139880029018968,0.00138913362752646,0.00135363719891757,0.00127805513329804,0.00109701778274029,0.000717848888598382,0.000256148807238787,0.000102983198303264,7.30518877389841E-05,-9999,-9999,-9999,-9999,-9999,-9999,-9999,-9999,-9999,-9999,-9999,-9999,-9999,-9999,-9999,-9999
-9999,-9999,-9999,-9999,-9999,-9999,-9999,-9999,8.97525897016749E-05,0.000102361496828962,0.000112863483082037,0.000437529000919312,0.0016034689033404,0.00183754879981279,0.00189160171430558,0.00194154784549028,0.00198531965725124,0.00201095314696431,0.00202472414821386,0.00203035795129836,0.00203158566728234,0.00203087250702083,0.00202546897344291,0.00201700138859451,0.00200621271505952,0.0019924461375922,0.00197519967332482,0.00195523141883314,0.00193836411926895,0.00192285282537341,0.00190565839875489,0.00188799970783293,0.00187323905993253,0.00186155934352428,0.00185280316509306,0.00184400356374681,0.00183396588545293,0.00182107312139124,0.00180586904753,0.00178790721111,0.00176947435829788,0.00175176269840449,0.0017377445474267,0.00172826508060098,0.00171853159554303,0.00170841068029404,0.00169843924231827,0.00168993789702654,0.00168003095313907,0.00167192111257464,0.00166683841962367,0.00166838453151286,0.00167459470685571,0.00168308615684509,0.00169198028743267,0.00169798103161156,0.00169951526913792,0.00169479881878942,0.00168906420003623,0.00168340920936316,0.00160347577184439,1.14648946691887E-05,-9999,-9999,-9999,-9999,-9999,-9999,-9999,-9999,-9999,-9999,-9999,-9999,-9999,-9999,-9999,-9999,-9999,-9999,-9999,-9999,-9999,-9999,-9999,-9999,-9999,-9999,-9999,-9999,8.97357949725119E-06,8.97920381248696E-06,1.82808616955299E-05,0.000183705007657409,0.000904075335711241,0.00125787942670286,0.00128867430612445,0.00129069830290973,0.00129268842283636,0.00129936670418829,0.00130926666315645,0.00131707976106554,0.00132667925208807,0.0013354083057493,0.0013451084960252,0.00135411228984594,0.00135628087446094,0.00135517329908907,0.00133230653591454,0.00128453120123595,0.00116229988634586,0.000733136665076017,0.000270867196377367,8.85146728251129E-05,7.26910802768543E-05,-9999,-9999,-9999,-9999,-9999,-9999,-9999,-9999,-9999,-9999,-9999,-9999,-9999,-9999,-9999,-9999
-9999,-9999,-9999,-9999,-9999,-9999,9.27137734834105E-05,9.17513607419096E-05,9.17197248782031E-05,0.000260799046372995,0.0012220221105963,0.0017025729175657,0.00187932362314314,0.00192336039617658,0.0019591124728322,0.00198045000433922,0.00199620192870498,0.00200541317462921,0.00200994615443051,0.00200888700783253,0.0020034546032548,0.00199693441390991,0.00198952411301434,0.0019788253121078,0.00196410482749343,0.00195128296036273,0.00193297350779176,0.00191452656872571,0.00189681793563068,0.00187834212556481,0.0018581097247079,0.00184200226794928,0.00182964245323092,0.00181780057027936,0.00180741713847965,0.00179745035711676,0.00178689428139478,0.00177633331622928,0.00176247907802463,0.0017460728995502,0.00172612187452614,0.00170942628756166,0.00169339764397591,0.0016817256109789,0.00167095463257283,0.00166129530407488,0.00165186880622059,0.00164067652076483,0.00163333746604621,0.00162577454466373,0.00162233039736748,0.00162539025768638,0.00163194036576897,0.0016417084261775,0.00164774700533599,0.00165592471603304,0.00166178587824106,0.00165748770814389,0.00164381845388561,0.00078874675091356,1.13985097414115E-05,-9999,-9999,-9999,-9999,-9999,-9999,-9999,-9999,-9999,-9999,-9999,-9999,-9999,-9999,-9999,-9999,-9999,-9999,-9999,-9999,-9999,-9999,-9999,-9999,-9999,-9999,-9999,-9999,-9999,-9999,-9999,-9999,8.90789033292094E-06,2.49800195888383E-05,0.000419675256125629,0.00114676577504724,0.00126313138753176,0.00126584013924003,0.00126478169113398,0.00126760196872056,0.00127686187624931,0.00128524494357407,0.00129628577269614,0.00130478257779032,0.00131115422118455,0.00131366483401507,0.00131154246628284,0.00129861838649958,0.00127018976490945,0.00115852954331785,0.000821092922706157,0.000372119102394208,7.44659046176821E-05,-9999,-9999,-9999,-9999,-9999,-9999,-9999,-9999,-9999,-9999,-9999,-9999,-9999,-9999,-9999,-9999,-9999
-9999,-9999,-9999,-9999,-9999,-9999,9.21524842851795E-05,0.000115263319457881,0.000432897184509784,0.00145932100713253,0.00179117918014526,0.00189112545922399,0.00192565016914159,0.00194103654939681,0.00195368216373026,0.00196486501954496,0.00197708606719971,0.00198579113930464,0.00198796577751637,0.00198240811005235,0.00197152327746153,0.00196194788441062,0.00195358693599701,0.00194144668057561,0.00192591198720038,0.0019119264325127,0.00189358054194599,0.00187370926141739,0.0018554754788056,0.00183546729385853,0.00181209028232843,0.00179427629336715,0.00177649070974439,0.00176057394128293,0.00174177414737642,0.00173049897421151,0.00172535271849483,0.00172179762739688,0.00171298906207085,0.00170359876938164,0.00168001325801015,0.00166815822012722,0.00165003491565585,0.00163911283016205,0.0016311495564878,0.00162666710093617,0.00161691592074931,0.00161340017803013,0.00160419440362602,0.00160248065367341,0.00159804709255695,0.0016045649535954,0.00161395827308297,0.00132046139333397,0.0015277867205441,0.00130914361216128,3.58975812559947E-05,1.12468705992796E-05,1.12756733869901E-05,-9999,-9999,-9999,-9999,-9999,-9999,-9999,-9999,-9999,-9999,-9999,-9999,-9999,-9999,-9999,-9999,-9999,-9999,-9999,-9999,-9999,-9999,-9999,-9999,-9999,-9999,-9999,-9999,-9999,-9999,-9999,-9999,-9999,-9999,-9999,8.76338617672445E-06,8.69517680257559E-06,0.000173447886481881,0.00101328280288726,0.00123220414388925,0.00123243511188775,0.00122989830560982,0.0012357069645077,0.00124676828272641,0.00125638337340206,0.00126506807282567,0.0012691211886704,0.00126929790712893,0.00126788567285985,0.00125935534015298,0.00124261516612023,0.0011714946012944,0.000924296851735562,0.000389249384170398,9.89274267340079E-05,7.92624996392988E-05,6.18543417658657E-05,-9999,-9999,-9999,-9999,-9999,-9999,-9999,-9999,-9999,-9999,-9999,-9999,-9999,-9999,-9999
-9999,-9999,-9999,-9999,0.000118179901619442,0.000130691056256182,9.26494394661859E-05,0.000396503019146621,0.00153776025399566,0.00182804826181382,0.0019024278735742,0.00191534520126879,0.00191766023635864,0.00192187179345638,0.00192889862228185,0.00193924817722291,0.00195168575737625,0.00196039513684809,0.00196114648133516,0.00195311836432666,0.00193977192975581,0.00192661699838936,0.00192306854296476,0.00190203485544771,0.00188646710012108,0.00187395210377872,0.00185099255759269,0.00184475956484675,0.00182566209696233,0.00180601770989597,0.00177709490526468,0.0017514075152576,0.00172748207114637,0.00172102334909141,0.00169419951271266,0.00169181753881276,0.00169139949139208,0.00168041069991887,0.00168674567248672,0.000230533623835072,0.00115689553786069,0.000943994498811662,0.00160395284183323,0.00114015559665859,0.00146662327460945,0.001588762155734,0.00158993108198047,0.000844103051349521,0.000268765346845612,0.000759613292757422,0.000106654566479847,9.24127525649965E-05,1.09034990600776E-05,1.09338789116009E-05,-9999,-9999,-9999,-9999,-9999,-9999,-9999,-9999,-9999,-9999,-9999,-9999,-9999,-9999,-9999,-9999,-9999,-9999,-9999,-9999,-9999,-9999,-9999,-9999,-9999,-9999,-9999,-9999,-9999,-9999,-9999,-9999,-9999,-9999,-9999,-9999,-9999,-9999,-9999,-9999,-9999,5.71032887819456E-06,8.38609594211448E-06,0.000272829289315268,0.00113063817843795,0.0011979544069618,0.00119387917220592,0.00119698618073016,0.00120997929479927,0.00121873500756919,0.00122489815112203,0.00122677290346473,0.00122516602277756,0.00122319266665727,0.00121942907571793,0.00120883563067764,0.00116244761738926,0.000886852911207825,0.000312272575683892,6.02001746301539E-05,5.97500111325644E-05,4.25848629674874E-05,6.18325793766417E-05,-9999,-9999,-9999,-9999,-9999,-9999,-9999,-9999,-9999,-9999,-9999,-9999,-9999,-9999
-9999,-9999,-9999,-9999,9.43161940085702E-05,0.000145584010169841,0.000220325397094712,0.00146058294922113,0.00184918381273746,0.00190979358740151,0.0019121008226648,0.00190463720355183,0.00189928396139294,0.00189513969235122,0.00189513363875449,0.00190248270519078,0.00191595265641809,0.00193252973258495,0.00193317595403641,0.00150682323146611,2.00996473722626E-05,1.30540101963561E-05,1.29910304167424E-05,1.29077907331521E-05,1.28123665490421E-05,1.27086004795274E-05,6.06669818807859E-05,1.24644902825821E-05,4.69491387775633E-05,1.21613120427355E-05,0.000155879271915182,0.00122957746498287,0.00162634486332536,0.00156933674588799,0.00167281902395189,0.00163746438920498,0.00166130997240543,0.00164463534019887,0.000474165688501671,1.13809001049958E-05,1.12777815957088E-05,1.11867475425242E-05,1.11015779111767E-05,1.10283735921257E-05,1.09643633550149E-05,1.09168177004904E-05,1.08880449261051E-05,-9999,-9999,-9999,-9999,-9999,-9999,-9999,-9999,-9999,-9999,-9999,-9999,-9999,-9999,-9999,-9999,-9999,-9999,-9999,-9999,-9999,-9999,-9999,-9999,-9999,-9999,-9999,-9999,-9999,-9999,-9999,-9999,-9999,-9999,-9999,-9999,-9999,-9999,-9999,-9999,-9999,-9999,-9999,-9999,-9999,-9999,-9999,-9999,-9999,8.14658687886549E-06,5.45568218512926E-05,0.000979974400252104,0.00115608726628125,0.00115979718975723,0.00115819089114666,0.00116980238817632,0.00117809663061053,0.0011826972477138,0.00118404370732605,0.00118093274068087,0.00117790885269642,0.00117493653669953,0.00116829585749656,0.00113751972094178,0.000947778869885951,0.00047793792327866,0.000160926996613853,2.84643028862774E-05,9.66575753409415E-05,5.8672550949268E-05,-9999,-9999,-9999,-9999,-9999,-9999,-9999,-9999,-9999,-9999,-9999,-9999,-9999,-9999
-9999,-9999,-9999,-9999,-9999,9.24044434214011E-05,0.00106001598760486,0.00183230638504028,0.00191129196900874,0.00191482086665928,0.00190159457270056,0.00188637827523053,0.00187537388410419,0.00186056096572429,0.00185506290290505,0.00186846347060055,0.00112588447518647,1.29015870697913E-05,1.29819836729439E-05,1.30132557387697E-05,-9999,-9999,-9999,-9999,-9999,-9999,-9999,-9999,-9999,-9999,-9999,-9999,-9999,4.28707135142758E-05,0.000124736659927294,0.0001076883636415,0.000143146782647818,1.13948881335091E-05,-9999,-9999,-9999,-9999,-9999,-9999,-9999,-9999,-9999,-9999,-9999,-9999,-9999,-9999,-9999,-9999,-9999,-9999,-9999,-9999,-9999,-9999,-9999,-9999,-9999,-9999,-9999,-9999,-9999,-9999,-9999,-9999,-9999,-9999,-9999,-9999,-9999,-9999,-9999,-9999,-9999,-9999,-9999,-9999,-9999,-9999,-9999,-9999,-9999,-9999,-9999,-9999,-9999,-9999,-9999,-9999,-9999,-9999,5.32250396645395E-06,7.77816876507131E-06,0.000829676748253405,0.00111556216143072,0.00112126371823251,0.00111915182787925,0.00113290105946362,0.00113643042277545,0.00113980914466083,0.00114091683644801,0.00113895256072283,0.00113598362077028,0.00113147008232772,0.00112622289452702,0.00111257040407509,0.00100632279645652,0.000654797302559018,0.000191918108612299,0.000105661783891264,6.42017112113535E-05,-9999,-9999,-9999,-9999,-9999,-9999,-9999,-9999,-9999,-9999,-9999,-9999,-9999,-9999,-9999
-9999,-9999,-9999,-9999,-9999,0.000366183987352997,0.00172007235232741,0.00190384441521019,0.00192121230065823,0.00190810940694064,0.00188858981709927,0.00186681270133704,0.00184391182847321,0.00182978832162917,0.00182263250462711,0.000209342673770152,1.26811091831769E-05,8.54575864650542E-06,-9999,-9999,-9999,-9999,-9999,-9999,-9999,-9999,-9999,-9999,-9999,-9999,-9999,-9999,-9999,-9999,-9999,-9999,-9999,-9999,-9999,-9999,-9999,-9999,-9999,-9999,-9999,-9999,-9999,-9999,-9999,-9999,-9999,-9999,-9999,-9999,-9999,-9999,-9999,-9999,-9999,-9999,-9999,-9999,-9999,-9999,-9999,-9999,-9999,-9999,-9999,-9999,-9999,-9999,-9999,-9999,-9999,-9999,-9999,-9999,-9999,-9999,-9999,-9999,-9999,-9999,-9999,-9999,-9999,-9999,-9999,-9999,-9999,-9999,-9999,-9999,-9999,-9999,-9999,7.48625598134822E-06,0.000624556676484644,0.00107770424801856,0.00108284002635628,0.00108240731060505,0.00109384942334145,0.00109454046469182,0.00109655666165054,0.0010983981192112,0.00109862629324198,0.00109638657886535,0.00109258096199483,0.00108751433435827,0.00107600982300937,0.00103169935755432,0.000742829870432615,0.000372888200217858,7.15697678970173E-05,5.17700937052723E-05,-9999,-9999,-9999,-9999,-9999,-9999,-9999,-9999,-9999,-9999,-9999,-9999,-9999,-9999,-9999
-9999,-9999,9.69005050137639E-05,9.58721429924481E-05,9.39316159929149E-05,0.0010089494753629,0.00187045219354331,0.00191993487533182,0.00191786175128073,0.00189721642527729,0.0018731391755864,0.00184626446571201,0.00182250456418842,0.00179335603024811,0.000108260872366372,1.25037859106669E-05,8.41592918732204E-06,-9999,-9999,-9999,-9999,-9999,-9999,-9999,-9999,-9999,-9999,-9999,-9999,-9999,-9999,-9999,-9999,-9999,-9999,-9999,-9999,-9999,-9999,-9999,-9999,-9999,-9999,-9999,-9999,-9999,-9999,-9999,-9999,-9999,-9999,-9999,-9999,-9999,-9999,-9999,-9999,-9999,-9999,-9999,-9999,-9999,-9999,-9999,-9999,-9999,-9999,-9999,-9999,-9999,-9999,-9999,-9999,-9999,-9999,-9999,-9999,-9999,-9999,-9999,-9999,-9999,-9999,-9999,-9999,-9999,-9999,-9999,-9999,-9999,-9999,-9999,-9999,-9999,-9999,-9999,-9999,7.24757819625665E-06,0.000359943573130295,0.00104088522493839,0.00104893837124109,0.00104491179808974,0.00104855699464679,0.00105371698737144,0.00105357123538852,0.00105858163442463,0.00106062972918153,0.00105898838955909,0.00105503376107663,0.00104997772723436,0.00104207603726536,0.00101393996737897,0.00089059304445982,0.000562377506867051,0.000299860170343891,6.77864445606247E-05,-9999,-9999,-9999,-9999,-9999,-9999,-9999,-9999,-9999,-9999,-9999,-9999,-9999,-9999,-9999
-9999,-9999,-9999,-9999,0.000116329683805816,0.00158095173537731,0.00189931353088468,0.00192172278184444,0.0019088436383754,0.00188225158490241,0.00185541284736246,0.00182903103996068,0.00180971436202526,0.000155374189489521,1.23758063637069E-05,8.31513170851395E-06,-9999,-9999,-9999,-9999,-9999,-9999,-9999,-9999,-9999,-9999,-9999,-9999,-9999,-9999,-9999,-9999,-9999,-9999,-9999,-9999,-9999,-9999,-9999,-9999,-9999,-9999,-9999,-9999,-9999,-9999,-9999,-9999,-9999,-9999,-9999,-9999,-9999,-9999,-9999,-9999,-9999,-9999,-9999,-9999,-9999,-9999,-9999,-9999,-9999,-9999,-9999,-9999,-9999,-9999,-9999,-9999,-9999,-9999,-9999,-9999,-9999,-9999,-9999,-9999,-9999,-9999,-9999,-9999,-9999,-9999,-9999,-9999,-9999,-9999,-9999,-9999,-9999,-9999,-9999,-9999,-9999,7.03639807397849E-06,0.000186842036782764,0.00100155849941075,0.00101227662526071,0.00101151305716485,0.00101010676007718,0.00101503520272672,0.00101408560294658,0.00102060369681567,0.00102557078935206,0.00102361373137683,0.00101897493004799,0.0010142883984372,0.00100609438959509,0.000990253174677491,0.000944018422160298,0.000817000458482653,0.000506337906699628,0.000150254287291318,-9999,-9999,-9999,-9999,-9999,-9999,-9999,-9999,-9999,-9999,-9999,-9999,-9999,-9999,-9999
-9999,-9999,-9999,-9999,0.000246480864007026,0.00171734485775232,0.00190577516332269,0.00191624311264604,0.00189815578050911,0.00186703901272267,0.00184038758743554,0.00181638344656676,0.00121518701780587,1.23044110296178E-05,8.23611208033981E-06,-9999,-9999,-9999,-9999,-9999,-9999,-9999,-9999,-9999,-9999,-9999,-9999,-9999,-9999,-9999,-9999,-9999,-9999,-9999,-9999,-9999,-9999,-9999,-9999,-9999,-9999,-9999,-9999,-9999,-9999,-9999,-9999,-9999,-9999,-9999,-9999,-9999,-9999,-9999,-9999,-9999,-9999,-9999,-9999,-9999,-9999,-9999,-9999,-9999,-9999,-9999,-9999,-9999,-9999,-9999,-9999,-9999,-9999,-9999,-9999,-9999,-9999,-9999,-9999,-9999,-9999,-9999,-9999,-9999,-9999,-9999,-9999,-9999,-9999,-9999,-9999,-9999,-9999,-9999,-9999,-9999,-9999,6.84604310663417E-06,7.43719283491373E-05,0.000958379358053207,0.000975405564531684,0.000979240168817341,0.00097480439580977,0.000975836825091392,0.000978226307779551,0.000981408753432333,0.000987696810625494,0.000986469560302794,0.000983599689789116,0.000978893949650228,0.000972258800175041,0.000961725716479123,0.000941340113058686,0.000896834942977875,0.000749400060158223,0.000402303645387292,5.46719675185159E-05,-9999,-9999,-9999,-9999,-9999,-9999,-9999,-9999,-9999,-9999,-9999,-9999,-9999,-9999
-9999,-9999,-9999,-9999,0.000199582253117114,0.00169036327861249,0.00190128805115819,0.00190747901797295,0.00188698607962579,0.00185560050886124,0.00182989379391074,0.00180662400089204,1.22598366942839E-05,8.19116303318879E-06,5.49122341908514E-06,-9999,-9999,-9999,-9999,-9999,-9999,-9999,-9999,-9999,-9999,-9999,-9999,-9999,-9999,-9999,-9999,-9999,-9999,-9999,-9999,-9999,-9999,-9999,-9999,-9999,-9999,-9999,-9999,-9999,-9999,-9999,-9999,-9999,-9999,-9999,-9999,-9999,-9999,-9999,-9999,-9999,-9999,-9999,-9999,-9999,-9999,-9999,-9999,-9999,-9999,-9999,-9999,-9999,-9999,-9999,-9999,-9999,-9999,-9999,-9999,-9999,-9999,-9999,-9999,-9999,-9999,-9999,-9999,-9999,-9999,-9999,-9999,-9999,-9999,-9999,-9999,-9999,-9999,-9999,-9999,-9999,-9999,4.43194085164578E-06,6.55600251775468E-06,0.000905188382603228,0.000943177205044776,0.000946915650274605,0.000944582803640515,0.000939221819862723,0.000943967839702964,0.000947530788835138,0.000949563342146575,0.000950408284552395,0.000949015724472702,0.000945760519243777,0.000939801393542439,0.000930442998651415,0.000919247453566641,0.000897816731594503,0.000829073251225054,0.000599159859120846,0.000186502787983045,4.23322308051866E-05,-9999,-9999,-9999,-9999,-9999,-9999,-9999,-9999,-9999,-9999,-9999,-9999,-9999
-9999,-9999,-9999,-9999,0.000103611346276011,0.00153643905650824,0.00188925920519978,0.00189852481707931,0.00188073411118239,0.00185019336640835,0.00182387244421989,0.00179580564144999,1.21992288768524E-05,8.14744089439046E-06,-9999,-9999,-9999,-9999,-9999,-9999,-9999,-9999,-9999,-9999,-9999,-9999,-9999,-9999,-9999,-9999,-9999,-9999,-9999,-9999,-9999,-9999,-9999,-9999,-9999,-9999,-9999,-9999,-9999,-9999,-9999,-9999,-9999,-9999,-9999,-9999,-9999,-9999,-9999,-9999,-9999,-9999,-9999,-9999,-9999,-9999,-9999,-9999,-9999,-9999,-9999,-9999,-9999,-9999,-9999,-9999,-9999,-9999,-9999,-9999,-9999,-9999,-9999,-9999,-9999,-9999,-9999,-9999,-9999,-9999,-9999,-9999,-9999,-9999,-9999,-9999,-9999,-9999,-9999,-9999,-9999,-9999,-9999,4.33072500527487E-06,6.34460457149544E-06,0.000851871038321406,0.000912086223252118,0.000914321164600551,0.000916313380002975,0.000910084520000964,0.000909730733837932,0.00091390690067783,0.000916506978683174,0.000919868994969875,0.000918939127586782,0.000916681019589305,0.000910303206183016,0.000901721534319222,0.000893057091161609,0.000878151331562549,0.000834695994853973,0.000734699831809849,0.000430415122536942,8.06841198937036E-05,5.7622826716397E-05,5.87008889851859E-06,-9999,-9999,-9999,-9999,-9999,-9999,-9999,-9999,-9999,-9999,-9999
-9999,-9999,-9999,-9999,9.24030100577511E-05,0.000831026874948293,0.00184808031190187,0.00189030927140266,0.00187974912114441,0.00185696163680404,0.00182862719520926,0.00180234445724636,2.69935826509027E-05,1.21050834422931E-05,-9999,-9999,-9999,-9999,-9999,-9999,-9999,-9999,-9999,-9999,-9999,-9999,-9999,-9999,-9999,-9999,-9999,-9999,-9999,-9999,-9999,-9999,-9999,-9999,-9999,-9999,-9999,-9999,-9999,-9999,-9999,-9999,-9999,-9999,-9999,-9999,-9999,-9999,-9999,-9999,-9999,-9999,-9999,-9999,-9999,-9999,-9999,-9999,-9999,-9999,-9999,-9999,-9999,-9999,-9999,-9999,-9999,-9999,-9999,-9999,-9999,-9999,-9999,-9999,-9999,-9999,-9999,-9999,-9999,-9999,-9999,-9999,-9999,-9999,-9999,-9999,-9999,-9999,-9999,-9999,-9999,-9999,-9999,-9999,6.14060081716161E-06,0.000811040343251079,0.000882240943610668,0.000882790132891387,0.000889622431714088,0.000883696833625436,0.000880716543179005,0.000885425484739244,0.000890545721631497,0.0008923186105676,0.00089302595006302,0.00088967103511095,0.00088439678074792,0.000876874779351056,0.000869139330461621,0.00085840915562585,0.000827372772619128,0.000754219538066536,0.000567373703233898,0.000133102483232506,4.5622178731719E-05,-9999,-9999,-9999,-9999,-9999,-9999,-9999,-9999,-9999,-9999,-9999,-9999
-9999,-9999,-9999,-9999,9.23451589187607E-05,0.000362776016118005,0.00170829938724637,0.0018785783322528,0.00187505211215466,0.00186206714715809,0.00183939491398633,0.00181219540536404,0.00121920951642096,1.20799541036831E-05,-9999,-9999,-9999,-9999,-9999,-9999,-9999,-9999,-9999,-9999,-9999,-9999,-9999,-9999,-9999,-9999,-9999,-9999,-9999,-9999,-9999,-9999,-9999,-9999,-9999,-9999,-9999,-9999,-9999,-9999,-9999,-9999,-9999,-9999,-9999,-9999,-9999,-9999,-9999,-9999,-9999,-9999,-9999,-9999,-9999,-9999,-9999,-9999,-9999,-9999,-9999,-9999,-9999,-9999,-9999,-9999,-9999,-9999,-9999,-9999,-9999,-9999,-9999,-9999,-9999,-9999,-9999,-9999,-9999,-9999,-9999,-9999,-9999,-9999,-9999,-9999,-9999,-9999,-9999,-9999,-9999,-9999,-9999,-9999,5.98994893152849E-06,0.000725349120330065,0.000857328355778009,0.00085785990813747,0.000863960303831846,0.000864620204083622,0.000859132851473987,0.000856878934428096,0.000864181201905012,0.000866178306750953,0.000866205431520939,0.000863458146341145,0.000859948224388063,0.000853917503263801,0.000847620714921504,0.000836386403534561,0.000813572434708476,0.000755104760173708,0.000652141636237502,0.000248116266448051,4.48364990006667E-05,4.0127237298293E-05,4.04565253120381E-05,-9999,-9999,-9999,-9999,-9999,-9999,-9999,-9999,-9999,-9999
-9999,-9999,-9999,-9999,-9999,0.000101768135209568,0.00139172677882016,0.00185885862447321,0.00186893134377897,0.00186081230640411,0.00184460962191224,0.00181776925455779,0.00178197131026536,1.20635413622949E-05,-9999,-9999,-9999,-9999,-9999,-9999,-9999,-9999,-9999,-9999,-9999,-9999,-9999,-9999,-9999,-9999,-9999,-9999,-9999,-9999,-9999,-9999,-9999,-9999,-9999,-9999,-9999,-9999,-9999,-9999,-9999,-9999,-9999,-9999,-9999,-9999,-9999,-9999,-9999,-9999,-9999,-9999,-9999,-9999,-9999,-9999,-9999,-9999,-9999,-9999,-9999,-9999,-9999,-9999,-9999,-9999,-9999,-9999,-9999,-9999,-9999,-9999,-9999,-9999,-9999,-9999,-9999,-9999,-9999,-9999,-9999,-9999,-9999,-9999,-9999,-9999,-9999,-9999,-9999,-9999,-9999,-9999,-9999,-9999,5.87970816923189E-06,0.000572390388697386,0.000829505908768624,0.000837208586744964,0.000840775261167437,0.000843146117404103,0.000837471627164632,0.000831826182547957,0.000839615357108414,0.000841779401525855,0.000842403096612543,0.00083924998762086,0.000836672261357307,0.000832218385767192,0.000826658273581415,0.00081788731040433,0.000803212577011436,0.000775638269260526,0.000620419625192881,0.000377119053155184,0.000140419026138261,9.41488033276983E-05,5.57004968868569E-05,4.04262391384691E-05,-9999,-9999,-9999,-9999,-9999,-9999,-9999,-9999,-9999
-9999,-9999,-9999,-9999,-9999,2.0656787455664E-05,0.00098026217892766,0.00181637215428054,0.00186268182005733,0.00185858504846692,0.00184588111005723,0.00181967031676322,0.00178285851143301,1.20638414955465E-05,-9999,-9999,-9999,-9999,-9999,-9999,-9999,-9999,-9999,-9999,-9999,-9999,-9999,-9999,-9999,-9999,-9999,-9999,-9999,-9999,-9999,-9999,-9999,-9999,-9999,-9999,-9999,-9999,-9999,-9999,-9999,-9999,-9999,-9999,-9999,-9999,-9999,-9999,-9999,-9999,-9999,-9999,-9999,-9999,-9999,-9999,-9999,-9999,-9999,-9999,-9999,-9999,-9999,-9999,-9999,-9999,-9999,-9999,-9999,-9999,-9999,-9999,-9999,-9999,-9999,-9999,-9999,-9999,-9999,-9999,-9999,-9999,-9999,-9999,-9999,-9999,-9999,-9999,-9999,-9999,-9999,-9999,-9999,-9999,5.80885307499557E-06,0.000189164027688093,0.000798179826233536,0.000817628984805197,0.000820284883957356,0.000821982801426202,0.000817766063846648,0.00081314955605194,0.000817622931208462,0.00082230701809749,0.000821927795186639,0.000817319727502763,0.000814237166196108,0.000810480443760753,0.000805573363322765,0.000800322450231761,0.000789420679211617,0.000753597938455641,0.000638542522210628,0.00052823091391474,0.000415194197557867,0.000346567627275363,0.000103392449091189,3.9535643736599E-05,-9999,-9999,-9999,-9999,-9999,-9999,-9999,-9999,-9999
-9999,-9999,-9999,-9999,-9999,1.26727145470795E-05,0.00070386630250141,0.00180991785600781,0.00185684813186526,0.00185575801879168,0.00184482056647539,0.00181713479105383,0.00176299677696079,1.20714930744725E-05,-9999,-9999,-9999,-9999,-9999,-9999,-9999,-9999,-9999,-9999,-9999,-9999,-9999,-9999,-9999,-9999,-9999,-9999,-9999,-9999,-9999,-9999,-9999,-9999,-9999,-9999,-9999,-9999,-9999,-9999,-9999,-9999,-9999,-9999,-9999,-9999,-9999,-9999,-9999,-9999,-9999,-9999,-9999,-9999,-9999,-9999,-9999,-9999,-9999,-9999,-9999,-9999,-9999,-9999,-9999,-9999,-9999,-9999,-9999,-9999,-9999,-9999,-9999,-9999,-9999,-9999,-9999,-9999,-9999,-9999,-9999,-9999,-9999,-9999,-9999,-9999,-9999,-9999,-9999,-9999,-9999,-9999,-9999,-9999,-9999,5.60505031899083E-06,0.000772368046455085,0.000796067412011325,0.000802740571089089,0.000802899594418705,0.000799193396233022,0.000794242427218705,0.000797614164184779,0.000802828755695373,0.000802009075414389,0.00079858279787004,0.000794315652456135,0.000791067664977163,0.000786226184573025,0.000781825394369662,0.00077499751932919,0.000749409140553325,0.000717749819159508,0.000674080627504736,0.00057549902703613,0.000363244733307511,0.000136583272251301,3.8456404581666E-05,-9999,-9999,-9999,-9999,-9999,-9999,-9999,-9999,-9999
-9999,-9999,-9999,-9999,-9999,-9999,0.000426497863372788,0.00181045383214951,0.00185121910180897,0.00185286754276603,0.0018406449817121,0.0018086014315486,0.0017821048386395,-9999,-9999,-9999,-9999,-9999,-9999,-9999,-9999,-9999,-9999,-9999,-9999,-9999,-9999,-9999,-9999,-9999,-9999,-9999,-9999,-9999,-9999,-9999,-9999,-9999,-9999,-9999,-9999,-9999,-9999,-9999,-9999,-9999,-9999,-9999,-9999,-9999,-9999,-9999,-9999,-9999,-9999,-9999,-9999,-9999,-9999,-9999,-9999,-9999,-9999,-9999,-9999,-9999,-9999,-9999,-9999,-9999,-9999,-9999,-9999,-9999,-9999,-9999,-9999,-9999,-9999,-9999,-9999,-9999,-9999,-9999,-9999,-9999,-9999,-9999,-9999,-9999,-9999,-9999,-9999,-9999,-9999,-9999,-9999,-9999,-9999,5.49588230569498E-06,0.000714850437361747,0.000777820532675833,0.000787701283115894,0.000788237492088228,0.000784785253927112,0.000780637026764452,0.000781562412157655,0.000784942414611578,0.00078340363688767,0.000780983769800514,0.000776787404902279,0.000772073457483202,0.00076748535502702,0.000763210235163569,0.000760024879127741,0.000753045140299946,0.000738060800358653,0.000688667700160295,0.000598125567194074,0.000446046382421628,0.000229495009989478,4.6518547605956E-05,-9999,-9999,-9999,-9999,-9999,-9999,-9999,-9999,-9999
-9999,-9999,-9999,-9999,-9999,-9999,0.000320266757626086,0.00180811423342675,0.00185039080679417,0.00184938183519989,0.00183144654147327,0.00179863756056875,0.00176230992656201,-9999,-9999,-9999,-9999,-9999,-9999,-9999,-9999,-9999,-9999,-9999,-9999,-9999,-9999,-9999,-9999,-9999,-9999,-9999,-9999,-9999,-9999,-9999,-9999,-9999,-9999,-9999,-9999,-9999,-9999,-9999,-9999,-9999,-9999,-9999,-9999,-9999,-9999,-9999,-9999,-9999,-9999,-9999,-9999,-9999,-9999,-9999,-9999,-9999,-9999,-9999,-9999,-9999,-9999,-9999,-9999,-9999,-9999,-9999,-9999,-9999,-9999,-9999,-9999,-9999,-9999,-9999,-9999,-9999,-9999,-9999,-9999,-9999,-9999,-9999,-9999,-9999,-9999,-9999,-9999,-9999,-9999,-9999,-9999,-9999,-9999,5.4140705287864E-06,0.000470597035018727,0.000765395991038531,0.00077439530286938,0.000774186395574361,0.000770614307839423,0.000767767953220755,0.000764995405916125,0.000770001148339361,0.000768306432291865,0.000765830103773624,0.000761511735618114,0.000757074158173054,0.000751960673369467,0.000747412093915045,0.000744039018172771,0.000740376941394061,0.000730396306607872,0.000705560552887619,0.000649369321763515,0.000499184767249972,0.000348345696693286,8.61220614751801E-05,4.43702847405802E-05,3.52737588400487E-05,-9999,-9999,-9999,-9999,-9999,-9999,-9999
-9999,-9999,-9999,-9999,-9999,-9999,0.000508293218445033,0.00183442304842174,0.00185334612615407,0.00184490741230547,0.00182066159322858,0.00178890279494226,0.00161466398276389,-9999,-9999,-9999,-9999,-9999,-9999,-9999,-9999,-9999,-9999,-9999,-9999,-9999,-9999,-9999,-9999,-9999,-9999,-9999,-9999,-9999,-9999,-9999,-9999,-9999,-9999,-9999,-9999,-9999,-9999,-9999,-9999,-9999,-9999,-9999,-9999,-9999,-9999,-9999,-9999,-9999,-9999,-9999,-9999,-9999,-9999,-9999,-9999,-9999,-9999,-9999,-9999,-9999,-9999,-9999,-9999,-9999,-9999,-9999,-9999,-9999,-9999,-9999,-9999,-9999,-9999,-9999,-9999,-9999,-9999,-9999,-9999,-9999,-9999,-9999,-9999,-9999,-9999,-9999,-9999,-9999,-9999,-9999,-9999,-9999,-9999,5.35051458427915E-06,3.1648603908252E-05,0.000755586428567767,0.000761286995839328,0.000761202769353986,0.000756291206926107,0.000752769876271486,0.000751159968785942,0.000754675071220845,0.000755905290134251,0.000753440079279244,0.000748106744140387,0.000742675387300551,0.000737971451599151,0.000734071712940931,0.000729185063391924,0.000726377940736711,0.000717802671715617,0.000698704156093299,0.000654510804452002,0.000574800826143473,0.000406244012992829,0.000153095708810724,7.51846891944297E-05,5.40071232535411E-05,3.42120692948811E-05,-9999,-9999,-9999,-9999,-9999,-9999
-9999,-9999,-9999,-9999,-9999,-9999,-9999,-9999,-9999,-9999,-9999,-9999,-9999,-9999,-9999,-9999,-9999,-9999,-9999,-9999,-9999,-9999,-9999,-9999,-9999,-9999,-9999,-9999,-9999,-9999,-9999,-9999,-9999,-9999,-9999,-9999,-9999,-9999,-9999,-9999,-9999,-9999,-9999,-9999,-9999,-9999,-9999,-9999,-9999,-9999,-9999,-9999,-9999,-9999,-9999,-9999,-9999,-9999,-9999,-9999,-9999,-9999,-9999,-9999,-9999,-9999,-9999,-9999,-9999,-9999,-9999,-9999,-9999,-9999,-9999,-9999,-9999,-9999,-9999,-9999,-9999,-9999,-9999,-9999,-9999,-9999,-9999,-9999,-9999,-9999,-9999,-9999,-9999,-9999,-9999,-9999,-9999,-9999,-9999,-9999,5.1925871957792E-06,0.000725861056707799,0.000748214137274772,0.000748689926695079,0.00074469851097092,0.000740983465220779,0.000738933507818729,0.00074248417513445,0.000745490367989987,0.000741180381737649,0.000735907990019768,0.000730412430129945,0.000724387413356453,0.00072069390444085,0.000716161215677857,0.000712466950062662,0.000708003819454461,0.000696482311468571,0.000668081804178655,0.000602954067289829,0.000439426832599565,0.000231845406233333,0.000148838938912377,0.000110499931906816,5.84186091145966E-05,3.30909570038784E-05,-9999,-9999,-9999,-9999,-9999
-9999,-9999,-9999,-9999,-9999,-9999,-9999,-9999,-9999,-9999,-9999,-9999,-9999,-9999,-9999,-9999,-9999,-9999,-9999,-9999,-9999,-9999,-9999,-9999,-9999,-9999,-9999,-9999,-9999,-9999,-9999,-9999,-9999,-9999,-9999,-9999,-9999,-9999,-9999,-9999,-9999,-9999,-9999,-9999,-9999,-9999,-9999,-9999,-9999,-9999,-9999,-9999,-9999,-9999,-9999,-9999,-9999,-9999,-9999,-9999,-9999,-9999,-9999,-9999,-9999,-9999,-9999,-9999,-9999,-9999,-9999,-9999,-9999,-9999,-9999,-9999,-9999,-9999,-9999,-9999,-9999,-9999,-9999,-9999,-9999,-9999,-9999,-9999,-9999,-9999,-9999,-9999,-9999,-9999,-9999,-9999,-9999,-9999,-9999,-9999,5.11875850861543E-06,0.000549626536667347,0.000739185896236449,0.000736568938009441,0.000733395339921117,0.00072908669244498,0.000726245285477489,0.000731724721845239,0.00073427997995168,0.000729585182853043,0.000722632452379912,0.000717764021828771,0.000711191794835031,0.000707814062479883,0.000703971367329359,0.000702230143360794,0.000698163639754057,0.000690093962475657,0.000660280406009406,0.000590938492678106,0.000450317660579458,0.000284946610918269,0.000208252793527208,0.000119862008432392,7.91067432146519E-05,3.64091174560599E-05,3.21038460242562E-05,-9999,-9999,-9999,-9999
-9999,-9999,-9999,-9999,-9999,-9999,-9999,-9999,-9999,-9999,-9999,-9999,-9999,-9999,-9999,-9999,-9999,-9999,-9999,-9999,-9999,-9999,-9999,-9999,-9999,-9999,-9999,-9999,-9999,-9999,-9999,-9999,-9999,-9999,-9999,-9999,-9999,-9999,-9999,-9999,-9999,-9999,-9999,-9999,-9999,-9999,-9999,-9999,-9999,-9999,-9999,-9999,-9999,-9999,-9999,-9999,-9999,-9999,-9999,-9999,-9999,-9999,-9999,-9999,-9999,-9999,-9999,-9999,-9999,-9999,-9999,-9999,-9999,-9999,-9999,-9999,-9999,-9999,-9999,-9999,-9999,-9999,-9999,-9999,-9999,-9999,-9999,-9999,-9999,-9999,-9999,-9999,-9999,-9999,-9999,-9999,-9999,-9999,-9999,-9999,5.06814012624091E-06,1.30282587633701E-05,0.000732499582227319,0.000726456753909588,0.000723340839613229,0.000718215829692781,0.000716827576979995,0.000722150667570531,0.00072380545316264,0.000719430157914758,0.000712090288288891,0.000706639781128615,0.000699686876032501,0.000695237598847598,0.00069239386357367,0.000690538727212697,0.000683626043610275,0.000673106755129993,0.000649586494546384,0.000579708546865731,0.000477911555208266,0.000360225938493386,0.000258771498920396,0.000156397349201143,8.6255109636113E-05,4.46678313892335E-05,3.15972356474958E-05,-9999,-9999,-9999,-9999
-9999,-9999,-9999,-9999,-9999,-9999,-9999,-9999,-9999,-9999,-9999,-9999,-9999,-9999,-9999,-9999,-9999,-9999,-9999,-9999,-9999,-9999,-9999,-9999,-9999,-9999,-9999,-9999,-9999,-9999,-9999,-9999,-9999,-9999,-9999,-9999,-9999,-9999,-9999,-9999,-9999,-9999,-9999,-9999,-9999,-9999,-9999,-9999,-9999,-9999,-9999,-9999,-9999,-9999,-9999,-9999,-9999,-9999,-9999,-9999,-9999,-9999,-9999,-9999,-9999,-9999,-9999,-9999,-9999,-9999,-9999,-9999,-9999,-9999,-9999,-9999,-9999,-9999,-9999,-9999,-9999,-9999,-9999,-9999,-9999,-9999,-9999,-9999,-9999,-9999,-9999,-9999,-9999,-9999,-9999,-9999,-9999,-9999,-9999,-9999,-9999,4.98138342663879E-06,0.00067403691355139,0.000715771107934415,0.00071320339338854,0.00070869957562536,0.00070882576983422,0.000712180510163307,0.00071381067391485,0.00071015942376107,0.000702025310602039,0.00069595780223608,0.000688873755279928,0.000683047750499099,0.00067949783988297,0.000678077107295394,0.000676275347359478,0.000669765518978238,0.000643594947177917,0.000580295571126044,0.000485977216158062,0.0004131973546464,0.000293183780740947,0.000153915287228301,9.37843724386767E-05,4.35950169048738E-05,3.04473978758324E-05,-9999,-9999,2.5557183107594E-05,2.5440695026191E-05
-9999,-9999,-9999,-9999,-9999,-9999,-9999,-9999,-9999,-9999,-9999,-9999,-9999,-9999,-9999,-9999,-9999,-9999,-9999,-9999,-9999,-9999,-9999,-9999,-9999,-9999,-9999,-9999,-9999,-9999,-9999,-9999,-9999,-9999,-9999,-9999,-9999,-9999,-9999,-9999,-9999,-9999,-9999,-9999,-9999,-9999,-9999,-9999,-9999,-9999,-9999,-9999,-9999,-9999,-9999,-9999,-9999,-9999,-9999,-9999,-9999,-9999,-9999,-9999,-9999,-9999,-9999,-9999,-9999,-9999,-9999,-9999,-9999,-9999,-9999,-9999,-9999,-9999,-9999,-9999,-9999,-9999,-9999,-9999,-9999,-9999,-9999,-9999,-9999,-9999,-9999,-9999,-9999,-9999,-9999,-9999,-9999,-9999,-9999,-9999,-9999,-9999,3.53761570295319E-05,0.000719630043022335,0.000706152757629752,0.000703078752849251,0.000703033700119704,0.000705699494574219,0.000704953330568969,0.000699837575666606,0.000692186702508479,0.000685716106090695,0.00067865801975131,0.000672920432407409,0.000668200489599258,0.000665764498990029,0.000662969250697643,0.000655500974971801,0.000629135291092098,0.000597575504798442,0.000535694882273674,0.000425256206654012,0.000289091869490221,0.000180820818059146,8.26452233013697E-05,4.69537117169239E-05,2.87736947939266E-05,2.70756518148119E-05,2.61680124822306E-05,2.5522926080157E-05,2.79905198112829E-05
-9999,-9999,-9999,-9999,-9999,-9999,-9999,-9999,-9999,-9999,-9999,-9999,-9999,-9999,-9999,-9999,-9999,-9999,-9999,-9999,-9999,-9999,-9999,-9999,-9999,-9999,-9999,-9999,-9999,-9999,-9999,-9999,-9999,-9999,-9999,-9999,-9999,-9999,-9999,-9999,-9999,-9999,-9999,-9999,-9999,-9999,-9999,-9999,-9999,-9999,-9999,-9999,-9999,-9999,-9999,-9999,-9999,-9999,-9999,-9999,-9999,-9999,-9999,-9999,-9999,-9999,-9999,-9999,-9999,-9999,-9999,-9999,-9999,-9999,-9999,-9999,-9999,-9999,-9999,-9999,-9999,-9999,-9999,-9999,-9999,-9999,-9999,-9999,-9999,-9999,-9999,-9999,-9999,-9999,-9999,-9999,-9999,-9999,-9999,-9999,-9999,-9999,-9999,0.000498016597703099,0.000710734981112182,0.000699799100402743,0.000701520650181919,0.000701303943060338,0.000699522264767438,0.000692767149303108,0.000684390310198069,0.000676179071888328,0.000669017026666552,0.000663275073748082,0.000659403915051371,0.000654476461932063,0.000648771121632308,0.000640962505713105,0.000619423342868686,0.000595840276218951,0.000540375942364335,0.000437017763033509,0.000323278363794088,0.00014819492935203,7.19991439837031E-05,4.0167124097934E-05,3.08387934637722E-05,2.65341877820902E-05,2.86805607174756E-05,3.10393552354071E-05,0.000250899465754628
-9999,-9999,-9999,-9999,-9999,-9999,-9999,-9999,-9999,-9999,-9999,-9999,-9999,-9999,-9999,-9999,-9999,-9999,-9999,-9999,-9999,-9999,-9999,-9999,-9999,-9999,-9999,-9999,-9999,-9999,-9999,-9999,-9999,-9999,-9999,-9999,-9999,-9999,-9999,-9999,-9999,-9999,-9999,-9999,-9999,-9999,-9999,-9999,-9999,-9999,-9999,-9999,-9999,-9999,-9999,-9999,-9999,-9999,-9999,-9999,-9999,-9999,-9999,-9999,-9999,-9999,-9999,-9999,-9999,-9999,-9999,-9999,-9999,-9999,-9999,-9999,-9999,-9999,-9999,-9999,-9999,-9999,-9999,-9999,-9999,-9999,-9999,-9999,-9999,-9999,-9999,-9999,-9999,-9999,-9999,-9999,-9999,-9999,-9999,-9999,-9999,-9999,-9999,4.85442569697625E-06,0.000499882793519646,0.00071698019746691,0.000704886624589562,0.000700200209394097,0.000696518225595355,0.00068892422132194,0.000680126016959548,0.00067190796835348,0.000664651626721025,0.000657636963296682,0.000650677946396172,0.000644505955278873,0.000634656229522079,0.000621703511569649,0.000611627940088511,0.000565057969652116,0.000495391723234206,0.00035801634658128,0.000191257975529879,5.76464008190669E-05,3.54040639649611E-05,3.4005286579486E-05,3.67352695320733E-05,3.56658274540678E-05,5.91934622207191E-05,0.000506420503370464,0.000510975776705891
-9999,-9999,-9999,-9999,-9999,-9999,-9999,-9999,-9999,-9999,-9999,-9999,-9999,-9999,-9999,-9999,-9999,-9999,-9999,-9999,-9999,-9999,-9999,-9999,-9999,-9999,-9999,-9999,-9999,-9999,-9999,-9999,-9999,-9999,-9999,-9999,-9999,-9999,-9999,-9999,-9999,-9999,-9999,-9999,-9999,-9999,-9999,-9999,-9999,-9999,-9999,-9999,-9999,-9999,-9999,-9999,-9999,-9999,-9999,-9999,-9999,-9999,-9999,-9999,-9999,-9999,-9999,-9999,-9999,-9999,-9999,-9999,-9999,-9999,-9999,-9999,-9999,-9999,-9999,-9999,-9999,-9999,-9999,-9999,-9999,-9999,-9999,-9999,-9999,-9999,-9999,-9999,-9999,-9999,-9999,-9999,-9999,-9999,-9999,-9999,-9999,-9999,-9999,-9999,4.83966323372442E-06,4.84113797938335E-06,0.000665382714942098,0.000706971390172839,0.000693049980327487,0.000685884908307344,0.000677397416438907,0.000669452594593167,0.000623165746219456,0.000514924293383956,0.000639280129689723,0.000615450204350054,0.000516490428708494,0.000428119994467124,0.000392604852095246,0.000334083248162642,0.000173004271346144,6.34006573818624E-05,3.18786696880125E-05,2.76271093753166E-05,4.61911295133177E-05,7.55779838073067E-05,0.000270803546300158,0.000509790435899049,0.000514410145115107,0.000513956183567643,0.000506150652654469
-9999,-9999,-9999,-9999,-9999,-9999,-9999,-9999,-9999,-9999,-9999,-9999,-9999,-9999,-9999,-9999,-9999,-9999,-9999,-9999,-9999,-9999,-9999,-9999,-9999,-9999,-9999,-9999,-9999,-9999,-9999,-9999,-9999,-9999,-9999,-9999,-9999,-9999,-9999,-9999,-9999,-9999,-9999,-9999,-9999,-9999,-9999,-9999,-9999,-9999,-9999,-9999,-9999,-9999,-9999,-9999,-9999,-9999,-9999,-9999,-9999,-9999,-9999,-9999,-9999,-9999,-9999,-9999,-9999,-9999,-9999,-9999,-9999,-9999,-9999,-9999,-9999,-9999,-9999,-9999,-9999,-9999,-9999,-9999,-9999,-9999,-9999,-9999,-9999,-9999,-9999,-9999,-9999,-9999,-9999,-9999,-9999,-9999,-9999,-9999,-9999,-9999,-9999,-9999,-9999,-9999,4.80398421132122E-06,2.40663630393101E-05,0.000701526354532689,0.000691391236614436,0.000677794625516981,0.000668216496706009,0.000630926690064371,0.000628206762485206,0.000594258890487254,0.00046107399975881,0.000333206116920337,0.000203600648092106,7.90256744949147E-05,0.000115881935926154,6.83462712913752E-05,8.94047625479288E-05,0.000285022892057896,0.00053313362877816,0.000532907608430833,0.000529871264006943,0.000524017901625484,0.000515493797138333,0.000508599739987403,0.000486384611576796,0.000251889461651444
-9999,-9999,-9999,-9999,-9999,-9999,-9999,-9999,-9999,-9999,-9999,-9999,-9999,-9999,-9999,-9999,-9999,-9999,-9999,-9999,-9999,-9999,-9999,-9999,-9999,-9999,-9999,-9999,-9999,-9999,-9999,-9999,-9999,-9999,-9999,-9999,-9999,-9999,-9999,-9999,-9999,-9999,-9999,-9999,-9999,-9999,-9999,-9999,-9999,-9999,-9999,-9999,-9999,-9999,-9999,-9999,-9999,-9999,-9999,-9999,-9999,-9999,-9999,-9999,-9999,-9999,-9999,-9999,-9999,-9999,-9999,-9999,-9999,-9999,-9999,-9999,-9999,-9999,-9999,-9999,-9999,-9999,-9999,-9999,-9999,-9999,-9999,-9999,-9999,-9999,-9999,-9999,-9999,-9999,-9999,-9999,-9999,-9999,-9999,-9999,-9999,-9999,-9999,-9999,-9999,-9999,-9999,-9999,4.69888072984759E-06,1.89726670214441E-05,0.000664660939946771,0.000679483055137098,0.000671271467581391,0.000662727106828243,0.000652653630822897,0.000642002560198307,0.000630359689239413,0.000619150290731341,0.000605869747232646,0.000592038675677031,0.000577256141696125,0.000564881600439548,0.000554059166461229,0.00054348586127162,0.00053297879640013,0.000524260336533189,0.000512557395268232,0.000476947840070352,0.000283061322988942,1.95595730474452E-05,-9999
-9999,-9999,-9999,-9999,-9999,-9999,-9999,-9999,-9999,-9999,-9999,-9999,-9999,-9999,-9999,-9999,-9999,-9999,-9999,-9999,-9999,-9999,-9999,-9999,-9999,-9999,-9999,-9999,-9999,-9999,-9999,-9999,-9999,-9999,-9999,-9999,-9999,-9999,-9999,-9999,-9999,-9999,-9999,-9999,-9999,-9999,-9999,-9999,-9999,-9999,-9999,-9999,-9999,-9999,-9999,-9999,-9999,-9999,-9999,-9999,-9999,-9999,-9999,-9999,-9999,-9999,-9999,-9999,-9999,-9999,-9999,-9999,-9999,-9999,-9999,-9999,-9999,-9999,-9999,-9999,-9999,-9999,-9999,-9999,-9999,-9999,-9999,-9999,-9999,-9999,-9999,-9999,-9999,-9999,-9999,-9999,-9999,-9999,-9999,-9999,-9999,-9999,-9999,-9999,-9999,-9999,-9999,-9999,-9999,-9999,4.59491002402501E-06,4.57404530607164E-06,4.53946086054202E-06,4.48995888291392E-06,1.83772026502993E-05,2.56152270594612E-05,4.28823113907129E-06,4.18831814386067E-06,4.08069035984227E-06,7.5656307672034E-06,2.35140869335737E-05,0.000100684388598893,0.000205304109840654,0.000223722105147317,5.08672856085468E-05,3.612372893258E-06,3.57662270289438E-06,3.55610904989589E-06,-9999,-9999,-9999
-9999,-9999,-9999,-9999,-9999,-9999,-9999,-9999,-9999,-9999,-9999,-9999,-9999,-9999,-9999,-9999,-9999,-9999,-9999,-9999,-9999,-9999,-9999,-9999,-9999,-9999,-9999,-9999,-9999,-9999,-9999,-9999,-9999,-9999,-9999,-9999,-9999,-9999,-9999,-9999,-9999,-9999,-9999,-9999,-9999,-9999,-9999,-9999,-9999,-9999,-9999,-9999,-9999,-9999,-9999,-9999,-9999,-9999,-9999,-9999,-9999,-9999,-9999,-9999,-9999,-9999,-9999,-9999,-9999,-9999,-9999,-9999,-9999,-9999,-9999,-9999,-9999,-9999,-9999,-9999,-9999,-9999,-9999,-9999,-9999,-9999,-9999,-9999,-9999,-9999,-9999,-9999,-9999,-9999,-9999,-9999,-9999,-9999,-9999,-9999,-9999,-9999,-9999,-9999,-9999,-9999,-9999,-9999,-9999,-9999,-9999,-9999,-9999,-9999,-9999,-9999,-9999,-9999,-9999,-9999,-9999,-9999,-9999,-9999,-9999,-9999,-9999,-9999,-9999,-9999,-9999
-9999,-9999,-9999,-9999,-9999,-9999,-9999,-9999,-9999,-9999,-9999,-9999,-9999,-9999,-9999,-9999,-9999,-9999,-9999,-9999,-9999,-9999,-9999,-9999,-9999,-9999,-9999,-9999,-9999,-9999,-9999,-9999,-9999,-9999,-9999,-9999,-9999,-9999,-9999,-9999,-9999,-9999,-9999,-9999,-9999,-9999,-9999,-9999,-9999,-9999,-9999,-9999,-9999,-9999,-9999,-9999,-9999,-9999,-9999,-9999,-9999,-9999,-9999,-9999,-9999,-9999,-9999,-9999,-9999,-9999,-9999,-9999,-9999,-9999,-9999,-9999,-9999,-9999,-9999,-9999,-9999,-9999,-9999,-9999,-9999,-9999,-9999,-9999,-9999,-9999,-9999,-9999,-9999,-9999,-9999,-9999,-9999,-9999,-9999,-9999,-9999,-9999,-9999,-9999,-9999,-9999,-9999,-9999,-9999,-9999,-9999,-9999,-9999,-9999,-9999,-9999,-9999,-9999,-9999,-9999,-9999,-9999,-9999,-9999,-9999,-9999,-9999,-9999,-9999,-9999,-9999

Step,37
Year,3.083333
-9999,-9999,-9999,-9999,-9999,-9999,-9999,-9999,-9999,-9999,-9999,-9999,-9999,-9999,-9999,-9999,-9999,-9999,-9999,-9999,-9999,-9999,-9999,-9999,-9999,-9999,-9999,-9999,-9999,-9999,-9999,-9999,-9999,-9999,-9999,-9999,-9999,-9999,-9999,-9999,-9999,-9999,-9999,-9999,-9999,-9999,-9999,-9999,-9999,-9999,-9999,-9999,-9999,-9999,-9999,-9999,-9999,-9999,-9999,-9999,-9999,-9999,-9999,-9999,-9999,-9999,-9999,-9999,-9999,-9999,-9999,-9999,-9999,-9999,-9999,-9999,-9999,-9999,-9999,-9999,-9999,-9999,-9999,-9999,-9999,-9999,-9999,-9999,-9999,-9999,-9999,-9999,-9999,-9999,-9999,-9999,-9999,-9999,-9999,-9999,-9999,-9999,-9999,-9999,-9999,-9999,-9999,-9999,-9999,-9999,-9999,-9999,-9999,-9999,-9999,-9999,-9999,-9999,-9999,-9999,-9999,-9999,-9999,-9999,-9999,-9999,-9999,-9999,-9999,-9999,-9999
-9999,-9999,-9999,-9999,-9999,-9999,-9999,-9999,-9999,-9999,-9999,-9999,-9999,-9999,-9999,-9999,-9999,-9999,-9999,-9999,-9999,-9999,-9999,-9999,-9999,-9999,-9999,-9999,-9999,-9999,-9999,-9999,-9999,-9999,-9999,-9999,-9999,-9999,-9999,-9999,-9999,-9999,-9999,-9999,-9999,-9999,-9999,-9999,-9999,-9999,-9999,-9999,-9999,-9999,-9999,-9999,-9999,-9999,-9999,-9999,-9999,-9999,-9999,-9999,-9999,-9999,-9999,-9999,-9999,-9999,-9999,-9999,-9999,-9999,-9999,-9999,-9999,-9999,-9999,-9999,-9999,-9999,-9999,-9999,-9999,-9999,-9999,-9999,-9999,-9999,-9999,-9999,-9999,-9999,-9999,-9999,-9999,-9999,-9999,-9999,-9999,-9999,-9999,-9999,-9999,-9999,-9999,-9999,-9999,-9999,-9999,-9999,-9999,-9999,-9999,-9999,-9999,-9999,-9999,-9999,-9999,-9999,-9999,-9999,-9999,-9999,-9999,-9999,-9999,-9999,-9999
-9999,-9999,-9999,-9999,-9999,-9999,-9999,-9999,-9999,-9999,-9999,-9999,-9999,-9999,-9999,-9999,-9999,-9999,-9999,-9999,-9999,-9999,-9999,-9999,-9999,-9999,-9999,-9999,-9999,-9999,-9999,-9999,-9999,-9999,-9999,-9999,-9999,-9999,-9999,-9999,-9999,-9999,-9999,-9999,-9999,-9999,-9999,-9999,-9999,-9999,-9999,-9999,-9999,-9999,-9999,-9999,-9999,-9999,-9999,-9999,-9999,-9999,-9999,-9999,-9999,-9999,-9999,-9999,-9999,-9999,-9999,-9999,-9999,-9999,5.45591001355206E-06,8.11662994237849E-06,-9999,-9999,-9999,-9999,-9999,-9999,-9999,-9999,-9999,-9999,-9999,-9999,-9999,-9999,-9999,-9999,-9999,-9999,-9999,-9999,-9999,-9999,-9999,-9999,-9999,-9999,-9999,-9999,-9999,-9999,-9999,-9999,-9999,-9999,-9999,-9999,-9999,-9999,-9999,-9999,-9999,-9999,-9999,-9999,-9999,-9999,-9999,-9999,-9999,-9999,-9999,-9999,-9999,-9999,-9999
-9999,-9999,-9999,-9999,-9999,-9999,-9999,-9999,-9999,-9999,-9999,-9999,-9999,-9999,-9999,-9999,-9999,-9999,-9999,-9999,-9999,-9999,-9999,-9999,-9999,-9999,-9999,-9999,-9999,-9999,-9999,-9999,-9999,-9999,-9999,-9999,-9999,-9999,-9999,-9999,-9999,-9999,-9999,-9999,-9999,-9999,-9999,-9999,-9999,-9999,-9999,-9999,-9999,-9999,-9999,-9999,-9999,-9999,-9999,-9999,-9999,-9999,-9999,-9999,-9999,-9999,-9999,-9999,-9999,-9999,-9999,-9999,-9999,-9999,7.93564504419919E-06,1.17474746730295E-05,-9999,-9999,-9999,-9999,-9999,-9999,-9999,-9999,-9999,-9999,-9999,-9999,-9999,-9999,-9999,-9999,-9999,-9999,-9999,-9999,-9999,-9999,-9999,-9999,-9999,-9999,-9999,-9999,-9999,-9999,-9999,-9999,-9999,-9999,-9999,-9999,-9999,-9999,-9999,-9999,-9999,-9999,-9999,-9999,-9999,-9999,-9999,-9999,-9999,-9999,-9999,-9999,-9999,-9999,-9999
-9999,-9999,-9999,-9999,-9999,-9999,-9999,-9999,-9999,-9999,-9999,-9999,-9999,-9999,-9999,-9999,-9999,-9999,-9999,-9999,-9999,-9999,-9999,-9999,-9999,-9999,-9999,-9999,-9999,-9999,-9999,-9999,-9999,-9999,-9999,-9999,-9999,-9999,-9999,-9999,-9999,-9999,-9999,-9999,-9999,-9999,-9999,-9999,-9999,-9999,-9999,-9999,-9999,-9999,-9999,-9999,4.06210716619171E-07,5.96572419908625E-07,8.66745097027888E-07,1.25601286526944E-06,-9999,-9999,-9999,-9999,-9999,9.85230599326314E-06,9.55648192757508E-06,1.36467988340883E-05,1.33079356601229E-05,8.59716237755492E-06,1.23242753033992E-05,6.17889745626599E-05,8.28966076369397E-05,8.20371205918491E-05,1.14918439066969E-05,5.89394330745563E-05,7.630318577867E-05,-9999,-9999,7.01985627529211E-05,0.000108372987597249,9.45011561270803E-05,9.55650757532567E-05,0.000244855473283678,0.000325160130159929,0.000296439277008176,0.000296554091619328,0.000180786577402614,8.49016723805107E-05,-9999,-9999,-9999,-9999,-9999,-9999,-9999,-9999,-9999,-9999,-9999,-9999,-9999,-9999,-9999,-9999,-9999,-9999,-9999,-9999,-9999,-9999,-9999,-9999,-9999,-9999,-9999,-9999,-9999,-9999,-9999,-9999,-9999,-9999,-9999,-9999,-9999,-9999,-9999,-9999,-9999,-9999
-9999,-9999,-9999,-9999,-9999,-9999,-9999,-9999,-9999,-9999,-9999,-9999,-9999,-9999,-9999,-9999,-9999,-9999,-9999,-9999,-9999,-9999,-9999,-9999,-9999,-9999,-9999,-9999,-9999,-9999,-9999,-9999,-9999,-9999,-9999,-9999,-9999,-9999,-9999,-9999,-9999,-9999,-9999,-9999,-9999,-9999,-9999,-9999,-9999,-9999,-9999,-9999,-9999,-9999,-9999,4.14769488088496E-07,6.12563326285454E-07,8.98609471278178E-07,1.29713077967608E-06,1.83934207598213E-06,2.59563876170432E-06,3.73924467567122E-06,-9999,1.59709634317551E-05,4.33491622970905E-05,1.47139635373605E-05,1.39840503834421E-05,0.0001053994637914,0.000106715029687621,1.25059541460359E-05,1.21147277241107E-05,0.000140228556119837,0.000177613328560255,0.000157459799083881,0.000138385701575316,0.000135941998451017,0.000104743739939295,0.000115634524263442,0.000191488332347944,0.000337034929543734,0.000797734945081174,0.00121491495519876,0.0013412747066468,0.0013344141189009,0.00133992836344987,0.001346928300336,0.00135480600874871,0.0013689297484234,0.00131557008717209,0.000692021858412772,0.000292966287815943,-9999,-9999,-9999,-9999,-9999,-9999,-9999,-9999,-9999,-9999,-9999,-9999,-9999,-9999,-9999,-9999,-9999,-9999,-9999,-9999,-9999,-9999,-9999,-9999,-9999,-9999,-9999,-9999,-9999,-9999,-9999,-9999,-9999,-9999,-9999,-9999,-9999,-9999,-9999,-9999
-9999,-9999,-9999,-9999,-9999,-9999,-9999,-9999,-9999,-9999,-9999,-9999,-9999,-9999,-9999,-9999,-9999,-9999,-9999,-9999,-9999,-9999,-9999,-9999,-9999,-9999,-9999,-9999,-9999,-9999,-9999,-9999,-9999,-9999,-9999,-9999,-9999,-9999,-9999,-9999,-9999,-9999,-9999,-9999,-9999,-9999,-9999,-9999,-9999,-9999,-9999,-9999,-9999,-9999,-9999,6.21458525529306E-07,9.22763774724444E-07,1.36475193812657E-06,1.97098870557966E-06,2.77383082902816E-06,3.84133954867139E-06,5.32440526512801E-06,7.47129661249346E-06,1.06399529613554E-05,1.51399517562822E-05,8.9407738414593E-05,0.000156623485963792,0.000398978299926966,0.000647662905976176,0.000933452975004911,0.001064273994416,0.00094841793179512,0.00116698956117034,0.00130084366537631,0.00104217266198248,0.00102256669197232,0.000957276555709541,0.00101933581754565,0.00136600609403104,0.00138609576970339,0.00139543670229614,0.00139577861409634,0.00139602716080844,0.00139186647720635,0.00138890533708036,0.00138879450969398,0.00139139767270535,0.00139332364778966,0.00139169266913086,0.00138197676278651,0.00135508726816624,0.00112262729089707,0.000266615825239569,-9999,-9999,-9999,-9999,-9999,-9999,-9999,-9999,-9999,8.79624421941116E-05,8.80022853380069E-05,8.81358573678881E-05,-9999,-9999,-9999,-9999,-9999,-9999,-9999,-9999,-9999,-9999,-9999,-9999,-9999,-9999,-9999,-9999,-9999,-9999,-9999,-9999,-9999,-9999,-9999,-9999,-9999,-9999
-9999,-9999,-9999,-9999,-9999,-9999,-9999,-9999,-9999,-9999,-9999,-9999,-9999,-9999,-9999,-9999,-9999,-9999,-9999,-9999,-9999,-9999,-9999,-9999,-9999,-9999,-9999,-9999,-9999,-9999,-9999,4.05072350986302E-05,-9999,-9999,-9999,0.000125410719192587,-9999,-9999,-9999,-9999,-9999,-9999,-9999,-9999,-9999,-9999,-9999,-9999,-9999,-9999,-9999,-9999,-9999,-9999,-9999,-9999,-9999,9.27924077132047E-07,1.35076197693706E-06,1.94384642782097E-06,-9999,5.09230858369847E-06,7.31787440599874E-06,1.04701739473967E-05,1.49028046507738E-05,8.99331862456165E-05,0.000162182943313383,0.000222975650103763,0.000138743605930358,0.000764869735576212,0.00157187902368605,0.00164628739003092,0.00162879354320467,0.00160615670029074,0.00155275058932602,0.00150723347906023,0.00150498410221189,0.00149680685717613,0.0014677302679047,0.0014429435832426,0.00142255204264075,0.00140823528636247,0.00138694955967367,0.00137188564985991,0.00137216364964843,0.00137526553589851,0.00138050864916295,0.00138727715238929,0.00139138125814497,0.00139078439678997,0.00139078719075769,0.00136272690724581,0.00123473990242928,0.000322319392580539,-9999,-9999,-9999,-9999,-9999,-9999,-9999,-9999,0.000119888216431718,0.000185977900400758,0.000121182456496172,8.69453651830554E-05,8.75169062055647E-05,-9999,-9999,-9999,-9999,-9999,-9999,-9999,-9999,-9999,-9999,-9999,-9999,-9999,-9999,-9999,-9999,-9999,-9999,-9999,-9999,-9999,-9999,-9999,-9999
-9999,-9999,-9999,-9999,-9999,-9999,-9999,-9999,-9999,-9999,-9999,-9999,-9999,-9999,-9999,-9999,-9999,-9999,-9999,-9999,-9999,-9999,-9999,-9999,-9999,-9999,-9999,-9999,-9999,-9999,2.95707450277405E-05,5.59655018150806E-05,-9999,-9999,6.01763458689675E-05,0.000101657402410638,-9999,-9999,0.000110499662696384,0.000190603692317382,-9999,-9999,-9999,-9999,-9999,1.54875433509005E-05,-9999,-9999,-9999,-9999,-9999,-9999,-9999,-9999,-9999,-9999,-9999,-9999,-9999,-9999,-9999,7.38945755074383E-06,1.05994868135895E-05,1.52738448377931E-05,1.47500595630845E-05,8.65541951498017E-05,9.58913660724647E-05,9.25286076380871E-05,8.79956351127476E-05,0.000518560584168881,0.00158830371219665,0.00167597830295563,0.00166216085199267,0.00163524737581611,0.00160142895765603,0.0015676737530157,0.00153750216122717,0.00150793616194278,0.00148053513839841,0.00145263900049031,0.00142476288601756,0.00139522226527333,0.00136341387405992,0.00135274510830641,0.00135077384766191,0.0013595869531855,0.00136728666257113,0.00137655867729336,0.001385931042023,0.00139131979085505,0.00139482330996543,0.0013922801008448,0.00136965583078563,0.00115516618825495,0.000323996122460812,-9999,-9999,-9999,-9999,-9999,0.000140276461024769,0.000141890384838916,0.000270714517682791,0.000401564699131995,0.000304745219182223,0.000204898795345798,0.000134707413963042,8.68221250129864E-05,-9999,-9999,-9999,-9999,-9999,-9999,-9999,-9999,-9999,-9999,-9999,-9999,-9999,-9999,-9999,-9999,-9999,-9999,-9999,-9999,-9999,-9999,-9999
-9999,-9999,-9999,-9999,-9999,-9999,-9999,-9999,-9999,-9999,-9999,-9999,-9999,-9999,-9999,-9999,-9999,-9999,-9999,-9999,-9999,-9999,-9999,6.85446721035987E-05,8.81075684446841E-05,-9999,-9999,-9999,-9999,7.51479310565628E-05,7.04371705069207E-05,2.79296345979674E-05,0.000141460317536257,1.49245834109024E-05,0.000125230319099501,0.00021982062025927,0.000395594630390406,0.000171153456903994,0.000100934135844,-9999,0.000102643542049918,0.000106970743217971,-9999,-9999,0.000162522846949287,2.18748918996425E-05,1.34525635075988E-05,8.50011565489694E-06,-9999,-9999,-9999,-9999,-9999,-9999,-9999,-9999,-9999,3.24644570355304E-05,2.06041750061559E-05,-9999,-9999,-9999,1.52150378198712E-05,0.000101404963061213,9.81834309641272E-05,9.84323414741084E-05,9.55752184381709E-05,9.09257578314282E-05,0.000120149998110719,0.000747306854464114,0.00158987194299698,0.00167346757370979,0.0016568818828091,0.00163192534819245,0.00160030776169151,0.00156814535148442,0.00153774186037481,0.00150682614184916,0.00147809856571257,0.0014492271002382,0.00141216104384512,0.0013279786799103,0.00132655235938728,0.00133438582997769,0.00133466348052025,0.001337785506621,0.00134947267360985,0.00136360980104655,0.00137666123919189,0.00138457783032209,0.00138962909113616,0.00139134493656456,0.00138351263012737,0.00132291344925761,0.000386883912142366,6.81157689541578E-05,9.91637352854013E-06,6.91574496158864E-06,1.07133837445872E-05,0.00033789812005125,0.000670899578835815,0.000874909746926278,0.000983477686531842,0.000844753347337246,0.000802016700617969,0.000611133349593729,0.000368999317288399,0.0001199776888825,8.69728464749642E-05,8.79366853041574E-05,-9999,-9999,-9999,-9999,-9999,-9999,-9999,-9999,-9999,-9999,-9999,-9999,-9999,-9999,-9999,-9999,-9999,-9999,-9999,-9999,-9999
-9999,-9999,-9999,-9999,-9999,-9999,-9999,-9999,-9999,-9999,-9999,-9999,-9999,-9999,-9999,-9999,-9999,-9999,-9999,-9999,-9999,-9999,0.000102967394923326,0.000121945893624797,8.30669741844758E-05,8.45772665343247E-05,9.40618483582512E-05,0.000109089181933086,0.000205488206120208,0.000308689632220194,0.000231834652367979,0.00054701732005924,0.000751347455661744,0.000808786833658814,0.000927856541238725,0.000801597139798105,0.000794039224274457,0.000722460681572556,0.00041519696242176,0.000317025376716629,0.00010142275277758,6.20565624558367E-05,5.15462961629964E-05,6.90269807819277E-05,1.81905979843577E-05,1.2434064046829E-05,1.20082804642152E-05,1.15355487650959E-05,7.46830528441933E-06,-9999,-9999,-9999,-9999,-9999,-9999,-9999,-9999,0.000135961570776999,0.000124000274809077,0.000115282266051508,-9999,-9999,9.83149438980035E-05,0.000100687713711523,0.000100761375506409,9.83192221610807E-05,9.36005235416815E-05,0.000110037341073621,0.00036383222322911,0.00104007299523801,0.00160008354578167,0.00166758242994547,0.00164638634305447,0.0016224067658186,0.00159243284724653,0.00156043283641338,0.00152999756392092,0.00150113529525697,0.00147223891690373,0.00144410715438426,0.00133968412410468,0.00068632117472589,0.000802295748144388,0.00110398465767503,0.00127174239605665,0.0013195073697716,0.00133110245224088,0.00134686380624771,0.00136205379385501,0.00137168820947409,0.00138159224297851,0.00138823455199599,0.00137976021505892,0.00129114463925362,0.000619653961621225,0.000500982801895589,4.08368978241924E-05,1.02638896350982E-05,0.000508423428982496,0.0011901423567906,0.00133487849961966,0.0014277845621109,0.00141992152202874,0.00138151738792658,0.00133174727670848,0.00109733175486326,0.000704689708072692,0.000366766180377454,0.000133378547616303,8.66737536853179E-05,-9999,-9999,-9999,-9999,-9999,-9999,-9999,-9999,-9999,-9999,-9999,-9999,-9999,-9999,-9999,-9999,-9999,-9999,-9999,-9999,-9999
-9999,-9999,-9999,-9999,-9999,-9999,-9999,-9999,-9999,-9999,-9999,-9999,-9999,-9999,-9999,-9999,-9999,-9999,-9999,-9999,-9999,-9999,0.000103256097645499,0.000124013240565546,0.000105529048596509,0.000109901295218151,0.000409735977882519,0.00081741384929046,0.00108021241612732,0.000949895766098052,0.000946869142353535,0.000760585302487016,0.000816887011751533,0.000935523246880621,0.000868708011694252,0.000986882601864636,0.00116717268247157,0.0011591196525842,0.00120833003893495,0.00107238278724253,0.000750054256059229,0.000482333416584879,0.000196909561054781,7.32328626327217E-05,3.51813287124969E-05,1.55143970914651E-05,1.55028646986466E-05,1.5363237253041E-05,1.02154763226281E-05,1.00809675132041E-05,1.00597235359601E-05,-9999,-9999,-9999,-9999,-9999,-9999,-9999,0.000114367707283236,0.000103893122286536,9.772767953109E-05,9.19685408007354E-05,9.64516439125873E-05,9.86380618996918E-05,9.94395159068517E-05,9.61753830779344E-05,0.000113429137854837,0.000368143839295954,0.000996546819806099,0.00158381031360477,0.0016705933958292,0.00165172782726586,0.00162928190547973,0.00160666124429554,0.00157881411723793,0.00154742447193712,0.00151891238056123,0.00149311893619597,0.00146740337368101,0.00130187626928091,1.75117074832087E-05,9.37270215217723E-06,9.22154595173197E-06,9.11709594220156E-06,0.000104603008367121,0.000861421576701105,0.00128349498845637,0.00132638239301741,0.00134257297031581,0.00135778170078993,0.00137122580781579,0.00138178351335227,0.00137915683444589,0.00127687258645892,0.00130800006445497,0.00136270059738308,0.00121180643327534,0.000659383367747068,0.00135384185705334,0.00150566105730832,0.00154123373795301,0.00153602240607142,0.00150542892515659,0.00148833752609789,0.00146074453368783,0.00132922839839011,0.000996008515357971,0.000651380163617432,0.00020093320927117,8.42585068312474E-05,4.31206826760899E-05,-9999,-9999,-9999,-9999,-9999,-9999,-9999,-9999,-9999,-9999,-9999,-9999,-9999,-9999,-9999,-9999,-9999,-9999,-9999,-9999
-9999,-9999,-9999,-9999,-9999,-9999,-9999,-9999,-9999,-9999,-9999,-9999,-9999,-9999,-9999,-9999,-9999,-9999,-9999,-9999,-9999,-9999,0.000102001635241322,0.000128055879031308,0.000202647759579122,0.000934365787543356,0.0012114776764065,0.00133947981521487,0.00127460958901793,0.00101246777921915,0.00100733072031289,0.00112926342990249,0.0011865918058902,0.0012419514823705,0.00141111179254949,0.00140291196294129,0.00144852069206536,0.00149113417137414,0.00157709862105548,0.00147333880886436,0.00130341341719031,0.000813087623100728,0.000427427265094593,0.000245429604547098,0.000210834550671279,0.000235650455579162,0.000206058379262686,0.00014154304517433,1.40986931000953E-05,1.42722092277836E-05,1.43373381433776E-05,-9999,-9999,-9999,-9999,9.77923045866191E-05,9.89775071502663E-05,0.000101208235719241,0.000102318801509682,9.50221292441711E-05,0.000109225235064514,8.6514868598897E-05,7.52482883399352E-05,4.73896325274836E-05,0.000134462388814427,0.000447856436949223,0.000212920771446079,0.00119596417061985,0.00168572913389653,0.00167191599030048,0.0016513669397682,0.00163070810958743,0.0016090318094939,0.00158677075523883,0.00155793025624007,0.00152931362390518,0.00150810438208282,0.00140991969965398,9.86774466582574E-06,9.70801738731097E-06,9.55107134359423E-06,6.27025292487815E-06,6.17052455709199E-06,6.09926291872398E-06,9.03047475731E-06,3.36108932970092E-05,0.000441376934759319,0.00116274517495185,0.00131389917805791,0.00133909180294722,0.00135611672885716,0.0013697340618819,0.00138458074070513,0.0014009193982929,0.00141826597973704,0.00143678195308894,0.00143914774525911,0.00145982229150832,0.00150869460776448,0.00155036407522857,0.00157100218348205,0.00156903103925288,0.00155881349928677,0.00154768559150398,0.0014870404265821,0.00143157516140491,0.00120956124737859,0.000940738013014197,0.000430445186793804,0.000159166942466982,1.88318899745354E-05,1.20254117064178E-05,-9999,-9999,-9999,-9999,-9999,-9999,-9999,-9999,-9999,-9999,-9999,-9999,-9999,-9999,-9999,-9999,-9999,-9999,-9999
-9999,-9999,-9999,-9999,-9999,-9999,-9999,-9999,-9999,-9999,-9999,-9999,-9999,-9999,-9999,-9999,-9999,-9999,-9999,-9999,-9999,9.38216981012374E-05,0.00011108502803836,0.000434434128692374,0.00119267124682665,0.00155984435696155,0.00156172772403806,0.00145022303331643,0.0012641956564039,0.00149220682214946,0.00148387544322759,0.00152870477177203,0.00152150774374604,0.00151392503175884,0.00160196423530579,0.00167704571504146,0.00170476583298296,0.00169397052377462,0.00174926011823118,0.00173716549761593,0.00169375410769135,0.00138623407110572,0.000537734827958047,0.000334990909323096,0.00041054270695895,0.000371507572708651,0.000332944793626666,0.000335134245688096,0.00033132461248897,0.000236843843595125,0.00015076129056979,0.000100845980341546,0.000100888013548683,0.000102065212558955,0.000103052865597419,9.37104632612318E-05,0.000105269966297783,9.34245035750791E-05,9.41998659982346E-05,0.00010805347119458,0.000450283114332706,0.00096069072606042,0.00046727861627005,1.31133319882792E-05,1.30449534481158E-05,1.26860850286903E-05,5.02300244988874E-05,0.000463481323095039,0.00167288724333048,0.00165229220874608,0.00163365551270545,0.00160335015971214,0.00157798069994897,0.00135987915564328,5.77622413402423E-05,1.03251841210295E-05,1.01550285762642E-05,1.00230408861535E-05,6.59461602481315E-06,6.48641434963793E-06,6.38455367152346E-06,4.18476065533468E-06,4.12157851314987E-06,4.07514062317205E-06,6.03811349719763E-06,8.99056976777501E-06,5.83123692194931E-05,0.000384200568078086,0.00105701305437833,0.00129144906532019,0.00133257685229182,0.00135058781597763,0.00136757676955312,0.00138670799788088,0.00141056603752077,0.0014340957859531,0.00145662704017013,0.0014811372384429,0.00151079590432346,0.00153806537855417,0.00155314011499286,0.00156389595940709,0.00156931730452925,0.00157143105752766,0.00155212462414056,0.00147678819485009,0.0013930220156908,0.00106944621074945,0.000635727134067565,0.000353292911313474,9.69101456576027E-05,1.18183934318949E-05,1.20757104014046E-05,2.30383884627372E-05,-9999,-9999,-9999,-9999,-9999,-9999,-9999,-9999,-9999,-9999,-9999,-9999,-9999,-9999,-9999,-9999,-9999
-9999,-9999,-9999,-9999,-9999,-9999,-9999,-9999,-9999,-9999,-9999,-9999,-9999,-9999,-9999,-9999,-9999,-9999,-9999,-9999,-9999,0.000186111457878724,0.00104925711639225,0.0015414129011333,0.00173365580849349,0.00164877611678094,0.00155026477295905,0.00149336992762983,0.00158983562141657,0.00171428371686488,0.00181098107714206,0.00180127029307187,0.00185087870340794,0.00189001474063843,0.0018576136790216,0.00192585727199912,0.00191400002222508,0.00188417872413993,0.00190141273196787,0.00189941353164613,0.00185720005538315,0.0018098521977663,0.00170372321736068,0.00152778928168118,0.00134399218950421,0.00107185996603221,0.000677083036862314,0.00036778234061785,0.000403011159505695,0.000330164417391643,0.000241840753005818,0.000157521149958484,0.000140652700792998,0.000112424859253224,0.000111629888124298,0.000170485698617995,0.000151314859976992,0.00014894935884513,0.00022977651678957,0.00101207161787897,0.00166919315233827,0.0018221705686301,0.00177459127735347,0.00056125654373318,1.24516564028454E-05,1.2212636647746E-05,1.18420566650457E-05,0.00167385744862258,0.00165482889860868,0.00163616018835455,0.00116758653894067,1.08836838990101E-05,1.07606374513125E-05,1.06917268567486E-05,-9999,-9999,-9999,-9999,-9999,-9999,-9999,2.76971923085512E-06,2.74670674116351E-06,4.05709124606801E-06,6.02250793235726E-06,8.96980964171235E-06,2.03753916139249E-05,0.000124591024359688,0.000500797294080257,0.00107498629949987,0.00129343837033957,0.00132715387735516,0.00134463608264923,0.00137143628671765,0.00139679899439216,0.00142057402990758,0.0014443111140281,0.00147092738188803,0.00149594584945589,0.00151717837434262,0.00153220735955983,0.00154367415234447,0.00155805761460215,0.00157627649605274,0.00157274445518851,0.0015337283257395,0.00143779849167913,0.00125018996186554,0.000958933145739138,0.000578807201236486,0.000315166340442374,0.000101059980806895,6.79012737236917E-05,5.4471027397085E-05,7.27028600522317E-05,-9999,-9999,-9999,-9999,-9999,-9999,-9999,-9999,-9999,-9999,-9999,-9999,-9999,-9999,-9999,-9999
-9999,-9999,-9999,-9999,-9999,-9999,-9999,-9999,-9999,-9999,-9999,-9999,-9999,-9999,-9999,-9999,-9999,-9999,-9999,9.65638973866589E-05,0.000262664194451645,0.00146488798782229,0.00175229774322361,0.00175742886494845,0.00172199064400047,0.00179832731373608,0.00175992248114198,0.00175380439031869,0.00187150842975825,0.0018847540486604,0.00191513204481453,0.00193986366502941,0.00191567209549248,0.00188833090942353,0.00192898022942245,0.00194475427269936,0.0019332836382091,0.00190740928519517,0.00191457697656006,0.0019235119689256,0.0019210675964132,0.0019024214707315,0.00189108226913959,0.0018483828753233,0.00180398277007043,0.00170768052339554,0.00159304076805711,0.00148026074748486,0.00114941701758653,0.000760571681894362,0.000322347710607573,0.000320462248055264,0.000350538233760744,0.000382159603759646,0.000497142085805535,0.000734981906134635,0.00110622798092663,0.00120733852963895,0.00149276945739985,0.0017717678565532,0.00182902056258172,0.00182723347097635,0.00181632814928889,0.00181532569695264,4.4598516979022E-05,0.00170807575341314,0.00172618217766285,0.00167973397765309,0.00129938661120832,2.82882501778658E-05,1.10972359834705E-05,-9999,-9999,-9999,-9999,-9999,-9999,-9999,-9999,-9999,-9999,-9999,-9999,2.70503733190708E-06,4.02630212192889E-06,5.99755503571942E-06,8.95378889254062E-06,6.19179118075408E-05,0.000251999939791858,0.000709834159351885,0.00116951926611364,0.00130125950090587,0.0013281290885061,0.00134659872855991,0.00137014628853649,0.00139478268101811,0.00141985935624689,0.00144571298733354,0.00146919977851212,0.00148858176544309,0.00150444696191698,0.00151634879875928,0.00152603932656348,0.00154147774446756,0.00155238062143326,0.00153621262870729,0.00149621756281704,0.00142902065999806,0.00128837104421109,0.000891699222847819,0.000484817079268396,0.000344026717357337,0.00021486017794814,8.29253258416429E-05,7.99953268142417E-05,-9999,-9999,-9999,-9999,-9999,-9999,-9999,-9999,-9999,-9999,-9999,-9999,-9999,-9999,-9999,-9999
-9999,-9999,-9999,-9999,-9999,-9999,-9999,-9999,-9999,-9999,-9999,-9999,-9999,-9999,-9999,-9999,-9999,-9999,0.000286089605651796,0.000723283970728517,0.00164738297462463,0.00186506542377174,0.00187014695256948,0.00192083837464452,0.00194272620137781,0.00192050216719508,0.0020162055734545,0.00204679928719997,0.00202652625739574,0.00200216774828732,0.00197677197866142,0.0019413378322497,0.00190526875667274,0.00194777618162334,0.0019380192970857,0.00196265918202698,0.00195241766050458,0.00195606215856969,0.00193946051876992,0.00193386874161661,0.00192718952894211,0.00191737117711455,0.00190920487511903,0.00189820909872651,0.00188126892317086,0.0018500778824091,0.00181430159136653,0.00175147666595876,0.00165411736816168,0.00143962725996971,0.00090177491074428,0.000498259149026126,0.000633395684417337,0.00114916497841477,0.00137042405549437,0.00147711311001331,0.00147836748510599,0.0016088904812932,0.00177265994716436,0.00180757616180927,0.0018049607751891,0.00178979709744453,0.00177617359440774,0.00176272552926093,0.00173512729816139,0.00170964328572154,0.00161572219803929,2.43648082687287E-05,-9999,-9999,-9999,-9999,-9999,-9999,-9999,-9999,-9999,-9999,-9999,-9999,-9999,-9999,-9999,-9999,-9999,5.98616679781117E-06,8.93538708623964E-06,2.69035645033E-05,0.00012425659224391,0.000419506890466437,0.00092443183530122,0.00125165935605764,0.001307089230977,0.00132699112873524,0.00134386762510985,0.00136307172942907,0.00138681591488421,0.00141230144072324,0.00143455760553479,0.00145271699875593,0.00146590522490442,0.00147779437247664,0.0014911696780473,0.00150294962804765,0.00151671376079321,0.00151303934399039,0.00147625245153904,0.00142453517764807,0.00135629577562213,0.00119523087050766,0.000780642149038613,0.000478534173453227,0.000189565922482871,9.13065305212513E-05,8.06046591605991E-05,-9999,-9999,-9999,-9999,-9999,-9999,-9999,-9999,-9999,-9999,-9999,-9999,-9999,-9999,-9999,-9999
-9999,-9999,-9999,-9999,-9999,-9999,-9999,-9999,-9999,-9999,-9999,-9999,1.39579897222575E-05,4.14799069403671E-05,-9999,9.69024040387012E-05,0.000205301766982302,0.000772931205574423,0.00143591640517116,0.00175098609179258,0.00197074352763593,0.0020328180398792,0.00206205039285123,0.00206668116152287,0.00205937051214278,0.00206922506913543,0.0020707449875772,0.00205778330564499,0.00205326499417424,0.00203433097340167,0.00201165420003235,0.00199593277648091,0.00198934529908001,0.00198624329641461,0.00197939202189445,0.00197543809190392,0.00196621147915721,0.00195686146616936,0.00194380071479827,0.00192884402349591,0.00191394134890288,0.00189919909462333,0.00188937562052161,0.00188164622522891,0.00187263241969049,0.00186082301661372,0.00184595922473818,0.0018258395139128,0.00179833464790136,0.00174657395109534,0.00162060803268105,0.00135777099058032,0.00118367769755423,0.00127480051014572,0.00135811977088451,0.00146415154449642,0.00157243839930743,0.00174340954981744,0.00178394862450659,0.00176505837589502,0.0017600868595764,0.00175520102493465,0.00174729235004634,0.00173274124972522,0.00171186146326363,0.00170408713165671,1.8954600818688E-05,-9999,-9999,-9999,-9999,-9999,-9999,-9999,-9999,-9999,-9999,-9999,-9999,-9999,-9999,-9999,-9999,-9999,-9999,-9999,5.97917187405983E-06,8.9263876361656E-06,4.39610303146765E-05,0.000197336921701208,0.00060184410540387,0.00109845458064228,0.0012774245114997,0.00130721088498831,0.00132481660693884,0.00133442040532827,0.00135300727561116,0.00137632642872632,0.0013962066732347,0.00141273974440992,0.00142476474866271,0.00143311684951186,0.00144486664794385,0.00146143138408661,0.00147423264570534,0.00147842662408948,0.0014642789028585,0.00142922415398061,0.0013874548021704,0.00127914943732321,0.000940563681069762,0.000505357980728149,0.000204113792278804,9.91347915260121E-05,7.83806171966717E-05,-9999,-9999,-9999,-9999,-9999,-9999,-9999,-9999,-9999,-9999,-9999,-9999,-9999,-9999,-9999,-9999
-9999,-9999,-9999,-9999,-9999,-9999,-9999,-9999,-9999,-9999,1.36044973260141E-05,1.36221351567656E-05,1.36939033836825E-05,0.000153652305016294,0.000374653784092516,0.000993174966424704,0.0015126671642065,0.00176107347942889,0.00193231680896133,0.00202585104852915,0.00206552562303841,0.00207715877331793,0.00208047637715936,0.00208043912425637,0.00207794480957091,0.00206993985921144,0.00206247274763882,0.00205161911435425,0.00203783856704831,0.00202144146896899,0.00200441270135343,0.00198653433471918,0.00197207601740956,0.00196218560449779,0.00195288786198944,0.00194646115414798,0.00193902908358723,0.00192783481907099,0.00191446579992771,0.00189977593254298,0.00188439036719501,0.00186832714825869,0.00185513379983604,0.00184636889025569,0.00183838256634772,0.00182855455204844,0.0018177037127316,0.00180562515743077,0.00179199711419642,0.00177812192123383,0.00176223437301815,0.00174203212372959,0.00172446388751268,0.0017133210785687,0.00171747675631195,0.00174852297641337,0.00176295998971909,0.00176606106106192,0.00176103261765093,0.0017421772936359,0.00044115650234744,1.17313993541757E-05,1.17516474347212E-05,3.1571566069033E-05,0.000769412901718169,8.72498931130394E-05,-9999,-9999,-9999,-9999,-9999,-9999,-9999,-9999,-9999,-9999,-9999,-9999,-9999,-9999,-9999,-9999,-9999,-9999,-9999,-9999,-9999,5.96964491705876E-06,8.9081268015434E-06,4.57402165920939E-05,0.000236304229474626,0.000709141313564032,0.00117413839325309,0.00128578033763915,0.00130203436128795,0.00131356564816087,0.00132173101883382,0.00133890775032341,0.00135556771419942,0.00137197226285934,0.00138247350696474,0.0013908437686041,0.00139755418058485,0.00141470262315124,0.00142977456562221,0.00143734260927886,0.00143334805034101,0.00141772534698248,0.00136989913880825,0.00126494851429015,0.00103239144664258,0.000656216230709106,0.000241470959736034,0.000107118568848819,7.59471950004809E-05,-9999,-9999,-9999,-9999,-9999,-9999,-9999,-9999,-9999,-9999,-9999,-9999,-9999,-9999,-9999,-9999
-9999,-9999,-9999,-9999,-9999,-9999,-9999,-9999,9.23271509236656E-05,9.22064136830159E-05,2.18304303416517E-05,3.66790372936521E-05,0.000268601201241836,0.0012113502016291,0.00165119406301528,0.00181106652598828,0.001931186998263,0.0019999211654067,0.00202841125428677,0.00205272622406483,0.00206434889696538,0.0020674557890743,0.00206842320039868,0.00206369836814702,0.00205653160810471,0.0020461396779865,0.00203311955556273,0.00201777857728302,0.0020018145442009,0.00198422535322607,0.00196608528494835,0.00194766197819263,0.00193169992417097,0.00192224758211523,0.00191202072892338,0.00190415303222835,0.00189385702833533,0.00188225007150322,0.00186870258767158,0.00185231282375753,0.00183505739551038,0.00181824597530067,0.00180578755680472,0.00179817224852741,0.00179019058123231,0.00178032554686069,0.0017696408322081,0.00175867672078311,0.0017469486920163,0.00173677538987249,0.00172924879007041,0.00172656343784183,0.00172810326330364,0.00173185963649303,0.00173805991653353,0.00174173491541296,0.00174190243706107,0.00174043315928429,0.00173370470292866,0.00171707139816135,0.0016618644585833,1.15689535959973E-05,-9999,-9999,-9999,-9999,-9999,-9999,-9999,-9999,-9999,-9999,-9999,-9999,-9999,-9999,-9999,-9999,-9999,-9999,-9999,-9999,-9999,-9999,-9999,-9999,-9999,-9999,5.95643314227345E-06,8.88836530066328E-06,1.58783168444643E-05,0.000128317624330521,0.000586396257858723,0.00113759841769934,0.00127401459030807,0.00129383045714349,0.00129965040832758,0.00130565988365561,0.00131559488363564,0.00133041304070503,0.00134147109929472,0.00135177234187722,0.00136046588886529,0.00136935862246901,0.00138391426298767,0.00139362108893692,0.00139630434568971,0.0013877636520192,0.00135355279780924,0.00127893558237702,0.00109841581434011,0.00071926141390577,0.000256958737736568,0.00010349036892876,7.34817731427029E-05,-9999,-9999,-9999,-9999,-9999,-9999,-9999,-9999,-9999,-9999,-9999,-9999,-9999,-9999,-9999,-9999
-9999,-9999,-9999,-9999,-9999,-9999,-9999,-9999,9.05653796507977E-05,0.000103263540950138,0.000113840571430046,0.000441197073087096,0.00161664409097284,0.00185211875941604,0.00190631544683129,0.00195647100917995,0.00200005923397839,0.00202567921951413,0.00203964859247208,0.00204542349092662,0.00204674410633743,0.00204607052728534,0.0020411794539541,0.00203323550522327,0.00202292669564486,0.00200993614271283,0.00199275766499341,0.00197293073870242,0.00195637461729348,0.00194104772526771,0.00192379800137132,0.00190570927225053,0.00189030333422124,0.00187794456724077,0.0018684706883505,0.00185898807831109,0.00184853933751583,0.00183558592107147,0.00182058068457991,0.00180298020131886,0.00178494281135499,0.00176742079202086,0.00175353733357042,0.00174414191860706,0.00173424696549773,0.00172387156635523,0.00171364680863917,0.00170486071147025,0.0016946995165199,0.00168619200121611,0.001680544228293,0.00168156763538718,0.00168716174084693,0.0016949747223407,0.00170311331748962,0.00170819764025509,0.00170876109041274,0.00170308258384466,0.00169637822546065,0.00168995768763125,0.00160920666530728,1.15016810013913E-05,-9999,-9999,-9999,-9999,-9999,-9999,-9999,-9999,-9999,-9999,-9999,-9999,-9999,-9999,-9999,-9999,-9999,-9999,-9999,-9999,-9999,-9999,-9999,-9999,-9999,-9999,-9999,-9999,8.86812085809652E-06,8.8753977252054E-06,1.80751958396286E-05,0.000181708208401687,0.000894585391506553,0.00124518084339797,0.00127625907771289,0.00127909693401307,0.00128195132128894,0.00128963682800531,0.00130063504911959,0.00130941905081272,0.00131991307716817,0.00132948602549732,0.0013398164883256,0.00134979514405131,0.00135270983446389,0.00135251972824335,0.00133116100914776,0.00128433376085013,0.00116267427802086,0.00073382759001106,0.000271377852186561,8.8837492512539E-05,7.30674146325327E-05,-9999,-9999,-9999,-9999,-9999,-9999,-9999,-9999,-9999,-9999,-9999,-9999,-9999,-9999,-9999,-9999
-9999,-9999,-9999,-9999,-9999,-9999,9.35125499381684E-05,9.25366039155051E-05,9.25020649447106E-05,0.000262981659034267,0.00123219762463123,0.00171668571420014,0.00189456553198397,0.00193829811178148,0.00197382597252727,0.00199460238218307,0.00200990657322109,0.00201892293989658,0.00202360027469695,0.00202258210629225,0.00201724539510906,0.00201088609173894,0.0020039458759129,0.00199354439973831,0.00197926186956465,0.00196710927411914,0.00194916385225952,0.001930893631652,0.00191331817768514,0.00189480313565582,0.0018741637468338,0.00185751612298191,0.00184437970165163,0.0018317176727578,0.00182054308243096,0.0018099102890119,0.00179895909968764,0.00178837263956666,0.00177495065145195,0.00175915518775582,0.00173968262970448,0.00172336446121335,0.00170739437453449,0.00169563328381628,0.00168470898643136,0.00167486094869673,0.00166517053730786,0.00165379967074841,0.00164640857838094,0.00163849780801684,0.0016346569173038,0.00163725612219423,0.00164315337315202,0.001652323291637,0.00165768922306597,0.00166513747535646,0.00167039944790304,0.00166527228429914,0.00165073596872389,0.000791747064795345,1.14365220724721E-05,-9999,-9999,-9999,-9999,-9999,-9999,-9999,-9999,-9999,-9999,-9999,-9999,-9999,-9999,-9999,-9999,-9999,-9999,-9999,-9999,-9999,-9999,-9999,-9999,-9999,-9999,-9999,-9999,-9999,-9999,-9999,-9999,8.80838160810526E-06,2.47098050749628E-05,0.000415369926486164,0.00113547372166067,0.00125111103989184,0.00125443027354777,0.0012541898759082,0.00125801714602858,0.00126821198500693,0.00127756735309958,0.00128940329886973,0.00129849114455283,0.00130581797566265,0.00130909529980272,0.00130804302170873,0.00129611825104803,0.00126870186068118,0.00115781428758055,0.000820965506136417,0.000372251612134278,7.45855140849017E-05,-9999,-9999,-9999,-9999,-9999,-9999,-9999,-9999,-9999,-9999,-9999,-9999,-9999,-9999,-9999,-9999,-9999
-9999,-9999,-9999,-9999,-9999,-9999,9.29367088247091E-05,0.000116208459076006,0.000436374684795737,0.00147139944601804,0.00180585973430425,0.00190612475853413,0.00194032222498208,0.00195522792637348,0.00196704152040184,0.00197774730622768,0.00198958907276392,0.00199794163927436,0.00200020591728389,0.00199468922801316,0.00198395270854235,0.00197460269555449,0.00196673977188766,0.00195489311590791,0.0019396566785872,0.00192627147771418,0.00190822104923427,0.00188847398385406,0.00187034136615694,0.00185006682295352,0.00182569201570004,0.00180737802293152,0.00178864295594394,0.00177185994107276,0.00175216642674059,0.00174029893241823,0.00173491262830794,0.00173143541906029,0.00172324362210929,0.00171523541212082,0.0016921297647059,0.0016805762425065,0.00166253955103457,0.00165161292534322,0.00164341530762613,0.00163879757747054,0.00162893999367952,0.00162553018890321,0.00161630939692259,0.00161428085993975,0.00160967744886875,0.0016158630605787,0.00162479362916201,0.00132871849928051,0.00153661286458373,0.00131629209499806,3.6076940887142E-05,1.12952911877073E-05,1.13194237201242E-05,-9999,-9999,-9999,-9999,-9999,-9999,-9999,-9999,-9999,-9999,-9999,-9999,-9999,-9999,-9999,-9999,-9999,-9999,-9999,-9999,-9999,-9999,-9999,-9999,-9999,-9999,-9999,-9999,-9999,-9999,-9999,-9999,-9999,-9999,-9999,8.66534355736803E-06,8.6006884885137E-06,0.00017168335034512,0.0010031966958195,0.00122019764967263,0.00122100557200611,0.00121929659508169,0.00122601538896561,0.00123800453729928,0.00124845886602998,0.00125793344341218,0.00126280845142901,0.00126373348757625,0.00126323977019638,0.00125565426424146,0.00123976718168706,0.00116944138426334,0.000923048180993646,0.000388919346733019,9.89558393484913E-05,7.93216822785325E-05,6.1920152802486E-05,-9999,-9999,-9999,-9999,-9999,-9999,-9999,-9999,-9999,-9999,-9999,-9999,-9999,-9999,-9999
-9999,-9999,-9999,-9999,0.000119292039016727,0.000131876760860905,9.34252384467982E-05,0.000399620941607282,0.00154993764590472,0.0018426007591188,0.00191721157170832,0.00192967732436955,0.0019312365911901,0.00193461030721664,0.00194081990048289,0.00195056980010122,0.00196265685372055,0.00197118381038308,0.00197188719175756,0.00196414836682379,0.00195152149535716,0.00193885422777385,0.0019357088021934,0.00191498419735581,0.00189979420974851,0.00188771903049201,0.00186501105781645,0.00185901147779077,0.00183976255357265,0.00181973178405315,0.00178978103213012,0.00176268955692649,0.00173755397554487,0.00173031247686595,0.00170252076350152,0.00169963575899601,0.00169900711625814,0.00168808188755065,0.00169508927501738,0.000231934303883463,0.00116482633166015,0.00095062266336754,0.00161530822515488,0.00114829163067043,0.00147703452967107,0.00159994990099221,0.00160104653332382,0.000850001117214561,0.000270610442385077,0.000764692958910018,0.000107354469946586,9.30058376980014E-05,1.09692809928674E-05,1.09966131276451E-05,-9999,-9999,-9999,-9999,-9999,-9999,-9999,-9999,-9999,-9999,-9999,-9999,-9999,-9999,-9999,-9999,-9999,-9999,-9999,-9999,-9999,-9999,-9999,-9999,-9999,-9999,-9999,-9999,-9999,-9999,-9999,-9999,-9999,-9999,-9999,-9999,-9999,-9999,-9999,-9999,-9999,5.64553101867205E-06,8.2928945630556E-06,0.000269946525804698,0.0011187456548214,0.00118571380153298,0.00118236488196999,0.00118634069804102,0.0012002142611891,0.00120983424130827,0.00121682370081544,0.00121953664347529,0.00121870858129114,0.00121742766350508,0.00121451378799975,0.00120462896302342,0.00115901383105665,0.000884485605638474,0.000311541021801531,6.01223910052795E-05,5.97375837969594E-05,4.26109181717038E-05,6.19014463154599E-05,-9999,-9999,-9999,-9999,-9999,-9999,-9999,-9999,-9999,-9999,-9999,-9999,-9999,-9999
-9999,-9999,-9999,-9999,9.51854672166519E-05,0.00014683831250295,0.000222069764276966,0.00147157127503306,0.00186314596794546,0.00192398694343865,0.00192587717901915,0.00191762973554432,0.00191137625370175,0.00190622685477138,0.00190542638301849,0.00191240140702575,0.00192579347640276,0.00194263143930584,0.00194322562310845,0.00151473155710846,2.02107439690735E-05,1.31285851239227E-05,1.30672297018464E-05,1.29860127344728E-05,1.28930723803933E-05,1.279186380998E-05,6.10788847552612E-05,1.25508195196744E-05,4.72761239507236E-05,1.22424289656919E-05,0.000156827765749767,0.00123636238276958,0.00163463957142085,0.00157667987514287,0.00167993921786547,0.00164394837338477,0.00166760012507439,0.00165086146444082,0.000476062385132536,1.14366557681933E-05,1.13402484203107E-05,1.12522893687128E-05,1.11682775241206E-05,1.10954406409292E-05,1.10311520984396E-05,1.09830571091152E-05,1.09537322714459E-05,-9999,-9999,-9999,-9999,-9999,-9999,-9999,-9999,-9999,-9999,-9999,-9999,-9999,-9999,-9999,-9999,-9999,-9999,-9999,-9999,-9999,-9999,-9999,-9999,-9999,-9999,-9999,-9999,-9999,-9999,-9999,-9999,-9999,-9999,-9999,-9999,-9999,-9999,-9999,-9999,-9999,-9999,-9999,-9999,-9999,-9999,-9999,-9999,-9999,8.05019408289809E-06,5.39343163836747E-05,0.000968732463661581,0.00114315620157868,0.00114746869076043,0.00114671571645886,0.00115918286610395,0.00116836710367352,0.00117381475865841,0.00117592082824558,0.00117355049587786,0.00117127900011837,0.00116900412831455,0.00116292701568455,0.00113268778659403,0.000943888153415173,0.000475942419143394,0.00016030682309065,2.84036868833937E-05,9.65873114182614E-05,5.87036774959415E-05,-9999,-9999,-9999,-9999,-9999,-9999,-9999,-9999,-9999,-9999,-9999,-9999,-9999,-9999
-9999,-9999,-9999,-9999,-9999,9.31446047616191E-05,0.00106806249823421,0.00184587284456939,0.00192515319213271,0.00192811724264175,0.00191405322402716,0.001897745532915,0.00188585580326617,0.00187014241237193,0.00186421221587807,0.00187763094436377,0.00113138929009438,1.29590080177877E-05,1.30393518702476E-05,1.30704838738893E-05,-9999,-9999,-9999,-9999,-9999,-9999,-9999,-9999,-9999,-9999,-9999,-9999,-9999,4.3021937017329E-05,0.000125146209029481,0.000108021777123213,0.000143570112413727,1.14278145701974E-05,-9999,-9999,-9999,-9999,-9999,-9999,-9999,-9999,-9999,-9999,-9999,-9999,-9999,-9999,-9999,-9999,-9999,-9999,-9999,-9999,-9999,-9999,-9999,-9999,-9999,-9999,-9999,-9999,-9999,-9999,-9999,-9999,-9999,-9999,-9999,-9999,-9999,-9999,-9999,-9999,-9999,-9999,-9999,-9999,-9999,-9999,-9999,-9999,-9999,-9999,-9999,-9999,-9999,-9999,-9999,-9999,-9999,-9999,5.25569976161933E-06,7.68043355492409E-06,0.000819450884591788,0.00110206275712699,0.00110827293246984,0.0011070161126554,0.00112158618867397,0.00112603581510484,0.00113028124906123,0.00113209523260593,0.00113080802839249,0.00112845550756902,0.0011244413908571,0.00111969455610961,0.00110625813249499,0.00100078573450446,0.000651130103506148,0.000190881008165888,0.0001051648214343,6.39779755147174E-05,-9999,-9999,-9999,-9999,-9999,-9999,-9999,-9999,-9999,-9999,-9999,-9999,-9999,-9999,-9999
-9999,-9999,-9999,-9999,-9999,0.000368988927220926,0.00173299293965101,0.00191774184349924,0.00193484174087644,0.00192061811685562,0.00190001691225916,0.00187688041478395,0.00185298419091851,0.00183815462514758,0.0018307245336473,0.000210250553209335,1.27292241813848E-05,8.57640952744987E-06,-9999,-9999,-9999,-9999,-9999,-9999,-9999,-9999,-9999,-9999,-9999,-9999,-9999,-9999,-9999,-9999,-9999,-9999,-9999,-9999,-9999,-9999,-9999,-9999,-9999,-9999,-9999,-9999,-9999,-9999,-9999,-9999,-9999,-9999,-9999,-9999,-9999,-9999,-9999,-9999,-9999,-9999,-9999,-9999,-9999,-9999,-9999,-9999,-9999,-9999,-9999,-9999,-9999,-9999,-9999,-9999,-9999,-9999,-9999,-9999,-9999,-9999,-9999,-9999,-9999,-9999,-9999,-9999,-9999,-9999,-9999,-9999,-9999,-9999,-9999,-9999,-9999,-9999,-9999,7.38542576073087E-06,0.000616374367382377,0.00106373080052435,0.00106930790934712,0.00106970139313489,0.00108196039218456,0.00108366901986301,0.00108653877396137,0.00108904158696532,0.00108987418934703,0.0010880483314395,0.00108462409116328,0.00107982836198062,0.0010685179149732,0.00102444249205291,0.000737576920073479,0.000370171677786857,7.10899403202347E-05,5.1453444029903E-05,-9999,-9999,-9999,-9999,-9999,-9999,-9999,-9999,-9999,-9999,-9999,-9999,-9999,-9999,-9999
-9999,-9999,9.77668532868847E-05,9.67116502579302E-05,9.4710077974014E-05,0.00101688376162201,0.00188466696999967,0.00193406839389354,0.00193108944222331,0.00190918985754251,0.00188374053686857,0.00185546325519681,0.00183069333434105,0.00180085829924792,0.000108678817923646,1.25437491078628E-05,8.44025180413155E-06,-9999,-9999,-9999,-9999,-9999,-9999,-9999,-9999,-9999,-9999,-9999,-9999,-9999,-9999,-9999,-9999,-9999,-9999,-9999,-9999,-9999,-9999,-9999,-9999,-9999,-9999,-9999,-9999,-9999,-9999,-9999,-9999,-9999,-9999,-9999,-9999,-9999,-9999,-9999,-9999,-9999,-9999,-9999,-9999,-9999,-9999,-9999,-9999,-9999,-9999,-9999,-9999,-9999,-9999,-9999,-9999,-9999,-9999,-9999,-9999,-9999,-9999,-9999,-9999,-9999,-9999,-9999,-9999,-9999,-9999,-9999,-9999,-9999,-9999,-9999,-9999,-9999,-9999,-9999,-9999,7.14419729774818E-06,0.000354952469933778,0.00102652586065233,0.00103491451591253,0.00103172450326383,0.00103629124350846,0.00104241364169866,0.00104310200549662,0.0010487592080608,0.00105126795824617,0.00104997318703681,0.00104620668571442,0.00104124878998846,0.00103351764846593,0.00100553093943745,0.000883052824065089,0.000557452149223536,0.000297100865282118,6.71860761940479E-05,-9999,-9999,-9999,-9999,-9999,-9999,-9999,-9999,-9999,-9999,-9999,-9999,-9999,-9999,-9999
-9999,-9999,-9999,-9999,0.000117291521746665,0.00159388105385005,0.00191411771811545,0.00193593953736126,0.00192196608986706,0.00189387809950858,0.00186557951383293,0.00183786521665752,0.00181754457298666,0.000155970425112173,1.24118660096428E-05,8.33532794786151E-06,-9999,-9999,-9999,-9999,-9999,-9999,-9999,-9999,-9999,-9999,-9999,-9999,-9999,-9999,-9999,-9999,-9999,-9999,-9999,-9999,-9999,-9999,-9999,-9999,-9999,-9999,-9999,-9999,-9999,-9999,-9999,-9999,-9999,-9999,-9999,-9999,-9999,-9999,-9999,-9999,-9999,-9999,-9999,-9999,-9999,-9999,-9999,-9999,-9999,-9999,-9999,-9999,-9999,-9999,-9999,-9999,-9999,-9999,-9999,-9999,-9999,-9999,-9999,-9999,-9999,-9999,-9999,-9999,-9999,-9999,-9999,-9999,-9999,-9999,-9999,-9999,-9999,-9999,-9999,-9999,-9999,6.93093352310825E-06,0.000184115953743458,0.000987002160400152,0.000997895025648177,0.000997871393337846,0.00099744985345751,0.00100331683643162,0.00100320356432348,0.0010103308595717,0.00101570691913366,0.00101402902510017,0.00100949232000858,0.00100475049111992,0.000996630638837814,0.000980829237960279,0.000934860261622816,0.000808800221420825,0.000501117901876569,0.000148665232700296,-9999,-9999,-9999,-9999,-9999,-9999,-9999,-9999,-9999,-9999,-9999,-9999,-9999,-9999,-9999
-9999,-9999,-9999,-9999,0.000248527707299218,0.00173149444162846,0.00192075874656439,0.00193044112529606,0.00191118777729571,0.00187852396629751,0.00185039197094738,0.00182526605203748,0.00122041092254221,1.23430572784855E-05,8.254778549599E-06,-9999,-9999,-9999,-9999,-9999,-9999,-9999,-9999,-9999,-9999,-9999,-9999,-9999,-9999,-9999,-9999,-9999,-9999,-9999,-9999,-9999,-9999,-9999,-9999,-9999,-9999,-9999,-9999,-9999,-9999,-9999,-9999,-9999,-9999,-9999,-9999,-9999,-9999,-9999,-9999,-9999,-9999,-9999,-9999,-9999,-9999,-9999,-9999,-9999,-9999,-9999,-9999,-9999,-9999,-9999,-9999,-9999,-9999,-9999,-9999,-9999,-9999,-9999,-9999,-9999,-9999,-9999,-9999,-9999,-9999,-9999,-9999,-9999,-9999,-9999,-9999,-9999,-9999,-9999,-9999,-9999,-9999,6.73899330649874E-06,7.32370099285617E-05,0.000943704508244991,0.000960752484388649,0.000965196930337697,0.000961739919148386,0.000963741738814861,0.000967017316725105,0.000970860768575221,0.000977456336840987,0.000976343813817948,0.000973547983448952,0.000968792650382966,0.000962110701948404,0.000951613124925643,0.000931296730414033,0.000886951107531786,0.000740898656658828,0.000397579657146707,5.3999920055503E-05,-9999,-9999,-9999,-9999,-9999,-9999,-9999,-9999,-9999,-9999,-9999,-9999,-9999,-9999
-9999,-9999,-9999,-9999,0.000201239337911829,0.0017044183332473,0.00191624497529119,0.0019217636436224,0.00189993879757822,0.00186703517101705,0.00184003880713135,0.00181593908928335,1.23085283121327E-05,8.21373396320269E-06,5.50149979972048E-06,-9999,-9999,-9999,-9999,-9999,-9999,-9999,-9999,-9999,-9999,-9999,-9999,-9999,-9999,-9999,-9999,-9999,-9999,-9999,-9999,-9999,-9999,-9999,-9999,-9999,-9999,-9999,-9999,-9999,-9999,-9999,-9999,-9999,-9999,-9999,-9999,-9999,-9999,-9999,-9999,-9999,-9999,-9999,-9999,-9999,-9999,-9999,-9999,-9999,-9999,-9999,-9999,-9999,-9999,-9999,-9999,-9999,-9999,-9999,-9999,-9999,-9999,-9999,-9999,-9999,-9999,-9999,-9999,-9999,-9999,-9999,-9999,-9999,-9999,-9999,-9999,-9999,-9999,-9999,-9999,-9999,-9999,4.35892297900864E-06,6.44911369818146E-06,0.000890587223693728,0.000928265159018338,0.000932549126446247,0.000931100454181433,0.000926766428165138,0.000932300405111164,0.000936502125114202,0.000938941782806069,0.000939913501497358,0.000938462326303124,0.000935110379941761,0.000929107423871756,0.000919724989216775,0.000908575428184122,0.00088718521874398,0.000819035456515849,0.000591706950217485,0.000184099451871589,4.17685987486038E-05,-9999,-9999,-9999,-9999,-9999,-9999,-9999,-9999,-9999,-9999,-9999,-9999,-9999
-9999,-9999,-9999,-9999,0.000104462902527303,0.00154910504352301,0.00190418271813542,0.00191280583385378,0.00189356016926467,0.00186148204375058,0.00183391000609845,0.0018051847582683,1.22479596029734E-05,8.17141517472919E-06,-9999,-9999,-9999,-9999,-9999,-9999,-9999,-9999,-9999,-9999,-9999,-9999,-9999,-9999,-9999,-9999,-9999,-9999,-9999,-9999,-9999,-9999,-9999,-9999,-9999,-9999,-9999,-9999,-9999,-9999,-9999,-9999,-9999,-9999,-9999,-9999,-9999,-9999,-9999,-9999,-9999,-9999,-9999,-9999,-9999,-9999,-9999,-9999,-9999,-9999,-9999,-9999,-9999,-9999,-9999,-9999,-9999,-9999,-9999,-9999,-9999,-9999,-9999,-9999,-9999,-9999,-9999,-9999,-9999,-9999,-9999,-9999,-9999,-9999,-9999,-9999,-9999,-9999,-9999,-9999,-9999,-9999,-9999,4.25709777118755E-06,6.23642290520365E-06,0.000837514642626047,0.000896977086085826,0.000899701844900846,0.000902430154383183,0.000897198333404958,0.000897668360266834,0.00090243830345571,0.000905431865248829,0.00090907362755388,0.000908118148799986,0.000905697757843882,0.000899212143849581,0.000890580064151436,0.000881886633578688,0.000866997928824276,0.000823976413812488,0.000725058140233159,0.000424644589656964,7.95812884462066E-05,5.68208415643312E-05,5.7915799516195E-06,-9999,-9999,-9999,-9999,-9999,-9999,-9999,-9999,-9999,-9999,-9999
-9999,-9999,-9999,-9999,9.31719041545875E-05,0.000837691710330546,0.00186227331869304,0.00190429203212261,0.00189236283767968,0.00186814297921956,0.00183846172876656,0.00181148876436055,2.71063872787636E-05,1.214365602209E-05,-9999,-9999,-9999,-9999,-9999,-9999,-9999,-9999,-9999,-9999,-9999,-9999,-9999,-9999,-9999,-9999,-9999,-9999,-9999,-9999,-9999,-9999,-9999,-9999,-9999,-9999,-9999,-9999,-9999,-9999,-9999,-9999,-9999,-9999,-9999,-9999,-9999,-9999,-9999,-9999,-9999,-9999,-9999,-9999,-9999,-9999,-9999,-9999,-9999,-9999,-9999,-9999,-9999,-9999,-9999,-9999,-9999,-9999,-9999,-9999,-9999,-9999,-9999,-9999,-9999,-9999,-9999,-9999,-9999,-9999,-9999,-9999,-9999,-9999,-9999,-9999,-9999,-9999,-9999,-9999,-9999,-9999,-9999,-9999,6.03181342739845E-06,0.000796832144260406,0.000866984308231622,0.000867967784870416,0.00087536737555638,0.000870376185048372,0.000868288101628423,0.000873647455591708,0.000879197788890451,0.000881180050782859,0.000881881336681545,0.000878441787790507,0.000873042794410139,0.000865408743266016,0.000857634237036109,0.000846855866257101,0.000816053012385964,0.000743823766242713,0.000559490406885743,0.000131221851916052,4.49821964139119E-05,-9999,-9999,-9999,-9999,-9999,-9999,-9999,-9999,-9999,-9999,-9999,-9999
-9999,-9999,-9999,-9999,9.31089161895216E-05,0.000365602143574506,0.00172069575637579,0.00189177982974797,0.0018871333450079,0.00187285186257213,0.00184884760528803,0.00182050582952797,0.0012243443634361,1.21198518172605E-05,-9999,-9999,-9999,-9999,-9999,-9999,-9999,-9999,-9999,-9999,-9999,-9999,-9999,-9999,-9999,-9999,-9999,-9999,-9999,-9999,-9999,-9999,-9999,-9999,-9999,-9999,-9999,-9999,-9999,-9999,-9999,-9999,-9999,-9999,-9999,-9999,-9999,-9999,-9999,-9999,-9999,-9999,-9999,-9999,-9999,-9999,-9999,-9999,-9999,-9999,-9999,-9999,-9999,-9999,-9999,-9999,-9999,-9999,-9999,-9999,-9999,-9999,-9999,-9999,-9999,-9999,-9999,-9999,-9999,-9999,-9999,-9999,-9999,-9999,-9999,-9999,-9999,-9999,-9999,-9999,-9999,-9999,-9999,-9999,5.88034163229167E-06,0.000712206761818379,0.000841912522446364,0.000842793378978968,0.000849385978654027,0.000850807758979499,0.000846236944198608,0.00084474851610139,0.00085247796960175,0.000854633515700698,0.000854781887028366,0.000851970806252211,0.000848350464366376,0.000842247100081295,0.000835843966342509,0.00082462455611676,0.000801978225354105,0.000744231685530394,0.000642687664367259,0.000244445342104882,4.41926822531968E-05,3.95687384298071E-05,3.98954871343449E-05,-9999,-9999,-9999,-9999,-9999,-9999,-9999,-9999,-9999,-9999
-9999,-9999,-9999,-9999,-9999,0.000102503021480516,0.0014013743493706,0.00187131681013852,0.00188026006799191,0.00187107094097883,0.00185339769814163,0.00182519620284438,0.00178894400596619,1.21023067549686E-05,-9999,-9999,-9999,-9999,-9999,-9999,-9999,-9999,-9999,-9999,-9999,-9999,-9999,-9999,-9999,-9999,-9999,-9999,-9999,-9999,-9999,-9999,-9999,-9999,-9999,-9999,-9999,-9999,-9999,-9999,-9999,-9999,-9999,-9999,-9999,-9999,-9999,-9999,-9999,-9999,-9999,-9999,-9999,-9999,-9999,-9999,-9999,-9999,-9999,-9999,-9999,-9999,-9999,-9999,-9999,-9999,-9999,-9999,-9999,-9999,-9999,-9999,-9999,-9999,-9999,-9999,-9999,-9999,-9999,-9999,-9999,-9999,-9999,-9999,-9999,-9999,-9999,-9999,-9999,-9999,-9999,-9999,-9999,-9999,5.76929960516281E-06,0.000561732973437756,0.00081405317177996,0.000821896828711033,0.000825926603283733,0.000828973250463605,0.000824196031317115,0.000819379114545882,0.00082762073725462,0.000830002478323877,0.000830802950076759,0.000827643612865359,0.000824914779514074,0.000820334884338081,0.000814631057437509,0.00080583366798237,0.000791259808465838,0.00076399784302339,0.000611070252489299,0.000371325528249145,0.000138297895318829,9.27648870856501E-05,5.48917778360192E-05,3.98448391933925E-05,-9999,-9999,-9999,-9999,-9999,-9999,-9999,-9999,-9999
-9999,-9999,-9999,-9999,-9999,2.07996654353337E-05,0.000986566068604589,0.0018275388283655,0.00187325547449291,0.00186792481690645,0.0018538247095421,0.00182640226557851,0.00178921932820231,1.21000375656877E-05,-9999,-9999,-9999,-9999,-9999,-9999,-9999,-9999,-9999,-9999,-9999,-9999,-9999,-9999,-9999,-9999,-9999,-9999,-9999,-9999,-9999,-9999,-9999,-9999,-9999,-9999,-9999,-9999,-9999,-9999,-9999,-9999,-9999,-9999,-9999,-9999,-9999,-9999,-9999,-9999,-9999,-9999,-9999,-9999,-9999,-9999,-9999,-9999,-9999,-9999,-9999,-9999,-9999,-9999,-9999,-9999,-9999,-9999,-9999,-9999,-9999,-9999,-9999,-9999,-9999,-9999,-9999,-9999,-9999,-9999,-9999,-9999,-9999,-9999,-9999,-9999,-9999,-9999,-9999,-9999,-9999,-9999,-9999,-9999,5.6978342399816E-06,0.00018554920097813,0.000782841932959855,0.000802158145233989,0.000805198971647769,0.000807532342150807,0.000804165960289538,0.000800361740402877,0.000805358926299959,0.000810319499578327,0.000810156983789057,0.000805573654361069,0.000802345515694469,0.000798436929471791,0.000793357088696212,0.000787983473856002,0.000777142122387886,0.000741817581001669,0.000628607638645917,0.000519960245583206,0.000408715044613928,0.000341231585480273,0.00010184379061684,3.89518099837005E-05,-9999,-9999,-9999,-9999,-9999,-9999,-9999,-9999,-9999
-9999,-9999,-9999,-9999,-9999,1.27555676954216E-05,0.0007080202922225,0.00182010582648218,0.00186644541099668,0.00186430977191776,0.0018521185265854,0.00182327174115926,0.00176858343183994,1.21050361485686E-05,-9999,-9999,-9999,-9999,-9999,-9999,-9999,-9999,-9999,-9999,-9999,-9999,-9999,-9999,-9999,-9999,-9999,-9999,-9999,-9999,-9999,-9999,-9999,-9999,-9999,-9999,-9999,-9999,-9999,-9999,-9999,-9999,-9999,-9999,-9999,-9999,-9999,-9999,-9999,-9999,-9999,-9999,-9999,-9999,-9999,-9999,-9999,-9999,-9999,-9999,-9999,-9999,-9999,-9999,-9999,-9999,-9999,-9999,-9999,-9999,-9999,-9999,-9999,-9999,-9999,-9999,-9999,-9999,-9999,-9999,-9999,-9999,-9999,-9999,-9999,-9999,-9999,-9999,-9999,-9999,-9999,-9999,-9999,-9999,-9999,5.49316064279992E-06,0.000757059373427182,0.000780501984991133,0.000787436380051076,0.000788212637417018,0.000785308191552758,0.000781119742896408,0.000785090960562229,0.000790641235653311,0.000790052872616798,0.00078667706111446,0.000782318762503564,0.000778868794441223,0.000773866660892963,0.000769290549214929,0.000762489682529122,0.000737249676603824,0.00070610735565424,0.000663107901345938,0.000566275150049478,0.000357458950020373,0.00013437207962852,3.78554468625225E-05,-9999,-9999,-9999,-9999,-9999,-9999,-9999,-9999,-9999
-9999,-9999,-9999,-9999,-9999,-9999,0.000428760598879308,0.00181984819937497,0.00185993080958724,0.00186066958121955,0.00184710626490414,0.00181395292747766,0.00178697903174907,-9999,-9999,-9999,-9999,-9999,-9999,-9999,-9999,-9999,-9999,-9999,-9999,-9999,-9999,-9999,-9999,-9999,-9999,-9999,-9999,-9999,-9999,-9999,-9999,-9999,-9999,-9999,-9999,-9999,-9999,-9999,-9999,-9999,-9999,-9999,-9999,-9999,-9999,-9999,-9999,-9999,-9999,-9999,-9999,-9999,-9999,-9999,-9999,-9999,-9999,-9999,-9999,-9999,-9999,-9999,-9999,-9999,-9999,-9999,-9999,-9999,-9999,-9999,-9999,-9999,-9999,-9999,-9999,-9999,-9999,-9999,-9999,-9999,-9999,-9999,-9999,-9999,-9999,-9999,-9999,-9999,-9999,-9999,-9999,-9999,-9999,5.3829098760616E-06,0.000700342003256083,0.000762200448662043,0.000772223807871342,0.000773314910475165,0.000770626298617572,0.000767253106459975,0.000768788391724229,0.000772561645135283,0.000771280087064952,0.000768922036513686,0.000764685508329421,0.000759829359594733,0.000755053944885731,0.000750602164771408,0.000747342477552593,0.000740345916710794,0.00072559789987281,0.000677056726999581,0.000587982533033937,0.000438465038314462,0.000225527182919905,4.57144305983093E-05,-9999,-9999,-9999,-9999,-9999,-9999,-9999,-9999,-9999
-9999,-9999,-9999,-9999,-9999,-9999,0.000321804225677624,0.00181666132993996,0.00185846700333059,0.00185650796629488,0.00183727848343551,0.00180338381323963,0.0017665553605184,-9999,-9999,-9999,-9999,-9999,-9999,-9999,-9999,-9999,-9999,-9999,-9999,-9999,-9999,-9999,-9999,-9999,-9999,-9999,-9999,-9999,-9999,-9999,-9999,-9999,-9999,-9999,-9999,-9999,-9999,-9999,-9999,-9999,-9999,-9999,-9999,-9999,-9999,-9999,-9999,-9999,-9999,-9999,-9999,-9999,-9999,-9999,-9999,-9999,-9999,-9999,-9999,-9999,-9999,-9999,-9999,-9999,-9999,-9999,-9999,-9999,-9999,-9999,-9999,-9999,-9999,-9999,-9999,-9999,-9999,-9999,-9999,-9999,-9999,-9999,-9999,-9999,-9999,-9999,-9999,-9999,-9999,-9999,-9999,-9999,-9999,5.30064744452829E-06,0.000460887211374938,0.000749726372305304,0.000758851587306708,0.000759121496230364,0.000756266352254897,0.000754169246647507,0.00075207743793726,0.000757472706027329,0.000756093591917306,0.000753700383938849,0.000749341968912631,0.000744744844269007,0.000739453709684312,0.00073471269570291,0.000731214880943298,0.000727423932403326,0.000717510934919119,0.000692997535225004,0.0006377914105542,0.000490208738483489,0.000341902690706775,8.44866954139434E-05,4.34735011367593E-05,3.45426087733358E-05,-9999,-9999,-9999,-9999,-9999,-9999,-9999
-9999,-9999,-9999,-9999,-9999,-9999,0.000510636833496392,0.0018427501199767,0.00186116364784539,0.00185165833681822,0.00182626722380519,0.00179345288779587,0.00161841732915491,-9999,-9999,-9999,-9999,-9999,-9999,-9999,-9999,-9999,-9999,-9999,-9999,-9999,-9999,-9999,-9999,-9999,-9999,-9999,-9999,-9999,-9999,-9999,-9999,-9999,-9999,-9999,-9999,-9999,-9999,-9999,-9999,-9999,-9999,-9999,-9999,-9999,-9999,-9999,-9999,-9999,-9999,-9999,-9999,-9999,-9999,-9999,-9999,-9999,-9999,-9999,-9999,-9999,-9999,-9999,-9999,-9999,-9999,-9999,-9999,-9999,-9999,-9999,-9999,-9999,-9999,-9999,-9999,-9999,-9999,-9999,-9999,-9999,-9999,-9999,-9999,-9999,-9999,-9999,-9999,-9999,-9999,-9999,-9999,-9999,-9999,5.23714697919786E-06,3.09850292978808E-05,0.000739904178772122,0.000745700963307172,0.000746077683288604,0.000741875264793634,0.000739094102755189,0.000738147064112127,0.000742103788070381,0.000743579119443893,0.00074120465433225,0.000735849083866924,0.000730284780729562,0.000725350226275623,0.000721170217730105,0.000716136419214308,0.000713138666469604,0.000704548379871994,0.000685620470903814,0.000642130791675299,0.000563799927476794,0.000398327130824327,0.00015000558050815,7.36052606953308E-05,5.28426644450519E-05,3.34524556819815E-05,-9999,-9999,-9999,-9999,-9999,-9999
-9999,-9999,-9999,-9999,-9999,-9999,-9999,-9999,-9999,-9999,-9999,-9999,-9999,-9999,-9999,-9999,-9999,-9999,-9999,-9999,-9999,-9999,-9999,-9999,-9999,-9999,-9999,-9999,-9999,-9999,-9999,-9999,-9999,-9999,-9999,-9999,-9999,-9999,-9999,-9999,-9999,-9999,-9999,-9999,-9999,-9999,-9999,-9999,-9999,-9999,-9999,-9999,-9999,-9999,-9999,-9999,-9999,-9999,-9999,-9999,-9999,-9999,-9999,-9999,-9999,-9999,-9999,-9999,-9999,-9999,-9999,-9999,-9999,-9999,-9999,-9999,-9999,-9999,-9999,-9999,-9999,-9999,-9999,-9999,-9999,-9999,-9999,-9999,-9999,-9999,-9999,-9999,-9999,-9999,-9999,-9999,-9999,-9999,-9999,-9999,5.08219136463595E-06,0.000710662978235632,0.000732731423340738,0.000733615714125335,0.000730283209122717,0.00072730693500489,0.000725907797459513,0.000729891646187752,0.000733122287783772,0.000728919636458158,0.000723602366633713,0.000717945804353803,0.000711664441041648,0.000707636296283454,0.000702853372786194,0.000698949268553406,0.000694327231030911,0.000682841870002449,0.000654782284982502,0.00059077242622152,0.000430391140980646,0.00022689467004966,0.000145561745739542,0.000108004285721108,5.70688825973775E-05,3.23047679557931E-05,-9999,-9999,-9999,-9999,-9999
-9999,-9999,-9999,-9999,-9999,-9999,-9999,-9999,-9999,-9999,-9999,-9999,-9999,-9999,-9999,-9999,-9999,-9999,-9999,-9999,-9999,-9999,-9999,-9999,-9999,-9999,-9999,-9999,-9999,-9999,-9999,-9999,-9999,-9999,-9999,-9999,-9999,-9999,-9999,-9999,-9999,-9999,-9999,-9999,-9999,-9999,-9999,-9999,-9999,-9999,-9999,-9999,-9999,-9999,-9999,-9999,-9999,-9999,-9999,-9999,-9999,-9999,-9999,-9999,-9999,-9999,-9999,-9999,-9999,-9999,-9999,-9999,-9999,-9999,-9999,-9999,-9999,-9999,-9999,-9999,-9999,-9999,-9999,-9999,-9999,-9999,-9999,-9999,-9999,-9999,-9999,-9999,-9999,-9999,-9999,-9999,-9999,-9999,-9999,-9999,5.00918031320907E-06,0.000538073945790529,0.000723842706065625,0.000721645657904446,0.00071907474193722,0.000715492060407996,0.00071329006459564,0.000719162577297539,0.00072193203959614,0.000717358023393899,0.000710346677806228,0.000705266022123396,0.000698408577591181,0.000694647605996579,0.000690484477672726,0.000688428001012653,0.000684114987961948,0.000675904506351799,0.000646474130917341,0.000578387058340013,0.000440545089077204,0.000278573977993801,0.000203474191948771,0.000117059928015806,7.72192724980414E-05,3.55188785761129E-05,3.13006785290781E-05,-9999,-9999,-9999,-9999
-9999,-9999,-9999,-9999,-9999,-9999,-9999,-9999,-9999,-9999,-9999,-9999,-9999,-9999,-9999,-9999,-9999,-9999,-9999,-9999,-9999,-9999,-9999,-9999,-9999,-9999,-9999,-9999,-9999,-9999,-9999,-9999,-9999,-9999,-9999,-9999,-9999,-9999,-9999,-9999,-9999,-9999,-9999,-9999,-9999,-9999,-9999,-9999,-9999,-9999,-9999,-9999,-9999,-9999,-9999,-9999,-9999,-9999,-9999,-9999,-9999,-9999,-9999,-9999,-9999,-9999,-9999,-9999,-9999,-9999,-9999,-9999,-9999,-9999,-9999,-9999,-9999,-9999,-9999,-9999,-9999,-9999,-9999,-9999,-9999,-9999,-9999,-9999,-9999,-9999,-9999,-9999,-9999,-9999,-9999,-9999,-9999,-9999,-9999,-9999,4.95932681587874E-06,1.27536441141274E-05,0.000717362971045077,0.000711741682607681,0.000709182233549654,0.000704767531715333,0.000703949190210551,0.00070964900078252,0.000711537955794483,0.000707262835931033,0.000699839205481112,0.000694157206453383,0.000686879095155746,0.000682006124407053,0.000678743352182209,0.000676485418807715,0.000669307715725154,0.00065870163962245,0.000635407748632133,0.000566803792025894,0.000467053061584011,0.000351850845618173,0.000252627942245454,0.000152624867041595,8.41401415527798E-05,4.35476977145299E-05,3.07917980535422E-05,-9999,-9999,-9999,-9999
-9999,-9999,-9999,-9999,-9999,-9999,-9999,-9999,-9999,-9999,-9999,-9999,-9999,-9999,-9999,-9999,-9999,-9999,-9999,-9999,-9999,-9999,-9999,-9999,-9999,-9999,-9999,-9999,-9999,-9999,-9999,-9999,-9999,-9999,-9999,-9999,-9999,-9999,-9999,-9999,-9999,-9999,-9999,-9999,-9999,-9999,-9999,-9999,-9999,-9999,-9999,-9999,-9999,-9999,-9999,-9999,-9999,-9999,-9999,-9999,-9999,-9999,-9999,-9999,-9999,-9999,-9999,-9999,-9999,-9999,-9999,-9999,-9999,-9999,-9999,-9999,-9999,-9999,-9999,-9999,-9999,-9999,-9999,-9999,-9999,-9999,-9999,-9999,-9999,-9999,-9999,-9999,-9999,-9999,-9999,-9999,-9999,-9999,-9999,-9999,-9999,4.876820185018E-06,0.000660167192108929,0.000701343000400811,0.00069927325239405,0.000695421360433102,0.000696039875037968,0.000699765514582396,0.000701628916431218,0.000698046816978604,0.000689822132699192,0.000683508056681603,0.000676049385219812,0.000669794797431678,0.000665754487272352,0.000663837883621454,0.000661636178847402,0.000654881703667343,0.000628962880000472,0.000566841103136539,0.000474523229058832,0.000403294776333496,0.000286035879980773,0.000150110659888014,9.14276388357393E-05,4.24735844717361E-05,2.9648650524905E-05,-9999,-9999,2.47698080784176E-05,2.46549570874777E-05
-9999,-9999,-9999,-9999,-9999,-9999,-9999,-9999,-9999,-9999,-9999,-9999,-9999,-9999,-9999,-9999,-9999,-9999,-9999,-9999,-9999,-9999,-9999,-9999,-9999,-9999,-9999,-9999,-9999,-9999,-9999,-9999,-9999,-9999,-9999,-9999,-9999,-9999,-9999,-9999,-9999,-9999,-9999,-9999,-9999,-9999,-9999,-9999,-9999,-9999,-9999,-9999,-9999,-9999,-9999,-9999,-9999,-9999,-9999,-9999,-9999,-9999,-9999,-9999,-9999,-9999,-9999,-9999,-9999,-9999,-9999,-9999,-9999,-9999,-9999,-9999,-9999,-9999,-9999,-9999,-9999,-9999,-9999,-9999,-9999,-9999,-9999,-9999,-9999,-9999,-9999,-9999,-9999,-9999,-9999,-9999,-9999,-9999,-9999,-9999,-9999,-9999,3.46559754689224E-05,0.000705305952578783,0.000692443165462464,0.0006899080472067,0.000690310727804899,0.000693330483045429,0.000692831701599061,0.000687771593220532,0.000680010532960296,0.000673278118483722,0.000665839877910912,0.000659600715152919,0.000654383329674602,0.000651458976790309,0.000648252607788891,0.000640534562990069,0.00061440235003829,0.000583333196118474,0.000522731454111636,0.000414811307564378,0.000281894928775728,0.00017625794862397,8.05183663032949E-05,4.57109963463154E-05,2.7984038752038E-05,2.6295261704945E-05,2.53880898526404E-05,2.47460066020722E-05,2.71316603175364E-05
-9999,-9999,-9999,-9999,-9999,-9999,-9999,-9999,-9999,-9999,-9999,-9999,-9999,-9999,-9999,-9999,-9999,-9999,-9999,-9999,-9999,-9999,-9999,-9999,-9999,-9999,-9999,-9999,-9999,-9999,-9999,-9999,-9999,-9999,-9999,-9999,-9999,-9999,-9999,-9999,-9999,-9999,-9999,-9999,-9999,-9999,-9999,-9999,-9999,-9999,-9999,-9999,-9999,-9999,-9999,-9999,-9999,-9999,-9999,-9999,-9999,-9999,-9999,-9999,-9999,-9999,-9999,-9999,-9999,-9999,-9999,-9999,-9999,-9999,-9999,-9999,-9999,-9999,-9999,-9999,-9999,-9999,-9999,-9999,-9999,-9999,-9999,-9999,-9999,-9999,-9999,-9999,-9999,-9999,-9999,-9999,-9999,-9999,-9999,-9999,-9999,-9999,-9999,0.000488202407723293,0.000697052048053592,0.000686700746882707,0.000688759260810912,0.000688855478074402,0.000687335850670934,0.000680624332744628,0.000672137830406427,0.000663696962874383,0.000656155112665147,0.000649932771921158,0.000645538442768157,0.000640176527667791,0.000634106574580073,0.00062606658320874,0.000604645989369601,0.000581379979848862,0.00052707310533151,0.00042610801756382,0.000315121142193675,0.000144396821269765,7.01080934959464E-05,3.90749046346173E-05,2.99694656860083E-05,2.5760733478819E-05,2.78226070804521E-05,3.00965111819096E-05,0.000243240123381838
-9999,-9999,-9999,-9999,-9999,-9999,-9999,-9999,-9999,-9999,-9999,-9999,-9999,-9999,-9999,-9999,-9999,-9999,-9999,-9999,-9999,-9999,-9999,-9999,-9999,-9999,-9999,-9999,-9999,-9999,-9999,-9999,-9999,-9999,-9999,-9999,-9999,-9999,-9999,-9999,-9999,-9999,-9999,-9999,-9999,-9999,-9999,-9999,-9999,-9999,-9999,-9999,-9999,-9999,-9999,-9999,-9999,-9999,-9999,-9999,-9999,-9999,-9999,-9999,-9999,-9999,-9999,-9999,-9999,-9999,-9999,-9999,-9999,-9999,-9999,-9999,-9999,-9999,-9999,-9999,-9999,-9999,-9999,-9999,-9999,-9999,-9999,-9999,-9999,-9999,-9999,-9999,-9999,-9999,-9999,-9999,-9999,-9999,-9999,-9999,-9999,-9999,-9999,4.75993692816701E-06,0.000490388367325068,0.000703623984009027,0.000692060857545584,0.000687703024595976,0.000684180529788136,0.000676619820296764,0.000667720916680992,0.000659274053759873,0.000651662761811167,0.000644193263724446,0.000636769516859204,0.000630235183052719,0.000620158680249006,0.000607103516813368,0.000596923753619194,0.000551229226402938,0.000483080191770568,0.000349006411852315,0.00018637596804183,5.61358683626167E-05,3.44422951457091E-05,3.30515031237155E-05,3.56733798980713E-05,3.46119886671659E-05,5.74133191548754E-05,0.000491032260470092,0.000495401618536562
-9999,-9999,-9999,-9999,-9999,-9999,-9999,-9999,-9999,-9999,-9999,-9999,-9999,-9999,-9999,-9999,-9999,-9999,-9999,-9999,-9999,-9999,-9999,-9999,-9999,-9999,-9999,-9999,-9999,-9999,-9999,-9999,-9999,-9999,-9999,-9999,-9999,-9999,-9999,-9999,-9999,-9999,-9999,-9999,-9999,-9999,-9999,-9999,-9999,-9999,-9999,-9999,-9999,-9999,-9999,-9999,-9999,-9999,-9999,-9999,-9999,-9999,-9999,-9999,-9999,-9999,-9999,-9999,-9999,-9999,-9999,-9999,-9999,-9999,-9999,-9999,-9999,-9999,-9999,-9999,-9999,-9999,-9999,-9999,-9999,-9999,-9999,-9999,-9999,-9999,-9999,-9999,-9999,-9999,-9999,-9999,-9999,-9999,-9999,-9999,-9999,-9999,-9999,-9999,4.74815260531614E-06,4.75131082566804E-06,0.000653359398711473,0.000694232585374266,0.000680555996950716,0.000673372182063758,0.000664744176901877,0.00065660459222272,0.000610756920650601,0.000504222000017762,0.000625487242359668,0.000601760693825781,0.000504655588883907,0.000418031646404415,0.000383144797524437,0.000325874221744016,0.000168670187122189,6.17689220234752E-05,3.10354807879776E-05,2.6876059564529E-05,4.48930331913289E-05,7.33954439056106E-05,0.000262811314314604,0.000494578678626567,0.000498934765346348,0.000498392444569618,0.000490767182782292
-9999,-9999,-9999,-9999,-9999,-9999,-9999,-9999,-9999,-9999,-9999,-9999,-9999,-9999,-9999,-9999,-9999,-9999,-9999,-9999,-9999,-9999,-9999,-9999,-9999,-9999,-9999,-9999,-9999,-9999,-9999,-9999,-9999,-9999,-9999,-9999,-9999,-9999,-9999,-9999,-9999,-9999,-9999,-9999,-9999,-9999,-9999,-9999,-9999,-9999,-9999,-9999,-9999,-9999,-9999,-9999,-9999,-9999,-9999,-9999,-9999,-9999,-9999,-9999,-9999,-9999,-9999,-9999,-9999,-9999,-9999,-9999,-9999,-9999,-9999,-9999,-9999,-9999,-9999,-9999,-9999,-9999,-9999,-9999,-9999,-9999,-9999,-9999,-9999,-9999,-9999,-9999,-9999,-9999,-9999,-9999,-9999,-9999,-9999,-9999,-9999,-9999,-9999,-9999,-9999,-9999,4.71677685709437E-06,2.36313117056852E-05,0.000688759202603251,0.000678585143759847,0.000664815306663513,0.000655081472359598,0.00061808928148821,0.000614980643149465,0.000581389816943556,0.000450810883194208,0.000325600791256875,0.000198838897631504,7.71254417486489E-05,0.000113026020699181,6.66069972794503E-05,8.70471048983745E-05,0.000277223327429965,0.00051820051157847,0.000517728505656123,0.00051454157801345,0.000508623255882412,0.000500163645483553,0.000493339379318058,0.000471694278530777,0.000244256720179692
-9999,-9999,-9999,-9999,-9999,-9999,-9999,-9999,-9999,-9999,-9999,-9999,-9999,-9999,-9999,-9999,-9999,-9999,-9999,-9999,-9999,-9999,-9999,-9999,-9999,-9999,-9999,-9999,-9999,-9999,-9999,-9999,-9999,-9999,-9999,-9999,-9999,-9999,-9999,-9999,-9999,-9999,-9999,-9999,-9999,-9999,-9999,-9999,-9999,-9999,-9999,-9999,-9999,-9999,-9999,-9999,-9999,-9999,-9999,-9999,-9999,-9999,-9999,-9999,-9999,-9999,-9999,-9999,-9999,-9999,-9999,-9999,-9999,-9999,-9999,-9999,-9999,-9999,-9999,-9999,-9999,-9999,-9999,-9999,-9999,-9999,-9999,-9999,-9999,-9999,-9999,-9999,-9999,-9999,-9999,-9999,-9999,-9999,-9999,-9999,-9999,-9999,-9999,-9999,-9999,-9999,-9999,-9999,4.61107811133843E-06,1.86121214937884E-05,0.000651650247164071,0.000665918341837823,0.000657446682453156,0.000648693239782006,0.000638434197753668,0.000627686735242605,0.000615920056588948,0.000604652799665928,0.000591364922001958,0.000577461963985115,0.000562578090466559,0.000550023163668811,0.000539008411578834,0.000528353848494589,0.000517841370310634,0.000509108882397413,0.000497526547405869,0.000462813099147752,0.00027461547870189,1.89734000741737E-05,-9999
-9999,-9999,-9999,-9999,-9999,-9999,-9999,-9999,-9999,-9999,-9999,-9999,-9999,-9999,-9999,-9999,-9999,-9999,-9999,-9999,-9999,-9999,-9999,-9999,-9999,-9999,-9999,-9999,-9999,-9999,-9999,-9999,-9999,-9999,-9999,-9999,-9999,-9999,-9999,-9999,-9999,-9999,-9999,-9999,-9999,-9999,-9999,-9999,-9999,-9999,-9999,-9999,-9999,-9999,-9999,-9999,-9999,-9999,-9999,-9999,-9999,-9999,-9999,-9999,-9999,-9999,-9999,-9999,-9999,-9999,-9999,-9999,-9999,-9999,-9999,-9999,-9999,-9999,-9999,-9999,-9999,-9999,-9999,-9999,-9999,-9999,-9999,-9999,-9999,-9999,-9999,-9999,-9999,-9999,-9999,-9999,-9999,-9999,-9999,-9999,-9999,-9999,-9999,-9999,-9999,-9999,-9999,-9999,-9999,-9999,4.5021829464531E-06,4.48049559054198E-06,4.44455690740142E-06,4.3936338443018E-06,1.79713497345801E-05,2.50427274295362E-05,4.1900771066139E-06,4.09019685321255E-06,3.98245401811437E-06,7.37675463824417E-06,2.29048455366865E-05,9.79897886281833E-05,0.000199691392481327,0.000217527820495889,4.94398118462414E-05,3.50873006027541E-06,3.47239301845548E-06,3.45156513503753E-06,-9999,-9999,-9999
-9999,-9999,-9999,-9999,-9999,-9999,-9999,-9999,-9999,-9999,-9999,-9999,-9999,-9999,-9999,-9999,-9999,-9999,-9999,-9999,-9999,-9999,-9999,-9999,-9999,-9999,-9999,-9999,-9999,-9999,-9999,-9999,-9999,-9999,-9999,-9999,-9999,-9999,-9999,-9999,-9999,-9999,-9999,-9999,-9999,-9999,-9999,-9999,-9999,-9999,-9999,-9999,-9999,-9999,-9999,-9999,-9999,-9999,-9999,-9999,-9999,-9999,-9999,-9999,-9999,-9999,-9999,-9999,-9999,-9999,-9999,-9999,-9999,-9999,-9999,-9999,-9999,-9999,-9999,-9999,-9999,-9999,-9999,-9999,-9999,-9999,-9999,-9999,-9999,-9999,-9999,-9999,-9999,-9999,-9999,-9999,-9999,-9999,-9999,-9999,-9999,-9999,-9999,-9999,-9999,-9999,-9999,-9999,-9999,-9999,-9999,-9999,-9999,-9999,-9999,-9999,-9999,-9999,-9999,-9999,-9999,-9999,-9999,-9999,-9999,-9999,-9999,-9999,-9999,-9999,-9999
-9999,-9999,-9999,-9999,-9999,-9999,-9999,-9999,-9999,-9999,-9999,-9999,-9999,-9999,-9999,-9999,-9999,-9999,-9999,-9999,-9999,-9999,-9999,-9999,-9999,-9999,-9999,-9999,-9999,-9999,-9999,-9999,-9999,-9999,-9999,-9999,-9999,-9999,-9999,-9999,-9999,-9999,-9999,-9999,-9999,-9999,-9999,-9999,-9999,-9999,-9999,-9999,-9999,-9999,-9999,-9999,-9999,-9999,-9999,-9999,-9999,-9999,-9999,-9999,-9999,-9999,-9999,-9999,-9999,-9999,-9999,-9999,-9999,-9999,-9999,-9999,-9999,-9999,-9999,-9999,-9999,-9999,-9999,-9999,-9999,-9999,-9999,-9999,-9999,-9999,-9999,-9999,-9999,-9999,-9999,-9999,-9999,-9999,-9999,-9999,-9999,-9999,-9999,-9999,-9999,-9999,-9999,-9999,-9999,-9999,-9999,-9999,-9999,-9999,-9999,-9999,-9999,-9999,-9999,-9999,-9999,-9999,-9999,-9999,-9999,-9999,-9999,-9999,-9999,-9999,-9999

Step,49
Year,4.083333
-9999,-9999,-9999,-9999,-9999,-9999,-9999,-9999,-9999,-9999,-9999,-9999,-9999,-9999,-9999,-9999,-9999,-9999,-9999,-9999,-9999,-9999,-9999,-9999,-9999,-9999,-9999,-9999,-9999,-9999,-9999,-9999,-9999,-9999,-9999,-9999,-9999,-9999,-9999,-9999,-9999,-9999,-9999,-9999,-9999,-9999,-9999,-9999,-9999,-9999,-9999,-9999,-9999,-9999,-9999,-9999,-9999,-9999,-9999,-9999,-9999,-9999,-9999,-9999,-9999,-9999,-9999,-9999,-9999,-9999,-9999,-9999,-9999,-9999,-9999,-9999,-9999,-9999,-9999,-9999,-9999,-9999,-9999,-9999,-9999,-9999,-9999,-9999,-9999,-9999,-9999,-9999,-9999,-9999,-9999,-9999,-9999,-9999,-9999,-9999,-9999,-9999,-9999,-9999,-9999,-9999,-9999,-9999,-9999,-9999,-9999,-9999,-9999,-9999,-9999,-9999,-9999,-9999,-9999,-9999,-9999,-9999,-9999,-9999,-9999,-9999,-9999,-9999,-9999,-9999,-9999
-9999,-9999,-9999,-9999,-9999,-9999,-9999,-9999,-9999,-9999,-9999,-9999,-9999,-9999,-9999,-9999,-9999,-9999,-9999,-9999,-9999,-9999,-9999,-9999,-9999,-9999,-9999,-9999,-9999,-9999,-9999,-9999,-9999,-9999,-9999,-9999,-9999,-9999,-9999,-9999,-9999,-9999,-9999,-9999,-9999,-9999,-9999,-9999,-9999,-9999,-9999,-9999,-9999,-9999,-9999,-9999,-9999,-9999,-9999,-9999,-9999,-9999,-9999,-9999,-9999,-9999,-9999,-9999,-9999,-9999,-9999,-9999,-9999,-9999,-9999,-9999,-9999,-9999,-9999,-9999,-9999,-9999,-9999,-9999,-9999,-9999,-9999,-9999,-9999,-9999,-9999,-9999,-9999,-9999,-9999,-9999,-9999,-9999,-9999,-9999,-9999,-9999,-9999,-9999,-9999,-9999,-9999,-9999,-9999,-9999,-9999,-9999,-9999,-9999,-9999,-9999,-9999,-9999,-9999,-9999,-9999,-9999,-9999,-9999,-9999,-9999,-9999,-9999,-9999,-9999,-9999
-9999,-9999,-9999,-9999,-9999,-9999,-9999,-9999,-9999,-9999,-9999,-9999,-9999,-9999,-9999,-9999,-9999,-9999,-9999,-9999,-9999,-9999,-9999,-9999,-9999,-9999,-9999,-9999,-9999,-9999,-9999,-9999,-9999,-9999,-9999,-9999,-9999,-9999,-9999,-9999,-9999,-9999,-9999,-9999,-9999,-9999,-9999,-9999,-9999,-9999,-9999,-9999,-9999,-9999,-9999,-9999,-9999,-9999,-9999,-9999,-9999,-9999,-9999,-9999,-9999,-9999,-9999,-9999,-9999,-9999,-9999,-9999,-9999,-9999,5.31623982169549E-06,7.90811191109242E-06,-9999,-9999,-9999,-9999,-9999,-9999,-9999,-9999,-9999,-9999,-9999,-9999,-9999,-9999,-9999,-9999,-9999,-9999,-9999,-9999,-9999,-9999,-9999,-9999,-9999,-9999,-9999,-9999,-9999,-9999,-9999,-9999,-9999,-9999,-9999,-9999,-9999,-9999,-9999,-9999,-9999,-9999,-9999,-9999,-9999,-9999,-9999,-9999,-9999,-9999,-9999,-9999,-9999,-9999,-9999
-9999,-9999,-9999,-9999,-9999,-9999,-9999,-9999,-9999,-9999,-9999,-9999,-9999,-9999,-9999,-9999,-9999,-9999,-9999,-9999,-9999,-9999,-9999,-9999,-9999,-9999,-9999,-9999,-9999,-9999,-9999,-9999,-9999,-9999,-9999,-9999,-9999,-9999,-9999,-9999,-9999,-9999,-9999,-9999,-9999,-9999,-9999,-9999,-9999,-9999,-9999,-9999,-9999,-9999,-9999,-9999,-9999,-9999,-9999,-9999,-9999,-9999,-9999,-9999,-9999,-9999,-9999,-9999,-9999,-9999,-9999,-9999,-9999,-9999,7.72700241213897E-06,1.14375661723898E-05,-9999,-9999,-9999,-9999,-9999,-9999,-9999,-9999,-9999,-9999,-9999,-9999,-9999,-9999,-9999,-9999,-9999,-9999,-9999,-9999,-9999,-9999,-9999,-9999,-9999,-9999,-9999,-9999,-9999,-9999,-9999,-9999,-9999,-9999,-9999,-9999,-9999,-9999,-9999,-9999,-9999,-9999,-9999,-9999,-9999,-9999,-9999,-9999,-9999,-9999,-9999,-9999,-9999,-9999,-9999
-9999,-9999,-9999,-9999,-9999,-9999,-9999,-9999,-9999,-9999,-9999,-9999,-9999,-9999,-9999,-9999,-9999,-9999,-9999,-9999,-9999,-9999,-9999,-9999,-9999,-9999,-9999,-9999,-9999,-9999,-9999,-9999,-9999,-9999,-9999,-9999,-9999,-9999,-9999,-9999,-9999,-9999,-9999,-9999,-9999,-9999,-9999,-9999,-9999,-9999,-9999,-9999,-9999,-9999,-9999,-9999,4.01485692691494E-07,5.88731381867547E-07,8.53380186072172E-07,1.23356210224301E-06,-9999,-9999,-9999,-9999,-9999,9.53150538407499E-06,9.24905179999769E-06,1.32178074636613E-05,1.28977781059803E-05,8.34369620861253E-06,1.19735896078055E-05,6.00385938014369E-05,8.05558956926689E-05,7.97339453129098E-05,1.11839353849064E-05,5.73993238504045E-05,7.43324126233347E-05,-9999,-9999,6.86257480992936E-05,0.000105965096736327,9.24138657865115E-05,9.34496783884242E-05,0.000239362954744138,0.00031774424132891,0.000289549469016492,0.000289564166450873,0.00017648926586844,8.28694610390812E-05,-9999,-9999,-9999,-9999,-9999,-9999,-9999,-9999,-9999,-9999,-9999,-9999,-9999,-9999,-9999,-9999,-9999,-9999,-9999,-9999,-9999,-9999,-9999,-9999,-9999,-9999,-9999,-9999,-9999,-9999,-9999,-9999,-9999,-9999,-9999,-9999,-9999,-9999,-9999,-9999,-9999,-9999
-9999,-9999,-9999,-9999,-9999,-9999,-9999,-9999,-9999,-9999,-9999,-9999,-9999,-9999,-9999,-9999,-9999,-9999,-9999,-9999,-9999,-9999,-9999,-9999,-9999,-9999,-9999,-9999,-9999,-9999,-9999,-9999,-9999,-9999,-9999,-9999,-9999,-9999,-9999,-9999,-9999,-9999,-9999,-9999,-9999,-9999,-9999,-9999,-9999,-9999,-9999,-9999,-9999,-9999,-9999,4.10504355841113E-07,6.05549644205894E-07,8.8656196339798E-07,1.27615123801661E-06,1.80272672878345E-06,2.53550001616532E-06,3.64601419278188E-06,-9999,1.54674071382033E-05,4.19413700001314E-05,1.42402495839633E-05,1.35376076286775E-05,0.000102084974059835,0.00010343154281145,1.21452685561962E-05,1.17798408609815E-05,0.000136477872729301,0.000172906627994962,0.000153332439367659,0.000134848130983301,0.000132530811242759,0.000102181060356088,0.000112934510980267,0.000187195517355576,0.000329698319546878,0.000780779519118369,0.00118933210615069,0.00131310638971627,0.0013059563934803,0.00131088064517826,0.00131717242766172,0.00132449506781995,0.00133811542764306,0.00128579454030842,0.000676342053338885,0.000286347029032186,-9999,-9999,-9999,-9999,-9999,-9999,-9999,-9999,-9999,-9999,-9999,-9999,-9999,-9999,-9999,-9999,-9999,-9999,-9999,-9999,-9999,-9999,-9999,-9999,-9999,-9999,-9999,-9999,-9999,-9999,-9999,-9999,-9999,-9999,-9999,-9999,-9999,-9999,-9999,-9999
-9999,-9999,-9999,-9999,-9999,-9999,-9999,-9999,-9999,-9999,-9999,-9999,-9999,-9999,-9999,-9999,-9999,-9999,-9999,-9999,-9999,-9999,-9999,-9999,-9999,-9999,-9999,-9999,-9999,-9999,-9999,-9999,-9999,-9999,-9999,-9999,-9999,-9999,-9999,-9999,-9999,-9999,-9999,-9999,-9999,-9999,-9999,-9999,-9999,-9999,-9999,-9999,-9999,-9999,-9999,6.15036640283506E-07,9.12115524442925E-07,1.34606477786292E-06,1.93836604012176E-06,2.71655585493136E-06,3.74911769540631E-06,5.18241813551867E-06,7.25782228983007E-06,1.03205384220928E-05,1.46708198371925E-05,8.66031405166723E-05,0.000151726591866463,0.000386721862014383,0.000628794368822128,0.000908380025066435,0.0010372675023973,0.000925084634218365,0.00113882252480835,0.00126983819063753,0.00101739086676389,0.000998594565317035,0.000935309799388051,0.000996603746898472,0.0013363603502512,0.00135663663968444,0.00136635277885944,0.00136738002765924,0.00136763672344387,0.00136330001987517,0.00135977647732943,0.00135894736740738,0.00136090943124145,0.00136261421721429,0.00136089755687863,0.0013513705926016,0.00132503267377615,0.00109780277125537,0.000260675849858671,-9999,-9999,-9999,-9999,-9999,-9999,-9999,-9999,-9999,8.48771378514357E-05,8.48797790240496E-05,8.50122742122039E-05,-9999,-9999,-9999,-9999,-9999,-9999,-9999,-9999,-9999,-9999,-9999,-9999,-9999,-9999,-9999,-9999,-9999,-9999,-9999,-9999,-9999,-9999,-9999,-9999,-9999,-9999
-9999,-9999,-9999,-9999,-9999,-9999,-9999,-9999,-9999,-9999,-9999,-9999,-9999,-9999,-9999,-9999,-9999,-9999,-9999,-9999,-9999,-9999,-9999,-9999,-9999,-9999,-9999,-9999,-9999,-9999,-9999,3.96893447032198E-05,-9999,-9999,-9999,0.000122809593449347,-9999,-9999,-9999,-9999,-9999,-9999,-9999,-9999,-9999,-9999,-9999,-9999,-9999,-9999,-9999,-9999,-9999,-9999,-9999,-9999,-9999,9.14644715521717E-07,1.32852937895223E-06,1.90581693004788E-06,-9999,4.9493801270728E-06,7.10827134753345E-06,1.01633540907642E-05,1.44556406667107E-05,8.71711235959083E-05,0.000157209491590038,0.000216270826058462,0.000134834917844273,0.000745532568544149,0.00153428444173187,0.00160797126591206,0.00159146392252296,0.00156945362687111,0.00151706032920629,0.00147293950431049,0.00147123285569251,0.00146385340485722,0.0014359699562192,0.00141267676372081,0.00139385322108865,0.00138080457691103,0.00136040197685361,0.00134587124921381,0.00134550721850246,0.00134746765252203,0.00135177315678447,0.00135796761605889,0.00136147951707244,0.00136053853202611,0.00136024400126189,0.00133255193941295,0.00120728253386915,0.000315022305585444,-9999,-9999,-9999,-9999,-9999,-9999,-9999,-9999,0.000115876420750283,0.000179702765308321,0.00011707693192875,8.40012726257555E-05,8.45219619804993E-05,-9999,-9999,-9999,-9999,-9999,-9999,-9999,-9999,-9999,-9999,-9999,-9999,-9999,-9999,-9999,-9999,-9999,-9999,-9999,-9999,-9999,-9999,-9999,-9999
-9999,-9999,-9999,-9999,-9999,-9999,-9999,-9999,-9999,-9999,-9999,-9999,-9999,-9999,-9999,-9999,-9999,-9999,-9999,-9999,-9999,-9999,-9999,-9999,-9999,-9999,-9999,-9999,-9999,-9999,2.89088620775146E-05,5.47633680980653E-05,-9999,-9999,5.88331604376435E-05,9.94488436845131E-05,-9999,-9999,0.000108929933048785,0.00018829750479199,-9999,-9999,-9999,-9999,-9999,1.53670389408944E-05,-9999,-9999,-9999,-9999,-9999,-9999,-9999,-9999,-9999,-9999,-9999,-9999,-9999,-9999,-9999,7.17678722139681E-06,1.02967860584613E-05,1.48342924148892E-05,1.43212037073681E-05,8.4005318058189E-05,9.31028480408713E-05,8.99484293768182E-05,8.57033446663991E-05,0.000506366661284119,0.00155231379903853,0.00163887825328857,0.0016257103998214,0.00159918190911412,0.00156594812870026,0.00153294566553086,0.00150360295083374,0.00147524708881974,0.0014490804169327,0.00142308801878244,0.00139701960142702,0.00136964651755989,0.00133950333110988,0.00132932071574032,0.00132683536503464,0.0013343021273613,0.00134070625063032,0.00134890351910144,0.00135727366432548,0.00136182946152985,0.0013646058505401,0.00136160897091031,0.00133916921913624,0.00112900754902512,0.000316452555125579,-9999,-9999,-9999,-9999,-9999,0.000136194605147466,0.000137682422064245,0.0002623624750413,0.000388993299566209,0.000295171630568802,0.000198296867893077,0.0001302559976466,8.39116037241183E-05,-9999,-9999,-9999,-9999,-9999,-9999,-9999,-9999,-9999,-9999,-9999,-9999,-9999,-9999,-9999,-9999,-9999,-9999,-9999,-9999,-9999,-9999,-9999
-9999,-9999,-9999,-9999,-9999,-9999,-9999,-9999,-9999,-9999,-9999,-9999,-9999,-9999,-9999,-9999,-9999,-9999,-9999,-9999,-9999,-9999,-9999,6.7323308030609E-05,8.63801033119671E-05,-9999,-9999,-9999,-9999,7.32239204808138E-05,6.86492057866417E-05,2.72436100203777E-05,0.000137849128805101,1.45495469041634E-05,0.000122144090710208,0.000214529951335862,0.000386290455935523,0.000167277874425054,9.89625041256659E-05,-9999,0.000101049721706659,0.00010539403592702,-9999,-9999,0.000161475647473708,2.16840653592953E-05,1.32931099869893E-05,8.37688003230141E-06,-9999,-9999,-9999,-9999,-9999,-9999,-9999,-9999,-9999,3.22491687256843E-05,2.04638818104286E-05,-9999,-9999,-9999,1.47901655509486E-05,9.85496735665947E-05,9.5418028649874E-05,9.56712901825085E-05,9.29718880797736E-05,8.85978151927702E-05,0.000117326919280458,0.000731023668777198,0.00155578274279833,0.00163812097162008,0.0016220387769863,0.00159748329315335,0.00156618503388017,0.00153425894677639,0.00150444591417909,0.00147478352300823,0.00144756841473281,0.00142053456511348,0.00138618936762214,0.00130512448959053,0.00130479387007654,0.00131286133546382,0.00131278834305704,0.00131495983805507,0.00132522510830313,0.00133772194385529,0.00134916254319251,0.00135583395604044,0.00135990115813911,0.00136089860461652,0.00135284755378962,0.00129324058070779,0.000377947959350422,6.65062179905362E-05,9.67688265518518E-06,6.74577268000576E-06,1.04406335594831E-05,0.000328953698044643,0.000652766786515713,0.000850751355756074,0.000955537601839751,0.000820286863017827,0.000778498244471848,0.000592911848798394,0.000357520038960502,0.000116058501589578,8.4023158706259E-05,8.48605486680754E-05,-9999,-9999,-9999,-9999,-9999,-9999,-9999,-9999,-9999,-9999,-9999,-9999,-9999,-9999,-9999,-9999,-9999,-9999,-9999,-9999,-9999
-9999,-9999,-9999,-9999,-9999,-9999,-9999,-9999,-9999,-9999,-9999,-9999,-9999,-9999,-9999,-9999,-9999,-9999,-9999,-9999,-9999,-9999,0.000101332218036987,0.000119795120554045,8.15217645140365E-05,8.2860206020996E-05,9.20155216590501E-05,0.000106608844362199,0.000200592796318233,0.000301043590297922,0.000226020434638485,0.000533246377017349,0.000732601212803274,0.000788873934652656,0.000905090069863945,0.000782373710535467,0.000775460910517722,0.000706027843989432,0.000406213919632137,0.000310343923047185,9.94875226751901E-05,6.09227499808185E-05,5.06336109538097E-05,6.78495925967582E-05,1.79649796336889E-05,1.22736128105316E-05,1.18262214527931E-05,1.13446021714481E-05,7.34772993382649E-06,-9999,-9999,-9999,-9999,-9999,-9999,-9999,-9999,0.000135002905153669,0.000122988480143249,0.000114206311991438,-9999,-9999,9.57167940214276E-05,9.7976611868944E-05,9.80477125267498E-05,9.57015727180988E-05,9.12424075067975E-05,0.000107522479083855,0.000356257107341662,0.00101891777012497,0.00156781263649464,0.00163389567751437,0.00161334662698209,0.00158940441906452,0.00155954086221755,0.0015276896301657,0.00149756879545748,0.00146964681334794,0.00144199270289391,0.0014158992562443,0.0013155359774828,0.000675011891871691,0.000789780344348401,0.00108698545955122,0.00125186122022569,0.00129823281895369,0.00130862626247108,0.0013227112358436,0.00133590830955654,0.001343795331195,0.00135243660770357,0.00135825993493199,0.00134963099844754,0.00126247946172953,0.000605636334512383,0.000489523867145181,3.98882330046035E-05,1.00183960967115E-05,0.000495927524752915,0.00116023828741163,0.00130037206690758,0.00139001233037561,0.0013812679098919,0.00134334398899227,0.00129462347831577,0.00106626306660473,0.00068398256553337,0.000355545780621469,0.000129027364891954,8.37364859762602E-05,-9999,-9999,-9999,-9999,-9999,-9999,-9999,-9999,-9999,-9999,-9999,-9999,-9999,-9999,-9999,-9999,-9999,-9999,-9999,-9999,-9999
-9999,-9999,-9999,-9999,-9999,-9999,-9999,-9999,-9999,-9999,-9999,-9999,-9999,-9999,-9999,-9999,-9999,-9999,-9999,-9999,-9999,-9999,0.000101535290013999,0.000121752404083963,0.000103488164313603,0.000107653344457503,0.000400864140829071,0.000799292465671897,0.00105567183345556,0.000927879998926073,0.000924631836824119,0.000742508331313729,0.000797422311734408,0.000913343508727849,0.000848296680487692,0.00096412084531039,0.00114080472849309,0.00113355286885053,0.00118236313574016,0.0010496738832444,0.000734242610633373,0.000472096668090671,0.000192792038433254,7.17859147698618E-05,3.45203225151636E-05,1.52306929521728E-05,1.52137145050801E-05,1.50728237713338E-05,1.00360903161345E-05,9.92517016129568E-06,9.9177423180663E-06,-9999,-9999,-9999,-9999,-9999,-9999,-9999,0.000113193855213467,0.000102659956610296,9.62039484875277E-05,9.01359962881543E-05,9.41800681175664E-05,9.61405530688353E-05,9.6909367130138E-05,9.3794718850404E-05,0.000110828492324799,0.000360833364538848,0.000977664836682379,0.00155381392687559,0.00163876975420862,0.00161987019237131,0.00159747246652842,0.00157462281640619,0.00154655706137419,0.00151532446034253,0.00148736976552755,0.00146234431304038,0.0014375310856849,0.00127668050117791,1.7218913853867E-05,9.23459901969181E-06,9.09400023374474E-06,8.99113001651131E-06,0.000103055965155363,0.000847946852445602,0.00126258551608771,0.00130369793623686,0.0013181169051677,0.001331344130449,0.00134326727129519,0.00135264615528286,0.001349454279989,0.00124890438746661,0.00127931777387857,0.00133257976267487,0.00118481426034123,0.00064439995912835,0.00132205535192043,0.00146927998866886,0.0015030795475468,0.0014972115168348,0.0014663819456473,0.00144920137245208,0.00142171094194055,0.00129299203399569,0.000967746891546994,0.000632309704087675,0.000194638894754462,8.14852173789404E-05,4.16565235354938E-05,-9999,-9999,-9999,-9999,-9999,-9999,-9999,-9999,-9999,-9999,-9999,-9999,-9999,-9999,-9999,-9999,-9999,-9999,-9999,-9999
-9999,-9999,-9999,-9999,-9999,-9999,-9999,-9999,-9999,-9999,-9999,-9999,-9999,-9999,-9999,-9999,-9999,-9999,-9999,-9999,-9999,-9999,0.000100098703114782,0.000125608261441812,0.000198616879060864,0.000914957839995623,0.0011860093800351,0.00131086376495659,0.00124678947031498,0.000990003696642816,0.000984792946837842,0.00110374705400318,0.00115993723738939,0.00121448072604835,0.0013803755864501,0.0013725416501984,0.0014176971744746,0.00145978026557714,0.00154429534450173,0.00144260539673269,0.00127630634233356,0.000796025560703129,0.000418424868257716,0.000240300403675064,0.000206440920010209,0.000230739169637673,0.000201760572963394,0.000138610339490697,1.38320419864613E-05,1.40337360789999E-05,1.41163473017514E-05,-9999,-9999,-9999,-9999,9.65743383858353E-05,9.77195450104773E-05,9.98829491436481E-05,0.000100982520962134,9.36474170885049E-05,0.000107307336293161,8.48039926495403E-05,7.36241563572548E-05,4.62786701973528E-05,0.000131245411466807,0.000437425944255665,0.000208327997825108,0.00117375829722732,0.00165559083689004,0.00164187944028527,0.00162136449944228,0.00160054140724242,0.001578607596457,0.00155594246461987,0.00152676308061928,0.00149882957339287,0.00147833011578768,0.00138240656815469,9.69420852925396E-06,9.55192263063509E-06,9.41294547374127E-06,6.18907597527141E-06,6.0950137594773E-06,6.02401223659399E-06,8.91089257493149E-06,3.31197516061366E-05,0.000434458430390805,0.00114348460920155,0.00129114603623748,0.00131466239690781,0.00133000256028026,0.00134214502759278,0.00135572988074273,0.00137106538750231,0.00138781603891402,0.00140552746597677,0.00140761863440275,0.001427469891496,0.00147457630373538,0.0015144997742027,0.00153380911797285,0.00153089303057641,0.00151996687054634,0.00150860415305942,0.00144886015914381,0.00139382854104042,0.00117662514094263,0.000914008007384837,0.000417430885136127,0.000154126522829756,1.82102867256617E-05,1.16178698590375E-05,-9999,-9999,-9999,-9999,-9999,-9999,-9999,-9999,-9999,-9999,-9999,-9999,-9999,-9999,-9999,-9999,-9999,-9999,-9999
-9999,-9999,-9999,-9999,-9999,-9999,-9999,-9999,-9999,-9999,-9999,-9999,-9999,-9999,-9999,-9999,-9999,-9999,-9999,-9999,-9999,9.20046513783745E-05,0.000108931584691163,0.000425924314185977,0.00116897595580667,0.00152830604929477,0.00152972410432994,0.0014199367724359,0.00123749929480255,0.00146036501973867,0.00145209580659866,0.00149580219294876,0.00148889014963061,0.00148202409036458,0.00156871962826699,0.00164251250680536,0.001670055789873,0.00165960448794067,0.00171378557570279,0.0017018592916429,0.0016590814338997,0.00135774828959256,0.00052659201901406,0.0003280614328105,0.000402067671529949,0.000363882660167292,0.000326143519487232,0.000328299065586179,0.000324649707181379,0.000232191174291074,0.000148106657434255,9.91785709629767E-05,9.93019348243251E-05,0.000100502933491953,0.000101522200566251,9.23740735743195E-05,0.000103742830106057,9.1962021542713E-05,9.26484062802047E-05,0.00010614831262501,0.000441791024059057,0.000942452868912369,0.000458160560810938,1.28461542772129E-05,1.27787534438539E-05,1.24327270896174E-05,4.9266018322669E-05,0.000455403991509229,0.00164471543394029,0.00162436871323735,0.00160549825523049,0.0015753258485347,0.00155006733257324,0.00133556302171201,5.67262613913044E-05,1.0141708116862E-05,9.97748065856285E-06,9.85264887276571E-06,6.49150251774699E-06,6.39397967461264E-06,6.30181511951378E-06,4.13684301747708E-06,4.07669767810148E-06,4.03027206630213E-06,5.9664334912668E-06,8.87216083356179E-06,5.7451496104477E-05,0.000378171011107042,0.00103957834653556,0.0012693100143224,0.00130870949942619,0.00132512545678765,0.00134042755234987,0.00135806598700583,0.00138067419175059,0.00140317319892347,0.00142507383134216,0.00144872895907611,0.0014772693393752,0.0015034117968753,0.00151735334657133,0.00152717577293515,0.00153156451415271,0.00153316685464233,0.00151343434117734,0.00143883505370468,0.00135595828760415,0.00103967729955912,0.000617137702647597,0.000342430750606582,9.38008743105456E-05,1.14131125883432E-05,1.16401106424746E-05,2.21689406316727E-05,-9999,-9999,-9999,-9999,-9999,-9999,-9999,-9999,-9999,-9999,-9999,-9999,-9999,-9999,-9999,-9999,-9999
-9999,-9999,-9999,-9999,-9999,-9999,-9999,-9999,-9999,-9999,-9999,-9999,-9999,-9999,-9999,-9999,-9999,-9999,-9999,-9999,-9999,0.000182530740858056,0.00102918839547783,0.00151197286322713,0.00169978442136198,0.00161633896641433,0.00151935173198581,0.00146347284317017,0.00155765190720558,0.00167898845393211,0.00177331396844238,0.00176359561737627,0.00181250623427331,0.00185151793994009,0.00182028603740036,0.00188756373245269,0.00187629868742079,0.0018470820505172,0.00186375342309475,0.00186139426659793,0.00181942177005112,0.00177308800630271,0.00166942761279643,0.00149692420382053,0.00131702865473926,0.00105042615905404,0.000663434155285358,0.000360374746378511,0.000394919305108488,0.00032360851764679,0.000237189990002662,0.000154569133883342,0.000138123476062901,0.000110459659481421,0.000109700522443745,0.000167487829457968,0.000148649167385884,0.000146258302265778,0.000225502080866136,0.000993031659163535,0.00163801689632237,0.00178806891199201,0.00174131128005683,0.000551092205569148,1.22290603030706E-05,1.20031854748959E-05,1.1647797691694E-05,0.00164845038671046,0.00162941368762404,0.00161066744476557,0.00114930025301874,1.0713689334807E-05,1.05917088148999E-05,1.05229983091704E-05,-9999,-9999,-9999,-9999,-9999,-9999,-9999,2.74213971351855E-06,2.71941917162621E-06,4.01561419494101E-06,5.95596429775469E-06,8.86006728251232E-06,2.00971917365678E-05,0.000122756289783865,0.000493054743856192,0.00105758884456009,0.0012716994388029,0.00130379281472415,0.00131967768538743,0.00134448648896068,0.00136813463177532,0.00139068625867367,0.00141358468681574,0.00143933051731437,0.00146338506601751,0.00148385553620756,0.00149777391925454,0.00150814990047365,0.00152137130498886,0.00153848400805146,0.00153413915541023,0.00149492500349879,0.00140015059150755,0.00121602439321578,0.000931356975343078,0.000561415392439812,0.000305246794596314,9.76434603217058E-05,6.54783580102958E-05,5.24187271366827E-05,6.98731964803301E-05,-9999,-9999,-9999,-9999,-9999,-9999,-9999,-9999,-9999,-9999,-9999,-9999,-9999,-9999,-9999,-9999
-9999,-9999,-9999,-9999,-9999,-9999,-9999,-9999,-9999,-9999,-9999,-9999,-9999,-9999,-9999,-9999,-9999,-9999,-9999,9.47095541050658E-05,0.000257646141108125,0.00143731862772256,0.00171951332595199,0.00172460917383432,0.00168943661265075,0.0017641675658524,0.00172617787029594,0.00171973672695458,0.00183468358591199,0.00184685760177672,0.00187583884689957,0.00189986708573997,0.00187686434946954,0.00185068778228015,0.00189098517876118,0.0019071203423664,0.00189621816389263,0.00187091168481857,0.0018774796044454,0.00188549235463142,0.00188244227319956,0.00186396832577884,0.00185304344631732,0.00181142706423998,0.00176807097159326,0.00167398550547659,0.00156171561684459,0.00145141500979662,0.00112680462189019,0.000745632976759225,0.000316033751005307,0.000314222910674289,0.000343778927344829,0.000374788593035191,0.000487587531097233,0.000720922544132918,0.00108543259557337,0.00118483859114349,0.00146517844405025,0.00173902953974903,0.00179559621028602,0.00179400772321969,0.00178375258110464,0.00178366457112134,4.39021387137473E-05,0.00168469385243952,0.00170294963754714,0.00165646732784808,0.001281643868424,2.79024916380877E-05,1.09457250800915E-05,-9999,-9999,-9999,-9999,-9999,-9999,-9999,-9999,-9999,-9999,-9999,-9999,2.67826726485509E-06,3.9837286749389E-06,5.92828928347444E-06,8.84045402926859E-06,6.10572533332743E-05,0.00024832840426825,0.000699060619808733,0.00115105113945901,0.00127964280545712,0.00130494777113199,0.00132174021564424,0.00134333816822618,0.00136647641193122,0.0013903530780226,0.00141514197457582,0.00143754866439849,0.0014560028212145,0.00147082447074354,0.00148191337939352,0.00149049086030573,0.00150479015428573,0.00151448918040842,0.00149779254570603,0.00145752192474902,0.00139053224120289,0.00125210429541767,0.000865334179252386,0.00046967322123237,0.000332675117533654,0.000207346078241244,7.98570545157418E-05,7.69178368500434E-05,-9999,-9999,-9999,-9999,-9999,-9999,-9999,-9999,-9999,-9999,-9999,-9999,-9999,-9999,-9999,-9999
-9999,-9999,-9999,-9999,-9999,-9999,-9999,-9999,-9999,-9999,-9999,-9999,-9999,-9999,-9999,-9999,-9999,-9999,0.000280720938462764,0.000709747022483498,0.00161666667554528,0.00183058646507561,0.0018359087407589,0.00188562693074346,0.00190695398487151,0.00188508932478726,0.00197880575433373,0.00200827280059457,0.00198793201707304,0.00196292391046882,0.00193724874407053,0.00190224347170442,0.001867396524176,0.00190953002311289,0.00190038839355111,0.00192542490549386,0.00191587838344276,0.00191942194942385,0.00190286885481328,0.00189646577928215,0.001889199600555,0.00187930243555456,0.0018712057499215,0.001860978663899,0.00184478110168129,0.0018143787747249,0.00177948886994272,0.00171806057915092,0.00162235868629068,0.00141186430118978,0.000884337001480162,0.000488653429783881,0.000621284649241716,0.00112735235597938,0.00134461175184697,0.00144942256156355,0.00145110336598009,0.00157965789549053,0.00174082489684224,0.00177553226239979,0.00177325238473713,0.00175867020152509,0.00174593413248658,0.00173423264641315,0.00170981383416802,0.00168656278401613,0.00159476813860238,2.40599511016626E-05,-9999,-9999,-9999,-9999,-9999,-9999,-9999,-9999,-9999,-9999,-9999,-9999,-9999,-9999,-9999,-9999,-9999,5.91768184676766E-06,8.82659696799237E-06,2.6548485038802E-05,0.00012252370652277,0.000413392612244934,0.00091029261238873,0.00123174570035189,0.00128545111510903,0.0013039248296991,0.00131917174439877,0.00133680494036525,0.00135901535395533,0.00138306571170688,0.00140409346204251,0.0014210450462997,0.00143317354377359,0.00144398934207857,0.00145623635035008,0.00146707741077989,0.0014798630727455,0.00147572124842554,0.00143841130193323,0.00138645560946316,0.00131818908266723,0.00116012711077929,0.000756733119487762,0.00046321380068548,0.000183109907084145,8.79984945640899E-05,7.75831358623691E-05,-9999,-9999,-9999,-9999,-9999,-9999,-9999,-9999,-9999,-9999,-9999,-9999,-9999,-9999,-9999,-9999
-9999,-9999,-9999,-9999,-9999,-9999,-9999,-9999,-9999,-9999,-9999,-9999,1.3709537597606E-05,4.06929430027958E-05,-9999,9.50919493334368E-05,0.000201503135031089,0.000758843380026519,0.00140983681194484,0.00171905499882996,0.0019347823690623,0.00199591019190848,0.00202505220659077,0.00202957773581147,0.00202228920534253,0.0020319689065218,0.00203303527086973,0.00201997603289783,0.00201500533148646,0.00199566897936165,0.00197249092161655,0.00195661257021129,0.00195046165026724,0.00194780947640538,0.00194159499369562,0.00193859287537634,0.00192980165593326,0.00192101544234902,0.0019080740166828,0.00189311080612242,0.00187805120367557,0.00186298973858356,0.00185299757868052,0.00184546655509621,0.00183715019375086,0.00182574288919568,0.00181144732050598,0.0017917153891176,0.00176448468118906,0.00171374157071114,0.00159018021076918,0.00133236940018833,0.00116165354847908,0.001251240959391,0.00133322970941663,0.00143757462501526,0.0015445020981133,0.00171294785104692,0.00175341044086963,0.00173548806924373,0.00173106812871993,0.00172628101427108,0.00171871297061443,0.00170607201289386,0.00168810179457068,0.00168163236230612,1.87225050467532E-05,-9999,-9999,-9999,-9999,-9999,-9999,-9999,-9999,-9999,-9999,-9999,-9999,-9999,-9999,-9999,-9999,-9999,-9999,-9999,5.90734907746082E-06,8.81356754689477E-06,4.33678505942225E-05,0.000194541600649245,0.000592900847550482,0.00108158402144909,0.00125723681412637,0.00128570501692593,0.00130186625756323,0.00131003104615957,0.00132688507437706,0.00134838605299592,0.00136673508677632,0.00138200703077018,0.00139282399322838,0.00140005850698799,0.00141068664379418,0.00142656010575593,0.00143873610068113,0.00144196965266019,0.00142694707028568,0.00139106903225183,0.00134853180497885,0.00124195963144302,0.000912147865165025,0.000489558500703424,0.000197341287275776,9.56134244916029E-05,7.55004948587157E-05,-9999,-9999,-9999,-9999,-9999,-9999,-9999,-9999,-9999,-9999,-9999,-9999,-9999,-9999,-9999,-9999
-9999,-9999,-9999,-9999,-9999,-9999,-9999,-9999,-9999,-9999,1.33346557049663E-05,1.33591938720201E-05,1.34397159854416E-05,0.000150808744365349,0.000367781234672293,0.000975175003986806,0.001485560904257,0.0017297196900472,0.00189792388118804,0.00198967894539237,0.00202877493575215,0.00204039830714464,0.002043864922598,0.00204383255913854,0.00204123673029244,0.00203341734595597,0.00202552718110383,0.00201427843421698,0.0020003414247185,0.00198344420641661,0.00196612812578678,0.00194842065684497,0.00193424115423113,0.00192523316945881,0.00191687024198472,0.00191142712719738,0.00190457224380225,0.00189381826203316,0.00188049592543393,0.00186569173820317,0.00185027625411749,0.00183392432518303,0.00182052375748754,0.00181210855953395,0.00180450407788157,0.00179514847695827,0.00178447086364031,0.00177265820093453,0.00175905541982502,0.00174548628274351,0.00172995217144489,0.0017105343285948,0.00169359007850289,0.0016829245723784,0.00168736511841416,0.00171808828599751,0.00173286010976881,0.0017366943648085,0.00173251295927912,0.00171490397769958,0.000434717076132074,1.15684506454272E-05,1.1588765119086E-05,3.11586809402797E-05,0.000760068069212139,8.62190281623043E-05,-9999,-9999,-9999,-9999,-9999,-9999,-9999,-9999,-9999,-9999,-9999,-9999,-9999,-9999,-9999,-9999,-9999,-9999,-9999,-9999,-9999,5.89543287787819E-06,8.79255821928382E-06,4.51099840574898E-05,0.0002328858099645,0.000698602001648396,0.00115642591845244,0.00126571371220052,0.00128050905186683,0.00129059050232172,0.00129715597722679,0.00131236400920898,0.00132717937231064,0.00134219264145941,0.00135153951123357,0.00135866680648178,0.00136443972587585,0.00138090481050313,0.00139536976348609,0.00140211614780128,0.00139687315095216,0.00138006242923439,0.00133191444911063,0.00122875475790352,0.00100190844386816,0.000636128592304885,0.000233625352848321,0.000103387283161283,7.31923573766835E-05,-9999,-9999,-9999,-9999,-9999,-9999,-9999,-9999,-9999,-9999,-9999,-9999,-9999,-9999,-9999,-9999
-9999,-9999,-9999,-9999,-9999,-9999,-9999,-9999,9.03589971130714E-05,9.02786341612227E-05,2.1393761926447E-05,3.59744408342522E-05,0.000263620808254927,0.001189548172988,0.00162169383838773,0.00177898816764355,0.00189749849960208,0.00196528527885675,0.00199327850714326,0.00201683025807142,0.00202813534997404,0.00203152210451663,0.00203257286921144,0.00202780636027455,0.00202088989317417,0.00201061856932938,0.0019971951842308,0.00198146048933268,0.0019653607159853,0.00194758828729391,0.00192948745097965,0.0019112650770694,0.00189579138532281,0.00188757386058569,0.00187844620086253,0.00187155953608453,0.00186192814726382,0.00185058265924454,0.0018370714969933,0.00182050687726587,0.00180294923484325,0.00178576749749482,0.00177330640144646,0.00176614825613797,0.00175853865221143,0.00174898165278137,0.0017385093960911,0.00172765483148396,0.00171595253050327,0.00170582695864141,0.00169850746169686,0.00169624353293329,0.00169809849467129,0.00170227978378534,0.00170896365307271,0.00171297451015562,0.00171366753056645,0.00171308079734445,0.00170758983585984,0.00169262639246881,0.00164007430430502,1.14264421426924E-05,-9999,-9999,-9999,-9999,-9999,-9999,-9999,-9999,-9999,-9999,-9999,-9999,-9999,-9999,-9999,-9999,-9999,-9999,-9999,-9999,-9999,-9999,-9999,-9999,-9999,-9999,5.88060311201843E-06,8.77098227647366E-06,1.56602654897142E-05,0.00012648114352487,0.000577775528654456,0.00112025847192854,0.00125355238560587,0.00127193192020059,0.0012762452242896,0.0012804192956537,0.00128834659699351,0.00130170118063688,0.00131163233891129,0.00132079480681568,0.00132834864780307,0.00133657827973366,0.00135076616425067,0.00135973445139825,0.00136102782562375,0.00135131133720279,0.00131669244728982,0.00124304788187146,0.00106656213756651,0.000697597221005708,0.000248746247962117,9.99316398520023E-05,7.0852147473488E-05,-9999,-9999,-9999,-9999,-9999,-9999,-9999,-9999,-9999,-9999,-9999,-9999,-9999,-9999,-9999,-9999
-9999,-9999,-9999,-9999,-9999,-9999,-9999,-9999,8.86905399966054E-05,0.000101178979093675,0.000111623739940114,0.000432907690992579,0.00158703536726534,0.00181915052235126,0.00187293952330947,0.0019225423457101,0.00196588458493352,0.0019911085255444,0.00200487859547138,0.00201037176884711,0.00201177992857993,0.00201140460558236,0.0020067801233381,0.00199879240244627,0.00198841746896505,0.00197527022100985,0.0019579844083637,0.00193776295054704,0.00192148436326534,0.00190654292237014,0.00188988924492151,0.00187227816786617,0.00185750494711101,0.00184617307968438,0.00183775275945663,0.00182925257831812,0.00181941944174469,0.00180668092798442,0.00179164123255759,0.00177369685843587,0.00175534514710307,0.00173750694375485,0.00172362418379635,0.00171464623417705,0.00170502776745707,0.00169489276595414,0.00168483727611601,0.00167621707078069,0.00166626216378063,0.00165778922382742,0.00165205111261457,0.00165324239060283,0.00165917561389506,0.00166751036886126,0.00167625397443771,0.00168171478435397,0.00168272317387164,0.0016780145233497,0.00167260365560651,0.00166750187054276,0.00158883980475366,1.13676442197175E-05,-9999,-9999,-9999,-9999,-9999,-9999,-9999,-9999,-9999,-9999,-9999,-9999,-9999,-9999,-9999,-9999,-9999,-9999,-9999,-9999,-9999,-9999,-9999,-9999,-9999,-9999,-9999,-9999,8.74956640473101E-06,8.75343539519235E-06,1.78162063093623E-05,0.000178974776645191,0.000880496460013092,0.0012246654368937,0.00125386647414416,0.00125512981321663,0.00125622807536274,0.00126235862262547,0.00127201795112342,0.00127970986068249,0.00128910772036761,0.0012977923033759,0.00130781391635537,0.00131726393010467,0.00131915451493114,0.00131801678799093,0.00129577319603413,0.00124887155834585,0.0011295557487756,0.000712141860276461,0.000262936111539602,8.58450803207234E-05,7.04810590832494E-05,-9999,-9999,-9999,-9999,-9999,-9999,-9999,-9999,-9999,-9999,-9999,-9999,-9999,-9999,-9999,-9999
-9999,-9999,-9999,-9999,-9999,-9999,9.1536006948445E-05,9.06472851056606E-05,9.0676527179312E-05,0.000257980718743056,0.00120925798546523,0.00168498791754246,0.00185993919149041,0.00190424080938101,0.00193987041711807,0.00196112832054496,0.00197663577273488,0.00198570685461164,0.00199006870388985,0.00198906171135604,0.00198385422118008,0.00197774963453412,0.00197113817557693,0.00196076952852309,0.00194629188627005,0.001934222294949,0.00191623775754124,0.00189798045903444,0.00188087660353631,0.00186316890176386,0.00184324849396944,0.00182754709385335,0.00181532464921474,0.00180358521174639,0.00179337605368346,0.0017836659681052,0.00177332176826894,0.00176289724186063,0.00174914149101824,0.00173264439217746,0.00171284144744277,0.00169646646827459,0.00168058520648628,0.00166890036780387,0.00165808363817632,0.00164850312285125,0.00163898139726371,0.00162794929929078,0.0016209704335779,0.00161324092186987,0.00160918594338,0.00161169026978314,0.00161770603153855,0.00162743730470538,0.00163357122801244,0.00164127442985773,0.00164673337712884,0.00164252170361578,0.00162906898185611,0.00078184565063566,1.13019450509455E-05,-9999,-9999,-9999,-9999,-9999,-9999,-9999,-9999,-9999,-9999,-9999,-9999,-9999,-9999,-9999,-9999,-9999,-9999,-9999,-9999,-9999,-9999,-9999,-9999,-9999,-9999,-9999,-9999,-9999,-9999,-9999,-9999,8.67744984134333E-06,2.43267804762581E-05,0.000408554129535332,0.00111582991667092,0.00122813379857689,0.00123002217151225,0.00122838583774865,0.00123093544971198,0.00123996171168983,0.00124818284530193,0.00125904870219529,0.00126768474001437,0.001274652662687,0.00127715314738452,0.00127502775285393,0.00126216234639287,0.00123433023691177,0.0011255017016083,0.000797230983152986,0.000360957812517881,7.21602045814507E-05,-9999,-9999,-9999,-9999,-9999,-9999,-9999,-9999,-9999,-9999,-9999,-9999,-9999,-9999,-9999,-9999,-9999
-9999,-9999,-9999,-9999,-9999,-9999,9.1043533757329E-05,0.000113929971121252,0.000428262981586158,0.00144453370012343,0.00177298183552921,0.00187149585690349,0.00190588226541877,0.00192171661183238,0.00193417980335653,0.0019454755820334,0.00195764773525298,0.0019663036800921,0.00196854094974697,0.0019630528986454,0.00195224012713879,0.00194322015158832,0.00193597481120378,0.00192417798098177,0.00190874026156962,0.00189557753037661,0.00187757879029959,0.00185806746594608,0.00184062961488962,0.0018211908172816,0.0017973092617467,0.0017807122785598,0.00176339782774448,0.00174785335548222,0.00172923412173986,0.00171835185028613,0.00171347276773304,0.00170990987680852,0.00170110526960343,0.00169175746850669,0.00166837312281132,0.00165663985535502,0.00163918838370591,0.00162821100093424,0.00162003212608397,0.00161565991584212,0.00160612468607724,0.00160267227329314,0.00159371201880276,0.00159186078235507,0.00158691848628223,0.00159285066183656,0.00160179182421416,0.00131034862715751,0.00151588616427034,0.0012988371308893,3.561586709111E-05,1.11575636765338E-05,1.11855952127371E-05,-9999,-9999,-9999,-9999,-9999,-9999,-9999,-9999,-9999,-9999,-9999,-9999,-9999,-9999,-9999,-9999,-9999,-9999,-9999,-9999,-9999,-9999,-9999,-9999,-9999,-9999,-9999,-9999,-9999,-9999,-9999,-9999,-9999,-9999,-9999,8.53238634590525E-06,8.46281000121962E-06,0.000168712926097214,0.000984807847999036,0.00119693961460143,0.0011965676676482,0.00119364005513489,0.00119919225107878,0.00121004809625447,0.00121961848344654,0.00122845475561917,0.00123281823471189,0.00123310880735517,0.0012316252104938,0.0012232803273946,0.00120684038847685,0.0011372147127986,0.000896896934136748,0.00037733098724857,9.57406955421902E-05,7.65902805142105E-05,5.97129692323506E-05,-9999,-9999,-9999,-9999,-9999,-9999,-9999,-9999,-9999,-9999,-9999,-9999,-9999,-9999,-9999
-9999,-9999,-9999,-9999,0.000116661423817277,0.000129076011944562,9.15559721761383E-05,0.000392192945582792,0.00152205361519009,0.00180971366353333,0.00188324472401291,0.00189571583177894,0.00189832376781851,0.00190258969087154,0.00190951314289123,0.00191996654029936,0.00193257571663707,0.00194151641335338,0.00194253958761692,0.00193495443090796,0.00192214862909168,0.00191001605708152,0.00190734548959881,0.00188700156286359,0.0018718873616308,0.00185995455831289,0.00183751701842993,0.00183147448115051,0.00181269994936883,0.00179358769673854,0.00176475243642926,0.00173958973027766,0.00171611038967967,0.00171011593192816,0.00168336974456906,0.00168121990282089,0.00168110313825309,0.0016702061984688,0.00167646666523069,0.000229189885430969,0.00115013984031975,0.000938547600526363,0.00159474345855415,0.00113365985453129,0.00145814416464418,0.00157956802286208,0.00158078433014452,0.000839341955725104,0.000267265277216211,0.000755276763811707,0.000106035127828363,9.18602818273939E-05,1.08352805909817E-05,1.08639706013491E-05,-9999,-9999,-9999,-9999,-9999,-9999,-9999,-9999,-9999,-9999,-9999,-9999,-9999,-9999,-9999,-9999,-9999,-9999,-9999,-9999,-9999,-9999,-9999,-9999,-9999,-9999,-9999,-9999,-9999,-9999,-9999,-9999,-9999,-9999,-9999,-9999,-9999,-9999,-9999,-9999,-9999,5.55510132471682E-06,8.15297516965074E-06,0.000265088718151674,0.00109779427293688,0.00116249942220747,0.00115804863162339,0.00116086564958096,0.00117354327812791,0.00118225393816829,0.00118851778097451,0.00119064352475107,0.00118922535330057,0.00118710135575384,0.00118335825391114,0.00117284164298326,0.00112756621092558,0.000859943160321563,0.00030246886308305,5.82125394430477E-05,5.77113787585404E-05,4.10953762184363E-05,5.9649257309502E-05,-9999,-9999,-9999,-9999,-9999,-9999,-9999,-9999,-9999,-9999,-9999,-9999,-9999,-9999
-9999,-9999,-9999,-9999,9.31200775085017E-05,0.000143833764013834,0.000217819484532811,0.00144536443985999,0.00183027004823089,0.00189061334822327,0.00189290521666408,0.00188533263280988,0.00188018660992384,0.00187612627632916,0.00187639868818223,0.00188408489339054,0.0018978021107614,0.00191497232299298,0.00191612797789276,0.00149388262070715,1.99393707589479E-05,1.2956597856828E-05,1.28988240248873E-05,1.28195088109351E-05,1.27277862702613E-05,1.26277591334656E-05,6.02937579969876E-05,1.23897134471918E-05,4.66730707557872E-05,1.20910635814653E-05,0.00015497300773859,0.00122232153080404,0.00161673023831099,0.00156012794468552,0.00166298437397927,0.00162789179012179,0.00165169371757656,0.00163516297470778,0.000471531500807032,1.13225205495837E-05,1.12218167487299E-05,1.11321387521457E-05,1.10479104478145E-05,1.09754337245249E-05,1.09116481326055E-05,1.08643507701345E-05,1.08356080090743E-05,-9999,-9999,-9999,-9999,-9999,-9999,-9999,-9999,-9999,-9999,-9999,-9999,-9999,-9999,-9999,-9999,-9999,-9999,-9999,-9999,-9999,-9999,-9999,-9999,-9999,-9999,-9999,-9999,-9999,-9999,-9999,-9999,-9999,-9999,-9999,-9999,-9999,-9999,-9999,-9999,-9999,-9999,-9999,-9999,-9999,-9999,-9999,-9999,-9999,7.91422189649893E-06,5.29722456121817E-05,0.000950519344769418,0.00112094916403294,0.00112420041114092,0.00112237245775759,0.00113365636207163,0.00114181928802282,0.00114645157009363,0.00114801246672869,0.00114511628635228,0.00114218494854867,0.00113923370372504,0.00113255879841745,0.00110237614717335,0.000918014091439545,0.000462443800643086,0.000155516434460878,2.74768553936156E-05,9.323307313025E-05,5.65985137654934E-05,-9999,-9999,-9999,-9999,-9999,-9999,-9999,-9999,-9999,-9999,-9999,-9999,-9999,-9999
-9999,-9999,-9999,-9999,-9999,9.13313924684189E-05,0.00104859075509012,0.00181315641384572,0.00189174804836512,0.00189534213859588,0.00188216543756425,0.00186696986202151,0.00185687118209898,0.00184294651262462,0.0018382235430181,0.00185187661554664,0.00111617986112833,1.27980538309203E-05,1.28803212646744E-05,1.29127420223085E-05,-9999,-9999,-9999,-9999,-9999,-9999,-9999,-9999,-9999,-9999,-9999,-9999,-9999,4.26485494244844E-05,0.000124085636343807,0.00010712856601458,0.000142409931868315,1.13367259473307E-05,-9999,-9999,-9999,-9999,-9999,-9999,-9999,-9999,-9999,-9999,-9999,-9999,-9999,-9999,-9999,-9999,-9999,-9999,-9999,-9999,-9999,-9999,-9999,-9999,-9999,-9999,-9999,-9999,-9999,-9999,-9999,-9999,-9999,-9999,-9999,-9999,-9999,-9999,-9999,-9999,-9999,-9999,-9999,-9999,-9999,-9999,-9999,-9999,-9999,-9999,-9999,-9999,-9999,-9999,-9999,-9999,-9999,-9999,5.16709451403585E-06,7.54460461394046E-06,0.000804033246822655,0.00108069903217256,0.0010859256144613,0.00108367193024606,0.00109687657095492,0.00110022211447358,0.00110359746031463,0.00110487069468945,0.00110322225373238,0.00110049790237099,0.0010960076469928,0.00109088665340096,0.00107725826092064,0.000973972550127655,0.000633172981906682,0.00018533602997195,0.000101927631476428,6.1897371779196E-05,-9999,-9999,-9999,-9999,-9999,-9999,-9999,-9999,-9999,-9999,-9999,-9999,-9999,-9999,-9999
-9999,-9999,-9999,-9999,-9999,0.000362021528417245,0.00170151819474995,0.00188382889609784,0.00190138269681484,0.00188838387839496,0.00186926126480103,0.00184785737656057,0.00182642904110253,0.00181348121259362,0.0018068557837978,0.000207639983273111,1.25830119941384E-05,8.48143554321723E-06,-9999,-9999,-9999,-9999,-9999,-9999,-9999,-9999,-9999,-9999,-9999,-9999,-9999,-9999,-9999,-9999,-9999,-9999,-9999,-9999,-9999,-9999,-9999,-9999,-9999,-9999,-9999,-9999,-9999,-9999,-9999,-9999,-9999,-9999,-9999,-9999,-9999,-9999,-9999,-9999,-9999,-9999,-9999,-9999,-9999,-9999,-9999,-9999,-9999,-9999,-9999,-9999,-9999,-9999,-9999,-9999,-9999,-9999,-9999,-9999,-9999,-9999,-9999,-9999,-9999,-9999,-9999,-9999,-9999,-9999,-9999,-9999,-9999,-9999,-9999,-9999,-9999,-9999,-9999,7.25285690350574E-06,0.00060475873760879,0.00104303599800915,0.00104773114435375,0.00104712939355522,0.00105798256117851,0.00105843821074814,0.00106036150828004,0.00106226268690079,0.00106287561357021,0.00106096710078418,0.00105731014627963,0.00105225143488497,0.0010408740490675,0.000997510505840182,0.000717665883712471,0.000359855068381876,6.89967782818712E-05,4.98745248478372E-05,-9999,-9999,-9999,-9999,-9999,-9999,-9999,-9999,-9999,-9999,-9999,-9999,-9999,-9999,-9999
-9999,-9999,9.55388823058456E-05,9.46185900829732E-05,9.27959554246627E-05,0.000997819355688989,0.00185043562669307,0.00189968943595886,0.00189773715101182,0.00187745073344558,0.00185413705185056,0.00182829529512674,0.0018060248112306,0.00177777663338929,0.000107385116280057,1.24085354400449E-05,8.3535824160208E-06,-9999,-9999,-9999,-9999,-9999,-9999,-9999,-9999,-9999,-9999,-9999,-9999,-9999,-9999,-9999,-9999,-9999,-9999,-9999,-9999,-9999,-9999,-9999,-9999,-9999,-9999,-9999,-9999,-9999,-9999,-9999,-9999,-9999,-9999,-9999,-9999,-9999,-9999,-9999,-9999,-9999,-9999,-9999,-9999,-9999,-9999,-9999,-9999,-9999,-9999,-9999,-9999,-9999,-9999,-9999,-9999,-9999,-9999,-9999,-9999,-9999,-9999,-9999,-9999,-9999,-9999,-9999,-9999,-9999,-9999,-9999,-9999,-9999,-9999,-9999,-9999,-9999,-9999,-9999,-9999,7.01465978636406E-06,0.000348238070728257,0.00100642605684698,0.00101396546233445,0.00100987090263516,0.00101313157938421,0.00101779797114432,0.00101741193793714,0.0010223628487438,0.00102472852449864,0.00102363957557827,0.00101994548458606,0.00101481005549431,0.00100699043832719,0.00097931269556284,0.000859685183968395,0.000542337307706475,0.000288870942313224,6.52474991511554E-05,-9999,-9999,-9999,-9999,-9999,-9999,-9999,-9999,-9999,-9999,-9999,-9999,-9999,-9999,-9999
-9999,-9999,-9999,-9999,0.000114988062705379,0.00156388944014907,0.00187890860252082,0.00190113508142531,0.00188849493861198,0.00186232710257173,0.00183668686076999,0.00181184965185821,0.00179367477539927,0.000154098102939315,1.2280720511626E-05,8.25345159682911E-06,-9999,-9999,-9999,-9999,-9999,-9999,-9999,-9999,-9999,-9999,-9999,-9999,-9999,-9999,-9999,-9999,-9999,-9999,-9999,-9999,-9999,-9999,-9999,-9999,-9999,-9999,-9999,-9999,-9999,-9999,-9999,-9999,-9999,-9999,-9999,-9999,-9999,-9999,-9999,-9999,-9999,-9999,-9999,-9999,-9999,-9999,-9999,-9999,-9999,-9999,-9999,-9999,-9999,-9999,-9999,-9999,-9999,-9999,-9999,-9999,-9999,-9999,-9999,-9999,-9999,-9999,-9999,-9999,-9999,-9999,-9999,-9999,-9999,-9999,-9999,-9999,-9999,-9999,-9999,-9999,-9999,6.80414314047084E-06,0.000180618517333642,0.000967620580922812,0.000977573683485389,0.000976622803136706,0.000975051952991635,0.000979430740699172,0.000978152616880834,0.000984386424534023,0.000989651889540255,0.000988310901448131,0.00098400202114135,0.000979281263425946,0.000971088360529393,0.000955407973378897,0.000910298200324178,0.000787181896157563,0.000487492856336758,0.000144508143421263,-9999,-9999,-9999,-9999,-9999,-9999,-9999,-9999,-9999,-9999,-9999,-9999,-9999,-9999,-9999
-9999,-9999,-9999,-9999,0.000243703922023997,0.00169895589351654,0.00188524904660881,0.00189559708815068,0.00187756191007793,0.00184684386476874,0.00182159768883139,0.00179941905662417,0.00120455538854003,1.22066794574494E-05,8.17387081042398E-06,-9999,-9999,-9999,-9999,-9999,-9999,-9999,-9999,-9999,-9999,-9999,-9999,-9999,-9999,-9999,-9999,-9999,-9999,-9999,-9999,-9999,-9999,-9999,-9999,-9999,-9999,-9999,-9999,-9999,-9999,-9999,-9999,-9999,-9999,-9999,-9999,-9999,-9999,-9999,-9999,-9999,-9999,-9999,-9999,-9999,-9999,-9999,-9999,-9999,-9999,-9999,-9999,-9999,-9999,-9999,-9999,-9999,-9999,-9999,-9999,-9999,-9999,-9999,-9999,-9999,-9999,-9999,-9999,-9999,-9999,-9999,-9999,-9999,-9999,-9999,-9999,-9999,-9999,-9999,-9999,-9999,-9999,6.61443482385948E-06,7.18336523277685E-05,0.000924876134376973,0.000940952100791037,0.000944466097280383,0.000940017809625715,0.000940712518058717,0.000942735059652478,0.00094575883122161,0.000952032569330186,0.000951134308706969,0.000948692380916327,0.00094414793420583,0.000937510922085494,0.000927110726479441,0.000906943168956786,0.000863322522491217,0.000720884650945663,0.000386650790460408,5.24783863511402E-05,-9999,-9999,-9999,-9999,-9999,-9999,-9999,-9999,-9999,-9999,-9999,-9999,-9999,-9999
-9999,-9999,-9999,-9999,0.000197296787519008,0.00167197512928396,0.00188054388854653,0.00188652973156422,0.00186582456808537,0.00183499895501882,0.00181088515091687,0.00178941152989864,1.21561752166599E-05,8.12663165561389E-06,5.44986005479586E-06,-9999,-9999,-9999,-9999,-9999,-9999,-9999,-9999,-9999,-9999,-9999,-9999,-9999,-9999,-9999,-9999,-9999,-9999,-9999,-9999,-9999,-9999,-9999,-9999,-9999,-9999,-9999,-9999,-9999,-9999,-9999,-9999,-9999,-9999,-9999,-9999,-9999,-9999,-9999,-9999,-9999,-9999,-9999,-9999,-9999,-9999,-9999,-9999,-9999,-9999,-9999,-9999,-9999,-9999,-9999,-9999,-9999,-9999,-9999,-9999,-9999,-9999,-9999,-9999,-9999,-9999,-9999,-9999,-9999,-9999,-9999,-9999,-9999,-9999,-9999,-9999,-9999,-9999,-9999,-9999,-9999,-9999,4.27714257966727E-06,6.32373166808975E-06,0.000872319913469255,0.000908818503376096,0.000912312476430088,0.000909936556126922,0.00090450223069638,0.000908677466213703,0.000911942392122,0.000914040429051965,0.000915151438675821,0.000914054631721228,0.000911064969841391,0.000905174238141626,0.000895872013643384,0.000884815293829888,0.000863567343913019,0.000796903506852686,0.000575428945012391,0.000178912800038233,4.05442333430983E-05,-9999,-9999,-9999,-9999,-9999,-9999,-9999,-9999,-9999,-9999,-9999,-9999,-9999
-9999,-9999,-9999,-9999,0.000102363446785603,0.00151922844815999,0.00186835206113756,0.00187736807856709,0.00185922009404749,0.00182910996954888,0.00180435483343899,0.00177826324943453,1.20941649583983E-05,8.08141703600995E-06,-9999,-9999,-9999,-9999,-9999,-9999,-9999,-9999,-9999,-9999,-9999,-9999,-9999,-9999,-9999,-9999,-9999,-9999,-9999,-9999,-9999,-9999,-9999,-9999,-9999,-9999,-9999,-9999,-9999,-9999,-9999,-9999,-9999,-9999,-9999,-9999,-9999,-9999,-9999,-9999,-9999,-9999,-9999,-9999,-9999,-9999,-9999,-9999,-9999,-9999,-9999,-9999,-9999,-9999,-9999,-9999,-9999,-9999,-9999,-9999,-9999,-9999,-9999,-9999,-9999,-9999,-9999,-9999,-9999,-9999,-9999,-9999,-9999,-9999,-9999,-9999,-9999,-9999,-9999,-9999,-9999,-9999,-9999,4.17617411585525E-06,6.11285668128403E-06,0.000820018583908677,0.000877921178471297,0.000879996106959879,0.000881808286067098,0.000875598634593189,0.000874784425832331,0.000878455059137195,0.000880981213413179,0.000884798122569919,0.000884156092070043,0.000882045831531286,0.000875732395797968,0.00086718937382102,0.000858617015182972,0.000843865913338959,0.000801548827439547,0.00070501392474398,0.000412645691540092,7.722205191385E-05,5.5061169405235E-05,5.60732496523997E-06,-9999,-9999,-9999,-9999,-9999,-9999,-9999,-9999,-9999,-9999,-9999
-9999,-9999,-9999,-9999,9.12920659175143E-05,0.000821467605419457,0.00182747247163206,0.00186948815826327,0.00185877049807459,0.00183627882506698,0.00180883472785354,0.0017841582885012,2.67492105194833E-05,1.2002825314994E-05,-9999,-9999,-9999,-9999,-9999,-9999,-9999,-9999,-9999,-9999,-9999,-9999,-9999,-9999,-9999,-9999,-9999,-9999,-9999,-9999,-9999,-9999,-9999,-9999,-9999,-9999,-9999,-9999,-9999,-9999,-9999,-9999,-9999,-9999,-9999,-9999,-9999,-9999,-9999,-9999,-9999,-9999,-9999,-9999,-9999,-9999,-9999,-9999,-9999,-9999,-9999,-9999,-9999,-9999,-9999,-9999,-9999,-9999,-9999,-9999,-9999,-9999,-9999,-9999,-9999,-9999,-9999,-9999,-9999,-9999,-9999,-9999,-9999,-9999,-9999,-9999,-9999,-9999,-9999,-9999,-9999,-9999,-9999,-9999,5.90920353715774E-06,0.000779982248786837,0.000848375610075891,0.000848837895318866,0.000855320307891816,0.000849481846671551,0.000846329145133495,0.00085064530139789,0.000855508202221245,0.000857280974742025,0.000858158222399652,0.000855040387250483,0.000849862874019891,0.000842394132632762,0.000834752398077399,0.000824126182124019,0.000793831131886691,0.000723089789971709,0.000543492205906659,0.000127317194710486,4.35753681813367E-05,-9999,-9999,-9999,-9999,-9999,-9999,-9999,-9999,-9999,-9999,-9999,-9999
-9999,-9999,-9999,-9999,9.12189279915765E-05,0.000358478253474459,0.001689039519988,0.00185767817310989,0.00185425963718444,0.00184151390567422,0.0018193619325757,0.00179300981108099,0.00120720989070833,1.19734540930949E-05,-9999,-9999,-9999,-9999,-9999,-9999,-9999,-9999,-9999,-9999,-9999,-9999,-9999,-9999,-9999,-9999,-9999,-9999,-9999,-9999,-9999,-9999,-9999,-9999,-9999,-9999,-9999,-9999,-9999,-9999,-9999,-9999,-9999,-9999,-9999,-9999,-9999,-9999,-9999,-9999,-9999,-9999,-9999,-9999,-9999,-9999,-9999,-9999,-9999,-9999,-9999,-9999,-9999,-9999,-9999,-9999,-9999,-9999,-9999,-9999,-9999,-9999,-9999,-9999,-9999,-9999,-9999,-9999,-9999,-9999,-9999,-9999,-9999,-9999,-9999,-9999,-9999,-9999,-9999,-9999,-9999,-9999,-9999,-9999,5.75917420064798E-06,0.000697038252837956,0.000823713256977499,0.000824118673335761,0.000829888216685504,0.000830404984299093,0.000824932183604687,0.00082248158287257,0.000829220341984183,0.000830841017886996,0.000831184152048081,0.000828659627586603,0.000825417169835418,0.000819534296169877,0.000813265214674175,0.000802216643933207,0.00077983905794099,0.000723197008483112,0.000624072039499879,0.000237057058257051,4.27600025432184E-05,3.82031212211587E-05,3.84696868422907E-05,-9999,-9999,-9999,-9999,-9999,-9999,-9999,-9999,-9999,-9999
-9999,-9999,-9999,-9999,-9999,0.000100509576441254,0.00137602293398231,0.00183819583617151,0.00184813002124429,0.00184030516538769,0.00182408792898059,0.00179754174314439,0.0017637248383835,1.19539708975935E-05,-9999,-9999,-9999,-9999,-9999,-9999,-9999,-9999,-9999,-9999,-9999,-9999,-9999,-9999,-9999,-9999,-9999,-9999,-9999,-9999,-9999,-9999,-9999,-9999,-9999,-9999,-9999,-9999,-9999,-9999,-9999,-9999,-9999,-9999,-9999,-9999,-9999,-9999,-9999,-9999,-9999,-9999,-9999,-9999,-9999,-9999,-9999,-9999,-9999,-9999,-9999,-9999,-9999,-9999,-9999,-9999,-9999,-9999,-9999,-9999,-9999,-9999,-9999,-9999,-9999,-9999,-9999,-9999,-9999,-9999,-9999,-9999,-9999,-9999,-9999,-9999,-9999,-9999,-9999,-9999,-9999,-9999,-9999,-9999,5.64966694582836E-06,0.00054973631631583,0.00079640798503533,0.000803662987891585,0.000806929427199066,0.000809037184808403,0.000803412171080709,0.00079767347779125,0.000804808805696666,0.000806498865131289,0.000807490141596645,0.000804624927695841,0.00080222194083035,0.000797921791672707,0.000792344508226961,0.00078362732892856,0.000769162084907293,0.000742153672035784,0.000593044445849955,0.000359892816049978,0.000133735957206227,8.9569017291069E-05,5.293461799738E-05,3.83804072043858E-05,-9999,-9999,-9999,-9999,-9999,-9999,-9999,-9999,-9999
-9999,-9999,-9999,-9999,-9999,2.04087500605965E-05,0.000968950742390007,0.00179607863537967,0.00184206105768681,0.00183784356340766,0.00182508630678058,0.00179924711119384,0.00176439632195979,1.19525002446608E-05,-9999,-9999,-9999,-9999,-9999,-9999,-9999,-9999,-9999,-9999,-9999,-9999,-9999,-9999,-9999,-9999,-9999,-9999,-9999,-9999,-9999,-9999,-9999,-9999,-9999,-9999,-9999,-9999,-9999,-9999,-9999,-9999,-9999,-9999,-9999,-9999,-9999,-9999,-9999,-9999,-9999,-9999,-9999,-9999,-9999,-9999,-9999,-9999,-9999,-9999,-9999,-9999,-9999,-9999,-9999,-9999,-9999,-9999,-9999,-9999,-9999,-9999,-9999,-9999,-9999,-9999,-9999,-9999,-9999,-9999,-9999,-9999,-9999,-9999,-9999,-9999,-9999,-9999,-9999,-9999,-9999,-9999,-9999,-9999,5.57949988433393E-06,0.000181601324584335,0.000765966600738466,0.00078445888357237,0.000786645570769906,0.000788014498539269,0.000783795199822634,0.000779037945903838,0.000783019058872014,0.000787273223977536,0.000787073629908264,0.000782756600528955,0.000779866531956941,0.000776207831222564,0.000771298306062818,0.000765939010307193,0.000755107204895467,0.000720273063052446,0.000609680661000311,0.000503638584632427,0.000395195151213557,0.000329526606947184,9.82291749096476E-05,3.75461058865767E-05,-9999,-9999,-9999,-9999,-9999,-9999,-9999,-9999,-9999
-9999,-9999,-9999,-9999,-9999,1.25214446597965E-05,0.000695689115673304,0.00178971933200955,0.00183624308556318,0.00183509022463113,0.00182420061901212,0.00179718912113458,0.0017448621802032,1.195904405904E-05,-9999,-9999,-9999,-9999,-9999,-9999,-9999,-9999,-9999,-9999,-9999,-9999,-9999,-9999,-9999,-9999,-9999,-9999,-9999,-9999,-9999,-9999,-9999,-9999,-9999,-9999,-9999,-9999,-9999,-9999,-9999,-9999,-9999,-9999,-9999,-9999,-9999,-9999,-9999,-9999,-9999,-9999,-9999,-9999,-9999,-9999,-9999,-9999,-9999,-9999,-9999,-9999,-9999,-9999,-9999,-9999,-9999,-9999,-9999,-9999,-9999,-9999,-9999,-9999,-9999,-9999,-9999,-9999,-9999,-9999,-9999,-9999,-9999,-9999,-9999,-9999,-9999,-9999,-9999,-9999,-9999,-9999,-9999,-9999,-9999,5.37670985067962E-06,0.000740704243071377,0.000763240386731923,0.00076922174775973,0.000769067439250648,0.000765304721426219,0.00076014653313905,0.000763211923185736,0.000767989084124565,0.000767253339290619,0.000764039345085621,0.000760023598559201,0.000756813737098128,0.000751968938857317,0.000747426238376647,0.000740550749469548,0.000715564528945833,0.000684669066686183,0.000642300292383879,0.000547777046449482,0.000345326930982992,0.000129714055219665,3.65155028703157E-05,-9999,-9999,-9999,-9999,-9999,-9999,-9999,-9999,-9999
-9999,-9999,-9999,-9999,-9999,-9999,0.000421569653553888,0.00179047929123044,0.00183066062163562,0.0018322323448956,0.00182002549991012,0.00178880407474935,0.00176375673618168,-9999,-9999,-9999,-9999,-9999,-9999,-9999,-9999,-9999,-9999,-9999,-9999,-9999,-9999,-9999,-9999,-9999,-9999,-9999,-9999,-9999,-9999,-9999,-9999,-9999,-9999,-9999,-9999,-9999,-9999,-9999,-9999,-9999,-9999,-9999,-9999,-9999,-9999,-9999,-9999,-9999,-9999,-9999,-9999,-9999,-9999,-9999,-9999,-9999,-9999,-9999,-9999,-9999,-9999,-9999,-9999,-9999,-9999,-9999,-9999,-9999,-9999,-9999,-9999,-9999,-9999,-9999,-9999,-9999,-9999,-9999,-9999,-9999,-9999,-9999,-9999,-9999,-9999,-9999,-9999,-9999,-9999,-9999,-9999,-9999,-9999,5.26837902725674E-06,0.000685126578900963,0.000745219411328435,0.000754260167013854,0.000754452776163816,0.000750942737795413,0.000746659294236451,0.000747270649299026,0.000750273815356195,0.000748728984035552,0.000746389152482152,0.000742420612368733,0.000737908179871738,0.000733311753720045,0.000728931510820985,0.000725664664059877,0.000718458381015807,0.000703486963175237,0.000655788113363087,0.000569000607356429,0.000423918274464086,0.000217923530726694,4.41484298789874E-05,-9999,-9999,-9999,-9999,-9999,-9999,-9999,-9999,-9999
-9999,-9999,-9999,-9999,-9999,-9999,0.000316647783620283,0.00178820686414838,0.00182980904355645,0.00182869040872902,0.00181096023879945,0.00177914381492883,0.00174431945197284,-9999,-9999,-9999,-9999,-9999,-9999,-9999,-9999,-9999,-9999,-9999,-9999,-9999,-9999,-9999,-9999,-9999,-9999,-9999,-9999,-9999,-9999,-9999,-9999,-9999,-9999,-9999,-9999,-9999,-9999,-9999,-9999,-9999,-9999,-9999,-9999,-9999,-9999,-9999,-9999,-9999,-9999,-9999,-9999,-9999,-9999,-9999,-9999,-9999,-9999,-9999,-9999,-9999,-9999,-9999,-9999,-9999,-9999,-9999,-9999,-9999,-9999,-9999,-9999,-9999,-9999,-9999,-9999,-9999,-9999,-9999,-9999,-9999,-9999,-9999,-9999,-9999,-9999,-9999,-9999,-9999,-9999,-9999,-9999,-9999,-9999,5.18702472618315E-06,0.000450786959845573,0.000732786604203284,0.000741089577786624,0.000740495044738054,0.000736828020308167,0.000733847497031093,0.000730932166334242,0.000735453388188034,0.000733731663785875,0.000731290667317808,0.000727149250451475,0.000722875876817852,0.000717844115570188,0.000713200424797833,0.000709773041307926,0.000705831102095544,0.000695708207786083,0.000671451387461275,0.000617485609836876,0.000474249216495082,0.000330680602928624,8.16804094938561E-05,4.20276046497747E-05,3.33850111928768E-05,-9999,-9999,-9999,-9999,-9999,-9999,-9999
-9999,-9999,-9999,-9999,-9999,-9999,0.000502734153997153,0.00181468366645277,0.0018330451566726,0.00182434823364019,0.00180064246524125,0.00176984944846481,0.00159872567746788,-9999,-9999,-9999,-9999,-9999,-9999,-9999,-9999,-9999,-9999,-9999,-9999,-9999,-9999,-9999,-9999,-9999,-9999,-9999,-9999,-9999,-9999,-9999,-9999,-9999,-9999,-9999,-9999,-9999,-9999,-9999,-9999,-9999,-9999,-9999,-9999,-9999,-9999,-9999,-9999,-9999,-9999,-9999,-9999,-9999,-9999,-9999,-9999,-9999,-9999,-9999,-9999,-9999,-9999,-9999,-9999,-9999,-9999,-9999,-9999,-9999,-9999,-9999,-9999,-9999,-9999,-9999,-9999,-9999,-9999,-9999,-9999,-9999,-9999,-9999,-9999,-9999,-9999,-9999,-9999,-9999,-9999,-9999,-9999,-9999,-9999,5.1238207561255E-06,3.02950084005715E-05,0.000722767843399197,0.000727848906535655,0.00072750763501972,0.000722589087672532,0.000718978699296713,0.000717141549102962,0.000720268930308521,0.000721264979802072,0.000718786206562072,0.000713695830199867,0.000708497420419008,0.000703876779880375,0.000699883734341711,0.000694999354891479,0.000691965280566365,0.00068326509790495,0.000664530380163342,0.000622003863099962,0.000545907241757959,0.000385516119422391,0.000145137688377872,7.11890097591095E-05,5.10966165165883E-05,3.23512649629265E-05,-9999,-9999,-9999,-9999,-9999,-9999
-9999,-9999,-9999,-9999,-9999,-9999,-9999,-9999,-9999,-9999,-9999,-9999,-9999,-9999,-9999,-9999,-9999,-9999,-9999,-9999,-9999,-9999,-9999,-9999,-9999,-9999,-9999,-9999,-9999,-9999,-9999,-9999,-9999,-9999,-9999,-9999,-9999,-9999,-9999,-9999,-9999,-9999,-9999,-9999,-9999,-9999,-9999,-9999,-9999,-9999,-9999,-9999,-9999,-9999,-9999,-9999,-9999,-9999,-9999,-9999,-9999,-9999,-9999,-9999,-9999,-9999,-9999,-9999,-9999,-9999,-9999,-9999,-9999,-9999,-9999,-9999,-9999,-9999,-9999,-9999,-9999,-9999,-9999,-9999,-9999,-9999,-9999,-9999,-9999,-9999,-9999,-9999,-9999,-9999,-9999,-9999,-9999,-9999,-9999,-9999,4.96597976962221E-06,0.000693871697876602,0.000714824651367962,0.000715042289812118,0.000711020431481302,0.000707230472471565,0.000704922538716346,0.000708081643097103,0.000710779335349798,0.00070657639298588,0.000701552140526474,0.000696303264703602,0.000690421496983618,0.00068663724232465,0.000682076206430793,0.000678253651130944,0.000673596863634884,0.000662142119836062,0.000634700350929052,0.000572457734961063,0.000416905386373401,0.000219714172999375,0.000140900578116998,0.000104525846836623,5.52254023205023E-05,3.12656775349751E-05,-9999,-9999,-9999,-9999,-9999
-9999,-9999,-9999,-9999,-9999,-9999,-9999,-9999,-9999,-9999,-9999,-9999,-9999,-9999,-9999,-9999,-9999,-9999,-9999,-9999,-9999,-9999,-9999,-9999,-9999,-9999,-9999,-9999,-9999,-9999,-9999,-9999,-9999,-9999,-9999,-9999,-9999,-9999,-9999,-9999,-9999,-9999,-9999,-9999,-9999,-9999,-9999,-9999,-9999,-9999,-9999,-9999,-9999,-9999,-9999,-9999,-9999,-9999,-9999,-9999,-9999,-9999,-9999,-9999,-9999,-9999,-9999,-9999,-9999,-9999,-9999,-9999,-9999,-9999,-9999,-9999,-9999,-9999,-9999,-9999,-9999,-9999,-9999,-9999,-9999,-9999,-9999,-9999,-9999,-9999,-9999,-9999,-9999,-9999,-9999,-9999,-9999,-9999,-9999,-9999,4.89248077428783E-06,0.000525145849678665,0.000705731217749417,0.000703018449712545,0.00069980148691684,0.000695434282533824,0.000692309928126633,0.000697295763529837,0.000699618889484555,0.000695135502610356,0.00068846793146804,0.000683797872625291,0.000677358533721417,0.000673903676215559,0.000670072855427861,0.000668173131998628,0.000663932063616812,0.000655813899356872,0.000627023400738835,0.000560838903766125,0.000427064660470933,0.000269952695816755,0.000197108805878088,0.000113358961243648,7.47673475416377E-05,3.43900101142935E-05,3.03083852486452E-05,-9999,-9999,-9999,-9999
-9999,-9999,-9999,-9999,-9999,-9999,-9999,-9999,-9999,-9999,-9999,-9999,-9999,-9999,-9999,-9999,-9999,-9999,-9999,-9999,-9999,-9999,-9999,-9999,-9999,-9999,-9999,-9999,-9999,-9999,-9999,-9999,-9999,-9999,-9999,-9999,-9999,-9999,-9999,-9999,-9999,-9999,-9999,-9999,-9999,-9999,-9999,-9999,-9999,-9999,-9999,-9999,-9999,-9999,-9999,-9999,-9999,-9999,-9999,-9999,-9999,-9999,-9999,-9999,-9999,-9999,-9999,-9999,-9999,-9999,-9999,-9999,-9999,-9999,-9999,-9999,-9999,-9999,-9999,-9999,-9999,-9999,-9999,-9999,-9999,-9999,-9999,-9999,-9999,-9999,-9999,-9999,-9999,-9999,-9999,-9999,-9999,-9999,-9999,-9999,4.84222346130991E-06,1.24412163131637E-05,0.000698871212080121,0.000692965870257467,0.00068982329685241,0.00068468030076474,0.00068288657348603,0.000687706633470953,0.000689197506289929,0.000685057020746171,0.000678036536555737,0.000672798953019083,0.000666003325022757,0.000661570928059518,0.000658720382489264,0.000656718329992145,0.000649783934932202,0.000639354169834405,0.000616667093709111,0.000549940508790314,0.000453039188869298,0.000341197446687147,0.000244896684307605,0.000147906466736458,8.15151288406923E-05,4.21809236286208E-05,2.98216655210126E-05,-9999,-9999,-9999,-9999
-9999,-9999,-9999,-9999,-9999,-9999,-9999,-9999,-9999,-9999,-9999,-9999,-9999,-9999,-9999,-9999,-9999,-9999,-9999,-9999,-9999,-9999,-9999,-9999,-9999,-9999,-9999,-9999,-9999,-9999,-9999,-9999,-9999,-9999,-9999,-9999,-9999,-9999,-9999,-9999,-9999,-9999,-9999,-9999,-9999,-9999,-9999,-9999,-9999,-9999,-9999,-9999,-9999,-9999,-9999,-9999,-9999,-9999,-9999,-9999,-9999,-9999,-9999,-9999,-9999,-9999,-9999,-9999,-9999,-9999,-9999,-9999,-9999,-9999,-9999,-9999,-9999,-9999,-9999,-9999,-9999,-9999,-9999,-9999,-9999,-9999,-9999,-9999,-9999,-9999,-9999,-9999,-9999,-9999,-9999,-9999,-9999,-9999,-9999,-9999,-9999,4.75470460514771E-06,0.000642847269773483,0.000682453799527138,0.000679819902870804,0.000675229937769473,0.000674836162943393,0.000677743810229003,0.00067925063194707,0.000675767834763974,0.000667950487695634,0.000662119942717254,0.000655229319818318,0.00064953719265759,0.000646020285785198,0.00064445415046066,0.000642436614725739,0.000635901058558375,0.000610685325227678,0.000550259661395103,0.000460520852357149,0.00039127774653025,0.000277430313872173,0.000145538171636872,8.86117995833047E-05,4.11520159104839E-05,2.87186921923421E-05,-9999,-9999,2.39644050452625E-05,2.38524789892836E-05
-9999,-9999,-9999,-9999,-9999,-9999,-9999,-9999,-9999,-9999,-9999,-9999,-9999,-9999,-9999,-9999,-9999,-9999,-9999,-9999,-9999,-9999,-9999,-9999,-9999,-9999,-9999,-9999,-9999,-9999,-9999,-9999,-9999,-9999,-9999,-9999,-9999,-9999,-9999,-9999,-9999,-9999,-9999,-9999,-9999,-9999,-9999,-9999,-9999,-9999,-9999,-9999,-9999,-9999,-9999,-9999,-9999,-9999,-9999,-9999,-9999,-9999,-9999,-9999,-9999,-9999,-9999,-9999,-9999,-9999,-9999,-9999,-9999,-9999,-9999,-9999,-9999,-9999,-9999,-9999,-9999,-9999,-9999,-9999,-9999,-9999,-9999,-9999,-9999,-9999,-9999,-9999,-9999,-9999,-9999,-9999,-9999,-9999,-9999,-9999,-9999,-9999,3.37350720656104E-05,0.000685857317876071,0.000672823400236666,0.000669563887640834,0.000669028609991074,0.000671267393045127,0.00067048566415906,0.000665480620227754,0.000658060191199183,0.000651874812319875,0.00064509577350691,0.000639513018541038,0.000634877069387585,0.000632379320450127,0.000629468995612115,0.000622058927547187,0.000596673809923232,0.000566414266359061,0.000507468008436263,0.000402606499847025,0.000273513578576967,0.000170947183505632,7.80563277658075E-05,4.42915588791948E-05,2.70992914011003E-05,2.54464866884518E-05,2.45566516241524E-05,2.39336786762578E-05,2.62385474343318E-05
-9999,-9999,-9999,-9999,-9999,-9999,-9999,-9999,-9999,-9999,-9999,-9999,-9999,-9999,-9999,-9999,-9999,-9999,-9999,-9999,-9999,-9999,-9999,-9999,-9999,-9999,-9999,-9999,-9999,-9999,-9999,-9999,-9999,-9999,-9999,-9999,-9999,-9999,-9999,-9999,-9999,-9999,-9999,-9999,-9999,-9999,-9999,-9999,-9999,-9999,-9999,-9999,-9999,-9999,-9999,-9999,-9999,-9999,-9999,-9999,-9999,-9999,-9999,-9999,-9999,-9999,-9999,-9999,-9999,-9999,-9999,-9999,-9999,-9999,-9999,-9999,-9999,-9999,-9999,-9999,-9999,-9999,-9999,-9999,-9999,-9999,-9999,-9999,-9999,-9999,-9999,-9999,-9999,-9999,-9999,-9999,-9999,-9999,-9999,-9999,-9999,-9999,-9999,0.00047455940512009,0.000676993979141116,0.00066621822770685,0.000667398737277836,0.000666828418616205,0.00066506362054497,0.000658364209812135,0.000650252040941268,0.000642424274701625,0.000635600183159113,0.000630048103630543,0.000626241439022124,0.000621368992142379,0.000615727039985359,0.000608031405135989,0.000587266171351075,0.000564587826374918,0.000511754071339965,0.000413652771385387,0.000305812776787207,0.000140060859848745,6.79622462484986E-05,3.78520308004227E-05,2.90107054752298E-05,2.49202312261332E-05,2.68999592663022E-05,2.90888365270803E-05,0.000235045416047797
-9999,-9999,-9999,-9999,-9999,-9999,-9999,-9999,-9999,-9999,-9999,-9999,-9999,-9999,-9999,-9999,-9999,-9999,-9999,-9999,-9999,-9999,-9999,-9999,-9999,-9999,-9999,-9999,-9999,-9999,-9999,-9999,-9999,-9999,-9999,-9999,-9999,-9999,-9999,-9999,-9999,-9999,-9999,-9999,-9999,-9999,-9999,-9999,-9999,-9999,-9999,-9999,-9999,-9999,-9999,-9999,-9999,-9999,-9999,-9999,-9999,-9999,-9999,-9999,-9999,-9999,-9999,-9999,-9999,-9999,-9999,-9999,-9999,-9999,-9999,-9999,-9999,-9999,-9999,-9999,-9999,-9999,-9999,-9999,-9999,-9999,-9999,-9999,-9999,-9999,-9999,-9999,-9999,-9999,-9999,-9999,-9999,-9999,-9999,-9999,-9999,-9999,-9999,4.62607249573921E-06,0.000476080807857215,0.000682476733345538,0.000670638051815331,0.000665968575049192,0.000662160513456911,0.000654627452604473,0.000646062952000648,0.000638199155218899,0.000631311675533652,0.000624538923148066,0.000617740617599338,0.000611678988207132,0.00060207542264834,0.000589508563280106,0.000579710002057254,0.000535316998139024,0.000469068181701005,0.00033881061244756,0.000180872972123325,5.44363538210746E-05,3.3366395655321E-05,3.19941100315191E-05,3.45070038747508E-05,3.34617288899608E-05,5.54752405150793E-05,0.000474253669381142,0.00047848146641627
-9999,-9999,-9999,-9999,-9999,-9999,-9999,-9999,-9999,-9999,-9999,-9999,-9999,-9999,-9999,-9999,-9999,-9999,-9999,-9999,-9999,-9999,-9999,-9999,-9999,-9999,-9999,-9999,-9999,-9999,-9999,-9999,-9999,-9999,-9999,-9999,-9999,-9999,-9999,-9999,-9999,-9999,-9999,-9999,-9999,-9999,-9999,-9999,-9999,-9999,-9999,-9999,-9999,-9999,-9999,-9999,-9999,-9999,-9999,-9999,-9999,-9999,-9999,-9999,-9999,-9999,-9999,-9999,-9999,-9999,-9999,-9999,-9999,-9999,-9999,-9999,-9999,-9999,-9999,-9999,-9999,-9999,-9999,-9999,-9999,-9999,-9999,-9999,-9999,-9999,-9999,-9999,-9999,-9999,-9999,-9999,-9999,-9999,-9999,-9999,-9999,-9999,-9999,-9999,4.61039826404885E-06,4.610039468389E-06,0.000633085495792329,0.000672321650199592,0.000658812990877777,0.000651678710710257,0.00064338039373979,0.000635776086710393,0.000591807474847883,0.000488939404021949,0.000606824411079288,0.000583968067076057,0.000489849946461618,0.000405850092647597,0.000372012233128771,0.000316364981699735,0.000163702308782376,5.99089034949429E-05,3.0077757401159E-05,2.6026347768493E-05,4.34344146924559E-05,7.09654486854561E-05,0.000253980106208473,0.000477827270515263,0.000481938914163038,0.000481364520965144,0.000473981781397015
-9999,-9999,-9999,-9999,-9999,-9999,-9999,-9999,-9999,-9999,-9999,-9999,-9999,-9999,-9999,-9999,-9999,-9999,-9999,-9999,-9999,-9999,-9999,-9999,-9999,-9999,-9999,-9999,-9999,-9999,-9999,-9999,-9999,-9999,-9999,-9999,-9999,-9999,-9999,-9999,-9999,-9999,-9999,-9999,-9999,-9999,-9999,-9999,-9999,-9999,-9999,-9999,-9999,-9999,-9999,-9999,-9999,-9999,-9999,-9999,-9999,-9999,-9999,-9999,-9999,-9999,-9999,-9999,-9999,-9999,-9999,-9999,-9999,-9999,-9999,-9999,-9999,-9999,-9999,-9999,-9999,-9999,-9999,-9999,-9999,-9999,-9999,-9999,-9999,-9999,-9999,-9999,-9999,-9999,-9999,-9999,-9999,-9999,-9999,-9999,-9999,-9999,-9999,-9999,-9999,-9999,4.57255418950808E-06,2.28961998800514E-05,0.000666968408040702,0.000657006108667701,0.000643831910565495,0.000634675088804215,0.000599080871324986,0.000596362224314362,0.000563970243092626,0.000437406240962446,0.000315906101604924,0.00019289314514026,7.48004749766551E-05,0.000109581771539524,6.45488689769991E-05,8.42982262838632E-05,0.000268127681920305,0.000500954280141741,0.00050037307664752,0.000497230852488428,0.000491452461574227,0.000483210693346336,0.000476549059385434,0.000455589441116899,0.000235913787037134
-9999,-9999,-9999,-9999,-9999,-9999,-9999,-9999,-9999,-9999,-9999,-9999,-9999,-9999,-9999,-9999,-9999,-9999,-9999,-9999,-9999,-9999,-9999,-9999,-9999,-9999,-9999,-9999,-9999,-9999,-9999,-9999,-9999,-9999,-9999,-9999,-9999,-9999,-9999,-9999,-9999,-9999,-9999,-9999,-9999,-9999,-9999,-9999,-9999,-9999,-9999,-9999,-9999,-9999,-9999,-9999,-9999,-9999,-9999,-9999,-9999,-9999,-9999,-9999,-9999,-9999,-9999,-9999,-9999,-9999,-9999,-9999,-9999,-9999,-9999,-9999,-9999,-9999,-9999,-9999,-9999,-9999,-9999,-9999,-9999,-9999,-9999,-9999,-9999,-9999,-9999,-9999,-9999,-9999,-9999,-9999,-9999,-9999,-9999,-9999,-9999,-9999,-9999,-9999,-9999,-9999,-9999,-9999,4.46907142759301E-06,1.80369952431647E-05,0.000631502887699753,0.000645437685307115,0.000637330114841461,0.000629049958661199,0.000619199883658439,0.000608783506322652,0.000597108039073646,0.000585931935347617,0.000572794175241143,0.000559062696993351,0.000544427719432861,0.000532186648342758,0.000521373993251473,0.00051088398322463,0.000500553345773369,0.000492001476231962,0.000480732036521658,0.000447139434982091,0.000265300361206755,1.83319261850556E-05,-9999
-9999,-9999,-9999,-9999,-9999,-9999,-9999,-9999,-9999,-9999,-9999,-9999,-9999,-9999,-9999,-9999,-9999,-9999,-9999,-9999,-9999,-9999,-9999,-9999,-9999,-9999,-9999,-9999,-9999,-9999,-9999,-9999,-9999,-9999,-9999,-9999,-9999,-9999,-9999,-9999,-9999,-9999,-9999,-9999,-9999,-9999,-9999,-9999,-9999,-9999,-9999,-9999,-9999,-9999,-9999,-9999,-9999,-9999,-9999,-9999,-9999,-9999,-9999,-9999,-9999,-9999,-9999,-9999,-9999,-9999,-9999,-9999,-9999,-9999,-9999,-9999,-9999,-9999,-9999,-9999,-9999,-9999,-9999,-9999,-9999,-9999,-9999,-9999,-9999,-9999,-9999,-9999,-9999,-9999,-9999,-9999,-9999,-9999,-9999,-9999,-9999,-9999,-9999,-9999,-9999,-9999,-9999,-9999,-9999,-9999,4.3676482164301E-06,4.34685898653697E-06,4.31246689913678E-06,4.26370843342738E-06,1.74413962668041E-05,2.43035574385431E-05,4.06470735470066E-06,3.96593304685666E-06,3.85940165870124E-06,7.14433281245874E-06,2.21718837565277E-05,9.48224987951107E-05,0.000193187399418093,0.000210404061363079,4.7812209231779E-05,3.39253847414511E-06,3.35688014274638E-06,3.33643424710317E-06,-9999,-9999,-9999
-9999,-9999,-9999,-9999,-9999,-9999,-9999,-9999,-9999,-9999,-9999,-9999,-9999,-9999,-9999,-9999,-9999,-9999,-9999,-9999,-9999,-9999,-9999,-9999,-9999,-9999,-9999,-9999,-9999,-9999,-9999,-9999,-9999,-9999,-9999,-9999,-9999,-9999,-9999,-9999,-9999,-9999,-9999,-9999,-9999,-9999,-9999,-9999,-9999,-9999,-9999,-9999,-9999,-9999,-9999,-9999,-9999,-9999,-9999,-9999,-9999,-9999,-9999,-9999,-9999,-9999,-9999,-9999,-9999,-9999,-9999,-9999,-9999,-9999,-9999,-9999,-9999,-9999,-9999,-9999,-9999,-9999,-9999,-9999,-9999,-9999,-9999,-9999,-9999,-9999,-9999,-9999,-9999,-9999,-9999,-9999,-9999,-9999,-9999,-9999,-9999,-9999,-9999,-9999,-9999,-9999,-9999,-9999,-9999,-9999,-9999,-9999,-9999,-9999,-9999,-9999,-9999,-9999,-9999,-9999,-9999,-9999,-9999,-9999,-9999,-9999,-9999,-9999,-9999,-9999,-9999
-9999,-9999,-9999,-9999,-9999,-9999,-9999,-9999,-9999,-9999,-9999,-9999,-9999,-9999,-9999,-9999,-9999,-9999,-9999,-9999,-9999,-9999,-9999,-9999,-9999,-9999,-9999,-9999,-9999,-9999,-9999,-9999,-9999,-9999,-9999,-9999,-9999,-9999,-9999,-9999,-9999,-9999,-9999,-9999,-9999,-9999,-9999,-9999,-9999,-9999,-9999,-9999,-9999,-9999,-9999,-9999,-9999,-9999,-9999,-9999,-9999,-9999,-9999,-9999,-9999,-9999,-9999,-9999,-9999,-9999,-9999,-9999,-9999,-9999,-9999,-9999,-9999,-9999,-9999,-9999,-9999,-9999,-9999,-9999,-9999,-9999,-9999,-9999,-9999,-9999,-9999,-9999,-9999,-9999,-9999,-9999,-9999,-9999,-9999,-9999,-9999,-9999,-9999,-9999,-9999,-9999,-9999,-9999,-9999,-9999,-9999,-9999,-9999,-9999,-9999,-9999,-9999,-9999,-9999,-9999,-9999,-9999,-9999,-9999,-9999,-9999,-9999,-9999,-9999,-9999,-9999

Step,61
Year,5.083333
-9999,-9999,-9999,-9999,-9999,-9999,-9999,-9999,-9999,-9999,-9999,-9999,-9999,-9999,-9999,-9999,-9999,-9999,-9999,-9999,-9999,-9999,-9999,-9999,-9999,-9999,-9999,-9999,-9999,-9999,-9999,-9999,-9999,-9999,-9999,-9999,-9999,-9999,-9999,-9999,-9999,-9999,-9999,-9999,-9999,-9999,-9999,-9999,-9999,-9999,-9999,-9999,-9999,-9999,-9999,-9999,-9999,-9999,-9999,-9999,-9999,-9999,-9999,-9999,-9999,-9999,-9999,-9999,-9999,-9999,-9999,-9999,-9999,-9999,-9999,-9999,-9999,-9999,-9999,-9999,-9999,-9999,-9999,-9999,-9999,-9999,-9999,-9999,-9999,-9999,-9999,-9999,-9999,-9999,-9999,-9999,-9999,-9999,-9999,-9999,-9999,-9999,-9999,-9999,-9999,-9999,-9999,-9999,-9999,-9999,-9999,-9999,-9999,-9999,-9999,-9999,-9999,-9999,-9999,-9999,-9999,-9999,-9999,-9999,-9999,-9999,-9999,-9999,-9999,-9999,-9999
-9999,-9999,-9999,-9999,-9999,-9999,-9999,-9999,-9999,-9999,-9999,-9999,-9999,-9999,-9999,-9999,-9999,-9999,-9999,-9999,-9999,-9999,-9999,-9999,-9999,-9999,-9999,-9999,-9999,-9999,-9999,-9999,-9999,-9999,-9999,-9999,-9999,-9999,-9999,-9999,-9999,-9999,-9999,-9999,-9999,-9999,-9999,-9999,-9999,-9999,-9999,-9999,-9999,-9999,-9999,-9999,-9999,-9999,-9999,-9999,-9999,-9999,-9999,-9999,-9999,-9999,-9999,-9999,-9999,-9999,-9999,-9999,-9999,-9999,-9999,-9999,-9999,-9999,-9999,-9999,-9999,-9999,-9999,-9999,-9999,-9999,-9999,-9999,-9999,-9999,-9999,-9999,-9999,-9999,-9999,-9999,-9999,-9999,-9999,-9999,-9999,-9999,-9999,-9999,-9999,-9999,-9999,-9999,-9999,-9999,-9999,-9999,-9999,-9999,-9999,-9999,-9999,-9999,-9999,-9999,-9999,-9999,-9999,-9999,-9999,-9999,-9999,-9999,-9999,-9999,-9999
-9999,-9999,-9999,-9999,-9999,-9999,-9999,-9999,-9999,-9999,-9999,-9999,-9999,-9999,-9999,-9999,-9999,-9999,-9999,-9999,-9999,-9999,-9999,-9999,-9999,-9999,-9999,-9999,-9999,-9999,-9999,-9999,-9999,-9999,-9999,-9999,-9999,-9999,-9999,-9999,-9999,-9999,-9999,-9999,-9999,-9999,-9999,-9999,-9999,-9999,-9999,-9999,-9999,-9999,-9999,-9999,-9999,-9999,-9999,-9999,-9999,-9999,-9999,-9999,-9999,-9999,-9999,-9999,-9999,-9999,-9999,-9999,-9999,-9999,5.07003278471529E-06,7.5413422564452E-06,-9999,-9999,-9999,-9999,-9999,-9999,-9999,-9999,-9999,-9999,-9999,-9999,-9999,-9999,-9999,-9999,-9999,-9999,-9999,-9999,-9999,-9999,-9999,-9999,-9999,-9999,-9999,-9999,-9999,-9999,-9999,-9999,-9999,-9999,-9999,-9999,-9999,-9999,-9999,-9999,-9999,-9999,-9999,-9999,-9999,-9999,-9999,-9999,-9999,-9999,-9999,-9999,-9999,-9999,-9999
-9999,-9999,-9999,-9999,-9999,-9999,-9999,-9999,-9999,-9999,-9999,-9999,-9999,-9999,-9999,-9999,-9999,-9999,-9999,-9999,-9999,-9999,-9999,-9999,-9999,-9999,-9999,-9999,-9999,-9999,-9999,-9999,-9999,-9999,-9999,-9999,-9999,-9999,-9999,-9999,-9999,-9999,-9999,-9999,-9999,-9999,-9999,-9999,-9999,-9999,-9999,-9999,-9999,-9999,-9999,-9999,-9999,-9999,-9999,-9999,-9999,-9999,-9999,-9999,-9999,-9999,-9999,-9999,-9999,-9999,-9999,-9999,-9999,-9999,7.35923276806716E-06,1.0895693776547E-05,-9999,-9999,-9999,-9999,-9999,-9999,-9999,-9999,-9999,-9999,-9999,-9999,-9999,-9999,-9999,-9999,-9999,-9999,-9999,-9999,-9999,-9999,-9999,-9999,-9999,-9999,-9999,-9999,-9999,-9999,-9999,-9999,-9999,-9999,-9999,-9999,-9999,-9999,-9999,-9999,-9999,-9999,-9999,-9999,-9999,-9999,-9999,-9999,-9999,-9999,-9999,-9999,-9999,-9999,-9999
-9999,-9999,-9999,-9999,-9999,-9999,-9999,-9999,-9999,-9999,-9999,-9999,-9999,-9999,-9999,-9999,-9999,-9999,-9999,-9999,-9999,-9999,-9999,-9999,-9999,-9999,-9999,-9999,-9999,-9999,-9999,-9999,-9999,-9999,-9999,-9999,-9999,-9999,-9999,-9999,-9999,-9999,-9999,-9999,-9999,-9999,-9999,-9999,-9999,-9999,-9999,-9999,-9999,-9999,-9999,-9999,3.88969198183986E-07,5.69327539778897E-07,8.23022787699301E-07,1.18629020562366E-06,-9999,-9999,-9999,-9999,-9999,8.99920814845245E-06,8.7361713667633E-06,1.24933339975541E-05,1.21990842671948E-05,7.90511148807127E-06,1.13577270894893E-05,5.69722760701552E-05,7.64563446864486E-05,7.56890149204992E-05,1.06355910247657E-05,5.46219744137488E-05,7.07616854924709E-05,-9999,-9999,6.56810952932574E-05,0.000101462843304034,8.85349218151532E-05,8.95596022019163E-05,0.000229439159738831,0.000304556888295338,0.000277510436717421,0.000277522049145773,0.00016913446597755,7.94124935055152E-05,-9999,-9999,-9999,-9999,-9999,-9999,-9999,-9999,-9999,-9999,-9999,-9999,-9999,-9999,-9999,-9999,-9999,-9999,-9999,-9999,-9999,-9999,-9999,-9999,-9999,-9999,-9999,-9999,-9999,-9999,-9999,-9999,-9999,-9999,-9999,-9999,-9999,-9999,-9999,-9999,-9999,-9999
-9999,-9999,-9999,-9999,-9999,-9999,-9999,-9999,-9999,-9999,-9999,-9999,-9999,-9999,-9999,-9999,-9999,-9999,-9999,-9999,-9999,-9999,-9999,-9999,-9999,-9999,-9999,-9999,-9999,-9999,-9999,-9999,-9999,-9999,-9999,-9999,-9999,-9999,-9999,-9999,-9999,-9999,-9999,-9999,-9999,-9999,-9999,-9999,-9999,-9999,-9999,-9999,-9999,-9999,-9999,3.98418308122928E-07,5.86837870741874E-07,8.57088878092327E-07,1.22964240745205E-06,1.72927377661836E-06,2.42194050770195E-06,3.47415334545076E-06,-9999,1.46165502883377E-05,3.95899660361465E-05,1.3449071047944E-05,1.27898574646679E-05,9.64955470408313E-05,9.78100943029858E-05,1.15110306069255E-05,1.11773251774139E-05,0.000129624604596756,0.000164283846970648,0.000145744619658217,0.000128283369122073,0.000126175757031888,9.73804053501226E-05,0.000107800355181098,0.000178963731741533,0.000315586628858,0.000748134683817625,0.00114033161662519,0.00125949492212385,0.00125292385928333,0.00125748966820538,0.00126359681598842,0.00127068569418043,0.00128361489623785,0.00123338878620416,0.00064897642005235,0.000274866411928087,-9999,-9999,-9999,-9999,-9999,-9999,-9999,-9999,-9999,-9999,-9999,-9999,-9999,-9999,-9999,-9999,-9999,-9999,-9999,-9999,-9999,-9999,-9999,-9999,-9999,-9999,-9999,-9999,-9999,-9999,-9999,-9999,-9999,-9999,-9999,-9999,-9999,-9999,-9999,-9999
-9999,-9999,-9999,-9999,-9999,-9999,-9999,-9999,-9999,-9999,-9999,-9999,-9999,-9999,-9999,-9999,-9999,-9999,-9999,-9999,-9999,-9999,-9999,-9999,-9999,-9999,-9999,-9999,-9999,-9999,-9999,-9999,-9999,-9999,-9999,-9999,-9999,-9999,-9999,-9999,-9999,-9999,-9999,-9999,-9999,-9999,-9999,-9999,-9999,-9999,-9999,-9999,-9999,-9999,-9999,5.9690250964195E-07,8.83864174738846E-07,1.30088039895782E-06,1.86696217951976E-06,2.60377964877989E-06,3.5777197808784E-06,4.92752178615774E-06,6.88286581862485E-06,9.7685124273994E-06,1.3870203474653E-05,8.18761473055929E-05,0.000143454279168509,0.000365800282452255,0.000595554709434509,0.000862116285134107,0.000985753023996949,0.0008799196803011,0.00108395190909505,0.0012091298121959,0.000969299813732505,0.000951980007812381,0.000892398704309016,0.000951920985244215,0.00127802882343531,0.0012988360831514,0.0013093490852043,0.00131128891371191,0.00131235318258405,0.00130874617025256,0.00130543031264096,0.00130457116756588,0.00130651134531945,0.00130826444365084,0.0013065169332549,0.00129757996182889,0.00127266929484904,0.00105461990460753,0.000250420125667006,-9999,-9999,-9999,-9999,-9999,-9999,-9999,-9999,-9999,8.01680580480024E-05,8.01740898168646E-05,8.0278237874154E-05,-9999,-9999,-9999,-9999,-9999,-9999,-9999,-9999,-9999,-9999,-9999,-9999,-9999,-9999,-9999,-9999,-9999,-9999,-9999,-9999,-9999,-9999,-9999,-9999,-9999,-9999
-9999,-9999,-9999,-9999,-9999,-9999,-9999,-9999,-9999,-9999,-9999,-9999,-9999,-9999,-9999,-9999,-9999,-9999,-9999,-9999,-9999,-9999,-9999,-9999,-9999,-9999,-9999,-9999,-9999,-9999,-9999,3.82332073058933E-05,-9999,-9999,-9999,0.000117874900752213,-9999,-9999,-9999,-9999,-9999,-9999,-9999,-9999,-9999,-9999,-9999,-9999,-9999,-9999,-9999,-9999,-9999,-9999,-9999,-9999,-9999,8.83259872352937E-07,1.27982889353007E-06,1.82961582595453E-06,-9999,4.69889437226811E-06,6.7418704929878E-06,9.62957892625127E-06,1.36847847898025E-05,8.24682501843199E-05,0.00014870724407956,0.000204666925128549,0.000127822582726367,0.000708507432136685,0.00146012508776039,0.00153127498924732,0.00151607999578118,0.00149573327507824,0.00144636549521238,0.0014050651807338,0.00140438438393176,0.00139847653917968,0.00137327006086707,0.00135259598027915,0.00133589329198003,0.00132482196204364,0.00130663567688316,0.00129366514738649,0.00129343685694039,0.00129498215392232,0.00129892001859844,0.00130476674530655,0.0013081447687,0.00130728876683861,0.00130700692534447,0.00128046178724617,0.00116000848356634,0.000302652129903436,-9999,-9999,-9999,-9999,-9999,-9999,-9999,-9999,0.000109603635792155,0.000169928083778359,0.000110653571027797,7.93625513324514E-05,7.98152177594602E-05,-9999,-9999,-9999,-9999,-9999,-9999,-9999,-9999,-9999,-9999,-9999,-9999,-9999,-9999,-9999,-9999,-9999,-9999,-9999,-9999,-9999,-9999,-9999,-9999
-9999,-9999,-9999,-9999,-9999,-9999,-9999,-9999,-9999,-9999,-9999,-9999,-9999,-9999,-9999,-9999,-9999,-9999,-9999,-9999,-9999,-9999,-9999,-9999,-9999,-9999,-9999,-9999,-9999,-9999,2.7735814001062E-05,5.26331568835303E-05,-9999,-9999,5.63436915399507E-05,9.52903646975756E-05,-9999,-9999,0.000105004983197432,0.000182049509021454,-9999,-9999,-9999,-9999,-9999,1.50283058246714E-05,-9999,-9999,-9999,-9999,-9999,-9999,-9999,-9999,-9999,-9999,-9999,-9999,-9999,-9999,-9999,6.81123856338672E-06,9.77195395535091E-06,1.40713182190666E-05,1.35775035232655E-05,7.9594501585234E-05,8.82355016074143E-05,8.53213059599511E-05,8.14240265754052E-05,0.000482147443108261,0.00147935410495847,0.00156260305084288,0.0015502015594393,0.00152549287304282,0.00149421440437436,0.00146332650911063,0.00143595074769109,0.00140972132794559,0.00138592219445854,0.00136258616112173,0.00133956340141594,0.00131547730416059,0.00128832994960248,0.00127960543613881,0.00127749773673713,0.00128433539066464,0.00128996605053544,0.00129750766791403,0.00130521017126739,0.00130928261205554,0.00131172174587846,0.00130877259653062,0.00128702144138515,0.00108495645690709,0.000303981592878699,-9999,-9999,-9999,-9999,-9999,0.000129428881336935,0.000130723463371396,0.000248751457547769,0.00036848324816674,0.000279359985142946,0.000187592784641311,0.000123127407277934,7.92658465798013E-05,-9999,-9999,-9999,-9999,-9999,-9999,-9999,-9999,-9999,-9999,-9999,-9999,-9999,-9999,-9999,-9999,-9999,-9999,-9999,-9999,-9999,-9999,-9999
-9999,-9999,-9999,-9999,-9999,-9999,-9999,-9999,-9999,-9999,-9999,-9999,-9999,-9999,-9999,-9999,-9999,-9999,-9999,-9999,-9999,-9999,-9999,6.46053376840428E-05,8.28088523121551E-05,-9999,-9999,-9999,-9999,6.98812364134938E-05,6.55614276183769E-05,2.60449014604092E-05,0.000131542023154907,1.38872401294066E-05,0.000116648989205714,0.000204873591428623,0.000368890934623778,0.000159870265633799,9.48370216065086E-05,-9999,9.69439424807206E-05,0.000101172416179907,-9999,-9999,0.000157983435201459,2.11595543078147E-05,1.2922642781632E-05,8.1171447163797E-06,-9999,-9999,-9999,-9999,-9999,-9999,-9999,-9999,-9999,3.15470388159156E-05,2.00041995412903E-05,-9999,-9999,-9999,1.40546462716884E-05,9.36100259423256E-05,9.06117493286729E-05,9.08046204131097E-05,8.82864842424169E-05,8.42392910271883E-05,0.000111767825728748,0.000697450188454241,0.00148484064266086,0.00156375986989588,0.00154856010340154,0.00152520718984306,0.00149540288839489,0.00146520044654608,0.00143715180456638,0.0014096467057243,0.00138470146339387,0.00136055634357035,0.00133024412207305,0.00125471327919513,0.00125620991457254,0.001265165861696,0.00126561673823744,0.00126767670735717,0.00127711158711463,0.00128841167315841,0.00129860639572144,0.00130436394829303,0.00130788970272988,0.00130864442326128,0.00130053295288235,0.00124305323697627,0.000363163911970332,6.3883293478284E-05,9.28485405893298E-06,6.45978707325412E-06,9.97201186692109E-06,0.000313499011099339,0.000621473882347345,0.000809266522992402,0.000907869543880224,0.000778587069362402,0.000738384027499706,0.000561948108952492,0.000338448327966034,0.000109715809230693,7.9373552580364E-05,8.01310670794919E-05,-9999,-9999,-9999,-9999,-9999,-9999,-9999,-9999,-9999,-9999,-9999,-9999,-9999,-9999,-9999,-9999,-9999,-9999,-9999,-9999,-9999
-9999,-9999,-9999,-9999,-9999,-9999,-9999,-9999,-9999,-9999,-9999,-9999,-9999,-9999,-9999,-9999,-9999,-9999,-9999,-9999,-9999,-9999,9.72720517893322E-05,0.000114796253910754,7.80974078224972E-05,7.92034916230477E-05,8.78493738127872E-05,0.000101714373158757,0.000191384679055773,0.000287223316263407,0.000215687672607601,0.000508791592437774,0.000698868883773685,0.000752600259147584,0.000863596913404763,0.000746590085327625,0.000740285438951105,0.000674113223794848,0.000387931882869452,0.000296378129860386,9.51428955886513E-05,5.83092878514435E-05,4.85272685182281E-05,6.51571463095024E-05,1.73935786733637E-05,1.1892686416104E-05,1.14347367343726E-05,1.09488155430881E-05,7.08666266291402E-06,-9999,-9999,-9999,-9999,-9999,-9999,-9999,-9999,0.000131899229018018,0.000119875730888452,0.000111147965071723,-9999,-9999,9.11585157155059E-05,9.31960457819514E-05,9.32089751586318E-05,9.09906666493043E-05,8.68253555381671E-05,0.000102497004263569,0.000340247730491683,0.000973457586951554,0.00149815378244966,0.00156109873205423,0.00154147110879421,0.00151846103835851,0.00148970552254468,0.00145917292684317,0.00143064837902784,0.00140454806387424,0.00137916556559503,0.00135605956893414,0.00126254954375327,0.000649322813842446,0.000760976050514728,0.00104833871591836,0.00120791501831263,0.00125295878387988,0.00126280507538468,0.00127572321798652,0.00128735648468137,0.00129388133063912,0.00130163971334696,0.00130689970683306,0.00129815121181309,0.00121415196917951,0.0005822834209539,0.000470532948384061,3.83105034416076E-05,9.60015313467011E-06,0.000474080152343959,0.0011078956304118,0.00124031351879239,0.00132404349278659,0.00131412560585886,0.00127675745170563,0.00122943054884672,0.0010116029297933,0.000648326007649302,0.000336581259034574,0.000122021672723349,7.91147031122819E-05,-9999,-9999,-9999,-9999,-9999,-9999,-9999,-9999,-9999,-9999,-9999,-9999,-9999,-9999,-9999,-9999,-9999,-9999,-9999,-9999,-9999
-9999,-9999,-9999,-9999,-9999,-9999,-9999,-9999,-9999,-9999,-9999,-9999,-9999,-9999,-9999,-9999,-9999,-9999,-9999,-9999,-9999,-9999,9.73506539594382E-05,0.000116539347800426,9.89514737739228E-05,0.000102797304862179,0.000382384052500129,0.000762374373152852,0.00100713432766497,0.000885253888554871,0.000882142165210098,0.000708380714058876,0.000760822673328221,0.00087143195560202,0.000809505814686418,0.000920162245165557,0.00108891271520406,0.00108207680750638,0.00112877087667584,0.00100196478888392,0.000700840377248824,0.00045063893776387,0.000184120362973772,6.86982457409613E-05,3.31030969391577E-05,1.46322063301341E-05,1.46148058774997E-05,1.44786090459093E-05,9.64469290920533E-06,9.5500799943693E-06,9.54898587224307E-06,-9999,-9999,-9999,-9999,-9999,-9999,-9999,0.00010992911120411,9.9514152680058E-05,9.28019362618215E-05,8.64938992890529E-05,8.99580991244875E-05,9.16228673304431E-05,9.22591934795491E-05,8.93063988769427E-05,0.000105672545032576,0.000344893225701526,0.000935246760491282,0.0014865102712065,0.00156757759395987,0.0015491945669055,0.00152737891767174,0.00150502647738904,0.00147757434751838,0.00144760392140597,0.00142120732925832,0.00139778887387365,0.0013748238561675,0.00122253829613328,1.65436558745569E-05,8.89921648195013E-06,8.78011451277416E-06,8.68895403982606E-06,9.95872833300382E-05,0.000819199020043015,0.00121961149852723,0.00125896651297808,0.00127200898714364,0.00128361722454429,0.00129432918038219,0.00130280270241201,0.00129905552603304,0.00120201415847987,0.00123085186351091,0.00128153373952955,0.00113850017078221,0.00061828875914216,0.00126613862812519,0.00140529265627265,0.00143566564656794,0.00142807397060096,0.00139683694578707,0.00137900293339044,0.00135181797668338,0.00122837803792208,0.000918305304367095,0.000599308405071497,0.000184267541044392,7.70398837630637E-05,3.93434493162204E-05,-9999,-9999,-9999,-9999,-9999,-9999,-9999,-9999,-9999,-9999,-9999,-9999,-9999,-9999,-9999,-9999,-9999,-9999,-9999,-9999
-9999,-9999,-9999,-9999,-9999,-9999,-9999,-9999,-9999,-9999,-9999,-9999,-9999,-9999,-9999,-9999,-9999,-9999,-9999,-9999,-9999,-9999,9.57798401941545E-05,0.000120100092317443,0.000189735888852738,0.000873516080901027,0.00113149650860578,0.00125052127987146,0.00118946528527886,0.000944491825066507,0.000939690973609686,0.00105342420283705,0.00110722403042018,0.00115921278484166,0.00131778989452869,0.00131033349316567,0.00135336734820157,0.001393539365381,0.00147417571861297,0.00137708021793514,0.00121824187226593,0.000759784190449864,0.000399457581806928,0.000229544661124237,0.000197270608623512,0.000220551082747988,0.000192901337868534,0.000132555156596936,1.32519053295255E-05,1.34713845909573E-05,1.35677537400625E-05,-9999,-9999,-9999,-9999,9.33791525312699E-05,9.44948187679984E-05,9.65837461990304E-05,9.77024610619992E-05,9.04522967175581E-05,0.000103260004834738,8.13773658592254E-05,7.04742633388378E-05,4.41728479927406E-05,0.000125076985568739,0.000417060684412718,0.000198891750187613,0.00112329784315079,0.00158514291979373,0.00157214119099081,0.00155225093476474,0.00153180386405438,0.00151019333861768,0.00148784392513335,0.00145926780533046,0.00143291580025107,0.00141383346635848,0.00132253998890519,9.29654743231367E-06,9.17865418159636E-06,9.06609420781024E-06,5.97707139604609E-06,5.89703222431126E-06,5.83401788389892E-06,8.63055265654111E-06,3.20524377457332E-05,0.000420199678046629,0.00110546592622995,0.00124779448378831,0.00126976729370654,0.00128354306798428,0.00129431718960404,0.00130648107733577,0.00132051366381347,0.00133586674928665,0.0013520858483389,0.00135286629665643,0.00137048633769155,0.00141372065991163,0.00145023304503411,0.0014667403884232,0.00146193068940192,0.00144982256460935,0.0014372969744727,0.00137923355214298,0.00132553896401078,0.00111760257277638,0.000867151480633765,0.000395505543565378,0.000145842917845584,1.72121417563176E-05,1.09806869659224E-05,-9999,-9999,-9999,-9999,-9999,-9999,-9999,-9999,-9999,-9999,-9999,-9999,-9999,-9999,-9999,-9999,-9999,-9999,-9999
-9999,-9999,-9999,-9999,-9999,-9999,-9999,-9999,-9999,-9999,-9999,-9999,-9999,-9999,-9999,-9999,-9999,-9999,-9999,-9999,-9999,8.80037259776145E-05,0.000104182538052555,0.000407189130783081,0.0011171669466421,0.00145978457294405,0.00146033184137195,0.00135513907298446,0.00118104415014386,0.00139367370866239,0.00138582440558821,0.00142771517857909,0.00142166740261018,0.00141534605063498,0.00149831071030349,0.00156896782573313,0.00159526593051851,0.00158524676226079,0.0016367417993024,0.00162521272432059,0.00158415932673961,0.00129644991829991,0.000502807495649904,0.000313351105432957,0.000384167418815196,0.000347749766660854,0.000311758019961417,0.000313917349558324,0.000310504634398967,0.000222256610868499,0.000142072138260119,9.52789487200789E-05,9.5480827440042E-05,9.67406522249803E-05,9.78053722064942E-05,8.91109011718072E-05,0.000100094570370857,8.86557463672943E-05,8.92636016942561E-05,0.000102105943369679,0.000424104830017313,0.000904308224562556,0.000439630355685949,1.22997389553348E-05,1.22231276691309E-05,1.1890795576619E-05,4.71388193545863E-05,0.000436619477113709,0.00157701259013265,0.00155731523409486,0.00153867271728814,0.00150933372788131,0.00148477416951209,0.0012790635228157,5.43252754141577E-05,9.71553436102113E-06,9.56252642936306E-06,9.44942166825058E-06,6.23748337602592E-06,6.15618455412914E-06,6.08019036008045E-06,4.00352155338624E-06,3.95255210605683E-06,3.91207095162827E-06,5.79244488108088E-06,8.60718228068436E-06,5.56623672309797E-05,0.000366175489034504,0.00100612011738122,0.00122800120152533,0.00126536330208182,0.00128012464847416,0.00129351846408099,0.00130927481222898,0.00132986018434167,0.00135046825744212,0.00137031206395477,0.00139177753590047,0.00141761265695095,0.0014409659197554,0.00145271781366318,0.00146001228131354,0.00146239239256829,0.00146219285670668,0.00144223251845688,0.00136945326812565,0.00128893693909049,0.000987180043011904,0.00058518658624962,0.000324317079503089,8.87478672666475E-05,1.07871355794487E-05,1.09810271169408E-05,2.08907986234408E-05,-9999,-9999,-9999,-9999,-9999,-9999,-9999,-9999,-9999,-9999,-9999,-9999,-9999,-9999,-9999,-9999,-9999
-9999,-9999,-9999,-9999,-9999,-9999,-9999,-9999,-9999,-9999,-9999,-9999,-9999,-9999,-9999,-9999,-9999,-9999,-9999,-9999,-9999,0.000174650704138912,0.000984737649559975,0.00144620600622147,0.00162539340090007,0.00154486251994967,0.00145167682785541,0.0013976872432977,0.00148730352520943,0.00160287041217089,0.00169286923483014,0.00168381887488067,0.00173122400883585,0.00176888483110815,0.00173930113669485,0.0018038802081719,0.00179321877658367,0.00176526780705899,0.00178089330438524,0.00177817640360445,0.00173783395439386,0.00169362430460751,0.00159472285304219,0.0014304700307548,0.00125871086493134,0.00100418168585747,0.000634380616247654,0.000344652333296835,0.000377782009309158,0.000309718598145992,0.000227178417844698,0.000148235223605298,0.000132582106743939,0.000106133935332764,0.000105455110315233,0.000161046089488082,0.000142958233482204,0.000140610223752446,0.000216678381548263,0.000953443872276694,0.00157255912199616,0.00171654904261231,0.00167250249069184,0.000529116194229573,1.1731563063222E-05,1.15178218038636E-05,1.11814097181195E-05,0.00158384093083441,0.00156501715537161,0.00154645158909261,0.0011033188784495,1.02840886029298E-05,1.01654859463451E-05,1.00984398159198E-05,-9999,-9999,-9999,-9999,-9999,-9999,-9999,2.66101824308862E-06,2.64138134298264E-06,3.90479044654057E-06,5.79199149797205E-06,8.61086664372124E-06,1.95098928088555E-05,0.000119073964015115,0.00047801251639612,0.00102476123720407,0.00123159831855446,0.00126168038696051,0.0012756782816723,0.00129790976643562,0.00131903507281095,0.00133948365692049,0.00136016006581485,0.00138367875479162,0.00140552036464214,0.00142341945320368,0.00143505574669689,0.00144308246672153,0.00145404355134815,0.00146861898247153,0.00146304827649146,0.00142398627940565,0.00133189826738089,0.00115539354737848,0.000883841305039823,0.000532022037077695,0.000288896000711247,9.22666949918494E-05,6.17692348896526E-05,4.93813167850021E-05,6.57658383715898E-05,-9999,-9999,-9999,-9999,-9999,-9999,-9999,-9999,-9999,-9999,-9999,-9999,-9999,-9999,-9999,-9999
-9999,-9999,-9999,-9999,-9999,-9999,-9999,-9999,-9999,-9999,-9999,-9999,-9999,-9999,-9999,-9999,-9999,-9999,-9999,9.07042049220763E-05,0.000246708892518654,0.00137610780075192,0.0016461075283587,0.00165044656023383,0.00161633989773691,0.00168725789990276,0.0016504256054759,0.00164381146896631,0.00175309751648456,0.00176405650563538,0.00179139908868819,0.00181446620263159,0.00179313018452376,0.00176856352481991,0.00180741189979017,0.00182328943628818,0.00181310810148716,0.00178902235347778,0.00179500924423337,0.0018020705319941,0.00179854314774275,0.00178072461858392,0.0017705955542624,0.00173141760751605,0.00169066851958632,0.00160107959527522,0.00149419240187854,0.00138870137743652,0.00107845710590482,0.00071381259476766,0.00030269639682956,0.000301138701615855,0.00032967166043818,0.000359602505341172,0.000467986101284623,0.000692229368723929,0.0010424917563796,0.00113822752609849,0.00140755751635879,0.00167042098473758,0.00172446889337152,0.00172303011640906,0.00171332259196788,0.00171375053469092,4.22245939262211E-05,0.00162247417028993,0.00163962505757809,0.00159382808487862,0.00123329763300717,2.68468429567292E-05,1.05304970929865E-05,-9999,-9999,-9999,-9999,-9999,-9999,-9999,-9999,-9999,-9999,-9999,-9999,2.60802744378452E-06,3.8789212339907E-06,5.770858933829E-06,8.5986903286539E-06,5.93187724007294E-05,0.000241127461777069,0.000678442884236574,0.00111645995639265,0.00124011165462434,0.00126338843256235,0.00127801485359669,0.00129695341456681,0.00131756812334061,0.0013390532694757,0.00136143306735903,0.00138169969432056,0.00139779655728489,0.00141020258888602,0.00141876842826605,0.00142528477590531,0.00143746891990304,0.00144539715256542,0.00142752274405211,0.00138734467327595,0.00132215989287943,0.00118894781917334,0.000820637738797814,0.00044472428271547,0.000314524659188464,0.00019572552992031,7.52418636693619E-05,7.24159035598859E-05,-9999,-9999,-9999,-9999,-9999,-9999,-9999,-9999,-9999,-9999,-9999,-9999,-9999,-9999,-9999,-9999
-9999,-9999,-9999,-9999,-9999,-9999,-9999,-9999,-9999,-9999,-9999,-9999,-9999,-9999,-9999,-9999,-9999,-9999,0.000269071868387982,0.000680217810440809,0.00154919538181275,0.00175368250347674,0.00175840430893004,0.00180562399327755,0.00182552367914468,0.00180401979014277,0.00189330265857279,0.00192099739797413,0.00190077035222203,0.00187605526298285,0.00185095611959696,0.0018175191944465,0.00178483105264604,0.00182555336505175,0.00181720126420259,0.00184177968185395,0.00183287856634706,0.00183642818592489,0.00182016962207854,0.00181351625360548,0.00180617161095142,0.00179612042848021,0.00178857415448874,0.00177930539939553,0.00176468910649419,0.00173614430241287,0.00170315022114664,0.00164439319632947,0.0015533862169832,0.00135224277619272,0.000847302086185664,0.000468396319774911,0.000595878111198545,0.00108180998358876,0.00129075965378433,0.00139198242686689,0.00139389466494322,0.00151794229168445,0.00167312426492572,0.00170655152760446,0.00170424510724843,0.00169019820168614,0.0016782961320132,0.00166807346977293,0.00164667295757681,0.00162543018814176,0.001537119387649,2.31929971050704E-05,-9999,-9999,-9999,-9999,-9999,-9999,-9999,-9999,-9999,-9999,-9999,-9999,-9999,-9999,-9999,-9999,-9999,5.76529964746442E-06,8.59512601891765E-06,2.58270320045995E-05,0.00011911155161215,0.000401640718337148,0.00088376400526613,0.001195028424263,0.00124613603111356,0.00126264244318008,0.00127559551037848,0.00129075045697391,0.00131033093202859,0.0013316593831405,0.00135020667221397,0.00136486429255456,0.00137470394838601,0.00138321821577847,0.00139332003891468,0.00140220357570797,0.00141299795359373,0.00140737451147288,0.00137001334223896,0.00131886673625559,0.00125216413289309,0.00110064260661602,0.000716778100468218,0.000438239192590117,0.000172948391991667,8.29545751912519E-05,7.30661049601622E-05,-9999,-9999,-9999,-9999,-9999,-9999,-9999,-9999,-9999,-9999,-9999,-9999,-9999,-9999,-9999,-9999
-9999,-9999,-9999,-9999,-9999,-9999,-9999,-9999,-9999,-9999,-9999,-9999,1.31774104374927E-05,3.90728673664853E-05,-9999,9.12431642063893E-05,0.000193327286979184,0.000727914157323539,0.00135214056354016,0.00164852396119386,0.00185497780330479,0.00191312609240413,0.00194069615099579,0.00194446020759642,0.00193690264131874,0.00194578792434186,0.00194642436690629,0.00193338829558343,0.00192800362128764,0.00190866983029991,0.00188616290688515,0.00187071366235614,0.00186526530887932,0.00186303933151066,0.00185748597141355,0.0018554728012532,0.00184753851499408,0.00183926336467266,0.00182660238351673,0.00181194022297859,0.00179692998062819,0.00178208423312753,0.0017722905613482,0.00176557281520218,0.00175832363311201,0.00174775207415223,0.00173445290420204,0.00171572982799262,0.00169010658282787,0.00164211308583617,0.00152449833694845,0.00127788120880723,0.00111469242256135,0.00120113196317106,0.00128033885266632,0.00138105021324009,0.0014841384254396,0.00164664222393185,0.00168593320995569,0.00166942540090531,0.00166548381093889,0.00166064104996622,0.00165324530098587,0.00164235185366124,0.0016271163476631,0.00162172107957304,1.80671577254543E-05,-9999,-9999,-9999,-9999,-9999,-9999,-9999,-9999,-9999,-9999,-9999,-9999,-9999,-9999,-9999,-9999,-9999,-9999,-9999,5.75656213186448E-06,8.58400017023087E-06,4.2199175368296E-05,0.000189163765753619,0.000576078600715846,0.00105027691461146,0.00122012640349567,0.00124661438167095,0.00126067118253559,0.00126671080943197,0.00128093513194472,0.00129942037165165,0.0013151167659089,0.00132801313884556,0.00133657793048769,0.00134155433624983,0.00135015870910138,0.00136411900166422,0.00137455377262086,0.00137601839378476,0.00135978800244629,0.00132377143017948,0.00128131394740194,0.00117868732195348,0.000864787783939391,0.000463457632577047,0.000186537828994915,9.02284009498544E-05,7.11634493200108E-05,-9999,-9999,-9999,-9999,-9999,-9999,-9999,-9999,-9999,-9999,-9999,-9999,-9999,-9999,-9999,-9999
-9999,-9999,-9999,-9999,-9999,-9999,-9999,-9999,-9999,-9999,1.2800232070731E-05,1.28269575725426E-05,1.29072441268363E-05,0.000144797770190053,0.000353102368535474,0.00093621970154345,0.0014260666212067,0.00166009087115526,0.00182119419332594,0.00190899311564863,0.00194593612104654,0.00195651710964739,0.00195946032181382,0.00195877137593925,0.0019559720531106,0.00194792181719095,0.00193994294386357,0.00192897650413215,0.00191527674905956,0.00189848977606744,0.00188151467591524,0.00186436821240932,0.00185083947144449,0.00184280448593199,0.00183540885336697,0.00183100032154471,0.00182479876093566,0.00181472452823073,0.00180171779356897,0.00178721733391285,0.00177182909101248,0.00175561127252877,0.00174257322214544,0.00173480273224413,0.00172802922315896,0.00171940878499299,0.00170946854632348,0.00169840478338301,0.00168577127624303,0.00167336803860962,0.0016591731691733,0.00164115999359637,0.00162563286721706,0.00161622476298362,0.00162111630197614,0.00165128451772034,0.0016660273540765,0.00167037860956043,0.00166725367307663,0.00165124447084963,0.000419023388531059,1.11573899630457E-05,1.11756280603004E-05,3.00658521155128E-05,0.000733991444576532,8.32817022455856E-05,-9999,-9999,-9999,-9999,-9999,-9999,-9999,-9999,-9999,-9999,-9999,-9999,-9999,-9999,-9999,-9999,-9999,-9999,-9999,-9999,-9999,5.74562591282302E-06,8.56433871376794E-06,4.38959650637116E-05,0.000226432006456889,0.000678897486068308,0.00112339237239212,0.00122862018179148,0.0012413626536727,0.00124933524057269,0.00125359185039997,0.00126585294492543,0.0012778639793396,0.00129040284082294,0.00129758275579661,0.00130253622774035,0.00130634300876409,0.00132097396999598,0.00133379129692912,0.00133885419927537,0.00133171456400305,0.0013139188522473,0.00126655830536038,0.00116715463809669,0.000950651243329048,0.000602891552262008,0.000221071357373148,9.7645322966855E-05,6.90313172526658E-05,-9999,-9999,-9999,-9999,-9999,-9999,-9999,-9999,-9999,-9999,-9999,-9999,-9999,-9999,-9999,-9999
-9999,-9999,-9999,-9999,-9999,-9999,-9999,-9999,8.66338377818465E-05,8.65767506184056E-05,2.05328124138759E-05,3.4536438761279E-05,0.000253131060162559,0.00114242709241807,0.00155771989375353,0.00170861976221204,0.00182228884659708,0.00188695383258164,0.00191359221935272,0.00193588517140597,0.00194651249330491,0.0019492912106216,0.00194960588123649,0.0019445464713499,0.00193737773224711,0.0019269585609436,0.00191366334911436,0.00189813238102943,0.00188246986363083,0.00186518300324678,0.00184766971506178,0.00183021021075547,0.00181561801582575,0.0018086158670485,0.00180068728514016,0.00179480481892824,0.00178597203921527,0.00177519815042615,0.00176194682717323,0.00174555904231966,0.00172802747692913,0.0017108975443989,0.00169876788277179,0.0016922039212659,0.00168517988640815,0.00167630065698177,0.00166648556478322,0.00165630446281284,0.00164539646357298,0.00163614028133452,0.00162954803090543,0.00162810320034623,0.00163072138093412,0.00163548649288714,0.00164263194892555,0.00164720218162984,0.00164856552146375,0.00164896249771118,0.00164486677385867,0.00163181009702384,0.00158298760652542,1.10378086901619E-05,-9999,-9999,-9999,-9999,-9999,-9999,-9999,-9999,-9999,-9999,-9999,-9999,-9999,-9999,-9999,-9999,-9999,-9999,-9999,-9999,-9999,-9999,-9999,-9999,-9999,-9999,5.73127272218699E-06,8.54311474540737E-06,1.52431330207037E-05,0.000123008823720738,0.000561577035114169,0.00108797801658511,0.00121602311264724,0.00123228062875569,0.00123449065722525,0.00123614899348468,0.00124126626178622,0.00125227251555771,0.00126003031618893,0.00126702396664768,0.00127252948004752,0.0012791408225894,0.00129171891603619,0.00129906204529107,0.00129836867563426,0.00128760503139347,0.00125335436314344,0.00118196022231132,0.00101298885419965,0.000661860802210867,0.000235674990108237,9.44676939980127E-05,6.68754873913713E-05,-9999,-9999,-9999,-9999,-9999,-9999,-9999,-9999,-9999,-9999,-9999,-9999,-9999,-9999,-9999,-9999
-9999,-9999,-9999,-9999,-9999,-9999,-9999,-9999,8.50819487823173E-05,9.70845358096994E-05,0.000107149833638687,0.000415715214330703,0.00152431218884885,0.00174760853406042,0.00179951672907919,0.00184719858225435,0.00188872858416289,0.00191269547212869,0.00192571396473795,0.00193070340901613,0.0019316547550261,0.00193066406063735,0.00192570267245173,0.00191774626728147,0.00190729473251849,0.0018941608723253,0.00187689263839275,0.00185703998431563,0.00184140913188457,0.0018273398745805,0.00181176525074989,0.00179525441490114,0.00178153277374804,0.001771344919689,0.00176412158180028,0.00175668555311859,0.00174761959351599,0.00173543929122388,0.00172060658223927,0.00170268944930285,0.00168432737700641,0.00166650884784758,0.00165294273756444,0.00164446723647416,0.0016353310784325,0.00162573379930109,0.00161633675452322,0.00160831212997437,0.00159912195522338,0.00159131886903197,0.00158599438145757,0.00158772128634155,0.00159420887939632,0.00160320161376148,0.0016125594265759,0.00161849439609796,0.00162016565445811,0.00161675631534308,0.00161278655286878,0.00160907953977585,0.00153418723493814,1.09881484604557E-05,-9999,-9999,-9999,-9999,-9999,-9999,-9999,-9999,-9999,-9999,-9999,-9999,-9999,-9999,-9999,-9999,-9999,-9999,-9999,-9999,-9999,-9999,-9999,-9999,-9999,-9999,-9999,-9999,8.52167431730777E-06,8.52055200084578E-06,1.73262251337292E-05,0.000173860695213079,0.000854437937960029,0.00118715176358819,0.00121366197708994,0.00121283251792192,0.00121157255489379,0.00121546105947345,0.00122292176820338,0.00122858781833202,0.00123592850286514,0.00124282122123986,0.0012514078989625,0.00125954323448241,0.00125976849813014,0.00125716486945748,0.00123444828204811,0.0011884979903698,0.00107389967888594,0.000676389026921242,0.000249353790422902,8.12285288702697E-05,6.65778643451631E-05,-9999,-9999,-9999,-9999,-9999,-9999,-9999,-9999,-9999,-9999,-9999,-9999,-9999,-9999,-9999,-9999
-9999,-9999,-9999,-9999,-9999,-9999,8.77989295986481E-05,8.69814102770761E-05,8.70243165991269E-05,0.000247682066401467,0.00116124493069947,0.00161812803708017,0.00178668752778322,0.00182967202272266,0.001864401740022,0.00188495963811874,0.00189983251038939,0.00190828007180244,0.00191232515498996,0.00191103259567171,0.00190552475396544,0.0018992843106389,0.00189262512139976,0.00188222073484212,0.00186778977513313,0.00185592845082283,0.00183820864185691,0.00182046019472182,0.00180427473969758,0.00178781780414283,0.00176921556703746,0.00175499799661338,0.00174405495636165,0.00173355801962316,0.00172452768310905,0.00171589595265687,0.00170627317856997,0.00169624772388488,0.00168238941114396,0.00166548090055585,0.00164568237960339,0.0016295078676194,0.00161391729488969,0.00160250009503216,0.00159203738439828,0.00158295780420303,0.00157397915609181,0.00156375125516206,0.00155758333858103,0.00155055476352572,0.00154674565419555,0.00154952064622194,0.00155587610788643,0.00156621588394046,0.0015731694875285,0.00158125732559711,0.00158715143334121,0.00158415024634451,0.00157213164493442,0.000755027867853642,1.09226784843486E-05,-9999,-9999,-9999,-9999,-9999,-9999,-9999,-9999,-9999,-9999,-9999,-9999,-9999,-9999,-9999,-9999,-9999,-9999,-9999,-9999,-9999,-9999,-9999,-9999,-9999,-9999,-9999,-9999,-9999,-9999,-9999,-9999,8.4313533079694E-06,2.36140494962456E-05,0.00039605499478057,0.0010803509503603,0.00118740764446557,0.00118745001964271,0.00118391332216561,0.00118452706374228,0.00119147531222552,0.00119778292719275,0.00120668218005449,0.00121377094183117,0.00121968414168805,0.00122074561659247,0.00121731346007437,0.00120354432146996,0.00117575097829103,0.00107099022716284,0.000757959845941514,0.00034279708052054,6.83993057464249E-05,-9999,-9999,-9999,-9999,-9999,-9999,-9999,-9999,-9999,-9999,-9999,-9999,-9999,-9999,-9999,-9999,-9999
-9999,-9999,-9999,-9999,-9999,-9999,8.73549361131154E-05,0.000109370630525518,0.00041133924969472,0.00138768879696727,0.0017033371841535,0.00179776048753411,0.00183137180283666,0.00184703501872718,0.00185967038851231,0.00187085126526654,0.0018825838342309,0.00189076492097229,0.00189278076868504,0.00188713218085468,0.0018761707469821,0.00186732679139823,0.00186038808897138,0.00184863561298698,0.00183324597310275,0.00182043563108891,0.00180286855902523,0.00178395514376462,0.00176764884963632,0.00174961425364017,0.00172694900538772,0.0017125157173723,0.00169707497116178,0.00168318813666701,0.00166612560860813,0.00165645231027156,0.00165220955386758,0.00164859881624579,0.00163925450760871,0.00162855547387153,0.00160527124535292,0.00159345497377217,0.00157679850235581,0.00156595814041793,0.00155794119928032,0.0015539089217782,0.00154499895870686,0.0015418860130012,0.00153358175884932,0.00153220572974533,0.00152743677608669,0.00153336231596768,0.00154246494639665,0.00126252311747521,0.00146128505002707,0.00125248008407652,3.43684150720946E-05,1.07755440694746E-05,1.08077611002955E-05,-9999,-9999,-9999,-9999,-9999,-9999,-9999,-9999,-9999,-9999,-9999,-9999,-9999,-9999,-9999,-9999,-9999,-9999,-9999,-9999,-9999,-9999,-9999,-9999,-9999,-9999,-9999,-9999,-9999,-9999,-9999,-9999,-9999,-9999,-9999,8.28418160381261E-06,8.20850254967809E-06,0.000163350428920239,0.000952255679294467,0.00115626631304622,0.00115434674080461,0.00114975520409644,0.00115342123899609,0.0011622691527009,0.00116998655721545,0.0011772537836805,0.00118034530896693,0.00117936218157411,0.00117667054291815,0.00116731703747064,0.00115048221778125,0.0010832310654223,0.000853524310514331,0.000358672550646588,9.08506626728922E-05,7.25540157873183E-05,5.65076588827651E-05,-9999,-9999,-9999,-9999,-9999,-9999,-9999,-9999,-9999,-9999,-9999,-9999,-9999,-9999,-9999
-9999,-9999,-9999,-9999,0.000111820125312079,0.000123805919429287,8.78725695656613E-05,0.000376733369193971,0.00146262324415147,0.00173922849353403,0.00181016093119979,0.00182217929977924,0.00182496348861605,0.00182964431587607,0.00183683959767222,0.00184729648754001,0.00185968703590333,0.00186845299322158,0.00186943961307406,0.00186171045061201,0.00184884155169129,0.00183723296504468,0.00183477089740336,0.00181503198109567,0.00180017913226038,0.0017885206034407,0.0017667543143034,0.00176080572418869,0.00174297112971544,0.00172531243879348,0.00169845623895526,0.00167589238844812,0.00165465858299285,0.00165014783851802,0.00162511970847845,0.00162382435519248,0.00162420142441988,0.00161354895681143,0.00161883386317641,0.000221061520278454,0.00110823707655072,0.000904158572666347,0.00153605570085347,0.00109186535701156,0.00140426878351718,0.00152126001194119,0.00152258796151727,0.000808609882369637,0.000257562845945358,0.000728012470062822,0.000102229379990604,8.85760091478005E-05,1.04519476735732E-05,1.04830423879321E-05,-9999,-9999,-9999,-9999,-9999,-9999,-9999,-9999,-9999,-9999,-9999,-9999,-9999,-9999,-9999,-9999,-9999,-9999,-9999,-9999,-9999,-9999,-9999,-9999,-9999,-9999,-9999,-9999,-9999,-9999,-9999,-9999,-9999,-9999,-9999,-9999,-9999,-9999,-9999,-9999,-9999,5.38861559107318E-06,7.89971727499506E-06,0.000256462662946433,0.00106115208473057,0.00112244614865631,0.00111657776869833,0.00111761258449405,0.00112825015094131,0.00113515730481595,0.00113985722418875,0.00114070682320744,0.00113814952783287,0.00113500154111534,0.00113029382191598,0.00111926312092692,0.0010751630179584,0.00081926368875429,0.000287893955828622,5.53018326172605E-05,5.47153358638752E-05,3.8913913158467E-05,5.6437620514771E-05,-9999,-9999,-9999,-9999,-9999,-9999,-9999,-9999,-9999,-9999,-9999,-9999,-9999,-9999
-9999,-9999,-9999,-9999,8.92845273483545E-05,0.000137987241032533,0.0002091405185638,0.00138881069142371,0.00175915670115501,0.00181764154694974,0.00182018103078008,0.00181324873119593,0.00180885475128889,0.0018056157277897,0.00180650048423558,0.00181440263986588,0.00182781659532338,0.00184457725845277,0.00184590532444417,0.00143918406683952,1.92123297892977E-05,1.24858061099076E-05,1.24305888675735E-05,1.23531181088765E-05,1.22632545753731E-05,1.21655421025935E-05,5.80805717618205E-05,1.19351161629311E-05,4.49652725365013E-05,1.16547735160566E-05,0.00014949103933759,0.00117975543253124,0.00156114425044507,0.00150729797314852,0.00160744180902839,0.00157411454711109,0.00159751856699586,0.0015815602382645,0.000456056295661256,1.09425973278121E-05,1.08375124909799E-05,1.07463647509576E-05,1.06623956526164E-05,1.05910303318524E-05,1.05287108453922E-05,1.04830451164162E-05,1.04555165307829E-05,-9999,-9999,-9999,-9999,-9999,-9999,-9999,-9999,-9999,-9999,-9999,-9999,-9999,-9999,-9999,-9999,-9999,-9999,-9999,-9999,-9999,-9999,-9999,-9999,-9999,-9999,-9999,-9999,-9999,-9999,-9999,-9999,-9999,-9999,-9999,-9999,-9999,-9999,-9999,-9999,-9999,-9999,-9999,-9999,-9999,-9999,-9999,-9999,-9999,7.66991252021398E-06,5.12729857291561E-05,0.000919061945751309,0.00108296948019415,0.00108481105417013,0.00108145491685718,0.00109076721128076,0.00109709799289703,0.00110019196290523,0.0011004792759195,0.00109661463648081,0.00109279912430793,0.00108905823435634,0.00108191138133407,0.00105239427648485,0.00087579560931772,0.000440836563939229,0.00014809615095146,2.60985325439833E-05,8.83821267052554E-05,5.35867002326995E-05,-9999,-9999,-9999,-9999,-9999,-9999,-9999,-9999,-9999,-9999,-9999,-9999,-9999,-9999
-9999,-9999,-9999,-9999,-9999,8.76717604114674E-05,0.00100731791462749,0.00174233282450587,0.00181822781451046,0.00182223378214985,0.00181024963967502,0.00179635605309159,0.00178787379991263,0.00177571119274944,0.00177208764944226,0.00178548332769424,0.00107636034954339,1.2351732038951E-05,1.24315865832614E-05,1.24631833386957E-05,-9999,-9999,-9999,-9999,-9999,-9999,-9999,-9999,-9999,-9999,-9999,-9999,-9999,4.12873960158322E-05,0.000120155928016175,0.000103760314232204,0.000137960727442987,1.09837337731733E-05,-9999,-9999,-9999,-9999,-9999,-9999,-9999,-9999,-9999,-9999,-9999,-9999,-9999,-9999,-9999,-9999,-9999,-9999,-9999,-9999,-9999,-9999,-9999,-9999,-9999,-9999,-9999,-9999,-9999,-9999,-9999,-9999,-9999,-9999,-9999,-9999,-9999,-9999,-9999,-9999,-9999,-9999,-9999,-9999,-9999,-9999,-9999,-9999,-9999,-9999,-9999,-9999,-9999,-9999,-9999,-9999,-9999,-9999,5.00929172631004E-06,7.30786587155308E-06,0.000777740613557398,0.00104461424052715,0.00104853755328804,0.00104487710632384,0.00105603551492095,0.00105766335036606,0.00105949863791466,0.00105961202643812,0.00105705100577325,0.00105368648655713,0.00104859261773527,0.00104306428693235,0.0010295471874997,0.000930219597648829,0.000604420085437596,0.000176748959347606,9.70756227616221E-05,5.88445400353521E-05,-9999,-9999,-9999,-9999,-9999,-9999,-9999,-9999,-9999,-9999,-9999,-9999,-9999,-9999,-9999
-9999,-9999,-9999,-9999,-9999,0.000347608351148665,0.00163474807050079,0.00181023101322353,0.00182754965499043,0.00181582767982036,0.00179838004987687,0.00177899945992976,0.00176020816434175,0.00174921052530408,0.00174341723322868,0.000200466223759577,1.21588946058182E-05,8.19812157715205E-06,-9999,-9999,-9999,-9999,-9999,-9999,-9999,-9999,-9999,-9999,-9999,-9999,-9999,-9999,-9999,-9999,-9999,-9999,-9999,-9999,-9999,-9999,-9999,-9999,-9999,-9999,-9999,-9999,-9999,-9999,-9999,-9999,-9999,-9999,-9999,-9999,-9999,-9999,-9999,-9999,-9999,-9999,-9999,-9999,-9999,-9999,-9999,-9999,-9999,-9999,-9999,-9999,-9999,-9999,-9999,-9999,-9999,-9999,-9999,-9999,-9999,-9999,-9999,-9999,-9999,-9999,-9999,-9999,-9999,-9999,-9999,-9999,-9999,-9999,-9999,-9999,-9999,-9999,-9999,7.02699799148832E-06,0.000585237867198884,0.00100866472348571,0.00101222551893443,0.00101028638891876,0.00101911171805114,0.00101788144093007,0.0010182400001213,0.00101892999373376,0.0010187973966822,0.00101641984656453,0.00101239280775189,0.00100704410579056,0.000995717826299369,0.000953715061768889,0.00068587955320254,0.000343779742252082,6.58347926218994E-05,4.75322049169336E-05,-9999,-9999,-9999,-9999,-9999,-9999,-9999,-9999,-9999,-9999,-9999,-9999,-9999,-9999,-9999
-9999,-9999,9.15443524718285E-05,9.06958739506081E-05,8.90287701622583E-05,0.000958228250965476,0.00177756254561245,0.00182507443241775,0.00182384566869587,0.00180538301356137,0.00178452546242625,0.00176148896571249,0.00174195622093976,0.00171577266883105,0.000103732199931983,1.19999895105138E-05,8.0825211625779E-06,-9999,-9999,-9999,-9999,-9999,-9999,-9999,-9999,-9999,-9999,-9999,-9999,-9999,-9999,-9999,-9999,-9999,-9999,-9999,-9999,-9999,-9999,-9999,-9999,-9999,-9999,-9999,-9999,-9999,-9999,-9999,-9999,-9999,-9999,-9999,-9999,-9999,-9999,-9999,-9999,-9999,-9999,-9999,-9999,-9999,-9999,-9999,-9999,-9999,-9999,-9999,-9999,-9999,-9999,-9999,-9999,-9999,-9999,-9999,-9999,-9999,-9999,-9999,-9999,-9999,-9999,-9999,-9999,-9999,-9999,-9999,-9999,-9999,-9999,-9999,-9999,-9999,-9999,-9999,-9999,6.79854520058143E-06,0.000337150588165969,0.000973686052020639,0.000980117823928595,0.000974873371887952,0.000976389215793461,0.000979122705757618,0.000977141782641411,0.000980809098109603,0.000982498866505921,0.00098120397888124,0.000977249932475388,0.000971953035332263,0.000964212464168668,0.000937271281145513,0.000822534435428679,0.000518751738127321,0.000276221893727779,6.23248270130716E-05,-9999,-9999,-9999,-9999,-9999,-9999,-9999,-9999,-9999,-9999,-9999,-9999,-9999,-9999,-9999
-9999,-9999,-9999,-9999,0.000110353663330898,0.00150177907198668,0.00180465029552579,0.00182628422044218,0.00181475665885955,0.00179084669798613,0.00176823802758008,0.00174651958514005,0.00173064391128719,0.000148844919749536,1.18794541776879E-05,7.98971086624078E-06,-9999,-9999,-9999,-9999,-9999,-9999,-9999,-9999,-9999,-9999,-9999,-9999,-9999,-9999,-9999,-9999,-9999,-9999,-9999,-9999,-9999,-9999,-9999,-9999,-9999,-9999,-9999,-9999,-9999,-9999,-9999,-9999,-9999,-9999,-9999,-9999,-9999,-9999,-9999,-9999,-9999,-9999,-9999,-9999,-9999,-9999,-9999,-9999,-9999,-9999,-9999,-9999,-9999,-9999,-9999,-9999,-9999,-9999,-9999,-9999,-9999,-9999,-9999,-9999,-9999,-9999,-9999,-9999,-9999,-9999,-9999,-9999,-9999,-9999,-9999,-9999,-9999,-9999,-9999,-9999,-9999,6.596874754905E-06,0.000174947650521062,0.000936643627937883,0.000945390202105045,0.000943256076425314,0.00094019912648946,0.000942665268667042,0.000939747609663755,0.000944553408771753,0.000949096109252423,0.00094772782176733,0.00094336608890444,0.000938506331294775,0.000930392183363438,0.000915157725103199,0.000871824857313186,0.000753644504584372,0.000466624594992027,0.000138258852530271,-9999,-9999,-9999,-9999,-9999,-9999,-9999,-9999,-9999,-9999,-9999,-9999,-9999,-9999,-9999
-9999,-9999,-9999,-9999,0.000233903207117692,0.00163126946426928,0.0018102164613083,0.0018205854576081,0.00180405552964658,0.00177584995981306,0.00175376585684717,0.00173472170718014,0.0011624654289335,1.18033194667078E-05,7.9136962085613E-06,-9999,-9999,-9999,-9999,-9999,-9999,-9999,-9999,-9999,-9999,-9999,-9999,-9999,-9999,-9999,-9999,-9999,-9999,-9999,-9999,-9999,-9999,-9999,-9999,-9999,-9999,-9999,-9999,-9999,-9999,-9999,-9999,-9999,-9999,-9999,-9999,-9999,-9999,-9999,-9999,-9999,-9999,-9999,-9999,-9999,-9999,-9999,-9999,-9999,-9999,-9999,-9999,-9999,-9999,-9999,-9999,-9999,-9999,-9999,-9999,-9999,-9999,-9999,-9999,-9999,-9999,-9999,-9999,-9999,-9999,-9999,-9999,-9999,-9999,-9999,-9999,-9999,-9999,-9999,-9999,-9999,-9999,6.41479891783092E-06,6.96009883540682E-05,0.000895482196938246,0.000910268106963485,0.00091256492305547,0.000906844157725573,0.000905841297935694,0.000906179193407297,0.000907874549739063,0.00091327540576458,0.000912200834136456,0.000909774389583617,0.000905234657693654,0.00089862325694412,0.000888539769221097,0.000869005918502808,0.000827040465082973,0.000690453452989459,0.000370248220860958,5.02236835018266E-05,-9999,-9999,-9999,-9999,-9999,-9999,-9999,-9999,-9999,-9999,-9999,-9999,-9999,-9999
-9999,-9999,-9999,-9999,0.000189347221748903,0.00160523946397007,0.00180561642628163,0.00181186595000327,0.00179265707265586,0.00176436919718981,0.0017433293396607,0.00172470754478127,1.17421595859923E-05,7.86366763350088E-06,5.27937254446442E-06,-9999,-9999,-9999,-9999,-9999,-9999,-9999,-9999,-9999,-9999,-9999,-9999,-9999,-9999,-9999,-9999,-9999,-9999,-9999,-9999,-9999,-9999,-9999,-9999,-9999,-9999,-9999,-9999,-9999,-9999,-9999,-9999,-9999,-9999,-9999,-9999,-9999,-9999,-9999,-9999,-9999,-9999,-9999,-9999,-9999,-9999,-9999,-9999,-9999,-9999,-9999,-9999,-9999,-9999,-9999,-9999,-9999,-9999,-9999,-9999,-9999,-9999,-9999,-9999,-9999,-9999,-9999,-9999,-9999,-9999,-9999,-9999,-9999,-9999,-9999,-9999,-9999,-9999,-9999,-9999,-9999,-9999,4.14945407101186E-06,6.13003066973761E-06,0.000844549911562353,0.000879346393048763,0.000881784770172089,0.00087820109911263,0.000871370430104434,0.00087371957488358,0.00087558280210942,0.000876903359312564,0.000877704471349716,0.000876587990205735,0.00087373360292986,0.000867901311721653,0.000858806946780533,0.000848014722578228,0.000827533658593893,0.000763401389122009,0.000551067118067294,0.000171250867424533,3.87791369576007E-05,-9999,-9999,-9999,-9999,-9999,-9999,-9999,-9999,-9999,-9999,-9999,-9999,-9999
-9999,-9999,-9999,-9999,9.82092460617423E-05,0.0014585048193112,0.00179413869045675,0.00180333468597382,0.00178654794581234,0.00175872421823442,0.00173700018785894,0.00171387672889978,1.16838673420716E-05,7.81938251748215E-06,-9999,-9999,-9999,-9999,-9999,-9999,-9999,-9999,-9999,-9999,-9999,-9999,-9999,-9999,-9999,-9999,-9999,-9999,-9999,-9999,-9999,-9999,-9999,-9999,-9999,-9999,-9999,-9999,-9999,-9999,-9999,-9999,-9999,-9999,-9999,-9999,-9999,-9999,-9999,-9999,-9999,-9999,-9999,-9999,-9999,-9999,-9999,-9999,-9999,-9999,-9999,-9999,-9999,-9999,-9999,-9999,-9999,-9999,-9999,-9999,-9999,-9999,-9999,-9999,-9999,-9999,-9999,-9999,-9999,-9999,-9999,-9999,-9999,-9999,-9999,-9999,-9999,-9999,-9999,-9999,-9999,-9999,-9999,4.05206174036721E-06,5.92652031627949E-06,0.000793991552200168,0.000849615491461009,0.000850808573886752,0.00085139402654022,0.000843932037241757,0.000841454020701349,0.000843597808852792,0.000845204573124647,0.000848721247166395,0.000848012452479452,0.000845910981297493,0.000839705811813474,0.000831394281703979,0.000823034264612943,0.00080868776421994,0.000767910911235958,0.000675210845656693,0.000394985952880234,7.3849325417541E-05,5.26088515471201E-05,5.35425169800874E-06,-9999,-9999,-9999,-9999,-9999,-9999,-9999,-9999,-9999,-9999,-9999
-9999,-9999,-9999,-9999,8.75982295838185E-05,0.000788642384577543,0.00175540999043733,0.00179654732346535,0.00178718299139291,0.00176661089062691,0.00174174085259438,0.00171971146482974,2.58350100921234E-05,1.16110450107954E-05,-9999,-9999,-9999,-9999,-9999,-9999,-9999,-9999,-9999,-9999,-9999,-9999,-9999,-9999,-9999,-9999,-9999,-9999,-9999,-9999,-9999,-9999,-9999,-9999,-9999,-9999,-9999,-9999,-9999,-9999,-9999,-9999,-9999,-9999,-9999,-9999,-9999,-9999,-9999,-9999,-9999,-9999,-9999,-9999,-9999,-9999,-9999,-9999,-9999,-9999,-9999,-9999,-9999,-9999,-9999,-9999,-9999,-9999,-9999,-9999,-9999,-9999,-9999,-9999,-9999,-9999,-9999,-9999,-9999,-9999,-9999,-9999,-9999,-9999,-9999,-9999,-9999,-9999,-9999,-9999,-9999,-9999,-9999,-9999,5.72868202652899E-06,0.000755354762077332,0.000821205088868737,0.000820941990241408,0.000826159375719726,0.000819204025901854,0.000814667728263885,0.000817494874354452,0.000821196124888957,0.000822343048639596,0.000823034555651248,0.000819944543763995,0.000814885832369328,0.000807610922493041,0.0008002127869986,0.000789827900007367,0.000760530179832131,0.000692499452270567,0.000520266476087272,0.000121765006042551,4.16295806644484E-05,-9999,-9999,-9999,-9999,-9999,-9999,-9999,-9999,-9999,-9999,-9999,-9999
-9999,-9999,-9999,-9999,8.75334153533913E-05,0.000344220636179671,0.00162318488582969,0.00178630487062037,0.00178385293111205,0.00177271815482527,0.0017526454757899,0.00172868184745312,0.00116537394933403,1.15800266939914E-05,-9999,-9999,-9999,-9999,-9999,-9999,-9999,-9999,-9999,-9999,-9999,-9999,-9999,-9999,-9999,-9999,-9999,-9999,-9999,-9999,-9999,-9999,-9999,-9999,-9999,-9999,-9999,-9999,-9999,-9999,-9999,-9999,-9999,-9999,-9999,-9999,-9999,-9999,-9999,-9999,-9999,-9999,-9999,-9999,-9999,-9999,-9999,-9999,-9999,-9999,-9999,-9999,-9999,-9999,-9999,-9999,-9999,-9999,-9999,-9999,-9999,-9999,-9999,-9999,-9999,-9999,-9999,-9999,-9999,-9999,-9999,-9999,-9999,-9999,-9999,-9999,-9999,-9999,-9999,-9999,-9999,-9999,-9999,-9999,5.58374085812829E-06,0.000675174174830317,0.000797519052866846,0.000797265907749534,0.000801879039499909,0.000801158836111426,0.000794494582805783,0.000790734251495451,0.000796076667029411,0.000796751526650041,0.00079692219151184,0.00079441349953413,0.000791310798376799,0.000785659824032336,0.000779542198870331,0.000768855854403228,0.000747216632589698,0.000692607252858579,0.000597329752054065,0.000226706149987876,4.08310988859739E-05,3.64205843652599E-05,3.66376916645095E-05,-9999,-9999,-9999,-9999,-9999,-9999,-9999,-9999,-9999,-9999
-9999,-9999,-9999,-9999,-9999,9.65373474173248E-05,0.00132309645414352,0.00176861928775907,0.00177909864578396,0.00177255552262068,0.00175794446840882,0.00173342949710786,0.00170275568962097,1.15616103357752E-05,-9999,-9999,-9999,-9999,-9999,-9999,-9999,-9999,-9999,-9999,-9999,-9999,-9999,-9999,-9999,-9999,-9999,-9999,-9999,-9999,-9999,-9999,-9999,-9999,-9999,-9999,-9999,-9999,-9999,-9999,-9999,-9999,-9999,-9999,-9999,-9999,-9999,-9999,-9999,-9999,-9999,-9999,-9999,-9999,-9999,-9999,-9999,-9999,-9999,-9999,-9999,-9999,-9999,-9999,-9999,-9999,-9999,-9999,-9999,-9999,-9999,-9999,-9999,-9999,-9999,-9999,-9999,-9999,-9999,-9999,-9999,-9999,-9999,-9999,-9999,-9999,-9999,-9999,-9999,-9999,-9999,-9999,-9999,-9999,5.47841818843153E-06,0.000532616919372231,0.000771292310673743,0.000777725887019187,0.000779932539444417,0.000780764268711209,0.000774007639847696,0.000767059507779777,0.000772675557527691,0.00077332544606179,0.000774089363403618,0.00077128951670602,0.000768981873989105,0.000764892145525664,0.00075947551522404,0.00075099355308339,0.000736883259378374,0.000710644060745835,0.0005674859858118,0.00034402622259222,0.000127683757455088,8.54017416713759E-05,5.03999508509878E-05,3.65068553946912E-05,-9999,-9999,-9999,-9999,-9999,-9999,-9999,-9999,-9999
-9999,-9999,-9999,-9999,-9999,1.96222354134079E-05,0.000932308146730065,0.00172930944245309,0.00177441036794335,0.00177126529160887,0.00175989302806556,0.00173597654793411,0.00170411285944283,1.15631228254642E-05,-9999,-9999,-9999,-9999,-9999,-9999,-9999,-9999,-9999,-9999,-9999,-9999,-9999,-9999,-9999,-9999,-9999,-9999,-9999,-9999,-9999,-9999,-9999,-9999,-9999,-9999,-9999,-9999,-9999,-9999,-9999,-9999,-9999,-9999,-9999,-9999,-9999,-9999,-9999,-9999,-9999,-9999,-9999,-9999,-9999,-9999,-9999,-9999,-9999,-9999,-9999,-9999,-9999,-9999,-9999,-9999,-9999,-9999,-9999,-9999,-9999,-9999,-9999,-9999,-9999,-9999,-9999,-9999,-9999,-9999,-9999,-9999,-9999,-9999,-9999,-9999,-9999,-9999,-9999,-9999,-9999,-9999,-9999,-9999,5.41121198693872E-06,0.000176008048583753,0.000742115138564259,0.000759461778216064,0.000760517723392695,0.000760606722906232,0.000755230255890638,0.000749227125197649,0.000751805200707167,0.000754972046706825,0.00075443706009537,0.000750178354792297,0.000747428683098406,0.000743942160625011,0.000739195966161788,0.000733936321921647,0.000723338802345097,0.0006895856349729,0.000583250657655299,0.00048129929928109,0.000377263088012114,0.000314318691380322,9.36011201702058E-05,3.57381977664772E-05,-9999,-9999,-9999,-9999,-9999,-9999,-9999,-9999,-9999
-9999,-9999,-9999,-9999,-9999,1.2045840776409E-05,0.000669793633278459,0.00172440602909774,0.00176979601383209,0.00176958332303911,0.00176018942147493,0.00173533661291003,0.00168637186288834,1.15726334115607E-05,-9999,-9999,-9999,-9999,-9999,-9999,-9999,-9999,-9999,-9999,-9999,-9999,-9999,-9999,-9999,-9999,-9999,-9999,-9999,-9999,-9999,-9999,-9999,-9999,-9999,-9999,-9999,-9999,-9999,-9999,-9999,-9999,-9999,-9999,-9999,-9999,-9999,-9999,-9999,-9999,-9999,-9999,-9999,-9999,-9999,-9999,-9999,-9999,-9999,-9999,-9999,-9999,-9999,-9999,-9999,-9999,-9999,-9999,-9999,-9999,-9999,-9999,-9999,-9999,-9999,-9999,-9999,-9999,-9999,-9999,-9999,-9999,-9999,-9999,-9999,-9999,-9999,-9999,-9999,-9999,-9999,-9999,-9999,-9999,-9999,5.21323181601474E-06,0.000717751681804657,0.000739034556318074,0.000743759563192725,0.000742385920602828,0.000737469759769738,0.000731062958948314,0.000732880609575659,0.000736550893634558,0.000735359149985015,0.000732094224076718,0.00072823918890208,0.000725191668607295,0.000720531039405614,0.000716061389539391,0.000709314655978233,0.000684986880514771,0.000654955743812025,0.000613803102169186,0.00052303058328107,0.000329501810483634,0.000123658333905041,3.4788859920809E-05,-9999,-9999,-9999,-9999,-9999,-9999,-9999,-9999,-9999
-9999,-9999,-9999,-9999,-9999,-9999,0.000406222068704665,0.00172650592867285,0.00176547560840845,0.00176793895661831,0.00175720558036119,0.00172842456959188,0.0017057154327631,-9999,-9999,-9999,-9999,-9999,-9999,-9999,-9999,-9999,-9999,-9999,-9999,-9999,-9999,-9999,-9999,-9999,-9999,-9999,-9999,-9999,-9999,-9999,-9999,-9999,-9999,-9999,-9999,-9999,-9999,-9999,-9999,-9999,-9999,-9999,-9999,-9999,-9999,-9999,-9999,-9999,-9999,-9999,-9999,-9999,-9999,-9999,-9999,-9999,-9999,-9999,-9999,-9999,-9999,-9999,-9999,-9999,-9999,-9999,-9999,-9999,-9999,-9999,-9999,-9999,-9999,-9999,-9999,-9999,-9999,-9999,-9999,-9999,-9999,-9999,-9999,-9999,-9999,-9999,-9999,-9999,-9999,-9999,-9999,-9999,-9999,5.10865447722608E-06,0.00066388602135703,0.000721535878255963,0.000729277613572776,0.000728290411643684,0.000723676581401378,0.000718221301212907,0.000717628456186503,0.000719545292668045,0.000717470131348819,0.000714952126145363,0.000711146043613553,0.000706870516296476,0.00070246693212539,0.000698209390975535,0.000694934162311256,0.000687815598212183,0.00067314924672246,0.000627037254162133,0.000543670088518411,0.000404890393838286,0.000208055978873745,4.21286749769934E-05,-9999,-9999,-9999,-9999,-9999,-9999,-9999,-9999,-9999
-9999,-9999,-9999,-9999,-9999,-9999,0.000305412919260561,0.00172547961119562,0.00176584883593023,0.00176547456067055,0.00174941518343985,0.00172009156085551,0.00168788013979793,-9999,-9999,-9999,-9999,-9999,-9999,-9999,-9999,-9999,-9999,-9999,-9999,-9999,-9999,-9999,-9999,-9999,-9999,-9999,-9999,-9999,-9999,-9999,-9999,-9999,-9999,-9999,-9999,-9999,-9999,-9999,-9999,-9999,-9999,-9999,-9999,-9999,-9999,-9999,-9999,-9999,-9999,-9999,-9999,-9999,-9999,-9999,-9999,-9999,-9999,-9999,-9999,-9999,-9999,-9999,-9999,-9999,-9999,-9999,-9999,-9999,-9999,-9999,-9999,-9999,-9999,-9999,-9999,-9999,-9999,-9999,-9999,-9999,-9999,-9999,-9999,-9999,-9999,-9999,-9999,-9999,-9999,-9999,-9999,-9999,-9999,5.02923103340436E-06,0.00043673554318957,0.000709242071025074,0.000716440088581294,0.000714725523721427,0.000710000633262098,0.000705885526258498,0.000701897486578673,0.000705262471456081,0.000702972407452762,0.000700285250786692,0.000696276198141277,0.000692249450366944,0.000687484687659889,0.000683050020597875,0.000679764547385275,0.000675878080073744,0.000665977189783007,0.00064238638151437,0.000590491341426969,0.000453354208730161,0.000316121586365625,7.80866103013977E-05,4.02022851631045E-05,3.19425562338438E-05,-9999,-9999,-9999,-9999,-9999,-9999,-9999
-9999,-9999,-9999,-9999,-9999,-9999,0.000485168944578618,0.00175161764491349,0.00176975782960653,0.00176183809526265,0.00174005469307303,0.0017117909155786,0.00154781248420477,-9999,-9999,-9999,-9999,-9999,-9999,-9999,-9999,-9999,-9999,-9999,-9999,-9999,-9999,-9999,-9999,-9999,-9999,-9999,-9999,-9999,-9999,-9999,-9999,-9999,-9999,-9999,-9999,-9999,-9999,-9999,-9999,-9999,-9999,-9999,-9999,-9999,-9999,-9999,-9999,-9999,-9999,-9999,-9999,-9999,-9999,-9999,-9999,-9999,-9999,-9999,-9999,-9999,-9999,-9999,-9999,-9999,-9999,-9999,-9999,-9999,-9999,-9999,-9999,-9999,-9999,-9999,-9999,-9999,-9999,-9999,-9999,-9999,-9999,-9999,-9999,-9999,-9999,-9999,-9999,-9999,-9999,-9999,-9999,-9999,-9999,4.96682832817896E-06,2.93377452180721E-05,0.000699012889526784,0.000703172525390983,0.000701887824106961,0.000696052564308047,0.000691399560309947,0.000688476313371211,0.000690516026224941,0.000690780056174845,0.000688059953972697,0.000683139485772699,0.000678296783007681,0.000674009381327778,0.000670272507704794,0.000665722298435867,0.000662813312374055,0.000654387171380222,0.000636182026937604,0.000595302321016788,0.000522371265105903,0.000368895765859634,0.00013890941045247,6.81565579725429E-05,4.89325575472321E-05,3.09983151964843E-05,-9999,-9999,-9999,-9999,-9999,-9999
-9999,-9999,-9999,-9999,-9999,-9999,-9999,-9999,-9999,-9999,-9999,-9999,-9999,-9999,-9999,-9999,-9999,-9999,-9999,-9999,-9999,-9999,-9999,-9999,-9999,-9999,-9999,-9999,-9999,-9999,-9999,-9999,-9999,-9999,-9999,-9999,-9999,-9999,-9999,-9999,-9999,-9999,-9999,-9999,-9999,-9999,-9999,-9999,-9999,-9999,-9999,-9999,-9999,-9999,-9999,-9999,-9999,-9999,-9999,-9999,-9999,-9999,-9999,-9999,-9999,-9999,-9999,-9999,-9999,-9999,-9999,-9999,-9999,-9999,-9999,-9999,-9999,-9999,-9999,-9999,-9999,-9999,-9999,-9999,-9999,-9999,-9999,-9999,-9999,-9999,-9999,-9999,-9999,-9999,-9999,-9999,-9999,-9999,-9999,-9999,4.80492735732696E-06,0.000670620822347701,0.000690108281560242,0.000689458043780178,0.000684575701598078,0.000679803488310426,0.000676421448588371,0.000678541313391179,0.000680459663271904,0.000676183903124183,0.000671371293719858,0.000666539766825736,0.000661105266772211,0.000657670781947672,0.00065345672192052,0.000649926776532084,0.000645492866169661,0.000634460360743105,0.00060805631801486,0.000548410112969577,0.000399417709559202,0.00021053732780274,0.000135046400828287,0.000100195735285524,5.29615463165101E-05,3.00009705824777E-05,-9999,-9999,-9999,-9999,-9999
-9999,-9999,-9999,-9999,-9999,-9999,-9999,-9999,-9999,-9999,-9999,-9999,-9999,-9999,-9999,-9999,-9999,-9999,-9999,-9999,-9999,-9999,-9999,-9999,-9999,-9999,-9999,-9999,-9999,-9999,-9999,-9999,-9999,-9999,-9999,-9999,-9999,-9999,-9999,-9999,-9999,-9999,-9999,-9999,-9999,-9999,-9999,-9999,-9999,-9999,-9999,-9999,-9999,-9999,-9999,-9999,-9999,-9999,-9999,-9999,-9999,-9999,-9999,-9999,-9999,-9999,-9999,-9999,-9999,-9999,-9999,-9999,-9999,-9999,-9999,-9999,-9999,-9999,-9999,-9999,-9999,-9999,-9999,-9999,-9999,-9999,-9999,-9999,-9999,-9999,-9999,-9999,-9999,-9999,-9999,-9999,-9999,-9999,-9999,-9999,4.7307421482401E-06,0.000507250428199768,0.000680741504766047,0.000677372794598341,0.00067337101791054,0.00066811905708164,0.000663956045173109,0.000667863932903856,0.000669528148137033,0.000665062922053039,0.000658736273180693,0.000654465518891811,0.000648560584522784,0.000645558640826494,0.000642150000203401,0.000640591664705426,0.000636658514849842,0.000628905545454472,0.000601295556407422,0.000537885818630457,0.000409613479860127,0.000258984538959339,0.000189111320651136,0.000108772495877929,7.17628572601825E-05,3.3020867704181E-05,2.91131073026918E-05,-9999,-9999,-9999,-9999
-9999,-9999,-9999,-9999,-9999,-9999,-9999,-9999,-9999,-9999,-9999,-9999,-9999,-9999,-9999,-9999,-9999,-9999,-9999,-9999,-9999,-9999,-9999,-9999,-9999,-9999,-9999,-9999,-9999,-9999,-9999,-9999,-9999,-9999,-9999,-9999,-9999,-9999,-9999,-9999,-9999,-9999,-9999,-9999,-9999,-9999,-9999,-9999,-9999,-9999,-9999,-9999,-9999,-9999,-9999,-9999,-9999,-9999,-9999,-9999,-9999,-9999,-9999,-9999,-9999,-9999,-9999,-9999,-9999,-9999,-9999,-9999,-9999,-9999,-9999,-9999,-9999,-9999,-9999,-9999,-9999,-9999,-9999,-9999,-9999,-9999,-9999,-9999,-9999,-9999,-9999,-9999,-9999,-9999,-9999,-9999,-9999,-9999,-9999,-9999,4.67984727947623E-06,1.20083705041907E-05,0.000673356058541685,0.000667112995870411,0.000663289334625006,0.000657344528008252,0.000654507661238313,0.000658311881124973,0.000659277313388884,0.000655216164886951,0.000648569723125547,0.000643811770714819,0.000637634366285056,0.000633791438303888,0.000631456961855292,0.000629868183750659,0.000623443280346692,0.000613627664279193,0.000591988558880985,0.000528023228980601,0.000435043766628951,0.000327675836160779,0.000235195519053377,0.000142054792377166,7.83003997639753E-05,4.05265673180111E-05,2.86560480162734E-05,-9999,-9999,-9999,-9999
-9999,-9999,-9999,-9999,-9999,-9999,-9999,-9999,-9999,-9999,-9999,-9999,-9999,-9999,-9999,-9999,-9999,-9999,-9999,-9999,-9999,-9999,-9999,-9999,-9999,-9999,-9999,-9999,-9999,-9999,-9999,-9999,-9999,-9999,-9999,-9999,-9999,-9999,-9999,-9999,-9999,-9999,-9999,-9999,-9999,-9999,-9999,-9999,-9999,-9999,-9999,-9999,-9999,-9999,-9999,-9999,-9999,-9999,-9999,-9999,-9999,-9999,-9999,-9999,-9999,-9999,-9999,-9999,-9999,-9999,-9999,-9999,-9999,-9999,-9999,-9999,-9999,-9999,-9999,-9999,-9999,-9999,-9999,-9999,-9999,-9999,-9999,-9999,-9999,-9999,-9999,-9999,-9999,-9999,-9999,-9999,-9999,-9999,-9999,-9999,-9999,4.58538261227659E-06,0.00061894062673673,0.000656442774925381,0.000653172377496958,0.000647821871098131,0.000646379310637712,0.00064840231789276,0.000649451278150082,0.000646021333523095,0.000638626399450004,0.000633352610748261,0.000627188186626881,0.000622226973064244,0.000619356404058635,0.000618302670773119,0.00061673391610384,0.000610745511949062,0.000586688809562474,0.000528763455804437,0.000442585675045848,0.000376078300178051,0.000266655028099194,0.000139881027280353,8.51712393341586E-05,3.95579772884957E-05,2.76087175734574E-05,-9999,-9999,2.30667028517928E-05,2.29591714742128E-05
-9999,-9999,-9999,-9999,-9999,-9999,-9999,-9999,-9999,-9999,-9999,-9999,-9999,-9999,-9999,-9999,-9999,-9999,-9999,-9999,-9999,-9999,-9999,-9999,-9999,-9999,-9999,-9999,-9999,-9999,-9999,-9999,-9999,-9999,-9999,-9999,-9999,-9999,-9999,-9999,-9999,-9999,-9999,-9999,-9999,-9999,-9999,-9999,-9999,-9999,-9999,-9999,-9999,-9999,-9999,-9999,-9999,-9999,-9999,-9999,-9999,-9999,-9999,-9999,-9999,-9999,-9999,-9999,-9999,-9999,-9999,-9999,-9999,-9999,-9999,-9999,-9999,-9999,-9999,-9999,-9999,-9999,-9999,-9999,-9999,-9999,-9999,-9999,-9999,-9999,-9999,-9999,-9999,-9999,-9999,-9999,-9999,-9999,-9999,-9999,-9999,-9999,3.24607317452319E-05,0.000659083889331669,0.000645961088594049,0.000641967635601759,0.000640481011942029,0.000641911814454943,0.000640816520899534,0.000635897158645093,0.000628876965492964,0.000623312313109636,0.000617368204984814,0.000612575327977538,0.000608701258897781,0.00060683349147439,0.000604468456003815,0.000597692909650505,0.000573523226194084,0.000544594076927751,0.000487994460854679,0.000387177075026557,0.000263028778135777,0.000164389843121171,7.50591862015426E-05,4.2591829696903E-05,2.60595297731925E-05,2.4471570213791E-05,2.3616954422323E-05,2.30253281188197E-05,2.52440750045935E-05
-9999,-9999,-9999,-9999,-9999,-9999,-9999,-9999,-9999,-9999,-9999,-9999,-9999,-9999,-9999,-9999,-9999,-9999,-9999,-9999,-9999,-9999,-9999,-9999,-9999,-9999,-9999,-9999,-9999,-9999,-9999,-9999,-9999,-9999,-9999,-9999,-9999,-9999,-9999,-9999,-9999,-9999,-9999,-9999,-9999,-9999,-9999,-9999,-9999,-9999,-9999,-9999,-9999,-9999,-9999,-9999,-9999,-9999,-9999,-9999,-9999,-9999,-9999,-9999,-9999,-9999,-9999,-9999,-9999,-9999,-9999,-9999,-9999,-9999,-9999,-9999,-9999,-9999,-9999,-9999,-9999,-9999,-9999,-9999,-9999,-9999,-9999,-9999,-9999,-9999,-9999,-9999,-9999,-9999,-9999,-9999,-9999,-9999,-9999,-9999,-9999,-9999,-9999,0.000455775967566296,0.000649546214845031,0.00063842412782833,0.000638716504909098,0.000637513818219304,0.000635528180282563,0.000628927489742637,0.000621255952864885,0.000614176504313946,0.00060822645900771,0.000603544758632779,0.000600467436015606,0.000596353725995868,0.000591375399380922,0.000584365334361792,0.000564654474146664,0.000543007801752537,0.000492269638925791,0.000397923577111214,0.000294179772026837,0.000134722664370202,6.53646275168285E-05,3.64023690053727E-05,2.78966763289645E-05,2.39607925323071E-05,2.5861354515655E-05,2.79642699752003E-05,0.000225943033001386
-9999,-9999,-9999,-9999,-9999,-9999,-9999,-9999,-9999,-9999,-9999,-9999,-9999,-9999,-9999,-9999,-9999,-9999,-9999,-9999,-9999,-9999,-9999,-9999,-9999,-9999,-9999,-9999,-9999,-9999,-9999,-9999,-9999,-9999,-9999,-9999,-9999,-9999,-9999,-9999,-9999,-9999,-9999,-9999,-9999,-9999,-9999,-9999,-9999,-9999,-9999,-9999,-9999,-9999,-9999,-9999,-9999,-9999,-9999,-9999,-9999,-9999,-9999,-9999,-9999,-9999,-9999,-9999,-9999,-9999,-9999,-9999,-9999,-9999,-9999,-9999,-9999,-9999,-9999,-9999,-9999,-9999,-9999,-9999,-9999,-9999,-9999,-9999,-9999,-9999,-9999,-9999,-9999,-9999,-9999,-9999,-9999,-9999,-9999,-9999,-9999,-9999,-9999,4.44141278421739E-06,0.000456529727671295,0.000653801602311432,0.000641799881123006,0.000636860379017889,0.000632865529041737,0.000625468965154141,0.000617376354057342,0.000610274029895663,0.000604202970862389,0.000598353450186551,0.000592412077821791,0.000587091140914708,0.000578306149691343,0.000566595583222806,0.000557407853193581,0.00051488570170477,0.000451260711997747,0.000325969798723236,0.000174016051460057,5.23630260431673E-05,3.20862272928935E-05,3.07610716845375E-05,3.31707269651815E-05,3.21604602504522E-05,5.33064085175283E-05,0.000455613801022992,0.000459689792478457
-9999,-9999,-9999,-9999,-9999,-9999,-9999,-9999,-9999,-9999,-9999,-9999,-9999,-9999,-9999,-9999,-9999,-9999,-9999,-9999,-9999,-9999,-9999,-9999,-9999,-9999,-9999,-9999,-9999,-9999,-9999,-9999,-9999,-9999,-9999,-9999,-9999,-9999,-9999,-9999,-9999,-9999,-9999,-9999,-9999,-9999,-9999,-9999,-9999,-9999,-9999,-9999,-9999,-9999,-9999,-9999,-9999,-9999,-9999,-9999,-9999,-9999,-9999,-9999,-9999,-9999,-9999,-9999,-9999,-9999,-9999,-9999,-9999,-9999,-9999,-9999,-9999,-9999,-9999,-9999,-9999,-9999,-9999,-9999,-9999,-9999,-9999,-9999,-9999,-9999,-9999,-9999,-9999,-9999,-9999,-9999,-9999,-9999,-9999,-9999,-9999,-9999,-9999,-9999,4.42132386524463E-06,4.4174621507409E-06,0.000605772074777633,0.000642933999188244,0.00062977900961414,0.000622862717136741,0.000615070108324289,0.000608220405410975,0.000566575268749148,0.000468548358185217,0.000582038890570402,0.000560492160730064,0.00047046592226252,0.000390030356356874,0.00035767731606029,0.000304239307297394,0.000157436035806313,5.76060920138843E-05,2.89185154542793E-05,2.50190769293113E-05,4.17410265072249E-05,6.81869059917517E-05,0.00024400839174632,0.000459024799056351,0.000462942902231589,0.000462408846942708,0.000455328467069194
-9999,-9999,-9999,-9999,-9999,-9999,-9999,-9999,-9999,-9999,-9999,-9999,-9999,-9999,-9999,-9999,-9999,-9999,-9999,-9999,-9999,-9999,-9999,-9999,-9999,-9999,-9999,-9999,-9999,-9999,-9999,-9999,-9999,-9999,-9999,-9999,-9999,-9999,-9999,-9999,-9999,-9999,-9999,-9999,-9999,-9999,-9999,-9999,-9999,-9999,-9999,-9999,-9999,-9999,-9999,-9999,-9999,-9999,-9999,-9999,-9999,-9999,-9999,-9999,-9999,-9999,-9999,-9999,-9999,-9999,-9999,-9999,-9999,-9999,-9999,-9999,-9999,-9999,-9999,-9999,-9999,-9999,-9999,-9999,-9999,-9999,-9999,-9999,-9999,-9999,-9999,-9999,-9999,-9999,-9999,-9999,-9999,-9999,-9999,-9999,-9999,-9999,-9999,-9999,-9999,-9999,4.37728567703743E-06,2.19066387217026E-05,0.0006378194084391,0.000628221780061722,0.000615857075899839,0.000607433903496712,0.000573790748603642,0.000571621581912041,0.000540943117812276,0.000419749296270311,0.000303280219668522,0.000185237644473091,7.18486626283266E-05,0.000105275074020028,6.20146456640214E-05,8.09819903224707E-05,0.000257546082139015,0.000481082039186731,0.000480490882182494,0.000477533554658294,0.00047203796566464,0.000464147771708667,0.000457756774267182,0.000437634473200887,0.000226633768761531
-9999,-9999,-9999,-9999,-9999,-9999,-9999,-9999,-9999,-9999,-9999,-9999,-9999,-9999,-9999,-9999,-9999,-9999,-9999,-9999,-9999,-9999,-9999,-9999,-9999,-9999,-9999,-9999,-9999,-9999,-9999,-9999,-9999,-9999,-9999,-9999,-9999,-9999,-9999,-9999,-9999,-9999,-9999,-9999,-9999,-9999,-9999,-9999,-9999,-9999,-9999,-9999,-9999,-9999,-9999,-9999,-9999,-9999,-9999,-9999,-9999,-9999,-9999,-9999,-9999,-9999,-9999,-9999,-9999,-9999,-9999,-9999,-9999,-9999,-9999,-9999,-9999,-9999,-9999,-9999,-9999,-9999,-9999,-9999,-9999,-9999,-9999,-9999,-9999,-9999,-9999,-9999,-9999,-9999,-9999,-9999,-9999,-9999,-9999,-9999,-9999,-9999,-9999,-9999,-9999,-9999,-9999,-9999,4.27775921707507E-06,1.72646687133238E-05,0.000604537432081997,0.000618064077571034,0.000610547256655991,0.000602984626311809,0.000593856675550342,0.000584059860557318,0.000572893477510661,0.000562199507839978,0.00054964394075796,0.000536499079316854,0.000522548682056367,0.000510977755766362,0.000500717491377145,0.000490659032948315,0.000480720889754593,0.000472517451271415,0.000461721676401794,0.000429481995524839,0.000254846032476053,1.76141620613635E-05,-9999
-9999,-9999,-9999,-9999,-9999,-9999,-9999,-9999,-9999,-9999,-9999,-9999,-9999,-9999,-9999,-9999,-9999,-9999,-9999,-9999,-9999,-9999,-9999,-9999,-9999,-9999,-9999,-9999,-9999,-9999,-9999,-9999,-9999,-9999,-9999,-9999,-9999,-9999,-9999,-9999,-9999,-9999,-9999,-9999,-9999,-9999,-9999,-9999,-9999,-9999,-9999,-9999,-9999,-9999,-9999,-9999,-9999,-9999,-9999,-9999,-9999,-9999,-9999,-9999,-9999,-9999,-9999,-9999,-9999,-9999,-9999,-9999,-9999,-9999,-9999,-9999,-9999,-9999,-9999,-9999,-9999,-9999,-9999,-9999,-9999,-9999,-9999,-9999,-9999,-9999,-9999,-9999,-9999,-9999,-9999,-9999,-9999,-9999,-9999,-9999,-9999,-9999,-9999,-9999,-9999,-9999,-9999,-9999,-9999,-9999,4.18616627939628E-06,4.16701777794515E-06,4.13549969380256E-06,4.09068388762535E-06,1.67419166245963E-05,2.33323171414668E-05,3.90273180528311E-06,3.80814435629873E-06,3.70605380339839E-06,6.86086150381016E-06,2.12941722566029E-05,9.1080495622009E-05,0.000185579337994568,0.000202122188056819,4.59325456176884E-05,3.25962446368067E-06,3.22561754728667E-06,3.20610729431792E-06,-9999,-9999,-9999
-9999,-9999,-9999,-9999,-9999,-9999,-9999,-9999,-9999,-9999,-9999,-9999,-9999,-9999,-9999,-9999,-9999,-9999,-9999,-9999,-9999,-9999,-9999,-9999,-9999,-9999,-9999,-9999,-9999,-9999,-9999,-9999,-9999,-9999,-9999,-9999,-9999,-9999,-9999,-9999,-9999,-9999,-9999,-9999,-9999,-9999,-9999,-9999,-9999,-9999,-9999,-9999,-9999,-9999,-9999,-9999,-9999,-9999,-9999,-9999,-9999,-9999,-9999,-9999,-9999,-9999,-9999,-9999,-9999,-9999,-9999,-9999,-9999,-9999,-9999,-9999,-9999,-9999,-9999,-9999,-9999,-9999,-9999,-9999,-9999,-9999,-9999,-9999,-9999,-9999,-9999,-9999,-9999,-9999,-9999,-9999,-9999,-9999,-9999,-9999,-9999,-9999,-9999,-9999,-9999,-9999,-9999,-9999,-9999,-9999,-9999,-9999,-9999,-9999,-9999,-9999,-9999,-9999,-9999,-9999,-9999,-9999,-9999,-9999,-9999,-9999,-9999,-9999,-9999,-9999,-9999
-9999,-9999,-9999,-9999,-9999,-9999,-9999,-9999,-9999,-9999,-9999,-9999,-9999,-9999,-9999,-9999,-9999,-9999,-9999,-9999,-9999,-9999,-9999,-9999,-9999,-9999,-9999,-9999,-9999,-9999,-9999,-9999,-9999,-9999,-9999,-9999,-9999,-9999,-9999,-9999,-9999,-9999,-9999,-9999,-9999,-9999,-9999,-9999,-9999,-9999,-9999,-9999,-9999,-9999,-9999,-9999,-9999,-9999,-9999,-9999,-9999,-9999,-9999,-9999,-9999,-9999,-9999,-9999,-9999,-9999,-9999,-9999,-9999,-9999,-9999,-9999,-9999,-9999,-9999,-9999,-9999,-9999,-9999,-9999,-9999,-9999,-9999,-9999,-9999,-9999,-9999,-9999,-9999,-9999,-9999,-9999,-9999,-9999,-9999,-9999,-9999,-9999,-9999,-9999,-9999,-9999,-9999,-9999,-9999,-9999,-9999,-9999,-9999,-9999,-9999,-9999,-9999,-9999,-9999,-9999,-9999,-9999,-9999,-9999,-9999,-9999,-9999,-9999,-9999,-9999,-9999

Step,73
Year,6.083333
-9999,-9999,-9999,-9999,-9999,-9999,-9999,-9999,-9999,-9999,-9999,-9999,-9999,-9999,-9999,-9999,-9999,-9999,-9999,-9999,-9999,-9999,-9999,-9999,-9999,-9999,-9999,-9999,-9999,-9999,-9999,-9999,-9999,-9999,-9999,-9999,-9999,-9999,-9999,-9999,-9999,-9999,-9999,-9999,-9999,-9999,-9999,-9999,-9999,-9999,-9999,-9999,-9999,-9999,-9999,-9999,-9999,-9999,-9999,-9999,-9999,-9999,-9999,-9999,-9999,-9999,-9999,-9999,-9999,-9999,-9999,-9999,-9999,-9999,-9999,-9999,-9999,-9999,-9999,-9999,-9999,-9999,-9999,-9999,-9999,-9999,-9999,-9999,-9999,-9999,-9999,-9999,-9999,-9999,-9999,-9999,-9999,-9999,-9999,-9999,-9999,-9999,-9999,-9999,-9999,-9999,-9999,-9999,-9999,-9999,-9999,-9999,-9999,-9999,-9999,-9999,-9999,-9999,-9999,-9999,-9999,-9999,-9999,-9999,-9999,-9999,-9999,-9999,-9999,-9999,-9999
-9999,-9999,-9999,-9999,-9999,-9999,-9999,-9999,-9999,-9999,-9999,-9999,-9999,-9999,-9999,-9999,-9999,-9999,-9999,-9999,-9999,-9999,-9999,-9999,-9999,-9999,-9999,-9999,-9999,-9999,-9999,-9999,-9999,-9999,-9999,-9999,-9999,-9999,-9999,-9999,-9999,-9999,-9999,-9999,-9999,-9999,-9999,-9999,-9999,-9999,-9999,-9999,-9999,-9999,-9999,-9999,-9999,-9999,-9999,-9999,-9999,-9999,-9999,-9999,-9999,-9999,-9999,-9999,-9999,-9999,-9999,-9999,-9999,-9999,-9999,-9999,-9999,-9999,-9999,-9999,-9999,-9999,-9999,-9999,-9999,-9999,-9999,-9999,-9999,-9999,-9999,-9999,-9999,-9999,-9999,-9999,-9999,-9999,-9999,-9999,-9999,-9999,-9999,-9999,-9999,-9999,-9999,-9999,-9999,-9999,-9999,-9999,-9999,-9999,-9999,-9999,-9999,-9999,-9999,-9999,-9999,-9999,-9999,-9999,-9999,-9999,-9999,-9999,-9999,-9999,-9999
-9999,-9999,-9999,-9999,-9999,-9999,-9999,-9999,-9999,-9999,-9999,-9999,-9999,-9999,-9999,-9999,-9999,-9999,-9999,-9999,-9999,-9999,-9999,-9999,-9999,-9999,-9999,-9999,-9999,-9999,-9999,-9999,-9999,-9999,-9999,-9999,-9999,-9999,-9999,-9999,-9999,-9999,-9999,-9999,-9999,-9999,-9999,-9999,-9999,-9999,-9999,-9999,-9999,-9999,-9999,-9999,-9999,-9999,-9999,-9999,-9999,-9999,-9999,-9999,-9999,-9999,-9999,-9999,-9999,-9999,-9999,-9999,-9999,-9999,4.71676912638941E-06,7.01717499396182E-06,-9999,-9999,-9999,-9999,-9999,-9999,-9999,-9999,-9999,-9999,-9999,-9999,-9999,-9999,-9999,-9999,-9999,-9999,-9999,-9999,-9999,-9999,-9999,-9999,-9999,-9999,-9999,-9999,-9999,-9999,-9999,-9999,-9999,-9999,-9999,-9999,-9999,-9999,-9999,-9999,-9999,-9999,-9999,-9999,-9999,-9999,-9999,-9999,-9999,-9999,-9999,-9999,-9999,-9999,-9999
-9999,-9999,-9999,-9999,-9999,-9999,-9999,-9999,-9999,-9999,-9999,-9999,-9999,-9999,-9999,-9999,-9999,-9999,-9999,-9999,-9999,-9999,-9999,-9999,-9999,-9999,-9999,-9999,-9999,-9999,-9999,-9999,-9999,-9999,-9999,-9999,-9999,-9999,-9999,-9999,-9999,-9999,-9999,-9999,-9999,-9999,-9999,-9999,-9999,-9999,-9999,-9999,-9999,-9999,-9999,-9999,-9999,-9999,-9999,-9999,-9999,-9999,-9999,-9999,-9999,-9999,-9999,-9999,-9999,-9999,-9999,-9999,-9999,-9999,6.84127599015483E-06,1.01337009255076E-05,-9999,-9999,-9999,-9999,-9999,-9999,-9999,-9999,-9999,-9999,-9999,-9999,-9999,-9999,-9999,-9999,-9999,-9999,-9999,-9999,-9999,-9999,-9999,-9999,-9999,-9999,-9999,-9999,-9999,-9999,-9999,-9999,-9999,-9999,-9999,-9999,-9999,-9999,-9999,-9999,-9999,-9999,-9999,-9999,-9999,-9999,-9999,-9999,-9999,-9999,-9999,-9999,-9999,-9999,-9999
-9999,-9999,-9999,-9999,-9999,-9999,-9999,-9999,-9999,-9999,-9999,-9999,-9999,-9999,-9999,-9999,-9999,-9999,-9999,-9999,-9999,-9999,-9999,-9999,-9999,-9999,-9999,-9999,-9999,-9999,-9999,-9999,-9999,-9999,-9999,-9999,-9999,-9999,-9999,-9999,-9999,-9999,-9999,-9999,-9999,-9999,-9999,-9999,-9999,-9999,-9999,-9999,-9999,-9999,-9999,-9999,3.69055243254479E-07,5.39112875230785E-07,7.77114905758935E-07,1.11700876459508E-06,-9999,-9999,-9999,-9999,-9999,8.29850250738673E-06,8.05775380285922E-06,1.15288075903663E-05,1.12642292151577E-05,7.30930742065539E-06,1.05147219073842E-05,5.27781521668658E-05,7.08466322976165E-05,7.0159811002668E-05,9.87766725302208E-06,5.07994263898581E-05,6.58391581964679E-05,-9999,-9999,6.15625103819184E-05,9.51699330471456E-05,8.31164798000827E-05,8.41447326820344E-05,0.000215714113437571,0.000286394439172,0.000261002423940226,0.000261042907368392,0.00015911424998194,7.47189042158425E-05,-9999,-9999,-9999,-9999,-9999,-9999,-9999,-9999,-9999,-9999,-9999,-9999,-9999,-9999,-9999,-9999,-9999,-9999,-9999,-9999,-9999,-9999,-9999,-9999,-9999,-9999,-9999,-9999,-9999,-9999,-9999,-9999,-9999,-9999,-9999,-9999,-9999,-9999,-9999,-9999,-9999,-9999
-9999,-9999,-9999,-9999,-9999,-9999,-9999,-9999,-9999,-9999,-9999,-9999,-9999,-9999,-9999,-9999,-9999,-9999,-9999,-9999,-9999,-9999,-9999,-9999,-9999,-9999,-9999,-9999,-9999,-9999,-9999,-9999,-9999,-9999,-9999,-9999,-9999,-9999,-9999,-9999,-9999,-9999,-9999,-9999,-9999,-9999,-9999,-9999,-9999,-9999,-9999,-9999,-9999,-9999,-9999,3.78763388653169E-07,5.5699905487927E-07,8.1141706687049E-07,1.16000114758208E-06,1.62388266744529E-06,2.26371253120305E-06,3.23813492286718E-06,-9999,1.35029595185188E-05,3.65398882422596E-05,1.24074749692227E-05,1.17966419566073E-05,8.90301307663321E-05,9.02966276044026E-05,1.06481256807456E-05,1.03540805866942E-05,0.0001202176354127,0.000152440028614365,0.000135319496621378,0.000119240787171293,0.000117408955702558,9.07420399016701E-05,0.000100658100564033,0.000167448903084733,0.00029578065732494,0.000702214078046381,0.00107160932384431,0.00118462392129004,0.00117922713980079,0.00118400761857629,0.00118999590631574,0.00119702937081456,0.00120953901205212,0.00116242095828056,0.000611802388448268,0.000259189313510433,-9999,-9999,-9999,-9999,-9999,-9999,-9999,-9999,-9999,-9999,-9999,-9999,-9999,-9999,-9999,-9999,-9999,-9999,-9999,-9999,-9999,-9999,-9999,-9999,-9999,-9999,-9999,-9999,-9999,-9999,-9999,-9999,-9999,-9999,-9999,-9999,-9999,-9999,-9999,-9999
-9999,-9999,-9999,-9999,-9999,-9999,-9999,-9999,-9999,-9999,-9999,-9999,-9999,-9999,-9999,-9999,-9999,-9999,-9999,-9999,-9999,-9999,-9999,-9999,-9999,-9999,-9999,-9999,-9999,-9999,-9999,-9999,-9999,-9999,-9999,-9999,-9999,-9999,-9999,-9999,-9999,-9999,-9999,-9999,-9999,-9999,-9999,-9999,-9999,-9999,-9999,-9999,-9999,-9999,-9999,5.67450570088113E-07,8.38918253975862E-07,1.23133190754743E-06,1.76074672708637E-06,2.44340799326892E-06,3.34054948325502E-06,4.58137355963117E-06,6.3797274378885E-06,9.03569980437169E-06,1.28137880892609E-05,7.55865912651643E-05,0.000132389817736112,0.000337769131874666,0.000550607684999704,0.000798883149400353,0.000914747477509081,0.00081737368600443,0.00100777379702777,0.00112490123137832,0.000902464322280139,0.000887221074663103,0.000832743244245648,0.000889720744453371,0.00119644892401993,0.00121766910888255,0.0012293717591092,0.0012328214943409,0.00123515853192657,0.00123280298430473,0.00123021239414811,0.00122962833847851,0.00123170693404973,0.00123361707665026,0.00123240286484361,0.0012245363323018,0.00120130099821836,0.000995551352389157,0.000236367166507989,-9999,-9999,-9999,-9999,-9999,-9999,-9999,-9999,-9999,7.40207469789311E-05,7.4025105277542E-05,7.41207695682533E-05,-9999,-9999,-9999,-9999,-9999,-9999,-9999,-9999,-9999,-9999,-9999,-9999,-9999,-9999,-9999,-9999,-9999,-9999,-9999,-9999,-9999,-9999,-9999,-9999,-9999,-9999
-9999,-9999,-9999,-9999,-9999,-9999,-9999,-9999,-9999,-9999,-9999,-9999,-9999,-9999,-9999,-9999,-9999,-9999,-9999,-9999,-9999,-9999,-9999,-9999,-9999,-9999,-9999,-9999,-9999,-9999,-9999,3.61865568265785E-05,-9999,-9999,-9999,0.000111133442260325,-9999,-9999,-9999,-9999,-9999,-9999,-9999,-9999,-9999,-9999,-9999,-9999,-9999,-9999,-9999,-9999,-9999,-9999,-9999,-9999,-9999,8.35508956242847E-07,1.20747586151992E-06,1.72025511346874E-06,-9999,4.36109530710382E-06,6.24841277385713E-06,8.91389299795264E-06,1.26533759612357E-05,7.61752380640246E-05,0.000137362309033051,0.000189133439562283,0.000118326519441325,0.000657553609926254,0.00135720730759203,0.00142443820368499,0.00141121330671012,0.00139290362130851,0.00134782306849957,0.00131049880292267,0.00131126074120402,0.00130761519540101,0.00128587859217077,0.00126831722445786,0.00125479698181152,0.0012463815510273,0.00123100879136473,0.001220119651407,0.00122053653467447,0.00122223328799009,0.00122609513346106,0.00123179890215397,0.00123515306040645,0.00123446783982217,0.00123426446225494,0.00120916601736099,0.00109546363819391,0.000285737449303269,-9999,-9999,-9999,-9999,-9999,-9999,-9999,-9999,0.000101332698250189,0.000157044123625383,0.000102246995083988,7.32847474864684E-05,7.36887959646992E-05,-9999,-9999,-9999,-9999,-9999,-9999,-9999,-9999,-9999,-9999,-9999,-9999,-9999,-9999,-9999,-9999,-9999,-9999,-9999,-9999,-9999,-9999,-9999,-9999
-9999,-9999,-9999,-9999,-9999,-9999,-9999,-9999,-9999,-9999,-9999,-9999,-9999,-9999,-9999,-9999,-9999,-9999,-9999,-9999,-9999,-9999,-9999,-9999,-9999,-9999,-9999,-9999,-9999,-9999,2.61077384493547E-05,4.96675784233958E-05,-9999,-9999,5.28972523170523E-05,8.95605044206604E-05,-9999,-9999,9.90421831374988E-05,0.000172216226928867,-9999,-9999,-9999,-9999,-9999,1.44513569466653E-05,-9999,-9999,-9999,-9999,-9999,-9999,-9999,-9999,-9999,-9999,-9999,-9999,-9999,-9999,-9999,6.31811508355895E-06,9.06367404240882E-06,1.30430516946944E-05,1.25758142530685E-05,7.36590882297605E-05,8.16814572317526E-05,7.90521153248847E-05,7.55600194679573E-05,0.000448376551503316,0.00137721886858344,0.00145541457459331,0.00144452007953078,0.00142201920971274,0.00139357172884047,0.00136570853646845,0.0013413307024166,0.00131836323998868,0.00129798415582627,0.00127819715999067,0.00125894811935723,0.00123876123689115,0.00121529144234955,0.00120855798013508,0.00120740395504981,0.00121417513582855,0.00121952604968101,0.00122659560292959,0.00123373174574226,0.00123741547577083,0.00123960967175663,0.00123657286167145,0.0012157685123384,0.00102469103876501,0.000286965863779187,-9999,-9999,-9999,-9999,-9999,0.000120297379908152,0.000121387914987281,0.000230596066103317,0.00034126581158489,0.000258515530731529,0.000173461667145602,0.000113739450171124,7.31747204554267E-05,-9999,-9999,-9999,-9999,-9999,-9999,-9999,-9999,-9999,-9999,-9999,-9999,-9999,-9999,-9999,-9999,-9999,-9999,-9999,-9999,-9999,-9999,-9999
-9999,-9999,-9999,-9999,-9999,-9999,-9999,-9999,-9999,-9999,-9999,-9999,-9999,-9999,-9999,-9999,-9999,-9999,-9999,-9999,-9999,-9999,-9999,6.03562803007662E-05,7.72790735936724E-05,-9999,-9999,-9999,-9999,6.52864837320521E-05,6.13064112258144E-05,2.4388366000494E-05,0.000122788624139503,1.29676400320022E-05,0.000109015199996065,0.00019137465278618,0.000344203552231193,0.00014927372103557,8.88428912730888E-05,-9999,9.0915804321412E-05,9.49458044487983E-05,-9999,-9999,0.000152171895024367,2.02979790628888E-05,1.23309109767433E-05,7.71402210375527E-06,-9999,-9999,-9999,-9999,-9999,-9999,-9999,-9999,-9999,3.03227880067425E-05,1.9210532627767E-05,-9999,-9999,-9999,1.3062168363831E-05,8.69274663273245E-05,8.41004075482488E-05,8.42522276798263E-05,8.19371271063574E-05,7.82695569796488E-05,0.000104023798485287,0.000649995054118335,0.00138431263621897,0.00145810865797102,0.0014442796818912,0.00142292876262218,0.00139574345666915,0.00136821833439171,0.00134316110052168,0.00131869106553495,0.00129710929468274,0.00127675943076611,0.00125096109695733,0.00118251447565854,0.00118616793770343,0.00119634985458106,0.00119785335846245,0.00120035640429705,0.00120939908083528,0.00121986446902156,0.00122909166384488,0.00123412942048162,0.00123696413356811,0.00123726262245327,0.00122928246855736,0.00117471453268081,0.000342977786203846,6.02981381234713E-05,8.74796569405589E-06,6.06668572800118E-06,9.32988496060716E-06,0.000292447453830391,0.000579015119001269,0.000752887746784836,0.000843462359625846,0.000722471217159182,0.000684498867485672,0.000520334637258202,0.000313140393700451,0.000101366123999469,7.32280459487811E-05,7.38580347388051E-05,-9999,-9999,-9999,-9999,-9999,-9999,-9999,-9999,-9999,-9999,-9999,-9999,-9999,-9999,-9999,-9999,-9999,-9999,-9999,-9999,-9999
-9999,-9999,-9999,-9999,-9999,-9999,-9999,-9999,-9999,-9999,-9999,-9999,-9999,-9999,-9999,-9999,-9999,-9999,-9999,-9999,-9999,-9999,9.08696019905619E-05,0.000107119201857131,7.28539671399631E-05,7.38025337341242E-05,8.18410262581892E-05,9.47783046285622E-05,0.000178429691004567,0.000267899944446981,0.00020112979109399,0.000474349973956123,0.000651746871881187,0.000701851444318891,0.000805517309345305,0.000696351751685143,0.000690295419190079,0.000628673762548715,0.000361972255632281,0.000276582955848426,8.89245420694351E-05,5.4538748372579E-05,4.5440250687534E-05,6.11529030720703E-05,1.65182918863138E-05,1.13049391075037E-05,1.08395342977019E-05,1.03515221780981E-05,6.68724578645197E-06,-9999,-9999,-9999,-9999,-9999,-9999,-9999,-9999,0.00012661911023315,0.000114823553303722,0.000106312138086651,-9999,-9999,8.49940697662532E-05,8.67325143190101E-05,8.66694608703256E-05,8.45873873913661E-05,8.07728501968086E-05,9.5515075372532E-05,0.000317593134241179,0.000908890564460307,0.00139880983624607,0.00145775196142495,0.00143925286829472,0.00141785910818726,0.0013912987196818,0.00136338814627379,0.00133772485423833,0.00131441059056669,0.0012921157758683,0.00127246638294309,0.00118726841174066,0.000612283183727413,0.000719155126716942,0.000992252374999225,0.00114439858589321,0.00118796667084098,0.00119765952695161,0.00120973959565163,0.0012202049838379,0.00122572528198361,0.00123239564709365,0.00123683083802462,0.00122800457756966,0.00114812119863927,0.000550301687326282,0.000444483855972067,3.61431921191979E-05,9.0248313426855E-06,0.000444001489086077,0.00103602791205049,0.00115811626892537,0.00123422429896891,0.00122284016106278,0.00118664465844631,0.00114141893573105,0.000938161974772811,0.000600534724071622,0.000311478856019676,0.000112701280158944,7.29826861061156E-05,-9999,-9999,-9999,-9999,-9999,-9999,-9999,-9999,-9999,-9999,-9999,-9999,-9999,-9999,-9999,-9999,-9999,-9999,-9999,-9999,-9999
-9999,-9999,-9999,-9999,-9999,-9999,-9999,-9999,-9999,-9999,-9999,-9999,-9999,-9999,-9999,-9999,-9999,-9999,-9999,-9999,-9999,-9999,9.089241939364E-05,0.000108678803371731,9.2227135610301E-05,9.57476877374575E-05,0.000355982483597472,0.000709868676494807,0.000938121578656137,0.000825099879875779,0.000822322210296988,0.000660546706058085,0.000709571992047131,0.000812829588539898,0.000755125365685672,0.000858285289723426,0.00101553101558238,0.00100905366707593,0.00105271115899086,0.000934514915570617,0.000653579656500369,0.000420121941715479,0.000171739055076614,6.42292652628385E-05,3.10337964037899E-05,1.37512452056399E-05,1.37369406729704E-05,1.36034432216547E-05,9.0635621745605E-06,8.98051803233102E-06,8.98622693057405E-06,-9999,-9999,-9999,-9999,-9999,-9999,-9999,0.000104891485534608,9.47522567003034E-05,8.78636928973719E-05,8.14149534562603E-05,8.4185965533834E-05,8.5455110820476E-05,8.5942359874025E-05,8.31749784993008E-05,9.85430015134625E-05,0.000322341453284025,0.000874729943461716,0.00139032094739377,0.00146579754073173,0.0014483870472759,0.00142768060322851,0.00140649068634957,0.00138089992105961,0.0013533141463995,0.00132940139155835,0.0013083805097267,0.00128793762996793,0.00114656426012516,1.55687666847371E-05,8.4049852375756E-06,8.31353554531233E-06,8.24065136839636E-06,9.45208594202995E-05,0.000777766923420131,0.00115817412734032,0.00119563762564212,0.0012076641432941,0.00121792091522366,0.00122729351278394,0.00123460101895034,0.00123023404739797,0.00113754998892546,0.0011641529854387,0.00121114938519895,0.00107475882396102,0.000582173117436469,0.00118876982014626,0.00131686916574836,0.0013428603997454,0.00133329071104527,0.00130178674589843,0.00128349312581122,0.00125658104661852,0.00114042102359235,0.000851523247547448,0.000554991071112454,0.00017035823839251,7.1139402280096E-05,3.63228537025861E-05,-9999,-9999,-9999,-9999,-9999,-9999,-9999,-9999,-9999,-9999,-9999,-9999,-9999,-9999,-9999,-9999,-9999,-9999,-9999,-9999
-9999,-9999,-9999,-9999,-9999,-9999,-9999,-9999,-9999,-9999,-9999,-9999,-9999,-9999,-9999,-9999,-9999,-9999,-9999,-9999,-9999,-9999,8.93234464456327E-05,0.000111958441266324,0.00017680817109067,0.000813561724498868,0.00105373898986727,0.00116447452455759,0.00110794953070581,0.000880249252077192,0.000875941652338952,0.000982230994850397,0.00103275093715638,0.00108148332219571,0.00122935732360929,0.00122243841178715,0.00126247899606824,0.00129983783699572,0.00137502781581134,0.0012842973228544,0.00113592960406095,0.000708243635017425,0.000372400420019403,0.000214115585549735,0.0001840676413849,0.000205818199901842,0.000180077098775655,0.000123795340186916,1.24056177810417E-05,1.26375589388772E-05,1.27441026052111E-05,-9999,-9999,-9999,-9999,8.83854227140546E-05,8.94940603757277E-05,9.15469499886967E-05,9.27502260310575E-05,8.57367485878058E-05,9.74866052274592E-05,7.65807344578207E-05,6.61133017274551E-05,4.12885274272412E-05,0.000116623436042573,0.000388877873774618,0.000185749493539333,0.00105174514465034,0.00148533587343991,0.00147276325151324,0.00145350489765406,0.001433857367374,0.00141306652221829,0.00139173865318298,0.00136466254480183,0.00134042673744261,0.00132323242723942,0.00123835215345025,8.72618693392724E-06,8.63469631440239E-06,8.55141752253985E-06,5.65714799449779E-06,5.59588715987047E-06,5.54576126887696E-06,8.21121739136288E-06,3.04890127154067E-05,0.000399619457311928,0.00105131033342332,0.00118661834858358,0.0012070273514837,0.00121926900465041,0.00122855161316693,0.00123898056335747,0.00125116750132293,0.00126457971055061,0.00127853988669813,0.00127750425599515,0.00129176641348749,0.00132973771542311,0.00136140862014145,0.00137411605101079,0.0013670880580321,0.00135328655596823,0.00133966945577413,0.00128378183580935,0.00123217119835317,0.00103742734063417,0.000803893490228802,0.000366124062566087,0.000134867514134385,1.59051924129017E-05,1.01422674561036E-05,-9999,-9999,-9999,-9999,-9999,-9999,-9999,-9999,-9999,-9999,-9999,-9999,-9999,-9999,-9999,-9999,-9999,-9999,-9999
-9999,-9999,-9999,-9999,-9999,-9999,-9999,-9999,-9999,-9999,-9999,-9999,-9999,-9999,-9999,-9999,-9999,-9999,-9999,-9999,-9999,8.20991554064676E-05,9.71800764091313E-05,0.000379679375328124,0.0010414324933663,0.00136053410824388,0.00136075145564973,0.00126272044144571,0.00110053736716509,0.00129923562053591,0.00129210075829178,0.00133151421323419,0.00132622208911926,0.00132062076590955,0.0013981512747705,0.00146412465255708,0.00148866453673691,0.00147922488395125,0.00152723270002753,0.00151622970588505,0.00147756095975637,0.00120897009037435,0.000468895421363413,0.000292318058200181,0.000358480261638761,0.00032460008515045,0.000291058182483539,0.000293150573270395,0.000290056428639218,0.000207767705433071,0.000133096749777906,8.94229160621762E-05,8.97653517313302E-05,9.10674789338373E-05,9.22077160794288E-05,8.41471410240047E-05,9.45776409935206E-05,8.37589759612456E-05,8.43265006551519E-05,9.63289712672122E-05,0.000399213429773226,0.000850877957418561,0.000413506262702867,1.15410412035999E-05,1.14535587272258E-05,1.11384906631429E-05,4.41421070718206E-05,0.000409600208513439,0.00147988647222519,0.00146084406878799,0.00144260853994638,0.00141432695090771,0.00139085564296693,0.0011979267001152,5.08720113430172E-05,9.1017773229396E-06,8.96401979844086E-06,8.86568341229577E-06,5.86473379371455E-06,5.80187770538032E-06,5.74493606109172E-06,3.7978725231369E-06,3.75945637642872E-06,3.72840077034198E-06,5.52564233657904E-06,8.20927562017459E-06,5.30409888597205E-05,0.000348832720192149,0.000958303280640393,0.00116939400322735,0.00120436097495258,0.0012173691065982,0.00122877187095582,0.00124224531464279,0.00126032019034028,0.00127801275812089,0.00129494722932577,0.00131298520136625,0.00133485707920045,0.00135458027943969,0.00136282958555967,0.00136713415849954,0.00136709015350789,0.00136483705136925,0.00134387996513397,0.00127426814287901,0.0011975506786257,0.000915835320483893,0.00054221652681008,0.000300112733384594,8.20488130557351E-05,9.95300160866464E-06,1.01070399978198E-05,1.91930412256625E-05,-9999,-9999,-9999,-9999,-9999,-9999,-9999,-9999,-9999,-9999,-9999,-9999,-9999,-9999,-9999,-9999,-9999
-9999,-9999,-9999,-9999,-9999,-9999,-9999,-9999,-9999,-9999,-9999,-9999,-9999,-9999,-9999,-9999,-9999,-9999,-9999,-9999,-9999,0.000163045478984714,0.000919175101444125,0.00134974031243473,0.00151660712435842,0.00144110049586743,0.00135390646755695,0.00130343297496438,0.00138699077069759,0.00149490288458765,0.00157876696903259,0.00157069053966552,0.00161537411622703,0.00165113259572536,0.00162388430908322,0.00168432760983706,0.0016744586173445,0.00164827145636082,0.00166266097221524,0.00165980879683048,0.00162181770429015,0.00158043415285647,0.00148842029739171,0.0013354622060433,0.00117546715773642,0.000937842996791005,0.000592582393437624,0.000322003441397101,0.000353072246070951,0.000289578485535458,0.000212640152312815,0.000138945004437119,0.000124464379041456,9.97471579466946E-05,9.92159693851136E-05,0.000151594373164698,0.00013463529467117,0.000132445085910149,0.000204058102099225,0.000897721794899553,0.00148067867849022,0.00161639763973653,0.00157456402666867,0.000498200475703925,1.10334340206464E-05,1.08306785477907E-05,1.0511450454942E-05,0.00148987083230168,0.0014713176060468,0.0014527109451592,0.00103602977469563,9.65192612056853E-06,9.53771268541459E-06,9.47331682255026E-06,-9999,-9999,-9999,-9999,-9999,-9999,-9999,2.5327076400572E-06,2.51777555604349E-06,3.72954764316091E-06,5.53607060282957E-06,8.22962829261087E-06,1.863221405074E-05,0.000113659611088224,0.000456129346275702,0.000977526651695371,0.00117432058323175,0.00120207562576979,0.00121405511163175,0.0012334396596998,0.00125170289538801,0.00126907986123115,0.00128676102031022,0.00130667327903211,0.00132492813281715,0.00133958528749645,0.00134798244107515,0.00135316466912627,0.00136083411052823,0.00137237331364304,0.00136481854133308,0.00132625317201018,0.0012386292219162,0.00107298244256526,0.000819776323623955,0.000492653867695481,0.000267190305748954,8.51589575177059E-05,5.68960022064857E-05,4.53950888186228E-05,6.04008018854074E-05,-9999,-9999,-9999,-9999,-9999,-9999,-9999,-9999,-9999,-9999,-9999,-9999,-9999,-9999,-9999,-9999
-9999,-9999,-9999,-9999,-9999,-9999,-9999,-9999,-9999,-9999,-9999,-9999,-9999,-9999,-9999,-9999,-9999,-9999,-9999,8.47992632770911E-05,0.000230601319344714,0.00128612143453211,0.00153794512152672,0.00154171208851039,0.00150956679135561,0.0015754607738927,0.00154093257151544,0.00153438211418688,0.00163607893045992,0.00164621986914426,0.00167164544109255,0.00169333349913359,0.00167389446869493,0.00165159348398447,0.0016884176293388,0.00170348607935011,0.00169412628747523,0.00167147652246058,0.00167690729722381,0.00168317940551788,0.00167956098448485,0.00166283082216978,0.00165358826052397,0.00161738507449627,0.00157972145825624,0.00149644864723086,0.00139690469950438,0.00129874155391008,0.00100875389762223,0.000667824933771044,0.000283408298855647,0.000282210821751505,0.000309295981423929,0.000337705627316609,0.000439825118519366,0.000650861242320389,0.000980679993517697,0.00107131549157202,0.00132526585366577,0.00157331908121705,0.00162439642008394,0.00162313692271709,0.00161436770576984,0.00161514431238174,3.98323099943809E-05,0.00153232563752681,0.00154750002548099,0.00150208442937583,0.00116161361802369,2.52699246630073E-05,9.90791249932954E-06,-9999,-9999,-9999,-9999,-9999,-9999,-9999,-9999,-9999,-9999,-9999,-9999,2.49578238253889E-06,3.71331111637119E-06,5.52608571524615E-06,8.23001755634323E-06,5.67227070860099E-05,0.000230483332416043,0.000648246554192156,0.0010662607382983,0.00118346593808383,0.00120442605111748,0.00121666898485273,0.00123262882698327,0.00125014828518033,0.00126838742289692,0.00128733774181455,0.00130404194351286,0.00131676509045064,0.00132591323927045,0.00133168150205165,0.00133542891126126,0.0013445969671011,0.00134958024136722,0.00133081688545644,0.00129140412900597,0.00122871226631105,0.00110339699313045,0.000760303344577551,0.0004113360773772,0.000290437223156914,0.000180421950062737,6.92250978318043E-05,6.65589905111119E-05,-9999,-9999,-9999,-9999,-9999,-9999,-9999,-9999,-9999,-9999,-9999,-9999,-9999,-9999,-9999,-9999
-9999,-9999,-9999,-9999,-9999,-9999,-9999,-9999,-9999,-9999,-9999,-9999,-9999,-9999,-9999,-9999,-9999,-9999,0.000251864432357252,0.000636543962173164,0.00144934037234634,0.00164021831005812,0.00164437806233764,0.00168820330873132,0.00170660461299121,0.00168615556322038,0.00176944769918919,0.00179498665966094,0.00177555694244802,0.00175210076849908,0.00172855099663138,0.00169738219119608,0.00166738522239029,0.00170593138318509,0.00169866229407489,0.00172198540531099,0.00171407451853156,0.00171726359985769,0.0017017952632159,0.00169505435042083,0.00168794859200716,0.00167839298956096,0.00167143577709794,0.00166319648269564,0.00165000394918025,0.00162387057207525,0.00159356847871095,0.00153911067172885,0.00145435077138245,0.00126643641851842,0.000793949118815362,0.000439231283962727,0.000559264561161399,0.0010163055267185,0.00121339526958764,0.00130908354185522,0.00131161301396787,0.00142910669092089,0.00157586927525699,0.00160782411694527,0.00160611455794424,0.00159321969840676,0.00158244837075472,0.00157370511442423,0.00155510799959302,0.00153558817692101,0.00145197112578899,2.18972181755817E-05,-9999,-9999,-9999,-9999,-9999,-9999,-9999,-9999,-9999,-9999,-9999,-9999,-9999,-9999,-9999,-9999,-9999,5.52716073798365E-06,8.23809023131616E-06,2.47345797106391E-05,0.000114009919343516,0.000384257466066629,0.000845042173750699,0.0011419125366956,0.00118973071221262,0.00120400311425328,0.00121442810632288,0.00122671038843691,0.00124297221191227,0.00126084173098207,0.00127592741046101,0.0012872542720288,0.00129405781626701,0.00129966752137989,0.00130682275630534,0.00131302850786597,0.00132109178230166,0.00131352699827403,0.00127652694936842,0.00122677464969456,0.00116278731729835,0.00102045782841742,0.000663613725919276,0.00040500785689801,0.000159513088874519,7.63615971663967E-05,6.71953457640484E-05,-9999,-9999,-9999,-9999,-9999,-9999,-9999,-9999,-9999,-9999,-9999,-9999,-9999,-9999,-9999,-9999
-9999,-9999,-9999,-9999,-9999,-9999,-9999,-9999,-9999,-9999,-9999,-9999,1.23776562759303E-05,3.66696294804569E-05,-9999,8.55378457345068E-05,0.000181224837433547,0.000682258978486061,0.00126702594570816,0.00154435634613037,0.00173700205050409,0.00179096614010632,0.00181654014158994,0.00181977183092386,0.00181246839929372,0.00182045099791139,0.00182071654126048,0.00180794938933104,0.00180251558776945,0.00178431160748005,0.00176308467052877,0.00174874742515385,0.00174401886761189,0.00174247054383159,0.00173767528031021,0.00173630530480295,0.00172939011827111,0.00172134628519416,0.00170918693765998,0.00169516878668219,0.00168089009821415,0.00166651443578303,0.00165749504230917,0.00165165169164538,0.00164545059669763,0.00163623387925327,0.00162413762882352,0.00160728313494474,0.00158391450531781,0.00153948226943612,0.00142993603367358,0.00119952531531453,0.00104695314075798,0.00112891476601362,0.00120405713096261,0.00129939755424857,0.00139726267661899,0.00155123474542052,0.0015891584334895,0.00157412921544164,0.00157079054042697,0.00156634789891541,0.00155965588055551,0.00155029154848307,0.0015374009963125,0.0015328018926084,1.70815110323019E-05,-9999,-9999,-9999,-9999,-9999,-9999,-9999,-9999,-9999,-9999,-9999,-9999,-9999,-9999,-9999,-9999,-9999,-9999,-9999,5.5227214943443E-06,8.23211303213611E-06,4.0436425479129E-05,0.000181153387529776,0.000551364151760936,0.0010046100942418,0.00116627314127982,0.00119037297554314,0.00120207131840289,0.0012057670392096,0.00121694733388722,0.00123194546904415,0.0012442369479686,0.00125390058383346,0.00125952064990997,0.00126181088853627,0.00126755295787007,0.0012785509461537,0.00128621817566454,0.00128566613420844,0.0012682470260188,0.00123235338833183,0.00119087414350361,0.00109390041325241,0.000801451329607517,0.000428849161835387,0.000172247076989152,8.31477154861204E-05,6.5503831137903E-05,-9999,-9999,-9999,-9999,-9999,-9999,-9999,-9999,-9999,-9999,-9999,-9999,-9999,-9999,-9999,-9999
-9999,-9999,-9999,-9999,-9999,-9999,-9999,-9999,-9999,-9999,1.20138029160444E-05,1.20400436571799E-05,1.2117447113269E-05,0.000135889611556195,0.000331343180732802,0.000878373102750629,0.00133793824352324,0.00155716924928129,0.0017077160300687,0.00178975239396095,0.00182383833453059,0.00183326553087682,0.00183595868293196,0.00183503143489361,0.00183191359974444,0.00182397314347327,0.00181627867277712,0.00180537346750498,0.00179212866351008,0.00177630828693509,0.00176047580316663,0.0017444504192099,0.00173235486727208,0.00172517343889922,0.00171879667323083,0.00171520106960088,0.00170981080736965,0.00170018139760941,0.0016876949230209,0.00167380960192531,0.00165908574126661,0.00164355605375022,0.00163138925563544,0.00162446708418429,0.00161853816825897,0.00161090865731239,0.00160209718160331,0.00159226544201374,0.00158106663729995,0.00157007563393563,0.00155763805378228,0.00154172780457884,0.00152813666500151,0.00152027315925807,0.00152569776400924,0.0015548967057839,0.0015697255730629,0.00157464831136167,0.00157269893679768,0.00155834236647934,0.00039577460847795,1.05441995401634E-05,1.05614608401083E-05,2.84286888927454E-05,0.00069445522967726,7.88094039307907E-05,-9999,-9999,-9999,-9999,-9999,-9999,-9999,-9999,-9999,-9999,-9999,-9999,-9999,-9999,-9999,-9999,-9999,-9999,-9999,-9999,-9999,5.51468292542268E-06,8.21622688818024E-06,4.20739233959466E-05,0.0002168798528146,0.000649892201181501,0.00107477931305766,0.00117443676572293,0.00118504755664617,0.00119075016118586,0.00119253899902105,0.00120159459766001,0.00121039326768368,0.00121979170944542,0.00122412980999798,0.0012264393735677,0.00122787966392934,0.00123947137035429,0.00124957121443003,0.0012522351462394,0.00124327244702727,0.00122442585416138,0.00117835204582661,0.00108447321690619,0.000882101128809154,0.00055871723452583,0.000204437339561991,9.01019957382232E-05,6.36218537692912E-05,-9999,-9999,-9999,-9999,-9999,-9999,-9999,-9999,-9999,-9999,-9999,-9999,-9999,-9999,-9999,-9999
-9999,-9999,-9999,-9999,-9999,-9999,-9999,-9999,8.12327925814316E-05,8.11984791653231E-05,1.92665393115021E-05,3.24220782204065E-05,0.000237687709159218,0.00107282621320337,0.00146278983447701,0.00160425005014986,0.00171071733348072,0.0017711971886456,0.00179592380300164,0.00181640964001417,0.00182591308839619,0.00182791729457676,0.00182805466465652,0.00182322156615555,0.00181606749538332,0.0018057688139379,0.00179290620144457,0.00177794357296079,0.00176313845440745,0.00174701935611665,0.0017307564849034,0.00171464891172945,0.00170147500466555,0.00169542175717652,0.00168849341571331,0.00168354529887438,0.001675586681813,0.00166541722137481,0.00165263377130032,0.00163689395412803,0.00162008171901107,0.00160363083705306,0.00159218267071992,0.0015862308209762,0.00157996965572238,0.00157199054956436,0.00156321853864938,0.00155415420886129,0.00154449639376253,0.00153649062849581,0.00153113517444581,0.00153068301733583,0.00153404555749148,0.00153963745106012,0.00154733285307884,0.00155243545304984,0.00155456177890301,0.00155583838932216,0.00155306363012642,0.00154186133295298,0.00149704795330763,1.04449418358854E-05,-9999,-9999,-9999,-9999,-9999,-9999,-9999,-9999,-9999,-9999,-9999,-9999,-9999,-9999,-9999,-9999,-9999,-9999,-9999,-9999,-9999,-9999,-9999,-9999,-9999,-9999,5.50203503735247E-06,8.19662909634644E-06,1.46149450301891E-05,0.000117829520604573,0.00053754064720124,0.00104049907531589,0.00116161210462451,0.00117553141899407,0.00117561395745724,0.00117481232155114,0.00117710384074599,0.00118508725427091,0.00119009171612561,0.00119444821029902,0.00119743135292083,0.00120171101298183,0.0012116739526391,0.00121646607294679,0.00121370039414614,0.00120157282799482,0.00116783170960844,0.00109981221612543,0.000941319507546723,0.000614288437645882,0.00021828809985891,8.72946839081123E-05,6.1706239648629E-05,-9999,-9999,-9999,-9999,-9999,-9999,-9999,-9999,-9999,-9999,-9999,-9999,-9999,-9999,-9999,-9999
-9999,-9999,-9999,-9999,-9999,-9999,-9999,-9999,7.98212859081104E-05,9.11212628125213E-05,0.000100624027254526,0.000390597298974171,0.00143242441117764,0.00164220947772264,0.00169101287610829,0.00173560599796474,0.00177446193993092,0.0017968243919313,0.00180869200266898,0.00181286036968231,0.0018135147402063,0.00181225151754916,0.00180734216701239,0.0017994127701968,0.00178927462548018,0.00177654449362308,0.00176003645174205,0.00174110545776784,0.00172654062043875,0.00171362538821995,0.00169936055317521,0.00168433622457087,0.00167203310411423,0.00166314747184515,0.00165698153432459,0.00165048718918115,0.00164226535707712,0.00163076038006693,0.00161641708109528,0.001599041512236,0.00158124568406492,0.00156415835954249,0.00155129923950881,0.001543422578834,0.00153503566980362,0.00152627844363451,0.00151783414185047,0.00151072663720697,0.00150264403782785,0.00149590673390776,0.00149151158984751,0.00149394199252129,0.00150094355922192,0.00151043094228953,0.00152019108645618,0.00152660463936627,0.00152900710236281,0.00152673793490976,0.00152401044033468,0.0015214899322018,0.00145143631380051,1.04036898846971E-05,-9999,-9999,-9999,-9999,-9999,-9999,-9999,-9999,-9999,-9999,-9999,-9999,-9999,-9999,-9999,-9999,-9999,-9999,-9999,-9999,-9999,-9999,-9999,-9999,-9999,-9999,-9999,-9999,8.1752659752965E-06,8.1688567661331E-06,1.65934361575637E-05,0.000166303070727736,0.00081637897528708,0.00113297707866877,0.00115656957495958,0.00115376140456647,0.00115027814172208,0.00115165126044303,0.00115649600047618,0.00115969765465707,0.00116446160245687,0.00116899772547185,0.00117524433881044,0.00118094158824533,0.00117907649837434,0.00117479113396257,0.00115191249642521,0.00110755779314786,0.000999538693577051,0.000628696056082845,0.000231399302720092,7.51840925659053E-05,6.14952950854786E-05,-9999,-9999,-9999,-9999,-9999,-9999,-9999,-9999,-9999,-9999,-9999,-9999,-9999,-9999,-9999,-9999
-9999,-9999,-9999,-9999,-9999,-9999,8.23743248474784E-05,8.1633472291287E-05,8.17085820017383E-05,0.000232699778280221,0.00109153322409838,0.00152121658902615,0.0016796262934804,0.00172044278588146,0.00175344571471214,0.00177260674536228,0.00178640498779714,0.00179422029759735,0.00179765117354691,0.00179600762203336,0.00179057358764112,0.00178437249269336,0.00177782739046961,0.00176768808159977,0.00175380380824208,0.00174234190490097,0.00172553455922753,0.00170877517666668,0.00169377622660249,0.00167872593738139,0.00166181824170053,0.00164921628311276,0.00163969688583165,0.00163065863307565,0.00162290199659765,0.00161531683988869,0.00160650978796184,0.00159689702559263,0.00158329855185002,0.00156653998419642,0.0015472968807444,0.00153169815894216,0.00151695101521909,0.00150618492625654,0.00149641942698509,0.00148811133112758,0.0014799878699705,0.00147077417932451,0.00146549928467721,0.0014594531385228,0.00145635358057916,0.00145953113678843,0.00146625668276101,0.00147693406324834,0.00148446636740118,0.0014928076416254,0.00149901176337153,0.0014970600605011,0.00148647569585592,0.000714323250576854,1.03402953754994E-05,-9999,-9999,-9999,-9999,-9999,-9999,-9999,-9999,-9999,-9999,-9999,-9999,-9999,-9999,-9999,-9999,-9999,-9999,-9999,-9999,-9999,-9999,-9999,-9999,-9999,-9999,-9999,-9999,-9999,-9999,-9999,-9999,8.06611114967382E-06,2.2567342966795E-05,0.000377961492631584,0.00102969852741808,0.0011302235070616,0.00112850998993963,0.00112310680560768,0.00112162448931485,0.00112613663077354,0.00113005260936916,0.00113651365973055,0.00114138296339661,0.00114523584488779,0.00114434224087745,0.00113931368105114,0.00112484698183835,0.00109737925231457,0.000998429721221328,0.000705740181729198,0.000318773265462369,6.34701791568659E-05,-9999,-9999,-9999,-9999,-9999,-9999,-9999,-9999,-9999,-9999,-9999,-9999,-9999,-9999,-9999,-9999,-9999
-9999,-9999,-9999,-9999,-9999,-9999,8.19831038825214E-05,0.000102706588222645,0.000386582891223952,0.00130467640701681,0.00160166795831174,0.0016907521057874,0.00172275176737458,0.00173809751868248,0.0017503002891317,0.00176081620156765,0.00177181418985128,0.00177941389847547,0.00178095267619938,0.00177526217885315,0.0017644859617576,0.00175588438287377,0.00174914381932467,0.0017378069460392,0.00172309170011431,0.00171081488952041,0.00169416260905564,0.00167643779423088,0.00166140159126371,0.00164498621597886,0.00162441865541041,0.00161199644207954,0.00159855070523918,0.00158641091547906,0.00157112535089254,0.00156258861534297,0.00155882013496011,0.00155516224913299,0.00154559244401753,0.00153398315887898,0.00151148193981498,0.00149998744018376,0.00148437533061951,0.00147404905874282,0.00146655761636794,0.00146300531923771,0.00145493820309639,0.00145228381734341,0.0014447596622631,0.00144399842247367,0.00143973832018673,0.0014457373181358,0.00145495356991887,0.00119164772331715,0.00137997220735997,0.00118318514432758,3.24856337101664E-05,1.01929126685718E-05,1.0227900929749E-05,-9999,-9999,-9999,-9999,-9999,-9999,-9999,-9999,-9999,-9999,-9999,-9999,-9999,-9999,-9999,-9999,-9999,-9999,-9999,-9999,-9999,-9999,-9999,-9999,-9999,-9999,-9999,-9999,-9999,-9999,-9999,-9999,-9999,-9999,-9999,7.91844740888337E-06,7.83799623604864E-06,0.000155694040586241,0.000906550674699247,0.00109969160985202,0.00109633535612375,0.00109008478466421,0.00109160598367453,0.00109802896622568,0.00110344123095274,0.00110857281833887,0.00110984174534678,0.00110722216777503,0.00110296334605664,0.00109265663195401,0.00107547512743622,0.00101140374317765,0.0007961142109707,0.00033409902243875,8.44346795929596E-05,6.7379507527221E-05,5.24471761309542E-05,-9999,-9999,-9999,-9999,-9999,-9999,-9999,-9999,-9999,-9999,-9999,-9999,-9999,-9999,-9999
-9999,-9999,-9999,-9999,0.000104797072708607,0.000116115043056197,8.24828603072092E-05,0.000354038056684658,0.00137528299819678,0.00163586169946939,0.00170292868278921,0.00171472236979753,0.00171817129012197,0.0017231188248843,0.00173030281439424,0.0017402907833457,0.00175188307184726,0.00176002748776227,0.00176068523433059,0.00175302429124713,0.00174015248194337,0.00172897160518914,0.00172648520674556,0.00170773861464113,0.00169357389677316,0.00168242724612355,0.00166188960429281,0.00165636325255036,0.00163987558335066,0.00162390084005892,0.00159966154024005,0.00158013042528182,0.00156143167987466,0.00155823561362922,0.00153541332110763,0.00153469876386225,0.00153535255230963,0.00152510404586792,0.00152933457866311,0.000208584140636958,0.00104478222783655,0.000852241646498442,0.00144768517930061,0.00102903647348285,0.00132347061298788,0.00143386051058769,0.00143531546927989,0.000762450450565666,0.000242947629885748,0.000686946033965796,9.64801001828164E-05,8.36102844914421E-05,9.87072871794226E-06,9.90374246612191E-06,-9999,-9999,-9999,-9999,-9999,-9999,-9999,-9999,-9999,-9999,-9999,-9999,-9999,-9999,-9999,-9999,-9999,-9999,-9999,-9999,-9999,-9999,-9999,-9999,-9999,-9999,-9999,-9999,-9999,-9999,-9999,-9999,-9999,-9999,-9999,-9999,-9999,-9999,-9999,-9999,-9999,5.14594648848288E-06,7.53563517719158E-06,0.000244272639974952,0.00100992061197758,0.00106712931301445,0.00105995638296008,0.00105908676050603,0.00106727238744497,0.00107199803460389,0.00107475614640862,0.00107394345104694,0.00106997252441943,0.00106545386370271,0.00105968397110701,0.00104808120522648,0.00100572290830314,0.000765616074204445,0.000268713920377195,5.15087340318132E-05,5.0871261919383E-05,3.61445963790175E-05,5.23799135407899E-05,-9999,-9999,-9999,-9999,-9999,-9999,-9999,-9999,-9999,-9999,-9999,-9999,-9999,-9999
-9999,-9999,-9999,-9999,8.36948238429613E-05,0.000129473395645618,0.000196444467292167,0.00130583299323916,0.00165456742979586,0.00171030254568905,0.00171329150907695,0.00170767772942781,0.00170445209369063,0.00170208641793579,0.00170342810451984,0.00171102699823678,0.00172346294857562,0.00173898017965257,0.00174011930357665,0.00135667889844626,1.81084305950208E-05,1.17672771011712E-05,1.1714317224687E-05,1.16401843115455E-05,1.15542361527332E-05,1.14610702439677E-05,5.47137024113908E-05,1.1244082088524E-05,4.23691017203964E-05,1.09885886558914E-05,0.000141081371111795,0.00111421733163297,0.00147514836862683,0.00142505601979792,0.00152048957534134,0.00148946023546159,0.00151188136078417,0.00149675342254341,0.000431534252129495,1.03434613265563E-05,1.02363574114861E-05,1.01462937891483E-05,1.00649749583681E-05,9.99681014945963E-06,9.93783032754436E-06,9.89514774119016E-06,9.86975373962196E-06,-9999,-9999,-9999,-9999,-9999,-9999,-9999,-9999,-9999,-9999,-9999,-9999,-9999,-9999,-9999,-9999,-9999,-9999,-9999,-9999,-9999,-9999,-9999,-9999,-9999,-9999,-9999,-9999,-9999,-9999,-9999,-9999,-9999,-9999,-9999,-9999,-9999,-9999,-9999,-9999,-9999,-9999,-9999,-9999,-9999,-9999,-9999,-9999,-9999,7.31898762751371E-06,4.88685800519306E-05,0.000875261961482465,0.00103053299244493,0.00103097211103886,0.00102608243469149,0.00103309075348079,0.00103732431307435,0.00103858567308635,0.00103734456934035,0.00103227712679654,0.00102736300323159,0.0010226599406451,0.00101478234864771,0.000986163737252355,0.000820060493424535,0.000412426597904414,0.000138400035211816,2.43292779487092E-05,8.22396032162942E-05,4.97654073114973E-05,-9999,-9999,-9999,-9999,-9999,-9999,-9999,-9999,-9999,-9999,-9999,-9999,-9999,-9999
-9999,-9999,-9999,-9999,-9999,8.23216469143517E-05,0.000946754997130483,0.00163845380302519,0.00171067472547293,0.00171537871938199,0.00170499784871936,0.0016930082347244,0.00168622960336506,0.00167575955856591,0.00167289772070944,0.00168548326473683,0.00101610354613513,1.16653382065124E-05,1.17386607598746E-05,1.17678291644552E-05,-9999,-9999,-9999,-9999,-9999,-9999,-9999,-9999,-9999,-9999,-9999,-9999,-9999,3.91038993257098E-05,0.000113833615614567,9.83204008662142E-05,0.000130746688228101,1.04099653981393E-05,-9999,-9999,-9999,-9999,-9999,-9999,-9999,-9999,-9999,-9999,-9999,-9999,-9999,-9999,-9999,-9999,-9999,-9999,-9999,-9999,-9999,-9999,-9999,-9999,-9999,-9999,-9999,-9999,-9999,-9999,-9999,-9999,-9999,-9999,-9999,-9999,-9999,-9999,-9999,-9999,-9999,-9999,-9999,-9999,-9999,-9999,-9999,-9999,-9999,-9999,-9999,-9999,-9999,-9999,-9999,-9999,-9999,-9999,4.7827106754994E-06,6.97272434990737E-06,0.000741209951229393,0.000994871254079044,0.000997517840005457,0.000992478453554213,0.00100132345687598,0.00100111111532897,0.00100127491168678,0.000999928684905171,0.000996261951513588,0.00099192070774734,0.000986033701337874,0.000979903154075146,0.00096644792938605,0.000872645701747388,0.000566699542105198,0.000165529258083552,9.07882931642234E-05,5.49369578948244E-05,-9999,-9999,-9999,-9999,-9999,-9999,-9999,-9999,-9999,-9999,-9999,-9999,-9999,-9999,-9999
-9999,-9999,-9999,-9999,-9999,0.000326525798300281,0.00153652101289481,0.00170226430054754,0.00171974184922874,0.00170993234496564,0.00169481639750302,0.00167801533825696,0.00166168971918523,0.00165235437452793,0.00164722313638777,0.000189461949048564,1.14990034489892E-05,7.75411717768293E-06,-9999,-9999,-9999,-9999,-9999,-9999,-9999,-9999,-9999,-9999,-9999,-9999,-9999,-9999,-9999,-9999,-9999,-9999,-9999,-9999,-9999,-9999,-9999,-9999,-9999,-9999,-9999,-9999,-9999,-9999,-9999,-9999,-9999,-9999,-9999,-9999,-9999,-9999,-9999,-9999,-9999,-9999,-9999,-9999,-9999,-9999,-9999,-9999,-9999,-9999,-9999,-9999,-9999,-9999,-9999,-9999,-9999,-9999,-9999,-9999,-9999,-9999,-9999,-9999,-9999,-9999,-9999,-9999,-9999,-9999,-9999,-9999,-9999,-9999,-9999,-9999,-9999,-9999,-9999,6.70923600409878E-06,0.000558165484108031,0.000961410638410598,0.000963879050686955,0.000960610748734325,0.000967314466834068,0.000964445236604661,0.00096314528491348,0.000962430145591497,0.000961231358814985,0.000958018412347883,0.000953337585087866,0.000947468390222639,0.000936115626245737,0.00089611962903291,0.000644179177470505,0.000322748092003167,6.17219338892028E-05,4.4514330511447E-05,-9999,-9999,-9999,-9999,-9999,-9999,-9999,-9999,-9999,-9999,-9999,-9999,-9999,-9999,-9999
-9999,-9999,8.58152998262085E-05,8.50474170874804E-05,8.35624668980017E-05,0.000900271930731833,0.00167092902120203,0.00171652249991894,0.00171666545793414,0.00170073437038809,0.00168265623506159,0.00166261487174779,0.00164567492902279,0.00162171584088355,9.81076082098298E-05,1.13595451693982E-05,7.65378445066744E-06,-9999,-9999,-9999,-9999,-9999,-9999,-9999,-9999,-9999,-9999,-9999,-9999,-9999,-9999,-9999,-9999,-9999,-9999,-9999,-9999,-9999,-9999,-9999,-9999,-9999,-9999,-9999,-9999,-9999,-9999,-9999,-9999,-9999,-9999,-9999,-9999,-9999,-9999,-9999,-9999,-9999,-9999,-9999,-9999,-9999,-9999,-9999,-9999,-9999,-9999,-9999,-9999,-9999,-9999,-9999,-9999,-9999,-9999,-9999,-9999,-9999,-9999,-9999,-9999,-9999,-9999,-9999,-9999,-9999,-9999,-9999,-9999,-9999,-9999,-9999,-9999,-9999,-9999,-9999,-9999,6.4957885115291E-06,0.000321809318847954,0.000928813416976482,0.000934143143240362,0.000927863060496747,0.000927686574868858,0.000928565044887364,0.000925068103242666,0.000927225686609745,0.000927834655158222,0.000925803964491934,0.000921399798244238,0.000915728625841439,0.00090788904344663,0.000882136926520616,0.000773839768953621,0.000487936602439731,0.000259757216554135,5.85534908168484E-05,-9999,-9999,-9999,-9999,-9999,-9999,-9999,-9999,-9999,-9999,-9999,-9999,-9999,-9999,-9999
-9999,-9999,-9999,-9999,0.00010362605098635,0.00141131842974573,0.00169667054433376,0.00171799457166344,0.00170847307890654,0.00168750912416726,0.00166796008124948,0.00164931279141456,0.00163561617955565,0.000140786927659065,1.12504603748675E-05,7.57113093641237E-06,-9999,-9999,-9999,-9999,-9999,-9999,-9999,-9999,-9999,-9999,-9999,-9999,-9999,-9999,-9999,-9999,-9999,-9999,-9999,-9999,-9999,-9999,-9999,-9999,-9999,-9999,-9999,-9999,-9999,-9999,-9999,-9999,-9999,-9999,-9999,-9999,-9999,-9999,-9999,-9999,-9999,-9999,-9999,-9999,-9999,-9999,-9999,-9999,-9999,-9999,-9999,-9999,-9999,-9999,-9999,-9999,-9999,-9999,-9999,-9999,-9999,-9999,-9999,-9999,-9999,-9999,-9999,-9999,-9999,-9999,-9999,-9999,-9999,-9999,-9999,-9999,-9999,-9999,-9999,-9999,-9999,6.30758859188063E-06,0.000167118385434151,0.000894247030373663,0.000901829334907234,0.000898613652680069,0.000894176948349923,0.000894825556315482,0.000890451308805496,0.000893678166903555,0.000897052988875657,0.000895095872692764,0.000890434952452779,0.0008853615145199,0.000877155805937946,0.000862441665958613,0.000821297871880233,0.000709928281139582,0.000439469411503524,0.000130173226352781,-9999,-9999,-9999,-9999,-9999,-9999,-9999,-9999,-9999,-9999,-9999,-9999,-9999,-9999,-9999
-9999,-9999,-9999,-9999,0.000219711524550803,0.00153318583033979,0.00170215056277812,0.00171303609386086,0.00169870455283672,0.00167376862373203,0.00165475788526237,0.00163853506091982,0.00109894736669958,1.11769022623776E-05,7.50192202758626E-06,-9999,-9999,-9999,-9999,-9999,-9999,-9999,-9999,-9999,-9999,-9999,-9999,-9999,-9999,-9999,-9999,-9999,-9999,-9999,-9999,-9999,-9999,-9999,-9999,-9999,-9999,-9999,-9999,-9999,-9999,-9999,-9999,-9999,-9999,-9999,-9999,-9999,-9999,-9999,-9999,-9999,-9999,-9999,-9999,-9999,-9999,-9999,-9999,-9999,-9999,-9999,-9999,-9999,-9999,-9999,-9999,-9999,-9999,-9999,-9999,-9999,-9999,-9999,-9999,-9999,-9999,-9999,-9999,-9999,-9999,-9999,-9999,-9999,-9999,-9999,-9999,-9999,-9999,-9999,-9999,-9999,-9999,6.13735983279184E-06,6.65304833091795E-05,0.000855534512083977,0.00086899142479524,0.000870128627866507,0.000863273628056049,0.000860682921484113,0.000859420921187848,0.000859720224980265,0.000863864435814321,0.000862201675772667,0.000859463238157332,0.000854777696076781,0.000848105177283287,0.00083829351933673,0.000819590815808624,0.000779830850660801,0.000650928704999387,0.000349000882124528,4.73373511340469E-05,-9999,-9999,-9999,-9999,-9999,-9999,-9999,-9999,-9999,-9999,-9999,-9999,-9999,-9999
-9999,-9999,-9999,-9999,0.000177873473148793,0.00150900334119797,0.00169821653980762,0.00170515803620219,0.00168829597532749,0.00166316493414342,0.00164514686912298,0.00162903871387243,1.11111385194818E-05,7.45267243473791E-06,5.00804344483186E-06,-9999,-9999,-9999,-9999,-9999,-9999,-9999,-9999,-9999,-9999,-9999,-9999,-9999,-9999,-9999,-9999,-9999,-9999,-9999,-9999,-9999,-9999,-9999,-9999,-9999,-9999,-9999,-9999,-9999,-9999,-9999,-9999,-9999,-9999,-9999,-9999,-9999,-9999,-9999,-9999,-9999,-9999,-9999,-9999,-9999,-9999,-9999,-9999,-9999,-9999,-9999,-9999,-9999,-9999,-9999,-9999,-9999,-9999,-9999,-9999,-9999,-9999,-9999,-9999,-9999,-9999,-9999,-9999,-9999,-9999,-9999,-9999,-9999,-9999,-9999,-9999,-9999,-9999,-9999,-9999,-9999,-9999,3.97316080125165E-06,5.86555097470409E-06,0.000807283096946776,0.000840023159980774,0.000841437489725649,0.000836743391118944,0.000828697578981519,0.000829334603622556,0.000829751777928323,0.000830045784823596,0.000830184319056571,0.000828727323096246,0.000825696100946516,0.000819862470962107,0.000810991215985268,0.000800504523795098,0.000780976784881204,0.000720270327292383,0.000519866007380188,0.000161491363542154,3.65543346561026E-05,-9999,-9999,-9999,-9999,-9999,-9999,-9999,-9999,-9999,-9999,-9999,-9999,-9999
-9999,-9999,-9999,-9999,9.22639083000831E-05,0.00137138250283897,0.00168791133910418,0.00169757078401744,0.00168296077754349,0.00165830086916685,0.00163952575530857,0.00161908532027155,1.10599494291819E-05,7.41221083444543E-06,-9999,-9999,-9999,-9999,-9999,-9999,-9999,-9999,-9999,-9999,-9999,-9999,-9999,-9999,-9999,-9999,-9999,-9999,-9999,-9999,-9999,-9999,-9999,-9999,-9999,-9999,-9999,-9999,-9999,-9999,-9999,-9999,-9999,-9999,-9999,-9999,-9999,-9999,-9999,-9999,-9999,-9999,-9999,-9999,-9999,-9999,-9999,-9999,-9999,-9999,-9999,-9999,-9999,-9999,-9999,-9999,-9999,-9999,-9999,-9999,-9999,-9999,-9999,-9999,-9999,-9999,-9999,-9999,-9999,-9999,-9999,-9999,-9999,-9999,-9999,-9999,-9999,-9999,-9999,-9999,-9999,-9999,-9999,3.88166427001124E-06,5.67423694519675E-06,0.000759370625019073,0.000812127022072673,0.000812471145763993,0.000811879814136773,0.000803331902716309,0.000799408822786063,0.000800056091975421,0.000800572743173689,0.000803295290097594,0.000802220718469471,0.000799948291387409,0.000793845218140632,0.000785686133895069,0.000777584151364863,0.000763793534133583,0.000725051620975137,0.000637243269011378,0.000372641661670059,6.9615532993339E-05,4.95444000989664E-05,5.0389471653034E-06,-9999,-9999,-9999,-9999,-9999,-9999,-9999,-9999,-9999,-9999,-9999
-9999,-9999,-9999,-9999,8.23107475298457E-05,0.000741647440008819,0.00165236229076982,0.00169208936858922,0.00168441864661872,0.00166651397012174,0.00164461554959416,0.00162515765987337,2.44579878199147E-05,1.10075397969922E-05,-9999,-9999,-9999,-9999,-9999,-9999,-9999,-9999,-9999,-9999,-9999,-9999,-9999,-9999,-9999,-9999,-9999,-9999,-9999,-9999,-9999,-9999,-9999,-9999,-9999,-9999,-9999,-9999,-9999,-9999,-9999,-9999,-9999,-9999,-9999,-9999,-9999,-9999,-9999,-9999,-9999,-9999,-9999,-9999,-9999,-9999,-9999,-9999,-9999,-9999,-9999,-9999,-9999,-9999,-9999,-9999,-9999,-9999,-9999,-9999,-9999,-9999,-9999,-9999,-9999,-9999,-9999,-9999,-9999,-9999,-9999,-9999,-9999,-9999,-9999,-9999,-9999,-9999,-9999,-9999,-9999,-9999,-9999,-9999,5.48687012269511E-06,0.000722805212717503,0.000785436539445072,0.000784479430876672,0.000788424338679761,0.000780476024374366,0.000774693791754544,0.000775985477957875,0.000778392422944307,0.000778739457018673,0.000778938876464963,0.000775742577388883,0.000770749582443386,0.000763628573622555,0.000756409834139049,0.000746417441405356,0.00071840436430648,0.000653845199849457,0.000490996171720326,0.000114824695629068,3.92133224522695E-05,-9999,-9999,-9999,-9999,-9999,-9999,-9999,-9999,-9999,-9999,-9999,-9999
-9999,-9999,-9999,-9999,8.2262500654906E-05,0.000323811458656564,0.00152892398182303,0.00168340804520994,0.0016824419144541,0.00167332636192441,0.00165584334172308,0.00163467391394079,0.00110328732989728,1.09787024484831E-05,-9999,-9999,-9999,-9999,-9999,-9999,-9999,-9999,-9999,-9999,-9999,-9999,-9999,-9999,-9999,-9999,-9999,-9999,-9999,-9999,-9999,-9999,-9999,-9999,-9999,-9999,-9999,-9999,-9999,-9999,-9999,-9999,-9999,-9999,-9999,-9999,-9999,-9999,-9999,-9999,-9999,-9999,-9999,-9999,-9999,-9999,-9999,-9999,-9999,-9999,-9999,-9999,-9999,-9999,-9999,-9999,-9999,-9999,-9999,-9999,-9999,-9999,-9999,-9999,-9999,-9999,-9999,-9999,-9999,-9999,-9999,-9999,-9999,-9999,-9999,-9999,-9999,-9999,-9999,-9999,-9999,-9999,-9999,-9999,5.3502844821196E-06,0.000646408938337117,0.000763204763643444,0.000762340088840574,0.000765788310673088,0.000763880787417293,0.000756135035771877,0.000751135987229645,0.000755007553379983,0.000754791893996298,0.000754463544581085,0.00075178878614679,0.000748696969822049,0.00074315257370472,0.000737170747015625,0.00072685262421146,0.000706061953678727,0.000654121802654117,0.000563807669095695,0.000213813051232137,3.84468257834669E-05,3.42353814630769E-05,3.43903302564286E-05,-9999,-9999,-9999,-9999,-9999,-9999,-9999,-9999,-9999,-9999
-9999,-9999,-9999,-9999,-9999,9.08655056264251E-05,0.00124728854279965,0.0016682610148564,0.00167929287999868,0.00167426990810782,0.00166179076768458,0.00164003623649478,0.0016124852700159,1.09633492684225E-05,-9999,-9999,-9999,-9999,-9999,-9999,-9999,-9999,-9999,-9999,-9999,-9999,-9999,-9999,-9999,-9999,-9999,-9999,-9999,-9999,-9999,-9999,-9999,-9999,-9999,-9999,-9999,-9999,-9999,-9999,-9999,-9999,-9999,-9999,-9999,-9999,-9999,-9999,-9999,-9999,-9999,-9999,-9999,-9999,-9999,-9999,-9999,-9999,-9999,-9999,-9999,-9999,-9999,-9999,-9999,-9999,-9999,-9999,-9999,-9999,-9999,-9999,-9999,-9999,-9999,-9999,-9999,-9999,-9999,-9999,-9999,-9999,-9999,-9999,-9999,-9999,-9999,-9999,-9999,-9999,-9999,-9999,-9999,-9999,5.25139193996438E-06,0.000510157435201108,0.000738485541660339,0.000744077959097922,0.000745277560781687,0.00074491830309853,0.000737113412469625,0.000729075341951102,0.000733140856027603,0.000732849119231105,0.000733047665562481,0.000730090716388077,0.000727775390259922,0.000723752076737583,0.000718434923328459,0.000710216350853443,0.000696570088621229,0.000671349174808711,0.000535725150257349,0.000324514869134873,0.000120274286018685,8.03283764980733E-05,4.73313084512483E-05,3.42243583872914E-05,-9999,-9999,-9999,-9999,-9999,-9999,-9999,-9999,-9999
-9999,-9999,-9999,-9999,-9999,1.84904201887548E-05,0.000879499129951,0.00163275888189673,0.00167621171567589,0.00167421449441463,0.00166465761139989,0.00164334441069514,0.00161443254910409,1.09680886453134E-05,-9999,-9999,-9999,-9999,-9999,-9999,-9999,-9999,-9999,-9999,-9999,-9999,-9999,-9999,-9999,-9999,-9999,-9999,-9999,-9999,-9999,-9999,-9999,-9999,-9999,-9999,-9999,-9999,-9999,-9999,-9999,-9999,-9999,-9999,-9999,-9999,-9999,-9999,-9999,-9999,-9999,-9999,-9999,-9999,-9999,-9999,-9999,-9999,-9999,-9999,-9999,-9999,-9999,-9999,-9999,-9999,-9999,-9999,-9999,-9999,-9999,-9999,-9999,-9999,-9999,-9999,-9999,-9999,-9999,-9999,-9999,-9999,-9999,-9999,-9999,-9999,-9999,-9999,-9999,-9999,-9999,-9999,-9999,-9999,5.18843989993911E-06,0.000168667495017871,0.000710903608705848,0.000726996804587543,0.000727083650417626,0.000726046913769096,0.000719578354619443,0.000712450128048658,0.000713625224307179,0.000715670350473374,0.000714611320290715,0.000710228749085218,0.000707506609614938,0.00070406636223197,0.000699437980074435,0.000694256101269275,0.000683902588207275,0.000651599373668432,0.000550720258615911,0.000454105640528724,0.000355642870999873,0.000296128477202728,8.80259176483378E-05,3.35510667355265E-05,-9999,-9999,-9999,-9999,-9999,-9999,-9999,-9999,-9999
-9999,-9999,-9999,-9999,-9999,1.13600217446219E-05,0.000632345152553171,0.00162930611986667,0.00167310936376452,0.0016738356789574,0.00166596984490752,0.00164372974541038,0.00159849890042096,1.09801094367867E-05,-9999,-9999,-9999,-9999,-9999,-9999,-9999,-9999,-9999,-9999,-9999,-9999,-9999,-9999,-9999,-9999,-9999,-9999,-9999,-9999,-9999,-9999,-9999,-9999,-9999,-9999,-9999,-9999,-9999,-9999,-9999,-9999,-9999,-9999,-9999,-9999,-9999,-9999,-9999,-9999,-9999,-9999,-9999,-9999,-9999,-9999,-9999,-9999,-9999,-9999,-9999,-9999,-9999,-9999,-9999,-9999,-9999,-9999,-9999,-9999,-9999,-9999,-9999,-9999,-9999,-9999,-9999,-9999,-9999,-9999,-9999,-9999,-9999,-9999,-9999,-9999,-9999,-9999,-9999,-9999,-9999,-9999,-9999,-9999,-9999,4.99835005030036E-06,0.00068775744875893,0.00070765387499705,0.000711272587068379,0.000708871113602072,0.000702880148310214,0.000695397786330432,0.000695886788889766,0.000698402407579124,0.000696668459568173,0.000693197129294276,0.000689365901052952,0.000686378392856568,0.000681864737998694,0.000677489791996777,0.000670844805426896,0.000647521985229105,0.000618709425907582,0.000579485960770398,0.000493496714625508,0.000310598581563681,0.000116455725219566,3.27174639096484E-05,-9999,-9999,-9999,-9999,-9999,-9999,-9999,-9999,-9999
-9999,-9999,-9999,-9999,-9999,-9999,0.000383829872589558,0.00163242570124567,0.00167011958546937,0.00167320866603404,0.00166415132116526,0.00163817743305117,0.00161776004824787,-9999,-9999,-9999,-9999,-9999,-9999,-9999,-9999,-9999,-9999,-9999,-9999,-9999,-9999,-9999,-9999,-9999,-9999,-9999,-9999,-9999,-9999,-9999,-9999,-9999,-9999,-9999,-9999,-9999,-9999,-9999,-9999,-9999,-9999,-9999,-9999,-9999,-9999,-9999,-9999,-9999,-9999,-9999,-9999,-9999,-9999,-9999,-9999,-9999,-9999,-9999,-9999,-9999,-9999,-9999,-9999,-9999,-9999,-9999,-9999,-9999,-9999,-9999,-9999,-9999,-9999,-9999,-9999,-9999,-9999,-9999,-9999,-9999,-9999,-9999,-9999,-9999,-9999,-9999,-9999,-9999,-9999,-9999,-9999,-9999,-9999,4.89903504785616E-06,0.000636197219137102,0.000690926506649703,0.000697479175869375,0.000695483933668584,0.000689840759150684,0.000683332676999271,0.000681550067383796,0.000682401529047638,0.000679749413393438,0.00067697511985898,0.000673177419230342,0.000669066561385989,0.000664843479171395,0.000660715973936021,0.000657493656035513,0.000650501344352961,0.000636282027699053,0.000592363940086216,0.00051329453708604,0.000382068828912452,0.000196239183424041,3.97049298044294E-05,-9999,-9999,-9999,-9999,-9999,-9999,-9999,-9999,-9999
-9999,-9999,-9999,-9999,-9999,-9999,0.000288837880361825,0.00163281161803752,0.00167150516062975,0.00167188048362732,0.00165769341401756,0.00163117446936667,0.00160166365094483,-9999,-9999,-9999,-9999,-9999,-9999,-9999,-9999,-9999,-9999,-9999,-9999,-9999,-9999,-9999,-9999,-9999,-9999,-9999,-9999,-9999,-9999,-9999,-9999,-9999,-9999,-9999,-9999,-9999,-9999,-9999,-9999,-9999,-9999,-9999,-9999,-9999,-9999,-9999,-9999,-9999,-9999,-9999,-9999,-9999,-9999,-9999,-9999,-9999,-9999,-9999,-9999,-9999,-9999,-9999,-9999,-9999,-9999,-9999,-9999,-9999,-9999,-9999,-9999,-9999,-9999,-9999,-9999,-9999,-9999,-9999,-9999,-9999,-9999,-9999,-9999,-9999,-9999,-9999,-9999,-9999,-9999,-9999,-9999,-9999,-9999,4.82275208923966E-06,0.000418477575294673,0.000678959477227181,0.00068510405253619,0.000682447978761047,0.000676786992698908,0.000671627873089164,0.000666662759613246,0.000668867432978004,0.000666013744194061,0.000663059763610363,0.000659097218886018,0.000655265699606389,0.000650762522127479,0.000646563014015555,0.00064339826349169,0.000639563717413694,0.000629932794254273,0.000607318128459156,0.000557992781978101,0.00042829746962525,0.000298593280604109,7.3770024755504E-05,3.80238125217147E-05,3.0233681172831E-05,-9999,-9999,-9999,-9999,-9999,-9999,-9999
-9999,-9999,-9999,-9999,-9999,-9999,0.000459102942841128,0.00165817223023623,0.00167577841784805,0.00166891003027558,0.00164935016073287,0.00162378849927336,0.00146930501796305,-9999,-9999,-9999,-9999,-9999,-9999,-9999,-9999,-9999,-9999,-9999,-9999,-9999,-9999,-9999,-9999,-9999,-9999,-9999,-9999,-9999,-9999,-9999,-9999,-9999,-9999,-9999,-9999,-9999,-9999,-9999,-9999,-9999,-9999,-9999,-9999,-9999,-9999,-9999,-9999,-9999,-9999,-9999,-9999,-9999,-9999,-9999,-9999,-9999,-9999,-9999,-9999,-9999,-9999,-9999,-9999,-9999,-9999,-9999,-9999,-9999,-9999,-9999,-9999,-9999,-9999,-9999,-9999,-9999,-9999,-9999,-9999,-9999,-9999,-9999,-9999,-9999,-9999,-9999,-9999,-9999,-9999,-9999,-9999,-9999,-9999,4.76217564937542E-06,2.81011180049973E-05,0.000668721622787416,0.000672072579618543,0.00066995300585404,0.000663327693473548,0.000657731725368649,0.000653806026093662,0.000654810341075063,0.000654375762678683,0.000651426671538502,0.00064663658849895,0.000642075785435736,0.000638100667856634,0.000634652969893068,0.000630385882686824,0.000627606583293527,0.00061950262170285,0.000602087879087776,0.000563228561077267,0.000494185194838792,0.000349002773873508,0.000131448468891904,6.45407635602169E-05,4.63694959762506E-05,2.93966768367682E-05,-9999,-9999,-9999,-9999,-9999,-9999
-9999,-9999,-9999,-9999,-9999,-9999,-9999,-9999,-9999,-9999,-9999,-9999,-9999,-9999,-9999,-9999,-9999,-9999,-9999,-9999,-9999,-9999,-9999,-9999,-9999,-9999,-9999,-9999,-9999,-9999,-9999,-9999,-9999,-9999,-9999,-9999,-9999,-9999,-9999,-9999,-9999,-9999,-9999,-9999,-9999,-9999,-9999,-9999,-9999,-9999,-9999,-9999,-9999,-9999,-9999,-9999,-9999,-9999,-9999,-9999,-9999,-9999,-9999,-9999,-9999,-9999,-9999,-9999,-9999,-9999,-9999,-9999,-9999,-9999,-9999,-9999,-9999,-9999,-9999,-9999,-9999,-9999,-9999,-9999,-9999,-9999,-9999,-9999,-9999,-9999,-9999,-9999,-9999,-9999,-9999,-9999,-9999,-9999,-9999,-9999,4.598726718541E-06,0.000641171005554497,0.000659172190353274,0.000657737953588367,0.000652107060886919,0.000646468251943588,0.00064215820748359,0.00064326828578487,0.000644452113192528,0.000640052196104079,0.000635421951301396,0.00063094001961872,0.000625967571977526,0.000622897117864341,0.000619085738435388,0.000615830824244767,0.000611597497481853,0.000601100095082074,0.000576058228034526,0.000519544177222997,0.000378414610167965,0.000199558824533597,0.000128058294649236,9.50638423091732E-05,5.02786642755382E-05,2.85015139525058E-05,-9999,-9999,-9999,-9999,-9999
-9999,-9999,-9999,-9999,-9999,-9999,-9999,-9999,-9999,-9999,-9999,-9999,-9999,-9999,-9999,-9999,-9999,-9999,-9999,-9999,-9999,-9999,-9999,-9999,-9999,-9999,-9999,-9999,-9999,-9999,-9999,-9999,-9999,-9999,-9999,-9999,-9999,-9999,-9999,-9999,-9999,-9999,-9999,-9999,-9999,-9999,-9999,-9999,-9999,-9999,-9999,-9999,-9999,-9999,-9999,-9999,-9999,-9999,-9999,-9999,-9999,-9999,-9999,-9999,-9999,-9999,-9999,-9999,-9999,-9999,-9999,-9999,-9999,-9999,-9999,-9999,-9999,-9999,-9999,-9999,-9999,-9999,-9999,-9999,-9999,-9999,-9999,-9999,-9999,-9999,-9999,-9999,-9999,-9999,-9999,-9999,-9999,-9999,-9999,-9999,4.52493668490206E-06,0.000484706863062456,0.000649692199658602,0.000645755382720381,0.000641050981357694,0.000635032949503511,0.000630034075584263,0.000632886774837971,0.000633895513601601,0.000629414862487465,0.000623399624601007,0.000619513972196728,0.000614164338912815,0.00061159097822383,0.000608671572990716,0.000607416208367795,0.000603791151661426,0.00059646344743669,0.0005703623755835,0.000510251382365823,0.000388664338970557,0.00024582096375525,0.000179554903297685,0.000103308935649693,6.81896490277722E-05,3.13955169986002E-05,2.76954524451867E-05,-9999,-9999,-9999,-9999
-9999,-9999,-9999,-9999,-9999,-9999,-9999,-9999,-9999,-9999,-9999,-9999,-9999,-9999,-9999,-9999,-9999,-9999,-9999,-9999,-9999,-9999,-9999,-9999,-9999,-9999,-9999,-9999,-9999,-9999,-9999,-9999,-9999,-9999,-9999,-9999,-9999,-9999,-9999,-9999,-9999,-9999,-9999,-9999,-9999,-9999,-9999,-9999,-9999,-9999,-9999,-9999,-9999,-9999,-9999,-9999,-9999,-9999,-9999,-9999,-9999,-9999,-9999,-9999,-9999,-9999,-9999,-9999,-9999,-9999,-9999,-9999,-9999,-9999,-9999,-9999,-9999,-9999,-9999,-9999,-9999,-9999,-9999,-9999,-9999,-9999,-9999,-9999,-9999,-9999,-9999,-9999,-9999,-9999,-9999,-9999,-9999,-9999,-9999,-9999,4.47413367510308E-06,1.14663962449413E-05,0.000641937018372118,0.000635437143500894,0.00063100759871304,0.0006244110991247,0.00062071590218693,0.000623525818809867,0.000623952480964363,0.000619940576143563,0.000613695126958191,0.000609416631050408,0.000603886321187019,0.000600631872657686,0.000598787446506321,0.000597615668084472,0.00059173972113058,0.000582565029617399,0.000562148692552,0.000501516566146165,0.000413310655858368,0.000311411276925355,0.000223571012611501,0.000135064561618492,7.44691060390323E-05,3.85614112019539E-05,2.72752422461053E-05,-9999,-9999,-9999,-9999
-9999,-9999,-9999,-9999,-9999,-9999,-9999,-9999,-9999,-9999,-9999,-9999,-9999,-9999,-9999,-9999,-9999,-9999,-9999,-9999,-9999,-9999,-9999,-9999,-9999,-9999,-9999,-9999,-9999,-9999,-9999,-9999,-9999,-9999,-9999,-9999,-9999,-9999,-9999,-9999,-9999,-9999,-9999,-9999,-9999,-9999,-9999,-9999,-9999,-9999,-9999,-9999,-9999,-9999,-9999,-9999,-9999,-9999,-9999,-9999,-9999,-9999,-9999,-9999,-9999,-9999,-9999,-9999,-9999,-9999,-9999,-9999,-9999,-9999,-9999,-9999,-9999,-9999,-9999,-9999,-9999,-9999,-9999,-9999,-9999,-9999,-9999,-9999,-9999,-9999,-9999,-9999,-9999,-9999,-9999,-9999,-9999,-9999,-9999,-9999,-9999,4.37477319792379E-06,0.000589647446759045,0.000624749343842268,0.000620919454377145,0.000614962889812887,0.000612659961916506,0.000613829935900867,0.000614419404882938,0.000611032999586314,0.0006041603628546,0.000599459279328585,0.000594006443861872,0.000589776609558612,0.000587508780881763,0.000586929672863334,0.000585757661610842,0.000580309657379985,0.000557677820324898,0.000502736191265285,0.000420917058363557,0.00035775636206381,0.0002536982356105,0.000133106077555567,8.10681740404107E-05,3.76685638912022E-05,2.62997928075492E-05,-9999,-9999,2.20661986531923E-05,2.19651265069842E-05
-9999,-9999,-9999,-9999,-9999,-9999,-9999,-9999,-9999,-9999,-9999,-9999,-9999,-9999,-9999,-9999,-9999,-9999,-9999,-9999,-9999,-9999,-9999,-9999,-9999,-9999,-9999,-9999,-9999,-9999,-9999,-9999,-9999,-9999,-9999,-9999,-9999,-9999,-9999,-9999,-9999,-9999,-9999,-9999,-9999,-9999,-9999,-9999,-9999,-9999,-9999,-9999,-9999,-9999,-9999,-9999,-9999,-9999,-9999,-9999,-9999,-9999,-9999,-9999,-9999,-9999,-9999,-9999,-9999,-9999,-9999,-9999,-9999,-9999,-9999,-9999,-9999,-9999,-9999,-9999,-9999,-9999,-9999,-9999,-9999,-9999,-9999,-9999,-9999,-9999,-9999,-9999,-9999,-9999,-9999,-9999,-9999,-9999,-9999,-9999,-9999,-9999,3.09018723783083E-05,0.000626641907729208,0.000613596406765282,0.000609037932008505,0.00060676597058773,0.000607478490564972,0.000606078596320003,0.000601294043008238,0.000594811222981662,0.00058989756507799,0.000584716210141778,0.000580723746679723,0.000577577040530741,0.000576256948988885,0.000574408157262951,0.000568282557651401,0.000545539543963969,0.000518178101629019,0.000464455311885104,0.000368570268619806,0.000250421377131715,0.000156536523718387,7.14927518856712E-05,4.05886094085872E-05,2.48506712523522E-05,2.33601895160973E-05,2.25614421651699E-05,2.20137626456562E-05,2.41418110817904E-05
-9999,-9999,-9999,-9999,-9999,-9999,-9999,-9999,-9999,-9999,-9999,-9999,-9999,-9999,-9999,-9999,-9999,-9999,-9999,-9999,-9999,-9999,-9999,-9999,-9999,-9999,-9999,-9999,-9999,-9999,-9999,-9999,-9999,-9999,-9999,-9999,-9999,-9999,-9999,-9999,-9999,-9999,-9999,-9999,-9999,-9999,-9999,-9999,-9999,-9999,-9999,-9999,-9999,-9999,-9999,-9999,-9999,-9999,-9999,-9999,-9999,-9999,-9999,-9999,-9999,-9999,-9999,-9999,-9999,-9999,-9999,-9999,-9999,-9999,-9999,-9999,-9999,-9999,-9999,-9999,-9999,-9999,-9999,-9999,-9999,-9999,-9999,-9999,-9999,-9999,-9999,-9999,-9999,-9999,-9999,-9999,-9999,-9999,-9999,-9999,-9999,-9999,-9999,0.000433083099778742,0.000616599048953503,0.000605356006417423,0.000604893546551466,0.000603181018959731,0.00060098699759692,0.000594639393966645,0.000587555929087102,0.000581261178012937,0.000576140126213431,0.000572266348171979,0.000569901894778013,0.000566477072425187,0.000562164350412786,0.000555861333850771,0.000537345418706536,0.000516927917487919,0.000468753511086106,0.00037898460868746,0.000280217413092032,0.000128346437122673,6.22931256657466E-05,3.47126297128852E-05,2.6618865376804E-05,2.28775079449406E-05,2.47046118602157E-05,2.67240411631064E-05,0.00021596894657705
-9999,-9999,-9999,-9999,-9999,-9999,-9999,-9999,-9999,-9999,-9999,-9999,-9999,-9999,-9999,-9999,-9999,-9999,-9999,-9999,-9999,-9999,-9999,-9999,-9999,-9999,-9999,-9999,-9999,-9999,-9999,-9999,-9999,-9999,-9999,-9999,-9999,-9999,-9999,-9999,-9999,-9999,-9999,-9999,-9999,-9999,-9999,-9999,-9999,-9999,-9999,-9999,-9999,-9999,-9999,-9999,-9999,-9999,-9999,-9999,-9999,-9999,-9999,-9999,-9999,-9999,-9999,-9999,-9999,-9999,-9999,-9999,-9999,-9999,-9999,-9999,-9999,-9999,-9999,-9999,-9999,-9999,-9999,-9999,-9999,-9999,-9999,-9999,-9999,-9999,-9999,-9999,-9999,-9999,-9999,-9999,-9999,-9999,-9999,-9999,-9999,-9999,-9999,4.21802133132587E-06,0.000433108361903578,0.000619672005996108,0.000607666443102062,0.000602554529905319,0.000598509912379086,0.000591451360378414,0.000583978719078004,0.000577659055124968,0.00057242251932621,0.000567437498830259,0.000562354107387364,0.0005577621050179,0.000549814838450402,0.000539032858796418,0.00053056568140164,0.000490279286168516,0.000429805746534839,0.000310534262098372,0.000165802834089845,4.99101879540831E-05,3.05995999951847E-05,2.93512166535947E-05,3.1666859285906E-05,3.07138179778121E-05,5.0922481023008E-05,0.000435304478742182,0.000439238472608849
-9999,-9999,-9999,-9999,-9999,-9999,-9999,-9999,-9999,-9999,-9999,-9999,-9999,-9999,-9999,-9999,-9999,-9999,-9999,-9999,-9999,-9999,-9999,-9999,-9999,-9999,-9999,-9999,-9999,-9999,-9999,-9999,-9999,-9999,-9999,-9999,-9999,-9999,-9999,-9999,-9999,-9999,-9999,-9999,-9999,-9999,-9999,-9999,-9999,-9999,-9999,-9999,-9999,-9999,-9999,-9999,-9999,-9999,-9999,-9999,-9999,-9999,-9999,-9999,-9999,-9999,-9999,-9999,-9999,-9999,-9999,-9999,-9999,-9999,-9999,-9999,-9999,-9999,-9999,-9999,-9999,-9999,-9999,-9999,-9999,-9999,-9999,-9999,-9999,-9999,-9999,-9999,-9999,-9999,-9999,-9999,-9999,-9999,-9999,-9999,-9999,-9999,-9999,-9999,4.1935641093005E-06,4.1866401261359E-06,0.000573354947846383,0.000608257774729282,0.00059567199787125,0.000589119910728186,0.000581960659474134,0.000575856247451156,0.000536873179953545,0.000444416422396898,0.000552568002603948,0.000532496254891157,0.000447281141532585,0.000371053349226713,0.000340444297762588,0.000289687013719231,0.000149950399645604,5.48925381735899E-05,2.75705097010359E-05,2.38618413277436E-05,3.98295160266571E-05,6.50937436148524E-05,0.000233034079428762,0.000438453658716753,0.000442230491898954,0.000441768846940249,0.00043503544293344
-9999,-9999,-9999,-9999,-9999,-9999,-9999,-9999,-9999,-9999,-9999,-9999,-9999,-9999,-9999,-9999,-9999,-9999,-9999,-9999,-9999,-9999,-9999,-9999,-9999,-9999,-9999,-9999,-9999,-9999,-9999,-9999,-9999,-9999,-9999,-9999,-9999,-9999,-9999,-9999,-9999,-9999,-9999,-9999,-9999,-9999,-9999,-9999,-9999,-9999,-9999,-9999,-9999,-9999,-9999,-9999,-9999,-9999,-9999,-9999,-9999,-9999,-9999,-9999,-9999,-9999,-9999,-9999,-9999,-9999,-9999,-9999,-9999,-9999,-9999,-9999,-9999,-9999,-9999,-9999,-9999,-9999,-9999,-9999,-9999,-9999,-9999,-9999,-9999,-9999,-9999,-9999,-9999,-9999,-9999,-9999,-9999,-9999,-9999,-9999,-9999,-9999,-9999,-9999,-9999,-9999,4.14382384406053E-06,2.07301854970865E-05,0.000603389111347497,0.000594343291595578,0.000582952576223761,0.0005753607256338,0.000543866248335689,0.000542232824955136,0.000513521779794246,0.000398733071051538,0.000288253766484559,0.000176157351233996,6.8368433858268E-05,0.000100221681350376,5.90700037719216E-05,7.71868508309126E-05,0.000245698145590723,0.000459018658148125,0.000458561116829515,0.000455862173112109,0.000450752238975838,0.000443308905232698,0.000437263865023851,0.000418086972786114,0.000216538159293123
-9999,-9999,-9999,-9999,-9999,-9999,-9999,-9999,-9999,-9999,-9999,-9999,-9999,-9999,-9999,-9999,-9999,-9999,-9999,-9999,-9999,-9999,-9999,-9999,-9999,-9999,-9999,-9999,-9999,-9999,-9999,-9999,-9999,-9999,-9999,-9999,-9999,-9999,-9999,-9999,-9999,-9999,-9999,-9999,-9999,-9999,-9999,-9999,-9999,-9999,-9999,-9999,-9999,-9999,-9999,-9999,-9999,-9999,-9999,-9999,-9999,-9999,-9999,-9999,-9999,-9999,-9999,-9999,-9999,-9999,-9999,-9999,-9999,-9999,-9999,-9999,-9999,-9999,-9999,-9999,-9999,-9999,-9999,-9999,-9999,-9999,-9999,-9999,-9999,-9999,-9999,-9999,-9999,-9999,-9999,-9999,-9999,-9999,-9999,-9999,-9999,-9999,-9999,-9999,-9999,-9999,-9999,-9999,4.04978163714986E-06,1.63470394909382E-05,0.000572613498661667,0.000585647125262767,0.000578820647206157,0.000572044460568577,0.000563775422051549,0.000554817379452288,0.000544442096725106,0.000534507795237005,0.00052286044228822,0.000510654703248292,0.000497678061947227,0.000487046665512025,0.000477578607387841,0.0004681566497311,0.000458799564512447,0.000451084080850706,0.000440880976384506,0.000410174165153876,0.000243433765717782,1.68295227922499E-05,-9999
-9999,-9999,-9999,-9999,-9999,-9999,-9999,-9999,-9999,-9999,-9999,-9999,-9999,-9999,-9999,-9999,-9999,-9999,-9999,-9999,-9999,-9999,-9999,-9999,-9999,-9999,-9999,-9999,-9999,-9999,-9999,-9999,-9999,-9999,-9999,-9999,-9999,-9999,-9999,-9999,-9999,-9999,-9999,-9999,-9999,-9999,-9999,-9999,-9999,-9999,-9999,-9999,-9999,-9999,-9999,-9999,-9999,-9999,-9999,-9999,-9999,-9999,-9999,-9999,-9999,-9999,-9999,-9999,-9999,-9999,-9999,-9999,-9999,-9999,-9999,-9999,-9999,-9999,-9999,-9999,-9999,-9999,-9999,-9999,-9999,-9999,-9999,-9999,-9999,-9999,-9999,-9999,-9999,-9999,-9999,-9999,-9999,-9999,-9999,-9999,-9999,-9999,-9999,-9999,-9999,-9999,-9999,-9999,-9999,-9999,3.96885752707021E-06,3.9517403820355E-06,3.92361425838317E-06,3.88348325941479E-06,1.59052360686474E-05,2.21730697376188E-05,3.71063379134284E-06,3.6224689665687E-06,3.5273862977192E-06,6.53481129120337E-06,2.029602364928E-05,8.68640854605474E-05,0.000177057736436836,0.000192880572285503,4.38428869529162E-05,3.1125655368669E-06,3.08090602629818E-06,3.0627302294306E-06,-9999,-9999,-9999
-9999,-9999,-9999,-9999,-9999,-9999,-9999,-9999,-9999,-9999,-9999,-9999,-9999,-9999,-9999,-9999,-9999,-9999,-9999,-9999,-9999,-9999,-9999,-9999,-9999,-9999,-9999,-9999,-9999,-9999,-9999,-9999,-9999,-9999,-9999,-9999,-9999,-9999,-9999,-9999,-9999,-9999,-9999,-9999,-9999,-9999,-9999,-9999,-9999,-9999,-9999,-9999,-9999,-9999,-9999,-9999,-9999,-9999,-9999,-9999,-9999,-9999,-9999,-9999,-9999,-9999,-9999,-9999,-9999,-9999,-9999,-9999,-9999,-9999,-9999,-9999,-9999,-9999,-9999,-9999,-9999,-9999,-9999,-9999,-9999,-9999,-9999,-9999,-9999,-9999,-9999,-9999,-9999,-9999,-9999,-9999,-9999,-9999,-9999,-9999,-9999,-9999,-9999,-9999,-9999,-9999,-9999,-9999,-9999,-9999,-9999,-9999,-9999,-9999,-9999,-9999,-9999,-9999,-9999,-9999,-9999,-9999,-9999,-9999,-9999,-9999,-9999,-9999,-9999,-9999,-9999
-9999,-9999,-9999,-9999,-9999,-9999,-9999,-9999,-9999,-9999,-9999,-9999,-9999,-9999,-9999,-9999,-9999,-9999,-9999,-9999,-9999,-9999,-9999,-9999,-9999,-9999,-9999,-9999,-9999,-9999,-9999,-9999,-9999,-9999,-9999,-9999,-9999,-9999,-9999,-9999,-9999,-9999,-9999,-9999,-9999,-9999,-9999,-9999,-9999,-9999,-9999,-9999,-9999,-9999,-9999,-9999,-9999,-9999,-9999,-9999,-9999,-9999,-9999,-9999,-9999,-9999,-9999,-9999,-9999,-9999,-9999,-9999,-9999,-9999,-9999,-9999,-9999,-9999,-9999,-9999,-9999,-9999,-9999,-9999,-9999,-9999,-9999,-9999,-9999,-9999,-9999,-9999,-9999,-9999,-9999,-9999,-9999,-9999,-9999,-9999,-9999,-9999,-9999,-9999,-9999,-9999,-9999,-9999,-9999,-9999,-9999,-9999,-9999,-9999,-9999,-9999,-9999,-9999,-9999,-9999,-9999,-9999,-9999,-9999,-9999,-9999,-9999,-9999,-9999,-9999,-9999

Step,85
Year,7.083333
-9999,-9999,-9999,-9999,-9999,-9999,-9999,-9999,-9999,-9999,-9999,-9999,-9999,-9999,-9999,-9999,-9999,-9999,-9999,-9999,-9999,-9999,-9999,-9999,-9999,-9999,-9999,-9999,-9999,-9999,-9999,-9999,-9999,-9999,-9999,-9999,-9999,-9999,-9999,-9999,-9999,-9999,-9999,-9999,-9999,-9999,-9999,-9999,-9999,-9999,-9999,-9999,-9999,-9999,-9999,-9999,-9999,-9999,-9999,-9999,-9999,-9999,-9999,-9999,-9999,-9999,-9999,-9999,-9999,-9999,-9999,-9999,-9999,-9999,-9999,-9999,-9999,-9999,-9999,-9999,-9999,-9999,-9999,-9999,-9999,-9999,-9999,-9999,-9999,-9999,-9999,-9999,-9999,-9999,-9999,-9999,-9999,-9999,-9999,-9999,-9999,-9999,-9999,-9999,-9999,-9999,-9999,-9999,-9999,-9999,-9999,-9999,-9999,-9999,-9999,-9999,-9999,-9999,-9999,-9999,-9999,-9999,-9999,-9999,-9999,-9999,-9999,-9999,-9999,-9999,-9999
-9999,-9999,-9999,-9999,-9999,-9999,-9999,-9999,-9999,-9999,-9999,-9999,-9999,-9999,-9999,-9999,-9999,-9999,-9999,-9999,-9999,-9999,-9999,-9999,-9999,-9999,-9999,-9999,-9999,-9999,-9999,-9999,-9999,-9999,-9999,-9999,-9999,-9999,-9999,-9999,-9999,-9999,-9999,-9999,-9999,-9999,-9999,-9999,-9999,-9999,-9999,-9999,-9999,-9999,-9999,-9999,-9999,-9999,-9999,-9999,-9999,-9999,-9999,-9999,-9999,-9999,-9999,-9999,-9999,-9999,-9999,-9999,-9999,-9999,-9999,-9999,-9999,-9999,-9999,-9999,-9999,-9999,-9999,-9999,-9999,-9999,-9999,-9999,-9999,-9999,-9999,-9999,-9999,-9999,-9999,-9999,-9999,-9999,-9999,-9999,-9999,-9999,-9999,-9999,-9999,-9999,-9999,-9999,-9999,-9999,-9999,-9999,-9999,-9999,-9999,-9999,-9999,-9999,-9999,-9999,-9999,-9999,-9999,-9999,-9999,-9999,-9999,-9999,-9999,-9999,-9999
-9999,-9999,-9999,-9999,-9999,-9999,-9999,-9999,-9999,-9999,-9999,-9999,-9999,-9999,-9999,-9999,-9999,-9999,-9999,-9999,-9999,-9999,-9999,-9999,-9999,-9999,-9999,-9999,-9999,-9999,-9999,-9999,-9999,-9999,-9999,-9999,-9999,-9999,-9999,-9999,-9999,-9999,-9999,-9999,-9999,-9999,-9999,-9999,-9999,-9999,-9999,-9999,-9999,-9999,-9999,-9999,-9999,-9999,-9999,-9999,-9999,-9999,-9999,-9999,-9999,-9999,-9999,-9999,-9999,-9999,-9999,-9999,-9999,-9999,4.37403150499449E-06,6.50810443403316E-06,-9999,-9999,-9999,-9999,-9999,-9999,-9999,-9999,-9999,-9999,-9999,-9999,-9999,-9999,-9999,-9999,-9999,-9999,-9999,-9999,-9999,-9999,-9999,-9999,-9999,-9999,-9999,-9999,-9999,-9999,-9999,-9999,-9999,-9999,-9999,-9999,-9999,-9999,-9999,-9999,-9999,-9999,-9999,-9999,-9999,-9999,-9999,-9999,-9999,-9999,-9999,-9999,-9999,-9999,-9999
-9999,-9999,-9999,-9999,-9999,-9999,-9999,-9999,-9999,-9999,-9999,-9999,-9999,-9999,-9999,-9999,-9999,-9999,-9999,-9999,-9999,-9999,-9999,-9999,-9999,-9999,-9999,-9999,-9999,-9999,-9999,-9999,-9999,-9999,-9999,-9999,-9999,-9999,-9999,-9999,-9999,-9999,-9999,-9999,-9999,-9999,-9999,-9999,-9999,-9999,-9999,-9999,-9999,-9999,-9999,-9999,-9999,-9999,-9999,-9999,-9999,-9999,-9999,-9999,-9999,-9999,-9999,-9999,-9999,-9999,-9999,-9999,-9999,-9999,6.34808293398237E-06,9.40574955166085E-06,-9999,-9999,-9999,-9999,-9999,-9999,-9999,-9999,-9999,-9999,-9999,-9999,-9999,-9999,-9999,-9999,-9999,-9999,-9999,-9999,-9999,-9999,-9999,-9999,-9999,-9999,-9999,-9999,-9999,-9999,-9999,-9999,-9999,-9999,-9999,-9999,-9999,-9999,-9999,-9999,-9999,-9999,-9999,-9999,-9999,-9999,-9999,-9999,-9999,-9999,-9999,-9999,-9999,-9999,-9999
-9999,-9999,-9999,-9999,-9999,-9999,-9999,-9999,-9999,-9999,-9999,-9999,-9999,-9999,-9999,-9999,-9999,-9999,-9999,-9999,-9999,-9999,-9999,-9999,-9999,-9999,-9999,-9999,-9999,-9999,-9999,-9999,-9999,-9999,-9999,-9999,-9999,-9999,-9999,-9999,-9999,-9999,-9999,-9999,-9999,-9999,-9999,-9999,-9999,-9999,-9999,-9999,-9999,-9999,-9999,-9999,3.45215028119128E-07,5.03706530707859E-07,7.25042298199696E-07,1.04150990409835E-06,-9999,-9999,-9999,-9999,-9999,7.65279401093721E-06,7.43052760299179E-06,1.06305451481603E-05,1.03914589999476E-05,6.74924558552448E-06,9.72380530583905E-06,4.88821606268175E-05,6.56485426588915E-05,6.50430447421968E-05,9.16687440621899E-06,4.71969979116693E-05,6.11981959082186E-05,-9999,-9999,5.75924568693154E-05,8.91033268999308E-05,7.78640242060646E-05,7.88849283708259E-05,0.000202359777176753,0.000268783769570291,0.000245055562118068,0.000245156901655719,0.000149487255839631,7.02274774084799E-05,-9999,-9999,-9999,-9999,-9999,-9999,-9999,-9999,-9999,-9999,-9999,-9999,-9999,-9999,-9999,-9999,-9999,-9999,-9999,-9999,-9999,-9999,-9999,-9999,-9999,-9999,-9999,-9999,-9999,-9999,-9999,-9999,-9999,-9999,-9999,-9999,-9999,-9999,-9999,-9999,-9999,-9999
-9999,-9999,-9999,-9999,-9999,-9999,-9999,-9999,-9999,-9999,-9999,-9999,-9999,-9999,-9999,-9999,-9999,-9999,-9999,-9999,-9999,-9999,-9999,-9999,-9999,-9999,-9999,-9999,-9999,-9999,-9999,-9999,-9999,-9999,-9999,-9999,-9999,-9999,-9999,-9999,-9999,-9999,-9999,-9999,-9999,-9999,-9999,-9999,-9999,-9999,-9999,-9999,-9999,-9999,-9999,3.54760516074748E-07,5.21174058576435E-07,7.58094586217339E-07,1.08188066860748E-06,1.51242386436934E-06,2.10320081350801E-06,3.00379292639263E-06,-9999,1.24550097098108E-05,3.37043857143726E-05,1.14432541522547E-05,1.0879045476031E-05,8.20861896499991E-05,8.32700679893605E-05,9.83390600595158E-06,9.57651900534984E-06,0.000111352353997063,0.000141264987178147,0.000125493010273203,0.000110693566966802,0.000109097738459241,8.44096357468516E-05,9.37861914280802E-05,0.000156277106725611,0.00027645262889564,0.000657051568850875,0.00100333336740732,0.00110982777550817,0.0011054624337703,0.00111065804958344,0.00111689267214388,0.00112394278403372,0.00113599072210491,0.00109229166992009,0.000575098674744368,0.000243696646066383,-9999,-9999,-9999,-9999,-9999,-9999,-9999,-9999,-9999,-9999,-9999,-9999,-9999,-9999,-9999,-9999,-9999,-9999,-9999,-9999,-9999,-9999,-9999,-9999,-9999,-9999,-9999,-9999,-9999,-9999,-9999,-9999,-9999,-9999,-9999,-9999,-9999,-9999,-9999,-9999
-9999,-9999,-9999,-9999,-9999,-9999,-9999,-9999,-9999,-9999,-9999,-9999,-9999,-9999,-9999,-9999,-9999,-9999,-9999,-9999,-9999,-9999,-9999,-9999,-9999,-9999,-9999,-9999,-9999,-9999,-9999,-9999,-9999,-9999,-9999,-9999,-9999,-9999,-9999,-9999,-9999,-9999,-9999,-9999,-9999,-9999,-9999,-9999,-9999,-9999,-9999,-9999,-9999,-9999,-9999,5.31505804701737E-07,7.85007671311178E-07,1.15040722903359E-06,1.64231983035279E-06,2.27654777518183E-06,3.10367840938852E-06,4.2459428186703E-06,5.90218860452296E-06,8.34390812087804E-06,1.18252210086212E-05,6.97372888680547E-05,0.000122130761155859,0.000311504758428782,0.000508179829921573,0.000738294329494238,0.000846062495838851,0.000756540161091834,0.000933447212446481,0.00104267860297114,0.000837399391457438,0.000824168790131807,0.000774508051108569,0.000828432326670736,0.00111547915730625,0.0011368659324944,0.00114929641131312,0.00115396792534739,0.0011571099748835,0.00115573545917869,0.00115405477117747,0.00115423125680536,0.00115673581603914,0.00115901394747198,0.00115825678221881,0.00115113682113588,0.0011295631993562,0.000936504977289587,0.000222440488869324,-9999,-9999,-9999,-9999,-9999,-9999,-9999,-9999,-9999,6.84967599227093E-05,6.8502253270708E-05,6.85858758515678E-05,-9999,-9999,-9999,-9999,-9999,-9999,-9999,-9999,-9999,-9999,-9999,-9999,-9999,-9999,-9999,-9999,-9999,-9999,-9999,-9999,-9999,-9999,-9999,-9999,-9999,-9999
-9999,-9999,-9999,-9999,-9999,-9999,-9999,-9999,-9999,-9999,-9999,-9999,-9999,-9999,-9999,-9999,-9999,-9999,-9999,-9999,-9999,-9999,-9999,-9999,-9999,-9999,-9999,-9999,-9999,-9999,-9999,3.35678923875093E-05,-9999,-9999,-9999,0.000103349972050637,-9999,-9999,-9999,-9999,-9999,-9999,-9999,-9999,-9999,-9999,-9999,-9999,-9999,-9999,-9999,-9999,-9999,-9999,-9999,-9999,-9999,7.80366349317774E-07,1.1266751016592E-06,1.6051541251727E-06,-9999,4.03855619879323E-06,5.78411072638119E-06,8.24259313958464E-06,1.16924275062047E-05,7.03497426002286E-05,0.000126805010950193,0.000174568616785109,0.000109318527393043,0.000608275760896504,0.00125605193898082,0.00131888757459819,0.001307288184762,0.00129127223044634,0.00125048833433539,0.00121721194591373,0.00121933862101287,0.00121716526336968,0.00119844917207956,0.00118393148295581,0.00117302034050226,0.00116654310841113,0.00115345825906843,0.00114443176425993,0.00114573794417083,0.00114792073145509,0.0011520505649969,0.00115789019037038,0.00116140802856535,0.00116109033115208,0.00116111850365996,0.00113778852391988,0.00103101856075227,0.000269055191893131,-9999,-9999,-9999,-9999,-9999,-9999,-9999,-9999,9.3820272013545E-05,0.000145377940498292,9.46289947023615E-05,6.78388023516163E-05,6.82156824041158E-05,-9999,-9999,-9999,-9999,-9999,-9999,-9999,-9999,-9999,-9999,-9999,-9999,-9999,-9999,-9999,-9999,-9999,-9999,-9999,-9999,-9999,-9999,-9999,-9999
-9999,-9999,-9999,-9999,-9999,-9999,-9999,-9999,-9999,-9999,-9999,-9999,-9999,-9999,-9999,-9999,-9999,-9999,-9999,-9999,-9999,-9999,-9999,-9999,-9999,-9999,-9999,-9999,-9999,-9999,2.41721572820097E-05,4.60282863059547E-05,-9999,-9999,4.9022382881958E-05,8.31030993140303E-05,-9999,-9999,9.22946856007911E-05,0.000160882511409,-9999,-9999,-9999,-9999,-9999,1.36816943268059E-05,-9999,-9999,-9999,-9999,-9999,-9999,-9999,-9999,-9999,-9999,-9999,-9999,-9999,-9999,-9999,5.85394445806742E-06,8.40078064356931E-06,1.20819404401118E-05,1.16395740406006E-05,6.81343663018197E-05,7.55487781134434E-05,7.31274049030617E-05,6.99483352946118E-05,0.000415376300225034,0.00127586745657027,0.00134829257149249,0.00133891799487174,0.00131889875046909,0.00129335978999734,0.00126876961439848,0.00124756421428174,0.00122748652938753,0.00120987370610237,0.0011931894114241,0.0011768345721066,0.00115968775935471,0.00113939843140543,0.00113450002390891,0.00113439885899425,0.00114137073978782,0.00114693609066308,0.00115403009112924,0.00116103759501129,0.00116471119690686,0.00116679654456675,0.00116408686153591,0.00114469276741147,0.0009649817366153,0.000270335236564279,-9999,-9999,-9999,-9999,-9999,0.00011169609206263,0.000112642264866736,0.000213777209864929,0.000316191057208925,0.000239420856814831,0.000160569616127759,0.000105292972875759,6.77417701808736E-05,-9999,-9999,-9999,-9999,-9999,-9999,-9999,-9999,-9999,-9999,-9999,-9999,-9999,-9999,-9999,-9999,-9999,-9999,-9999,-9999,-9999,-9999,-9999
-9999,-9999,-9999,-9999,-9999,-9999,-9999,-9999,-9999,-9999,-9999,-9999,-9999,-9999,-9999,-9999,-9999,-9999,-9999,-9999,-9999,-9999,-9999,5.58232932235114E-05,7.15448695700616E-05,-9999,-9999,-9999,-9999,6.03970329393633E-05,5.67324786970858E-05,2.25897438212996E-05,0.000113704219984356,1.20050381156034E-05,0.000100972974905744,0.000177333145984448,0.000318973645335063,0.000138441100716591,8.25277602416463E-05,-9999,8.4259438153822E-05,8.80239167599939E-05,-9999,-9999,0.000144193007145077,1.91860599443316E-05,1.1621674275375E-05,7.26070857126615E-06,-9999,-9999,-9999,-9999,-9999,-9999,-9999,-9999,-9999,2.8567212211783E-05,1.809870445868E-05,-9999,-9999,-9999,1.21330103866057E-05,8.07119795354083E-05,7.80343325459398E-05,7.80966875026934E-05,7.59437825763598E-05,7.2565431764815E-05,9.65118160820566E-05,0.000603099178988487,0.00128386809956282,0.00135218352079391,0.00133976538199931,0.00132060190662742,0.00129618123173714,0.00127162015996873,0.00124960218090564,0.00122809503227472,0.00120935752056539,0.00119181186892092,0.00116958341095597,0.00110749644227326,0.00111273594666272,0.00112378201447427,0.00112634361721575,0.00112953048665076,0.00113859714474529,0.00114879873581231,0.00115763943176717,0.00116242317017168,0.00116505904588848,0.00116537825670093,0.00115785340312868,0.00110645755194128,0.000323141663102433,5.68073846807238E-05,8.22561196400784E-06,5.6834178394638E-06,8.7069311121013E-06,0.000272175908321515,0.000538179825525731,0.00069907313445583,0.000782383838668466,0.00066943431738764,0.000633853662293404,0.000481653260067105,0.000289796356810257,9.38261146075092E-05,6.77910793456249E-05,6.8376430135686E-05,-9999,-9999,-9999,-9999,-9999,-9999,-9999,-9999,-9999,-9999,-9999,-9999,-9999,-9999,-9999,-9999,-9999,-9999,-9999,-9999,-9999
-9999,-9999,-9999,-9999,-9999,-9999,-9999,-9999,-9999,-9999,-9999,-9999,-9999,-9999,-9999,-9999,-9999,-9999,-9999,-9999,-9999,-9999,8.39969288790599E-05,9.91229753708467E-05,6.73937393003143E-05,6.8288944021333E-05,7.56963272579014E-05,8.76432313816622E-05,0.000164951561600901,0.00024771990138106,0.000186106452019885,0.000439058901974931,0.000603226304519922,0.000649570836685598,0.000745433324482292,0.000644692801870406,0.000639441714156419,0.000582517881412059,0.000335480290232226,0.000256314873695374,8.24553426355124E-05,5.06161195517052E-05,4.21867625846062E-05,5.68728792131878E-05,1.55017787619727E-05,1.06235365819884E-05,1.01848345366307E-05,9.71009285422042E-06,6.25541315457667E-06,-9999,-9999,-9999,-9999,-9999,-9999,-9999,-9999,0.000119245923997369,0.000108063897641841,0.000100016761280131,-9999,-9999,7.91417915024795E-05,8.06283351266757E-05,8.04888986749575E-05,7.85248266765848E-05,7.50074468669482E-05,8.87685600901023E-05,0.000295350386295468,0.000844569876790047,0.00129894400015473,0.00135335186496377,0.00133652240037918,0.00131708802655339,0.00129293161444366,0.00126774539239705,0.00124481052625924,0.00122407381422818,0.00120452116243541,0.00118765304796398,0.0011098567629233,0.000573588244151324,0.000674949144013226,0.000932593597099185,0.00107676908373833,0.0011188262142241,0.0011286735534668,0.00114044162910432,0.00115035253111273,0.00115540961269289,0.00116165704093874,0.001165681052953,0.00115736108273268,0.00108178483787924,0.00051841966342181,0.000418588460888714,3.39963371516205E-05,8.45752583700232E-06,0.000414403068134561,0.000965273531619459,0.0010774718830362,0.00114670081529766,0.00113478174898773,0.0010998931247741,0.00105723191518337,0.000868605391588062,0.000555704405996948,0.000288151029963046,0.000104288694274146,6.75453702569939E-05,-9999,-9999,-9999,-9999,-9999,-9999,-9999,-9999,-9999,-9999,-9999,-9999,-9999,-9999,-9999,-9999,-9999,-9999,-9999,-9999,-9999
-9999,-9999,-9999,-9999,-9999,-9999,-9999,-9999,-9999,-9999,-9999,-9999,-9999,-9999,-9999,-9999,-9999,-9999,-9999,-9999,-9999,-9999,8.40984575916082E-05,0.000100635261333082,8.53999081300572E-05,8.86626585270278E-05,0.000329481961671263,0.000656744581647217,0.000867725990246981,0.000763204996474087,0.000761082745157182,0.000611434283200651,0.000656815711408854,0.000752332212869078,0.000699097523465753,0.000794874387793243,0.000940845173317939,0.000935106538236141,0.000975658709648997,0.000866214686539024,0.000606054381933063,0.000389829452615231,0.000159471994265914,5.97212383581791E-05,2.8930391636095E-05,1.28458232211415E-05,1.28388264784007E-05,1.2707348105323E-05,8.46045259095263E-06,8.36899562273175E-06,8.37121388030937E-06,-9999,-9999,-9999,-9999,-9999,-9999,-9999,9.8570977570489E-05,8.89817893039435E-05,8.23624286567792E-05,7.61974733904935E-05,7.85584998084232E-05,7.95446248957887E-05,7.9894503869582E-05,7.73079518694431E-05,9.16657227207907E-05,0.000300215819152072,0.000814604514744133,0.00129372207447886,0.00136302597820759,0.00134633888956159,0.00132707064040005,0.00130744709167629,0.00128383201081306,0.00125872390344739,0.00123722746502608,0.00121844292152673,0.00120045093353838,0.00106961920391768,1.45602398333722E-05,7.88111083238618E-06,7.8111470429576E-06,7.75517492002109E-06,8.90633236849681E-05,0.000733262859284878,0.00109246757347137,0.00112823524978012,0.0011396340560168,0.0011491704499349,0.00115786283276975,0.00116439023986459,0.00116007728502154,0.00107216218020767,0.00109640567097813,0.00113959365990013,0.00101002340670675,0.000545817718375474,0.0011110216146335,0.00122843193821609,0.00125079927965999,0.00123993365559727,0.00120905379299074,0.00119052710942924,0.00116434646770358,0.00105597486253828,0.000787994882557541,0.000513583247084171,0.000157697897520848,6.58470889902674E-05,3.36157027049921E-05,-9999,-9999,-9999,-9999,-9999,-9999,-9999,-9999,-9999,-9999,-9999,-9999,-9999,-9999,-9999,-9999,-9999,-9999,-9999,-9999
-9999,-9999,-9999,-9999,-9999,-9999,-9999,-9999,-9999,-9999,-9999,-9999,-9999,-9999,-9999,-9999,-9999,-9999,-9999,-9999,-9999,-9999,8.27940020826645E-05,0.000103755395684857,0.000163837932632305,0.000753617961890996,0.000975780421867967,0.00107801367994398,0.00102551665622741,0.00081472925376147,0.000810967700090259,0.000909439113456756,0.000956182077061385,0.0010014622239396,0.00113886618055403,0.00113277148921043,0.00117002392653376,0.00120489683467895,0.00127478793729097,0.00119089870713651,0.00105350511148572,0.000657228461932391,0.000345789885614067,0.000198937588720582,0.000171131294337101,0.000191438943147659,0.000167536389199086,0.000115201401058584,1.15589864435606E-05,1.17707750177942E-05,1.18705556815257E-05,-9999,-9999,-9999,-9999,8.27720505185425E-05,8.38385749375448E-05,8.58280400279909E-05,8.70509829837829E-05,8.04616138339043E-05,9.14676056709141E-05,7.17539951438084E-05,6.18326739640906E-05,3.84901977668051E-05,0.000108462263597175,0.000361640471965075,0.000172928412212059,0.000980233657173812,0.00138389517087489,0.00137143430765718,0.00135283556301147,0.00133393262512982,0.00131423189304769,0.00129422277677804,0.00126906717196107,0.00124711031094193,0.00123178644571453,0.00115330156404525,8.14335089671658E-06,8.07074047770584E-06,8.00778343545971E-06,5.31058367414516E-06,5.26397525391076E-06,5.22574055139557E-06,7.74781619838905E-06,2.8783671950805E-05,0.000377375487005338,0.000992964953184128,0.00112088315654546,0.00114014442078769,0.00115146534517407,0.00115979311522096,0.00116901355795562,0.00117969128768891,0.00119120662566274,0.00120304326992482,0.00120033603161573,0.00121144007425755,0.00124413042794913,0.00127137824892998,0.00128115236293525,0.00127255311235785,0.00125795137137175,0.00124363601207733,0.00119036505930126,0.00114151614252478,0.000960262899752706,0.000743802520446479,0.000338855024892837,0.000124820551718585,1.4718076272402E-05,9.38578705245163E-06,-9999,-9999,-9999,-9999,-9999,-9999,-9999,-9999,-9999,-9999,-9999,-9999,-9999,-9999,-9999,-9999,-9999,-9999,-9999
-9999,-9999,-9999,-9999,-9999,-9999,-9999,-9999,-9999,-9999,-9999,-9999,-9999,-9999,-9999,-9999,-9999,-9999,-9999,-9999,-9999,7.62595955166034E-05,9.01994644664228E-05,0.000352278468199074,0.000965790473856032,0.00126112997531891,0.00126106501556933,0.00116983312182128,0.0010194432688877,0.00120361638255417,0.00119726464617997,0.00123375747352839,0.00122882111463696,0.00122380850370973,0.00129592185840011,0.00135738076642156,0.00138031237293035,0.0013717123074457,0.00141638470813632,0.00140638567972928,0.00137097958941013,0.00112217431887984,0.000435552472481504,0.000271665485342965,0.000333295669406652,0.000301884021610022,0.000270815944531932,0.000272852630587295,0.000270092918071896,0.000193561165360734,0.000123983263620175,8.33727754070424E-05,8.37679981486872E-05,8.50664946483448E-05,8.62045635585673E-05,7.87527897045948E-05,8.85863992152736E-05,7.85584270488471E-05,7.91543061495759E-05,9.04243570403196E-05,0.000374569790437818,0.000798110733740032,0.000387896463507786,1.07967916846974E-05,1.06923898783862E-05,1.03912061604206E-05,4.11791079386603E-05,0.0003823924344033,0.00138000247534364,0.00136155192740262,0.00134375772904605,0.00131652131676674,0.00129425851628184,0.00111461081542075,4.73516265628859E-05,8.47737828735262E-06,8.35436094348552E-06,8.268578312709E-06,5.478223101818E-06,5.42839052286581E-06,5.38465747013106E-06,3.5698365081771E-06,3.54123085344327E-06,3.51863945979858E-06,5.22191658092197E-06,7.76234082877636E-06,5.01544382132124E-05,0.000329880538629368,0.000906275527086109,0.00110589200630784,0.00113871274515986,0.00115044158883393,0.00116034515667707,0.00117197423242033,0.00118767679668963,0.00120307214092463,0.00121715385466814,0.00123217341024429,0.00125044665765017,0.0012665675021708,0.00127206579782069,0.00127404113300145,0.00127201457507908,0.00126813305541873,0.00124727969523519,0.00118131213821471,0.00110933487303555,0.000847913092002273,0.000501828384585679,0.000277796003501862,7.59481335990131E-05,9.20944694371428E-06,9.35092612053268E-06,1.77537349372869E-05,-9999,-9999,-9999,-9999,-9999,-9999,-9999,-9999,-9999,-9999,-9999,-9999,-9999,-9999,-9999,-9999,-9999
-9999,-9999,-9999,-9999,-9999,-9999,-9999,-9999,-9999,-9999,-9999,-9999,-9999,-9999,-9999,-9999,-9999,-9999,-9999,-9999,-9999,0.000151585263665766,0.00085402640979737,0.00125330151058733,0.00140745379030704,0.001336864894256,0.00125567393843085,0.00120859581511468,0.00128599721938372,0.00138604326639324,0.00146398064680398,0.00145643018186092,0.0014981193235144,0.00153149175457656,0.001506402855739,0.0015626858221367,0.00155369727872312,0.00152951909694821,0.00154297333210707,0.00154053780715913,0.00150569400284439,0.00146790954750031,0.00138303823769093,0.00124132807832211,0.00109311006963253,0.00087258848361671,0.000551597680896521,0.000299865088891238,0.000328914786223322,0.000269886426394805,0.000198304624063894,0.000129671127069741,0.000116224407975096,9.32301190914586E-05,9.28142471821047E-05,0.000141957701998763,0.000126140381325968,0.000124179277918302,0.000191422761417925,0.000842033769004047,0.00138854887336493,0.00151581352110952,0.00147707608994097,0.000467567297164351,1.0337124876969E-05,1.01378145700437E-05,9.83490554062882E-06,0.00139272690284997,0.00137374037876725,0.00135530810803175,0.000966109044384211,8.99617862160085E-06,8.88698014023248E-06,8.82577660377137E-06,-9999,-9999,-9999,-9999,-9999,-9999,-9999,2.38593474932713E-06,2.3749416868668E-06,3.52492725141929E-06,5.23813514519134E-06,7.79110268922523E-06,1.76410176209174E-05,0.000107617321191356,0.000431864376878366,0.000925414438825101,0.00111148448195308,0.00113721669185907,0.00114767986815423,0.00116478733252734,0.00118062784895301,0.00119552540127188,0.00121038453653455,0.0012273951433599,0.00124252727255225,0.00125403597485274,0.0012597517343238,0.00126235582865775,0.00126751395873725,0.00127624254673719,0.0012677158229053,0.00123049411922693,0.00114807044155896,0.000993654597550631,0.000758699025027454,0.000455933419289067,0.000247235730057582,7.87842582212761E-05,5.26303301739972E-05,4.19878779212013E-05,5.58735991944559E-05,-9999,-9999,-9999,-9999,-9999,-9999,-9999,-9999,-9999,-9999,-9999,-9999,-9999,-9999,-9999,-9999
-9999,-9999,-9999,-9999,-9999,-9999,-9999,-9999,-9999,-9999,-9999,-9999,-9999,-9999,-9999,-9999,-9999,-9999,-9999,7.9023237049114E-05,0.000214751722523943,0.00119655905291438,0.0014299483736977,0.00143262720666826,0.0014021007809788,0.00146284571383148,0.00143044290598482,0.00142427708487958,0.00151860679034144,0.0015278389910236,0.00155130308121443,0.00157150812447071,0.00155382440425456,0.0015333368210122,0.00156776083167642,0.00158183765597641,0.00157337635755539,0.00155253557022661,0.00155750813428313,0.00156341842375696,0.00156031176447868,0.00154518347699195,0.00153719552326947,0.00150406663306057,0.00146969431079924,0.00139282888267189,0.00130075006745756,0.00120993587188423,0.000940240453928709,0.000622805499006063,0.000264510686974972,0.000263609254034236,0.000289059360511601,0.000315805693389848,0.000411569577408955,0.000609416689258069,0.000918595003895462,0.00100385735277086,0.00124232133384794,0.00147479574661702,0.00152287760283798,0.00152190262451768,0.00151398230809718,0.00151514983735979,3.73861876141746E-05,0.00143720116466284,0.00145033944863826,0.00140561256557703,0.00108621013350785,2.36115301959217E-05,9.25317726796493E-06,-9999,-9999,-9999,-9999,-9999,-9999,-9999,-9999,-9999,-9999,-9999,-9999,2.362321538385E-06,3.51711196344695E-06,5.2380123634066E-06,7.80217487772461E-06,5.37636915396433E-05,0.000218440312892199,0.000614286225754768,0.00101014540996403,0.00112065952271223,0.00113972520921379,0.00115016475319862,0.00116380723193288,0.00117880187463015,0.00119430408813059,0.00121032912284136,0.00122416275553405,0.00123399985022843,0.00124047661665827,0.00124376500025392,0.00124532554764301,0.00125179276801646,0.00125464587472379,0.00123573606833816,0.00119779130909592,0.00113842741120607,0.0010216737864539,0.000703804718796164,0.000380672223400325,0.000268744246568531,0.000166917350725271,6.4042083977256E-05,6.15703029325232E-05,-9999,-9999,-9999,-9999,-9999,-9999,-9999,-9999,-9999,-9999,-9999,-9999,-9999,-9999,-9999,-9999
-9999,-9999,-9999,-9999,-9999,-9999,-9999,-9999,-9999,-9999,-9999,-9999,-9999,-9999,-9999,-9999,-9999,-9999,0.000234902545344085,0.000593358825426549,0.00134988874197006,0.0015268576098606,0.00152978545520455,0.00156995840370655,0.00158648332580924,0.00156721530947834,0.0016441053012386,0.00166753656230867,0.00164954934734851,0.00162767118308693,0.00160565320402384,0.00157698057591915,0.0015493375249207,0.00158545596059412,0.00157879933249205,0.00160068541299552,0.00159353646449745,0.00159673125017434,0.00158213952090591,0.00157596718054265,0.00156958680599928,0.00156098941806704,0.0015548299998045,0.00154777674470097,0.00153602985665202,0.00151221337728202,0.00148457102477551,0.00143444922287017,0.00135606213007122,0.00118157349061221,0.000741371128242463,0.000410510663641617,0.000522990536410362,0.000950802932493389,0.00113562098704278,0.00122569489758462,0.0012285360135138,0.00133900612127036,0.0014772160211578,0.00150743778795004,0.00150609482079744,0.00149411975871772,0.00148430757690221,0.00147656607441604,0.00145932834129781,0.00144074286799878,0.00136179872788489,2.05222058866639E-05,-9999,-9999,-9999,-9999,-9999,-9999,-9999,-9999,-9999,-9999,-9999,-9999,-9999,-9999,-9999,-9999,-9999,5.2436039368331E-06,7.81657672632718E-06,2.34647013712674E-05,0.000108138141513336,0.000364392646588385,0.000801089336164296,0.00108213676139712,0.00112677551805973,0.00113929319195449,0.00114786438643932,0.00115791708230972,0.00117167155258358,0.00118670682422817,0.00119911064393818,0.00120776239782572,0.00121205183677375,0.00121536094229668,0.00121984782163054,0.00122372317127883,0.00122925185132772,0.00122081895824522,0.00118496525101364,0.00113736535422504,0.00107713777106255,0.000944812956731766,0.00061425194144249,0.000374899769667536,0.000147642436786555,7.06681748852134E-05,6.2178834923543E-05,-9999,-9999,-9999,-9999,-9999,-9999,-9999,-9999,-9999,-9999,-9999,-9999,-9999,-9999,-9999,-9999
-9999,-9999,-9999,-9999,-9999,-9999,-9999,-9999,-9999,-9999,-9999,-9999,1.15734701466863E-05,3.43085484928451E-05,-9999,7.99532062956132E-05,0.000169309525517747,0.000636927434243262,0.00118200562428683,0.00143994903191924,0.00161862222012132,0.00166844762861729,0.00169134081806988,0.00169385340996087,0.00168647919781506,0.00169349345378578,0.00169344735331833,0.00168151815887541,0.00167639553546906,0.00165937386918813,0.00163963856175542,0.00162645883392543,0.00162236066535115,0.00162106088828295,0.00161680311430246,0.00161590683273971,0.00160954962484539,0.00160246365703642,0.0015910166548565,0.00157793727703393,0.00156485568732023,0.00155180355068296,0.00154339196160436,0.00153846724424511,0.00153302284888923,0.00152478576637805,0.0015141946496442,0.00149894214700907,0.00147779146209359,0.00143707334063947,0.00133592518977821,0.00112142669968307,0.000979366130195558,0.00105644727591425,0.00112724851351231,0.00121692859102041,0.00130915956106037,0.00145384029019624,0.0014897424262017,0.00147611496504396,0.00147324532736093,0.00146921840496361,0.00146316655445844,0.00145481422077864,0.00144321948755533,0.00143888941965997,1.60338986461284E-05,-9999,-9999,-9999,-9999,-9999,-9999,-9999,-9999,-9999,-9999,-9999,-9999,-9999,-9999,-9999,-9999,-9999,-9999,-9999,5.2436039368331E-06,7.81563994678436E-06,3.83783262805082E-05,0.000171882740687579,0.00052294135093689,0.000952522503212094,0.00110530201345682,0.00112729403190315,0.00113722821697593,0.0011393268359825,0.00114828965160996,0.00116072362288833,0.00117049529217184,0.00117771688383073,0.00118106999434531,0.00118122273124754,0.00118458713404834,0.0011930848704651,0.00119855836965144,0.00119628966785967,0.00117833691183478,0.00114364980254322,0.0011040911776945,0.00101360992994159,0.00074234907515347,0.000397138093831018,0.000159507209900767,7.69705802667886E-05,6.06406392762437E-05,-9999,-9999,-9999,-9999,-9999,-9999,-9999,-9999,-9999,-9999,-9999,-9999,-9999,-9999,-9999,-9999
-9999,-9999,-9999,-9999,-9999,-9999,-9999,-9999,-9999,-9999,1.12532807179377E-05,1.12761817945284E-05,1.13416517706355E-05,0.000127140490803868,0.000309935421682894,0.000821176217868924,0.0012500393204391,0.00145409058313817,0.00159380282275379,0.00166948104742914,0.00170053285546601,0.00170902058016509,0.00171079905703664,0.0017094649374485,0.00170613778755069,0.00169851095415652,0.00169103150255978,0.00168067682534456,0.00166839361190796,0.00165378313977271,0.00163908337708563,0.00162445020396262,0.00161325850058347,0.0016069266712293,0.00160122592933476,0.00159816921222955,0.00159328081645072,0.0015844851732254,0.00157290196511894,0.00156002957373857,0.00154637498781085,0.0015319372760132,0.00152075162623078,0.00151459721382707,0.00150943035259843,0.0015025787288323,0.0014948402531445,0.00148608884774148,0.00147623661905527,0.00146659463644028,0.00145600805990398,0.00144194578751922,0.00142993731424212,0.00142324587795883,0.00142897432669997,0.00145677255932242,0.00147120433393866,0.00147637748159468,0.00147500401362777,0.00146204198244959,0.000371467176591977,9.90089847618947E-06,9.9177914307802E-06,2.67020877799951E-05,0.00065241934498772,7.40389150450937E-05,-9999,-9999,-9999,-9999,-9999,-9999,-9999,-9999,-9999,-9999,-9999,-9999,-9999,-9999,-9999,-9999,-9999,-9999,-9999,-9999,-9999,5.23846210853662E-06,7.80321988713695E-06,3.99403143092059E-05,0.000205780364922248,0.000616396311670542,0.00101902452297509,0.0011128430487588,0.0011218813015148,0.00112603697925806,0.00112626969348639,0.00113315565977246,0.00113965361379087,0.0011467948788777,0.00114906544331461,0.00114931282587349,0.00114866462536156,0.00115787039976567,0.00116568116936833,0.0011664821067825,0.00115633115638047,0.00113748223520815,0.00109368015546352,0.00100573722738773,0.000817732070572674,0.000517769833095372,0.000189420214155689,8.34683596622199E-05,5.8931480452884E-05,-9999,-9999,-9999,-9999,-9999,-9999,-9999,-9999,-9999,-9999,-9999,-9999,-9999,-9999,-9999,-9999
-9999,-9999,-9999,-9999,-9999,-9999,-9999,-9999,7.60694747441448E-05,7.60255279601552E-05,1.80447259481298E-05,3.03669330605771E-05,0.000222538903472014,0.00100389926228672,0.00136821903288364,0.00150007347110659,0.00159875059034675,0.00165450910571963,0.00167669309303164,0.0016952941659838,0.00170344230718911,0.00170518492814153,0.00170484895352274,0.00169990549329668,0.0016930002020672,0.00168322306126356,0.00167084892746061,0.00165678735356778,0.00164308468811214,0.00162807968445122,0.00161309179384261,0.00159830204211175,0.00158622802700847,0.001581174088642,0.00157511269208044,0.00157077959738672,0.00156344822607934,0.00155404373072088,0.00154216156806797,0.00152752548456192,0.00151175039354712,0.00149633479304612,0.00148576661013067,0.0014805356040597,0.00147499144077301,0.00146778137423098,0.00145995453931391,0.0014518212992698,0.00144326419103891,0.00143626821227372,0.0014318514149636,0.00143219961319119,0.00143607112113386,0.00144204264506698,0.00144985807128251,0.00145503913518041,0.00145751866512001,0.00145943684037775,0.00145747035276145,0.00144756550434977,0.00140612467657775,9.81394441623706E-06,-9999,-9999,-9999,-9999,-9999,-9999,-9999,-9999,-9999,-9999,-9999,-9999,-9999,-9999,-9999,-9999,-9999,-9999,-9999,-9999,-9999,-9999,-9999,-9999,-9999,-9999,5.2274986046541E-06,7.78509911469882E-06,1.38749783218373E-05,0.000111795525299385,0.000509759527631104,0.000986148952506483,0.0011001176899299,0.00111223419662565,0.00111103034578264,0.00110874301753938,0.00110920041333884,0.00111520173959434,0.00111829314846545,0.00112059665843844,0.00112148514017463,0.00112377246841788,0.00113155017606914,0.00113457755651325,0.00113020546268672,0.00111765717156231,0.00108514341991395,0.00102100253570825,0.000873386219609529,0.00056979653891176,0.000202441267902032,8.09312477940693E-05,5.72063509025611E-05,-9999,-9999,-9999,-9999,-9999,-9999,-9999,-9999,-9999,-9999,-9999,-9999,-9999,-9999,-9999,-9999
-9999,-9999,-9999,-9999,-9999,-9999,-9999,-9999,7.47567974030972E-05,8.53425081004389E-05,9.42514598136768E-05,0.000365724990842864,0.0013406848302111,0.00153652229346335,0.00158172880765051,0.00162330479361117,0.00165896618273109,0.00167924887500703,0.00168966373894364,0.00169310148339719,0.00169316527899355,0.00169182091485709,0.00168682693038136,0.00167904852423817,0.00166936125606298,0.00165735394693911,0.00164159305859357,0.00162388500757515,0.00161042751278728,0.00159868446644396,0.0015858612023294,0.00157216005027294,0.00156099838204682,0.00155307806562632,0.00154773308895528,0.00154202105477452,0.0015344163402915,0.00152372685261071,0.00151033489964902,0.00149395922198892,0.00147720926906914,0.00146109820343554,0.00144915690179914,0.00144205801188946,0.00143448903691024,0.00142648571636528,0.00141884060576558,0.00141250889282674,0.00140544096939266,0.00139952322933823,0.00139579828828573,0.0013986537232995,0.00140586821362376,0.00141545420046896,0.00142518128268421,0.00143167073838413,0.00143433338962495,0.00143276317976415,0.0014308535028249,0.00142897118348628,0.00136355520226061,9.77794570644619E-06,-9999,-9999,-9999,-9999,-9999,-9999,-9999,-9999,-9999,-9999,-9999,-9999,-9999,-9999,-9999,-9999,-9999,-9999,-9999,-9999,-9999,-9999,-9999,-9999,-9999,-9999,-9999,-9999,7.7634404078708E-06,7.75396347307833E-06,1.57394206325989E-05,0.000157617396325804,0.000773192849010229,0.00107224308885634,0.0010934981983155,0.00108961155638099,0.0010849186219275,0.00108476146124303,0.00108780467417091,0.00108920130878687,0.00109191401861608,0.00109443359542638,0.00109885865822434,0.00110277452040464,0.0010995224583894,0.00109419412910938,0.00107160664629191,0.00102934672031552,0.00092848896747455,0.000583839486353099,0.000214872416108847,6.97837749612518E-05,5.70258707739413E-05,-9999,-9999,-9999,-9999,-9999,-9999,-9999,-9999,-9999,-9999,-9999,-9999,-9999,-9999,-9999,-9999
-9999,-9999,-9999,-9999,-9999,-9999,7.71971244830638E-05,7.64876458561048E-05,7.65553486417048E-05,0.000218032757402398,0.00102235761005431,0.00142408395186067,0.00157202186528593,0.00160988268908113,0.00164061249233782,0.00165844976436347,0.00167087547015399,0.00167754315771163,0.00168022746220231,0.00167829776182771,0.00167264672927558,0.00166658952366561,0.00166030717082322,0.00165055005345494,0.00163729232735932,0.00162665511015803,0.00161086930893362,0.00159533112309873,0.0015815740916878,0.00156794954091311,0.00155254954006523,0.00154134584590793,0.00153294438496232,0.00152481335680932,0.00151796767022461,0.00151112489402294,0.00150307640433311,0.00149401859380305,0.00148112524766475,0.00146511127240956,0.00144693232141435,0.00143236911389977,0.00141865585464984,0.00140868709422648,0.00139971415046602,0.001392119564116,0.00138468644581735,0.00137636158615351,0.00137190951500088,0.00136657012626529,0.00136396801099181,0.00136740796733648,0.00137417670339346,0.00138475489802659,0.0013924123486504,0.00140062905848026,0.00140673003625125,0.00140540429856628,0.00139604043215513,0.000671037356369197,9.71742429101141E-06,-9999,-9999,-9999,-9999,-9999,-9999,-9999,-9999,-9999,-9999,-9999,-9999,-9999,-9999,-9999,-9999,-9999,-9999,-9999,-9999,-9999,-9999,-9999,-9999,-9999,-9999,-9999,-9999,-9999,-9999,-9999,-9999,7.64472952141659E-06,2.13744351640344E-05,0.000357673910912126,0.000973664980847389,0.00106778810732067,0.00106513116043061,0.00105878780595958,0.00105600524693727,0.00105877837631851,0.00106091832276434,0.00106540776323527,0.00106852035969496,0.00107076927088201,0.00106850324664265,0.0010625256691128,0.00104785757139325,0.00102138915099204,0.00092865782789886,0.000656349177006632,0.000296471989713609,5.90133349760436E-05,-9999,-9999,-9999,-9999,-9999,-9999,-9999,-9999,-9999,-9999,-9999,-9999,-9999,-9999,-9999,-9999,-9999
-9999,-9999,-9999,-9999,-9999,-9999,7.68251775298268E-05,9.6253766969312E-05,0.000362298043910414,0.0012222818331793,0.00149999896530062,0.00158293673302978,0.00161259900778532,0.00162696628831327,0.00163834926206619,0.00164809357374907,0.00165810761973262,0.00166470999829471,0.001665607560426,0.00165970320813358,0.00164905493147671,0.00164075242355466,0.00163446459919214,0.00162364856805652,0.00160962250083685,0.00159830681513995,0.00158274476416409,0.00156628980766982,0.00155270646791905,0.00153783441055566,0.00151875277515501,0.00150808098260313,0.0014961768174544,0.001485301181674,0.00147138547617942,0.0014636900741607,0.0014603566378355,0.00145681132562459,0.00144744128920138,0.00143590697553009,0.00141456443816423,0.0014037829823792,0.00138938112650067,0.00137975334655493,0.00137289974372834,0.00136982533149421,0.00136245239991695,0.00135990814305842,0.00135330727789551,0.00135302287526429,0.00134926801547408,0.00135526794474572,0.00136426580138505,0.00111772934906185,0.00129487121012062,0.00111051427666098,3.05041085084667E-05,9.5751684057177E-06,9.61038131208625E-06,-9999,-9999,-9999,-9999,-9999,-9999,-9999,-9999,-9999,-9999,-9999,-9999,-9999,-9999,-9999,-9999,-9999,-9999,-9999,-9999,-9999,-9999,-9999,-9999,-9999,-9999,-9999,-9999,-9999,-9999,-9999,-9999,-9999,-9999,-9999,7.50006665839464E-06,7.41929488867754E-06,0.000147219703649171,0.000856545870192349,0.00103842315729707,0.00103433791082352,0.00102731736842543,0.00102746207267046,0.00103210029192269,0.00103574839886278,0.00103915086947381,0.0010389587841928,0.00103511905763298,0.00102995382621884,0.00101934454869479,0.00100247282534838,0.000942286744248122,0.000741511234082282,0.000311146664898843,7.86210730439052E-05,6.27572298981249E-05,4.88395562570076E-05,-9999,-9999,-9999,-9999,-9999,-9999,-9999,-9999,-9999,-9999,-9999,-9999,-9999,-9999,-9999
-9999,-9999,-9999,-9999,9.81357588898391E-05,0.00010872586426558,7.7285039878916E-05,0.000331828836351633,0.00128879549447447,0.00153251073788851,0.0015952616231516,0.00160601304378361,0.00160897104069591,0.00161358574405313,0.00162029347848147,0.00162955664563924,0.00164026557467878,0.00164749100804329,0.00164765294175595,0.00163986359257251,0.00162712251767516,0.00161642604507506,0.001614113105461,0.00159645196981728,0.001583032310009,0.00157274806406349,0.00155364535748959,0.00154851167462766,0.00153349235188216,0.0015191420679912,0.00149699777830392,0.00147964979987592,0.00146290275733918,0.00146045640576631,0.00143943866714835,0.00143909407779574,0.00143990339711308,0.00143014767672867,0.00143372046295553,0.000195450717001222,0.000978477415628731,0.000798152934294194,0.0013559254584834,0.000963866012170911,0.00123978382907808,0.00134340231306851,0.00134494923986495,0.000714523368515074,0.000227764205192216,0.000644132203888148,9.05050765140913E-05,7.84490985097364E-05,9.26435859582853E-06,9.29743964661611E-06,-9999,-9999,-9999,-9999,-9999,-9999,-9999,-9999,-9999,-9999,-9999,-9999,-9999,-9999,-9999,-9999,-9999,-9999,-9999,-9999,-9999,-9999,-9999,-9999,-9999,-9999,-9999,-9999,-9999,-9999,-9999,-9999,-9999,-9999,-9999,-9999,-9999,-9999,-9999,-9999,-9999,4.87114266434219E-06,7.12882729203557E-06,0.000230884557822719,0.000954156450461596,0.00100754818413407,0.000999834854155779,0.000997922266833484,0.00100436864886433,0.00100747705437243,0.00100873818155378,0.00100669567473233,0.0010016830638051,0.000996330170892179,0.000990057596936822,0.000978405820205808,0.000938332639634609,0.000714163528755307,0.000250669079832733,4.80415037600324E-05,4.74174958071671E-05,3.36798184434883E-05,4.87961006001569E-05,-9999,-9999,-9999,-9999,-9999,-9999,-9999,-9999,-9999,-9999,-9999,-9999,-9999,-9999
-9999,-9999,-9999,-9999,7.83798968768679E-05,0.000121283781481907,0.000184105956577696,0.00122354412451386,0.00155045813880861,0.00160240719560534,0.00160527555271983,0.00159992265980691,0.00159688526764512,0.00159466010518372,0.00159599666949362,0.00160304398741573,0.00161436153575778,0.00162844778969884,0.0016291820211336,0.00126990303397179,1.69466675288277E-05,1.10110922832973E-05,1.0960944564431E-05,1.08909634946031E-05,1.08104159153299E-05,1.07238793134457E-05,5.11988873768132E-05,1.05234412330901E-05,3.96630093746353E-05,1.02914455055725E-05,0.000132204848341644,0.00104442529845983,0.00138314708601683,0.00133650726638734,0.00142634368967265,0.00139745813794434,0.0014186518965289,0.00140442582778633,0.000404900667490438,9.70314067672007E-06,9.60002307692776E-06,9.51438323681941E-06,9.43803388508968E-06,9.37442564463709E-06,9.31972772377776E-06,9.28048393689096E-06,9.25728818401694E-06,-9999,-9999,-9999,-9999,-9999,-9999,-9999,-9999,-9999,-9999,-9999,-9999,-9999,-9999,-9999,-9999,-9999,-9999,-9999,-9999,-9999,-9999,-9999,-9999,-9999,-9999,-9999,-9999,-9999,-9999,-9999,-9999,-9999,-9999,-9999,-9999,-9999,-9999,-9999,-9999,-9999,-9999,-9999,-9999,-9999,-9999,-9999,-9999,-9999,6.92557659931481E-06,4.6212207962526E-05,0.000827356183435768,0.000973663642071187,0.000973312882706523,0.000967781990766525,0.000973284768406302,0.000976034032646567,0.000976015289779752,0.00097365042893216,0.000967757019679993,0.000962115882430226,0.000956813106313348,0.000948822009377182,0.000921569706406444,0.000766236975323409,0.000385476247174665,0.000129371997900307,2.27124146476854E-05,7.66845623729751E-05,4.63610922452062E-05,-9999,-9999,-9999,-9999,-9999,-9999,-9999,-9999,-9999,-9999,-9999,-9999,-9999,-9999
-9999,-9999,-9999,-9999,-9999,7.71555496612564E-05,0.000887225614860654,0.00153512763790786,0.00160281406715512,0.00160732085350901,0.0015978489536792,0.00158671836834401,0.00158065254800022,0.00157105200923979,0.00156849576160312,0.00158007419668138,0.000952354050241411,1.09339416667353E-05,1.09995771708782E-05,1.10251285150298E-05,-9999,-9999,-9999,-9999,-9999,-9999,-9999,-9999,-9999,-9999,-9999,-9999,-9999,3.6718207411468E-05,0.000106899577076547,9.23414263525046E-05,0.000122809040476568,9.77823219727725E-06,-9999,-9999,-9999,-9999,-9999,-9999,-9999,-9999,-9999,-9999,-9999,-9999,-9999,-9999,-9999,-9999,-9999,-9999,-9999,-9999,-9999,-9999,-9999,-9999,-9999,-9999,-9999,-9999,-9999,-9999,-9999,-9999,-9999,-9999,-9999,-9999,-9999,-9999,-9999,-9999,-9999,-9999,-9999,-9999,-9999,-9999,-9999,-9999,-9999,-9999,-9999,-9999,-9999,-9999,-9999,-9999,-9999,-9999,4.52745462098392E-06,6.59907072986243E-06,0.000701085256878287,0.000940688187256455,0.000942523998674005,0.000936990138143301,0.000944325467571616,0.000942959391977638,0.000941948732361197,0.000939615245442837,0.000935168995056301,0.000930220587179065,0.000923886545933783,0.000917600409593433,0.000904529879335314,0.000816591782495379,0.000530295248609036,0.000154912951984443,8.49169373395853E-05,5.13254999532364E-05,-9999,-9999,-9999,-9999,-9999,-9999,-9999,-9999,-9999,-9999,-9999,-9999,-9999,-9999,-9999
-9999,-9999,-9999,-9999,-9999,0.000306092202663422,0.00143979641143233,0.00159508269280195,0.00161152298096567,0.00160252768546343,0.00158875796478242,0.00157324504107237,0.00155853235628456,0.00155013951007277,0.00154532655142248,0.000177749912836589,1.07892810774501E-05,7.27455426385859E-06,-9999,-9999,-9999,-9999,-9999,-9999,-9999,-9999,-9999,-9999,-9999,-9999,-9999,-9999,-9999,-9999,-9999,-9999,-9999,-9999,-9999,-9999,-9999,-9999,-9999,-9999,-9999,-9999,-9999,-9999,-9999,-9999,-9999,-9999,-9999,-9999,-9999,-9999,-9999,-9999,-9999,-9999,-9999,-9999,-9999,-9999,-9999,-9999,-9999,-9999,-9999,-9999,-9999,-9999,-9999,-9999,-9999,-9999,-9999,-9999,-9999,-9999,-9999,-9999,-9999,-9999,-9999,-9999,-9999,-9999,-9999,-9999,-9999,-9999,-9999,-9999,-9999,-9999,-9999,6.35363221590524E-06,0.000528296397533268,0.0009097452275455,0.000911531096789986,0.000907752779312432,0.000913138268515468,0.000909316877368838,0.000906997243873775,0.000905316381249577,0.000903356645721942,0.000899591366760433,0.000894502445589751,0.000888453098013997,0.000877453305292875,0.000839745043776929,0.000603614666033536,0.000302483356790617,5.7825687690638E-05,4.16834882344119E-05,-9999,-9999,-9999,-9999,-9999,-9999,-9999,-9999,-9999,-9999,-9999,-9999,-9999,-9999,-9999
-9999,-9999,8.03529328550212E-05,7.96542299212888E-05,7.83054274506867E-05,0.000843741814605892,0.00156577350571752,0.00160869234241545,0.00160885939840227,0.00159429595805705,0.00157793168909848,0.00155971257481724,0.00154436589218676,0.00152205396443605,9.20967722777277E-05,1.06662982943817E-05,7.18666478860541E-06,-9999,-9999,-9999,-9999,-9999,-9999,-9999,-9999,-9999,-9999,-9999,-9999,-9999,-9999,-9999,-9999,-9999,-9999,-9999,-9999,-9999,-9999,-9999,-9999,-9999,-9999,-9999,-9999,-9999,-9999,-9999,-9999,-9999,-9999,-9999,-9999,-9999,-9999,-9999,-9999,-9999,-9999,-9999,-9999,-9999,-9999,-9999,-9999,-9999,-9999,-9999,-9999,-9999,-9999,-9999,-9999,-9999,-9999,-9999,-9999,-9999,-9999,-9999,-9999,-9999,-9999,-9999,-9999,-9999,-9999,-9999,-9999,-9999,-9999,-9999,-9999,-9999,-9999,-9999,-9999,6.15561293670908E-06,0.000304798217257485,0.000879601109772921,0.000884224253240973,0.000877619371749461,0.000876578153111041,0.000876345089636743,0.000871980155352503,0.000873056706041098,0.000872894772328436,0.000870403076987714,0.000865700771100819,0.00085980718722567,0.000852060446050018,0.000827618059702218,0.000725968508049846,0.000457820890005678,0.000243826303631067,5.49512369616423E-05,-9999,-9999,-9999,-9999,-9999,-9999,-9999,-9999,-9999,-9999,-9999,-9999,-9999,-9999,-9999
-9999,-9999,-9999,-9999,9.71504778135568E-05,0.00132250820752233,0.001589898718521,0.00161005544941872,0.00160144839901477,0.001582239754498,0.00156471668742597,0.00154792692046613,0.00153551204130054,0.000132203160319477,1.05689614429139E-05,7.11320944901672E-06,-9999,-9999,-9999,-9999,-9999,-9999,-9999,-9999,-9999,-9999,-9999,-9999,-9999,-9999,-9999,-9999,-9999,-9999,-9999,-9999,-9999,-9999,-9999,-9999,-9999,-9999,-9999,-9999,-9999,-9999,-9999,-9999,-9999,-9999,-9999,-9999,-9999,-9999,-9999,-9999,-9999,-9999,-9999,-9999,-9999,-9999,-9999,-9999,-9999,-9999,-9999,-9999,-9999,-9999,-9999,-9999,-9999,-9999,-9999,-9999,-9999,-9999,-9999,-9999,-9999,-9999,-9999,-9999,-9999,-9999,-9999,-9999,-9999,-9999,-9999,-9999,-9999,-9999,-9999,-9999,-9999,5.98129236095701E-06,0.000158395036123693,0.000847528455778956,0.000854371406603605,0.000850728480145335,0.000845720467623323,0.000845389964524657,0.000840221124235541,0.000842304667457938,0.000844844384118915,0.000842472712974995,0.000837574014440179,0.000832229445222765,0.000824089394882321,0.00081002787919715,0.000771303195506334,0.000666790641844273,0.000412846071412787,0.000122315279440954,-9999,-9999,-9999,-9999,-9999,-9999,-9999,-9999,-9999,-9999,-9999,-9999,-9999,-9999,-9999
-9999,-9999,-9999,-9999,0.000206002339837141,0.00143699860200286,0.00159526569768786,0.00160564435645938,0.00159264821559191,0.00156975293066353,0.00155277852900326,0.00153833522927016,0.00103191880043596,1.0502722034289E-05,7.05196862327284E-06,-9999,-9999,-9999,-9999,-9999,-9999,-9999,-9999,-9999,-9999,-9999,-9999,-9999,-9999,-9999,-9999,-9999,-9999,-9999,-9999,-9999,-9999,-9999,-9999,-9999,-9999,-9999,-9999,-9999,-9999,-9999,-9999,-9999,-9999,-9999,-9999,-9999,-9999,-9999,-9999,-9999,-9999,-9999,-9999,-9999,-9999,-9999,-9999,-9999,-9999,-9999,-9999,-9999,-9999,-9999,-9999,-9999,-9999,-9999,-9999,-9999,-9999,-9999,-9999,-9999,-9999,-9999,-9999,-9999,-9999,-9999,-9999,-9999,-9999,-9999,-9999,-9999,-9999,-9999,-9999,-9999,-9999,5.82353641220834E-06,6.31000730209053E-05,0.000811449426691979,0.000823931710328907,0.000824470305815339,0.000817259016912431,0.000813950668089092,0.000811829406302422,0.000811199250165373,0.000814423954579979,0.000812305952422321,0.000809301040135324,0.000804409850388765,0.000797664746642113,0.000788131554145366,0.00077043694909662,0.000733051740098745,0.000611917406786233,0.000328147754771635,4.45383702754043E-05,-9999,-9999,-9999,-9999,-9999,-9999,-9999,-9999,-9999,-9999,-9999,-9999,-9999,-9999
-9999,-9999,-9999,-9999,0.000166815894772299,0.00141471577808261,0.00159205647651106,0.00159873254597187,0.0015832120552659,0.00156022736337036,0.00154422712512314,0.00152987474575639,1.04426089819754E-05,7.00823329680134E-06,4.71005250801682E-06,-9999,-9999,-9999,-9999,-9999,-9999,-9999,-9999,-9999,-9999,-9999,-9999,-9999,-9999,-9999,-9999,-9999,-9999,-9999,-9999,-9999,-9999,-9999,-9999,-9999,-9999,-9999,-9999,-9999,-9999,-9999,-9999,-9999,-9999,-9999,-9999,-9999,-9999,-9999,-9999,-9999,-9999,-9999,-9999,-9999,-9999,-9999,-9999,-9999,-9999,-9999,-9999,-9999,-9999,-9999,-9999,-9999,-9999,-9999,-9999,-9999,-9999,-9999,-9999,-9999,-9999,-9999,-9999,-9999,-9999,-9999,-9999,-9999,-9999,-9999,-9999,-9999,-9999,-9999,-9999,-9999,-9999,3.77310948351806E-06,5.56886743652285E-06,0.000766210665460676,0.000797063810750842,0.000797928951214999,0.000792828795965761,0.00078438880154863,0.000784091360401362,0.000783611496444792,0.000783200142905116,0.000782791466917843,0.00078099878737703,0.00077776046236977,0.000771809660363942,0.000763089163228869,0.000753098691347986,0.000734595989342779,0.000677524134516716,0.00048905482981354,0.000151983869727701,3.4411707019899E-05,-9999,-9999,-9999,-9999,-9999,-9999,-9999,-9999,-9999,-9999,-9999,-9999,-9999
-9999,-9999,-9999,-9999,8.65941619849764E-05,0.00128624215722084,0.00158297969028354,0.00159221480134875,0.00157876452431083,0.00155613711103797,0.00153943081386387,0.0015210285782814,1.04000255305436E-05,6.97393079462927E-06,-9999,-9999,-9999,-9999,-9999,-9999,-9999,-9999,-9999,-9999,-9999,-9999,-9999,-9999,-9999,-9999,-9999,-9999,-9999,-9999,-9999,-9999,-9999,-9999,-9999,-9999,-9999,-9999,-9999,-9999,-9999,-9999,-9999,-9999,-9999,-9999,-9999,-9999,-9999,-9999,-9999,-9999,-9999,-9999,-9999,-9999,-9999,-9999,-9999,-9999,-9999,-9999,-9999,-9999,-9999,-9999,-9999,-9999,-9999,-9999,-9999,-9999,-9999,-9999,-9999,-9999,-9999,-9999,-9999,-9999,-9999,-9999,-9999,-9999,-9999,-9999,-9999,-9999,-9999,-9999,-9999,-9999,-9999,3.68812129636353E-06,5.39107804797823E-06,0.00072121643461287,0.000771138875279576,0.000771042192354798,0.000769878330174834,0.000761017494369298,0.000756407622247934,0.000756161869503558,0.000755950284656137,0.000758098380174488,0.000756648369133472,0.000754103122744709,0.000747878511901945,0.000739874201826751,0.000732035259716213,0.00071894348366186,0.000682396697811782,0.000599761144258082,0.000350799178704619,6.55460389680229E-05,4.66583005618304E-05,4.74254511573236E-06,-9999,-9999,-9999,-9999,-9999,-9999,-9999,-9999,-9999,-9999,-9999
-9999,-9999,-9999,-9999,7.72695930209011E-05,0.000696029921527952,0.00155042624101043,0.00158790801651776,0.00158126407768577,0.00156490074004978,0.00154494261369109,0.00152736622840166,2.30078749154927E-05,1.03613219835097E-05,-9999,-9999,-9999,-9999,-9999,-9999,-9999,-9999,-9999,-9999,-9999,-9999,-9999,-9999,-9999,-9999,-9999,-9999,-9999,-9999,-9999,-9999,-9999,-9999,-9999,-9999,-9999,-9999,-9999,-9999,-9999,-9999,-9999,-9999,-9999,-9999,-9999,-9999,-9999,-9999,-9999,-9999,-9999,-9999,-9999,-9999,-9999,-9999,-9999,-9999,-9999,-9999,-9999,-9999,-9999,-9999,-9999,-9999,-9999,-9999,-9999,-9999,-9999,-9999,-9999,-9999,-9999,-9999,-9999,-9999,-9999,-9999,-9999,-9999,-9999,-9999,-9999,-9999,-9999,-9999,-9999,-9999,-9999,-9999,5.21617084814352E-06,0.00068690802436322,0.000746281002648175,0.00074502540519461,0.000748220540117472,0.000739985320251435,0.000733676482923329,0.000734167464543134,0.000735744484700263,0.000735471025109291,0.000735205831006169,0.000731773383449763,0.000726678816135973,0.000719674804713577,0.000712644367013127,0.000703032535966486,0.000676545314490795,0.000615700497291982,0.000462376076029614,0.000108132800960448,3.69227818737272E-05,-9999,-9999,-9999,-9999,-9999,-9999,-9999,-9999,-9999,-9999,-9999,-9999
-9999,-9999,-9999,-9999,7.72482380853035E-05,0.000304109853459522,0.00143566750921309,0.00158089958131313,0.00158039142843336,0.00157231593038887,0.00155638402793556,0.00153707142453641,0.00103795889299363,1.03364191090805E-05,-9999,-9999,-9999,-9999,-9999,-9999,-9999,-9999,-9999,-9999,-9999,-9999,-9999,-9999,-9999,-9999,-9999,-9999,-9999,-9999,-9999,-9999,-9999,-9999,-9999,-9999,-9999,-9999,-9999,-9999,-9999,-9999,-9999,-9999,-9999,-9999,-9999,-9999,-9999,-9999,-9999,-9999,-9999,-9999,-9999,-9999,-9999,-9999,-9999,-9999,-9999,-9999,-9999,-9999,-9999,-9999,-9999,-9999,-9999,-9999,-9999,-9999,-9999,-9999,-9999,-9999,-9999,-9999,-9999,-9999,-9999,-9999,-9999,-9999,-9999,-9999,-9999,-9999,-9999,-9999,-9999,-9999,-9999,-9999,5.08890934725059E-06,0.000614622025750577,0.00072555587394163,0.000724411976989359,0.000727211765479296,0.00072476378409192,0.000716667389497161,0.000711171189323068,0.000714100897312164,0.000713172950781882,0.000712458684574813,0.000709529966115952,0.00070631189737469,0.000700814183801413,0.000694935093633831,0.000685018429066986,0.000665299128741026,0.000616210803855211,0.000531117024365813,0.000201432587346062,3.62039463652764E-05,3.22191954182927E-05,3.23588064929936E-05,-9999,-9999,-9999,-9999,-9999,-9999,-9999,-9999,-9999,-9999
-9999,-9999,-9999,-9999,-9999,8.54275494930334E-05,0.00117199926171452,0.00156760518439114,0.0015781803522259,0.00157390534877777,0.001562638906762,0.00154255121015012,0.0015172102721408,1.03239153759205E-05,-9999,-9999,-9999,-9999,-9999,-9999,-9999,-9999,-9999,-9999,-9999,-9999,-9999,-9999,-9999,-9999,-9999,-9999,-9999,-9999,-9999,-9999,-9999,-9999,-9999,-9999,-9999,-9999,-9999,-9999,-9999,-9999,-9999,-9999,-9999,-9999,-9999,-9999,-9999,-9999,-9999,-9999,-9999,-9999,-9999,-9999,-9999,-9999,-9999,-9999,-9999,-9999,-9999,-9999,-9999,-9999,-9999,-9999,-9999,-9999,-9999,-9999,-9999,-9999,-9999,-9999,-9999,-9999,-9999,-9999,-9999,-9999,-9999,-9999,-9999,-9999,-9999,-9999,-9999,-9999,-9999,-9999,-9999,-9999,4.99681709698052E-06,0.000485251017380506,0.000702373625244945,0.000707434781361371,0.000708117324393243,0.0007071218569763,0.00069904257543385,0.000690658227540553,0.000693778216373175,0.000692794215865433,0.000692608824465424,0.000689476146362722,0.000686972110997885,0.000682913116179407,0.000677652191370726,0.000669680419377983,0.000656611984595656,0.000632729905191809,0.000504799943882972,0.000305763096548617,0.000113298548967578,7.56491281208582E-05,4.45590303570498E-05,3.22381310979836E-05,-9999,-9999,-9999,-9999,-9999,-9999,-9999,-9999,-9999
-9999,-9999,-9999,-9999,-9999,1.73902699316386E-05,0.000827041047159582,0.0015348281012848,0.00157586671411991,0.0015744804404676,0.00156592903658748,0.00154622935224324,0.00151952740270644,1.03305183074553E-05,-9999,-9999,-9999,-9999,-9999,-9999,-9999,-9999,-9999,-9999,-9999,-9999,-9999,-9999,-9999,-9999,-9999,-9999,-9999,-9999,-9999,-9999,-9999,-9999,-9999,-9999,-9999,-9999,-9999,-9999,-9999,-9999,-9999,-9999,-9999,-9999,-9999,-9999,-9999,-9999,-9999,-9999,-9999,-9999,-9999,-9999,-9999,-9999,-9999,-9999,-9999,-9999,-9999,-9999,-9999,-9999,-9999,-9999,-9999,-9999,-9999,-9999,-9999,-9999,-9999,-9999,-9999,-9999,-9999,-9999,-9999,-9999,-9999,-9999,-9999,-9999,-9999,-9999,-9999,-9999,-9999,-9999,-9999,-9999,4.93818879476748E-06,0.000160490075359121,0.000676412659231573,0.000691487512085587,0.000691097229719162,0.000689420849084854,0.000682675163261592,0.000675189949106425,0.000675620161928236,0.000676918250974268,0.000675508985295892,0.000671006739139557,0.000668116786982864,0.000664661172777414,0.000660027959384024,0.000654914765618742,0.000644999789074063,0.000614346819929779,0.000519112683832645,0.000427942723035812,0.000335060118231922,0.000278901279671118,8.29233176773414E-05,3.15998258884065E-05,-9999,-9999,-9999,-9999,-9999,-9999,-9999,-9999,-9999
-9999,-9999,-9999,-9999,-9999,1.06881980173057E-05,0.000594935845583677,0.00153242517262697,0.00157348671928048,0.00157464295625687,0.00156776385847479,0.0015472755767405,0.00150514498818666,1.03436141216662E-05,-9999,-9999,-9999,-9999,-9999,-9999,-9999,-9999,-9999,-9999,-9999,-9999,-9999,-9999,-9999,-9999,-9999,-9999,-9999,-9999,-9999,-9999,-9999,-9999,-9999,-9999,-9999,-9999,-9999,-9999,-9999,-9999,-9999,-9999,-9999,-9999,-9999,-9999,-9999,-9999,-9999,-9999,-9999,-9999,-9999,-9999,-9999,-9999,-9999,-9999,-9999,-9999,-9999,-9999,-9999,-9999,-9999,-9999,-9999,-9999,-9999,-9999,-9999,-9999,-9999,-9999,-9999,-9999,-9999,-9999,-9999,-9999,-9999,-9999,-9999,-9999,-9999,-9999,-9999,-9999,-9999,-9999,-9999,-9999,-9999,4.75826891488396E-06,0.000654555740766227,0.000673263566568494,0.000676245603244752,0.00067328626755625,0.000667008920572698,0.000659173761960119,0.000659056880977005,0.000660850724671036,0.000658779463265091,0.000655142299365252,0.000651261128950864,0.000648215704131871,0.000643708917777985,0.000639353587757796,0.000632958253845572,0.000610729737672955,0.000583377084694803,0.000546237512025982,0.000465116318082437,0.000292760290903971,0.000109776578028686,3.08329363178927E-05,-9999,-9999,-9999,-9999,-9999,-9999,-9999,-9999,-9999
-9999,-9999,-9999,-9999,-9999,-9999,0.00036131203523837,0.00153607036918402,0.00157144747208804,0.0015745391137898,0.00156639737542719,0.00154244457371533,0.00152367528062314,-9999,-9999,-9999,-9999,-9999,-9999,-9999,-9999,-9999,-9999,-9999,-9999,-9999,-9999,-9999,-9999,-9999,-9999,-9999,-9999,-9999,-9999,-9999,-9999,-9999,-9999,-9999,-9999,-9999,-9999,-9999,-9999,-9999,-9999,-9999,-9999,-9999,-9999,-9999,-9999,-9999,-9999,-9999,-9999,-9999,-9999,-9999,-9999,-9999,-9999,-9999,-9999,-9999,-9999,-9999,-9999,-9999,-9999,-9999,-9999,-9999,-9999,-9999,-9999,-9999,-9999,-9999,-9999,-9999,-9999,-9999,-9999,-9999,-9999,-9999,-9999,-9999,-9999,-9999,-9999,-9999,-9999,-9999,-9999,-9999,-9999,4.6645914153487E-06,0.000605548906605691,0.000657406286336482,0.000663215352687985,0.000660714693367481,0.000654809118714184,0.000647965585812926,0.000645673018880188,0.000645919761154801,0.000642958504613489,0.000639949110336602,0.000636120792478323,0.000632058130577207,0.000627877307124436,0.000623778556473553,0.000620614620856941,0.000613819807767868,0.000600232044234872,0.000558707572054118,0.000484053016407415,0.000360301230102777,0.000185070806764998,3.74397168343421E-05,-9999,-9999,-9999,-9999,-9999,-9999,-9999,-9999,-9999
-9999,-9999,-9999,-9999,-9999,-9999,0.00027193091227673,0.00153660029172897,0.00157301954459399,0.00157352408859879,0.00156059861183167,0.00153617223259062,0.0015088104410097,-9999,-9999,-9999,-9999,-9999,-9999,-9999,-9999,-9999,-9999,-9999,-9999,-9999,-9999,-9999,-9999,-9999,-9999,-9999,-9999,-9999,-9999,-9999,-9999,-9999,-9999,-9999,-9999,-9999,-9999,-9999,-9999,-9999,-9999,-9999,-9999,-9999,-9999,-9999,-9999,-9999,-9999,-9999,-9999,-9999,-9999,-9999,-9999,-9999,-9999,-9999,-9999,-9999,-9999,-9999,-9999,-9999,-9999,-9999,-9999,-9999,-9999,-9999,-9999,-9999,-9999,-9999,-9999,-9999,-9999,-9999,-9999,-9999,-9999,-9999,-9999,-9999,-9999,-9999,-9999,-9999,-9999,-9999,-9999,-9999,-9999,4.5920592128823E-06,0.000398309784941375,0.000645947526209056,0.000651440233923495,0.000648406916297972,0.000642454309854656,0.000636951124761254,0.000631674251053482,0.000633206567727029,0.000630065682344139,0.000626924447715282,0.000622954510618001,0.000619179219938815,0.000614782678894699,0.000610657269135118,0.000607589434366673,0.000603842083364725,0.000594605226069689,0.000573160359635949,0.000526526535395533,0.000404149119276553,0.000281796383205801,6.96450806572102E-05,3.5919074434787E-05,2.85748101305217E-05,-9999,-9999,-9999,-9999,-9999,-9999,-9999
-9999,-9999,-9999,-9999,-9999,-9999,0.000432258675573394,0.00156066659837961,0.0015772981569171,0.00157097331248224,0.0015530816745013,0.00152946973685175,0.00138431205414236,-9999,-9999,-9999,-9999,-9999,-9999,-9999,-9999,-9999,-9999,-9999,-9999,-9999,-9999,-9999,-9999,-9999,-9999,-9999,-9999,-9999,-9999,-9999,-9999,-9999,-9999,-9999,-9999,-9999,-9999,-9999,-9999,-9999,-9999,-9999,-9999,-9999,-9999,-9999,-9999,-9999,-9999,-9999,-9999,-9999,-9999,-9999,-9999,-9999,-9999,-9999,-9999,-9999,-9999,-9999,-9999,-9999,-9999,-9999,-9999,-9999,-9999,-9999,-9999,-9999,-9999,-9999,-9999,-9999,-9999,-9999,-9999,-9999,-9999,-9999,-9999,-9999,-9999,-9999,-9999,-9999,-9999,-9999,-9999,-9999,-9999,4.53396432931186E-06,2.67422819888452E-05,0.000635995180346072,0.000638869823887944,0.000636427779681981,0.00062960188370198,0.000623727159108967,0.000619455240666866,0.000619917525909841,0.000619072874542326,0.000615967670455575,0.000611255876719952,0.000606833840720356,0.00060299743199721,0.000599625229369849,0.000595581368543208,0.000592859520111233,0.000585120811592788,0.000568592688068748,0.000531858415342867,0.000466621655505151,0.000329541566316038,0.000124187296023592,6.10029019298963E-05,4.38407951151021E-05,2.78040097327903E-05,-9999,-9999,-9999,-9999,-9999,-9999
-9999,-9999,-9999,-9999,-9999,-9999,-9999,-9999,-9999,-9999,-9999,-9999,-9999,-9999,-9999,-9999,-9999,-9999,-9999,-9999,-9999,-9999,-9999,-9999,-9999,-9999,-9999,-9999,-9999,-9999,-9999,-9999,-9999,-9999,-9999,-9999,-9999,-9999,-9999,-9999,-9999,-9999,-9999,-9999,-9999,-9999,-9999,-9999,-9999,-9999,-9999,-9999,-9999,-9999,-9999,-9999,-9999,-9999,-9999,-9999,-9999,-9999,-9999,-9999,-9999,-9999,-9999,-9999,-9999,-9999,-9999,-9999,-9999,-9999,-9999,-9999,-9999,-9999,-9999,-9999,-9999,-9999,-9999,-9999,-9999,-9999,-9999,-9999,-9999,-9999,-9999,-9999,-9999,-9999,-9999,-9999,-9999,-9999,-9999,-9999,4.37452717960696E-06,0.00060959835536778,0.000626393652055413,0.000624646956566721,0.000618812744505703,0.000612933072261512,0.000608317088335752,0.000608920643571764,0.000609665876254439,0.000605264271143824,0.000600740255322307,0.000596452737227082,0.000591703515965492,0.000588752853218466,0.000585134548600763,0.000582059205044061,0.000578026694711298,0.000568053568713367,0.000544334412552416,0.000490958336740732,0.00035764227504842,0.000188663907465525,0.000121106939332094,8.99282385944389E-05,4.75750566693023E-05,2.69768333964748E-05,-9999,-9999,-9999,-9999,-9999
-9999,-9999,-9999,-9999,-9999,-9999,-9999,-9999,-9999,-9999,-9999,-9999,-9999,-9999,-9999,-9999,-9999,-9999,-9999,-9999,-9999,-9999,-9999,-9999,-9999,-9999,-9999,-9999,-9999,-9999,-9999,-9999,-9999,-9999,-9999,-9999,-9999,-9999,-9999,-9999,-9999,-9999,-9999,-9999,-9999,-9999,-9999,-9999,-9999,-9999,-9999,-9999,-9999,-9999,-9999,-9999,-9999,-9999,-9999,-9999,-9999,-9999,-9999,-9999,-9999,-9999,-9999,-9999,-9999,-9999,-9999,-9999,-9999,-9999,-9999,-9999,-9999,-9999,-9999,-9999,-9999,-9999,-9999,-9999,-9999,-9999,-9999,-9999,-9999,-9999,-9999,-9999,-9999,-9999,-9999,-9999,-9999,-9999,-9999,-9999,4.3029085645685E-06,0.000460703362477943,0.000617112673353404,0.000613039417658001,0.00060815637698397,0.000601959065534174,0.000596680038142949,0.000598997168708593,0.000599647872149944,0.000595243938732892,0.000589470670092851,0.000585766276344657,0.000580693711526692,0.000578277453314513,0.000575565965846181,0.000574384757783264,0.000570978154428303,0.000564045505598187,0.000539342348929495,0.000482506875414401,0.00036755736800842,0.000232530175708234,0.000169903025380336,9.77751260506921E-05,6.45517284283414E-05,2.97288461297285E-05,2.62334324361291E-05,-9999,-9999,-9999,-9999
-9999,-9999,-9999,-9999,-9999,-9999,-9999,-9999,-9999,-9999,-9999,-9999,-9999,-9999,-9999,-9999,-9999,-9999,-9999,-9999,-9999,-9999,-9999,-9999,-9999,-9999,-9999,-9999,-9999,-9999,-9999,-9999,-9999,-9999,-9999,-9999,-9999,-9999,-9999,-9999,-9999,-9999,-9999,-9999,-9999,-9999,-9999,-9999,-9999,-9999,-9999,-9999,-9999,-9999,-9999,-9999,-9999,-9999,-9999,-9999,-9999,-9999,-9999,-9999,-9999,-9999,-9999,-9999,-9999,-9999,-9999,-9999,-9999,-9999,-9999,-9999,-9999,-9999,-9999,-9999,-9999,-9999,-9999,-9999,-9999,-9999,-9999,-9999,-9999,-9999,-9999,-9999,-9999,-9999,-9999,-9999,-9999,-9999,-9999,-9999,4.25349981014733E-06,1.08942640508758E-05,0.000609384209383279,0.000602967047598213,0.000598400656599551,0.00059168942971155,0.000587684451602399,0.000589993956964463,0.000590155657846481,0.000586253125220537,0.000580318330321461,0.00057629554066807,0.000571102602407336,0.000568087911233306,0.000566435919608921,0.000565384805668145,0.000559886218979955,0.00055123318452388,0.00053192547056824,0.000474586500786245,0.000391144043533131,0.000294767058221623,0.000211653066799045,0.000127893363242038,7.05279162502848E-05,3.65320956916548E-05,2.58465697697829E-05,-9999,-9999,-9999,-9999
-9999,-9999,-9999,-9999,-9999,-9999,-9999,-9999,-9999,-9999,-9999,-9999,-9999,-9999,-9999,-9999,-9999,-9999,-9999,-9999,-9999,-9999,-9999,-9999,-9999,-9999,-9999,-9999,-9999,-9999,-9999,-9999,-9999,-9999,-9999,-9999,-9999,-9999,-9999,-9999,-9999,-9999,-9999,-9999,-9999,-9999,-9999,-9999,-9999,-9999,-9999,-9999,-9999,-9999,-9999,-9999,-9999,-9999,-9999,-9999,-9999,-9999,-9999,-9999,-9999,-9999,-9999,-9999,-9999,-9999,-9999,-9999,-9999,-9999,-9999,-9999,-9999,-9999,-9999,-9999,-9999,-9999,-9999,-9999,-9999,-9999,-9999,-9999,-9999,-9999,-9999,-9999,-9999,-9999,-9999,-9999,-9999,-9999,-9999,-9999,-9999,4.15464091929607E-06,0.000559531094040722,0.000592546653933823,0.000588578055612743,0.000582495296839625,0.000579860876314342,0.000580651685595512,0.000581027299631387,0.000577772385440767,0.000571247830521315,0.00056685513118282,0.000561802939046174,0.000557920429855585,0.000555926293600351,0.00055551016703248,0.000554489379283041,0.000549406162463129,0.000527984229847789,0.000476031738799065,0.000398583244532347,0.000338814250426367,0.000240300767472945,0.000126097409520298,7.68162572057918E-05,3.57079588866327E-05,2.49414188147057E-05,-9999,-9999,2.10351081477711E-05,2.09412719414104E-05
-9999,-9999,-9999,-9999,-9999,-9999,-9999,-9999,-9999,-9999,-9999,-9999,-9999,-9999,-9999,-9999,-9999,-9999,-9999,-9999,-9999,-9999,-9999,-9999,-9999,-9999,-9999,-9999,-9999,-9999,-9999,-9999,-9999,-9999,-9999,-9999,-9999,-9999,-9999,-9999,-9999,-9999,-9999,-9999,-9999,-9999,-9999,-9999,-9999,-9999,-9999,-9999,-9999,-9999,-9999,-9999,-9999,-9999,-9999,-9999,-9999,-9999,-9999,-9999,-9999,-9999,-9999,-9999,-9999,-9999,-9999,-9999,-9999,-9999,-9999,-9999,-9999,-9999,-9999,-9999,-9999,-9999,-9999,-9999,-9999,-9999,-9999,-9999,-9999,-9999,-9999,-9999,-9999,-9999,-9999,-9999,-9999,-9999,-9999,-9999,-9999,-9999,2.93123193841893E-05,0.000594015931710601,0.000581382133532315,0.000576664053369313,0.000574136502109468,0.000574527657590806,0.000573043420445174,0.000568444083910435,0.000562323431950063,0.000557780615054071,0.000553050078451633,0.000549459364265203,0.000546665396541357,0.000545581511687487,0.000543942907825112,0.00053823838243261,0.000516764470376074,0.000490891514346004,0.000440035975771025,0.00034921639598906,0.000237299245782197,0.000148357838043012,6.77820935379714E-05,3.85070452466607E-05,2.35999668802833E-05,2.2219646780286E-05,2.14853353099898E-05,2.09796835406451E-05,2.30160039791372E-05
-9999,-9999,-9999,-9999,-9999,-9999,-9999,-9999,-9999,-9999,-9999,-9999,-9999,-9999,-9999,-9999,-9999,-9999,-9999,-9999,-9999,-9999,-9999,-9999,-9999,-9999,-9999,-9999,-9999,-9999,-9999,-9999,-9999,-9999,-9999,-9999,-9999,-9999,-9999,-9999,-9999,-9999,-9999,-9999,-9999,-9999,-9999,-9999,-9999,-9999,-9999,-9999,-9999,-9999,-9999,-9999,-9999,-9999,-9999,-9999,-9999,-9999,-9999,-9999,-9999,-9999,-9999,-9999,-9999,-9999,-9999,-9999,-9999,-9999,-9999,-9999,-9999,-9999,-9999,-9999,-9999,-9999,-9999,-9999,-9999,-9999,-9999,-9999,-9999,-9999,-9999,-9999,-9999,-9999,-9999,-9999,-9999,-9999,-9999,-9999,-9999,-9999,-9999,0.000410379288950935,0.000583991582971066,0.000573000928852707,0.000572247663512826,0.000570351083297282,0.000568170682527125,0.000562084489502013,0.000555402308236808,0.000549576769117266,0.000544946175068617,0.000541509594768286,0.000539496017154306,0.000536442559678108,0.000532513891812414,0.000526620773598552,0.000509176752530038,0.000489877944346517,0.000444265839178115,0.00035920983646065,0.000265622918959707,0.000121694152767304,5.90977033425588E-05,3.29632966895588E-05,2.5305374947493E-05,2.17732977034757E-05,2.35350835282588E-05,2.54750448220875E-05,0.000205948032089509
-9999,-9999,-9999,-9999,-9999,-9999,-9999,-9999,-9999,-9999,-9999,-9999,-9999,-9999,-9999,-9999,-9999,-9999,-9999,-9999,-9999,-9999,-9999,-9999,-9999,-9999,-9999,-9999,-9999,-9999,-9999,-9999,-9999,-9999,-9999,-9999,-9999,-9999,-9999,-9999,-9999,-9999,-9999,-9999,-9999,-9999,-9999,-9999,-9999,-9999,-9999,-9999,-9999,-9999,-9999,-9999,-9999,-9999,-9999,-9999,-9999,-9999,-9999,-9999,-9999,-9999,-9999,-9999,-9999,-9999,-9999,-9999,-9999,-9999,-9999,-9999,-9999,-9999,-9999,-9999,-9999,-9999,-9999,-9999,-9999,-9999,-9999,-9999,-9999,-9999,-9999,-9999,-9999,-9999,-9999,-9999,-9999,-9999,-9999,-9999,-9999,-9999,-9999,3.99596683564596E-06,0.000410044303862378,0.000586421461775899,0.000574808451347053,0.000569804571568966,0.000565841735806316,0.000559102452825755,0.000552057870663702,0.000546246650628746,0.000541526242159307,0.000537041109055281,0.000532450270839036,0.000528297503478825,0.000520924339070916,0.000510801328346133,0.00050286902114749,0.000464752287371084,0.000407472398364916,0.000294439174467698,0.000157235073857009,4.73625659651589E-05,2.90681618935196E-05,2.79089726973325E-05,3.01405852951575E-05,2.92555196210742E-05,4.85376840515528E-05,0.000415061454987153,0.000418858777265996
-9999,-9999,-9999,-9999,-9999,-9999,-9999,-9999,-9999,-9999,-9999,-9999,-9999,-9999,-9999,-9999,-9999,-9999,-9999,-9999,-9999,-9999,-9999,-9999,-9999,-9999,-9999,-9999,-9999,-9999,-9999,-9999,-9999,-9999,-9999,-9999,-9999,-9999,-9999,-9999,-9999,-9999,-9999,-9999,-9999,-9999,-9999,-9999,-9999,-9999,-9999,-9999,-9999,-9999,-9999,-9999,-9999,-9999,-9999,-9999,-9999,-9999,-9999,-9999,-9999,-9999,-9999,-9999,-9999,-9999,-9999,-9999,-9999,-9999,-9999,-9999,-9999,-9999,-9999,-9999,-9999,-9999,-9999,-9999,-9999,-9999,-9999,-9999,-9999,-9999,-9999,-9999,-9999,-9999,-9999,-9999,-9999,-9999,-9999,-9999,-9999,-9999,-9999,-9999,3.96994755647029E-06,3.96199811802944E-06,0.000542292546015233,0.000575189420487732,0.000563181121833622,0.000556955579668283,0.000550228112842888,0.000544646522030234,0.000508032913785428,0.000420705997385085,0.000523278897162527,0.000504460593219846,0.000423850753577426,0.000351703260093927,0.000322758365655318,0.000274703721515834,0.000142245800816454,5.21068141097203E-05,2.61874956777319E-05,2.26817028305959E-05,3.78968179575168E-05,6.19871134404093E-05,0.000222066271817312,0.000417906558141112,0.000421609060140327,0.00042124031460844,0.000414859561715275
-9999,-9999,-9999,-9999,-9999,-9999,-9999,-9999,-9999,-9999,-9999,-9999,-9999,-9999,-9999,-9999,-9999,-9999,-9999,-9999,-9999,-9999,-9999,-9999,-9999,-9999,-9999,-9999,-9999,-9999,-9999,-9999,-9999,-9999,-9999,-9999,-9999,-9999,-9999,-9999,-9999,-9999,-9999,-9999,-9999,-9999,-9999,-9999,-9999,-9999,-9999,-9999,-9999,-9999,-9999,-9999,-9999,-9999,-9999,-9999,-9999,-9999,-9999,-9999,-9999,-9999,-9999,-9999,-9999,-9999,-9999,-9999,-9999,-9999,-9999,-9999,-9999,-9999,-9999,-9999,-9999,-9999,-9999,-9999,-9999,-9999,-9999,-9999,-9999,-9999,-9999,-9999,-9999,-9999,-9999,-9999,-9999,-9999,-9999,-9999,-9999,-9999,-9999,-9999,-9999,-9999,3.91938147004112E-06,1.96038581634639E-05,0.000570539094042033,0.000561982102226466,0.000551298493519425,0.000544253620319068,0.000514688610564917,0.00051334168529138,0.000486339122289792,0.00037778279511258,0.000273209851002321,0.000167022633831948,6.48534769425169E-05,9.51192996581085E-05,5.61006017960608E-05,7.33748893253505E-05,0.000233777202083729,0.000436990521848202,0.000436677073594183,0.000434266432421282,0.00042953435331583,0.000422553246608004,0.000416881550336257,0.00039865734288469,0.000206489727133885
-9999,-9999,-9999,-9999,-9999,-9999,-9999,-9999,-9999,-9999,-9999,-9999,-9999,-9999,-9999,-9999,-9999,-9999,-9999,-9999,-9999,-9999,-9999,-9999,-9999,-9999,-9999,-9999,-9999,-9999,-9999,-9999,-9999,-9999,-9999,-9999,-9999,-9999,-9999,-9999,-9999,-9999,-9999,-9999,-9999,-9999,-9999,-9999,-9999,-9999,-9999,-9999,-9999,-9999,-9999,-9999,-9999,-9999,-9999,-9999,-9999,-9999,-9999,-9999,-9999,-9999,-9999,-9999,-9999,-9999,-9999,-9999,-9999,-9999,-9999,-9999,-9999,-9999,-9999,-9999,-9999,-9999,-9999,-9999,-9999,-9999,-9999,-9999,-9999,-9999,-9999,-9999,-9999,-9999,-9999,-9999,-9999,-9999,-9999,-9999,-9999,-9999,-9999,-9999,-9999,-9999,-9999,-9999,3.8302923712763E-06,1.54618537635542E-05,0.000541654997505248,0.000554075289983302,0.000547782692592591,0.000541542074643075,0.000533884449396282,0.000525595620274544,0.000516001891810447,0.000506847456563264,0.000496127991937101,0.000484861375298351,0.000472895539132878,0.000463157135527581,0.000454474618891254,0.000445719691924751,0.000436954636825249,0.000429745559813455,0.000420146010583267,0.000390965578844771,0.000232066624448635,1.60469317052048E-05,-9999
-9999,-9999,-9999,-9999,-9999,-9999,-9999,-9999,-9999,-9999,-9999,-9999,-9999,-9999,-9999,-9999,-9999,-9999,-9999,-9999,-9999,-9999,-9999,-9999,-9999,-9999,-9999,-9999,-9999,-9999,-9999,-9999,-9999,-9999,-9999,-9999,-9999,-9999,-9999,-9999,-9999,-9999,-9999,-9999,-9999,-9999,-9999,-9999,-9999,-9999,-9999,-9999,-9999,-9999,-9999,-9999,-9999,-9999,-9999,-9999,-9999,-9999,-9999,-9999,-9999,-9999,-9999,-9999,-9999,-9999,-9999,-9999,-9999,-9999,-9999,-9999,-9999,-9999,-9999,-9999,-9999,-9999,-9999,-9999,-9999,-9999,-9999,-9999,-9999,-9999,-9999,-9999,-9999,-9999,-9999,-9999,-9999,-9999,-9999,-9999,-9999,-9999,-9999,-9999,-9999,-9999,-9999,-9999,-9999,-9999,3.75598665414145E-06,3.74011528947449E-06,3.71434089174727E-06,3.67750681107282E-06,1.50677115016151E-05,2.10100042750128E-05,3.51806556864176E-06,3.43660144608293E-06,3.34878518515325E-06,6.20922537564184E-06,1.92999268620042E-05,8.26514806249179E-05,0.000168536527780816,0.000183638388989493,4.1752358811209E-05,2.96533312393876E-06,2.93599669021205E-06,2.91914739136701E-06,-9999,-9999,-9999
-9999,-9999,-9999,-9999,-9999,-9999,-9999,-9999,-9999,-9999,-9999,-9999,-9999,-9999,-9999,-9999,-9999,-9999,-9999,-9999,-9999,-9999,-9999,-9999,-9999,-9999,-9999,-9999,-9999,-9999,-9999,-9999,-9999,-9999,-9999,-9999,-9999,-9999,-9999,-9999,-9999,-9999,-9999,-9999,-9999,-9999,-9999,-9999,-9999,-9999,-9999,-9999,-9999,-9999,-9999,-9999,-9999,-9999,-9999,-9999,-9999,-9999,-9999,-9999,-9999,-9999,-9999,-9999,-9999,-9999,-9999,-9999,-9999,-9999,-9999,-9999,-9999,-9999,-9999,-9999,-9999,-9999,-9999,-9999,-9999,-9999,-9999,-9999,-9999,-9999,-9999,-9999,-9999,-9999,-9999,-9999,-9999,-9999,-9999,-9999,-9999,-9999,-9999,-9999,-9999,-9999,-9999,-9999,-9999,-9999,-9999,-9999,-9999,-9999,-9999,-9999,-9999,-9999,-9999,-9999,-9999,-9999,-9999,-9999,-9999,-9999,-9999,-9999,-9999,-9999,-9999
-9999,-9999,-9999,-9999,-9999,-9999,-9999,-9999,-9999,-9999,-9999,-9999,-9999,-9999,-9999,-9999,-9999,-9999,-9999,-9999,-9999,-9999,-9999,-9999,-9999,-9999,-9999,-9999,-9999,-9999,-9999,-9999,-9999,-9999,-9999,-9999,-9999,-9999,-9999,-9999,-9999,-9999,-9999,-9999,-9999,-9999,-9999,-9999,-9999,-9999,-9999,-9999,-9999,-9999,-9999,-9999,-9999,-9999,-9999,-9999,-9999,-9999,-9999,-9999,-9999,-9999,-9999,-9999,-9999,-9999,-9999,-9999,-9999,-9999,-9999,-9999,-9999,-9999,-9999,-9999,-9999,-9999,-9999,-9999,-9999,-9999,-9999,-9999,-9999,-9999,-9999,-9999,-9999,-9999,-9999,-9999,-9999,-9999,-9999,-9999,-9999,-9999,-9999,-9999,-9999,-9999,-9999,-9999,-9999,-9999,-9999,-9999,-9999,-9999,-9999,-9999,-9999,-9999,-9999,-9999,-9999,-9999,-9999,-9999,-9999,-9999,-9999,-9999,-9999,-9999,-9999

Step,97
Year,8.083333
-9999,-9999,-9999,-9999,-9999,-9999,-9999,-9999,-9999,-9999,-9999,-9999,-9999,-9999,-9999,-9999,-9999,-9999,-9999,-9999,-9999,-9999,-9999,-9999,-9999,-9999,-9999,-9999,-9999,-9999,-9999,-9999,-9999,-9999,-9999,-9999,-9999,-9999,-9999,-9999,-9999,-9999,-9999,-9999,-9999,-9999,-9999,-9999,-9999,-9999,-9999,-9999,-9999,-9999,-9999,-9999,-9999,-9999,-9999,-9999,-9999,-9999,-9999,-9999,-9999,-9999,-9999,-9999,-9999,-9999,-9999,-9999,-9999,-9999,-9999,-9999,-9999,-9999,-9999,-9999,-9999,-9999,-9999,-9999,-9999,-9999,-9999,-9999,-9999,-9999,-9999,-9999,-9999,-9999,-9999,-9999,-9999,-9999,-9999,-9999,-9999,-9999,-9999,-9999,-9999,-9999,-9999,-9999,-9999,-9999,-9999,-9999,-9999,-9999,-9999,-9999,-9999,-9999,-9999,-9999,-9999,-9999,-9999,-9999,-9999,-9999,-9999,-9999,-9999,-9999,-9999
-9999,-9999,-9999,-9999,-9999,-9999,-9999,-9999,-9999,-9999,-9999,-9999,-9999,-9999,-9999,-9999,-9999,-9999,-9999,-9999,-9999,-9999,-9999,-9999,-9999,-9999,-9999,-9999,-9999,-9999,-9999,-9999,-9999,-9999,-9999,-9999,-9999,-9999,-9999,-9999,-9999,-9999,-9999,-9999,-9999,-9999,-9999,-9999,-9999,-9999,-9999,-9999,-9999,-9999,-9999,-9999,-9999,-9999,-9999,-9999,-9999,-9999,-9999,-9999,-9999,-9999,-9999,-9999,-9999,-9999,-9999,-9999,-9999,-9999,-9999,-9999,-9999,-9999,-9999,-9999,-9999,-9999,-9999,-9999,-9999,-9999,-9999,-9999,-9999,-9999,-9999,-9999,-9999,-9999,-9999,-9999,-9999,-9999,-9999,-9999,-9999,-9999,-9999,-9999,-9999,-9999,-9999,-9999,-9999,-9999,-9999,-9999,-9999,-9999,-9999,-9999,-9999,-9999,-9999,-9999,-9999,-9999,-9999,-9999,-9999,-9999,-9999,-9999,-9999,-9999,-9999
-9999,-9999,-9999,-9999,-9999,-9999,-9999,-9999,-9999,-9999,-9999,-9999,-9999,-9999,-9999,-9999,-9999,-9999,-9999,-9999,-9999,-9999,-9999,-9999,-9999,-9999,-9999,-9999,-9999,-9999,-9999,-9999,-9999,-9999,-9999,-9999,-9999,-9999,-9999,-9999,-9999,-9999,-9999,-9999,-9999,-9999,-9999,-9999,-9999,-9999,-9999,-9999,-9999,-9999,-9999,-9999,-9999,-9999,-9999,-9999,-9999,-9999,-9999,-9999,-9999,-9999,-9999,-9999,-9999,-9999,-9999,-9999,-9999,-9999,4.1778939703363E-06,6.21515437160269E-06,-9999,-9999,-9999,-9999,-9999,-9999,-9999,-9999,-9999,-9999,-9999,-9999,-9999,-9999,-9999,-9999,-9999,-9999,-9999,-9999,-9999,-9999,-9999,-9999,-9999,-9999,-9999,-9999,-9999,-9999,-9999,-9999,-9999,-9999,-9999,-9999,-9999,-9999,-9999,-9999,-9999,-9999,-9999,-9999,-9999,-9999,-9999,-9999,-9999,-9999,-9999,-9999,-9999,-9999,-9999
-9999,-9999,-9999,-9999,-9999,-9999,-9999,-9999,-9999,-9999,-9999,-9999,-9999,-9999,-9999,-9999,-9999,-9999,-9999,-9999,-9999,-9999,-9999,-9999,-9999,-9999,-9999,-9999,-9999,-9999,-9999,-9999,-9999,-9999,-9999,-9999,-9999,-9999,-9999,-9999,-9999,-9999,-9999,-9999,-9999,-9999,-9999,-9999,-9999,-9999,-9999,-9999,-9999,-9999,-9999,-9999,-9999,-9999,-9999,-9999,-9999,-9999,-9999,-9999,-9999,-9999,-9999,-9999,-9999,-9999,-9999,-9999,-9999,-9999,6.04641445534071E-06,8.95417633728357E-06,-9999,-9999,-9999,-9999,-9999,-9999,-9999,-9999,-9999,-9999,-9999,-9999,-9999,-9999,-9999,-9999,-9999,-9999,-9999,-9999,-9999,-9999,-9999,-9999,-9999,-9999,-9999,-9999,-9999,-9999,-9999,-9999,-9999,-9999,-9999,-9999,-9999,-9999,-9999,-9999,-9999,-9999,-9999,-9999,-9999,-9999,-9999,-9999,-9999,-9999,-9999,-9999,-9999,-9999,-9999
-9999,-9999,-9999,-9999,-9999,-9999,-9999,-9999,-9999,-9999,-9999,-9999,-9999,-9999,-9999,-9999,-9999,-9999,-9999,-9999,-9999,-9999,-9999,-9999,-9999,-9999,-9999,-9999,-9999,-9999,-9999,-9999,-9999,-9999,-9999,-9999,-9999,-9999,-9999,-9999,-9999,-9999,-9999,-9999,-9999,-9999,-9999,-9999,-9999,-9999,-9999,-9999,-9999,-9999,-9999,-9999,3.28647956848727E-07,4.80409994452202E-07,6.9310789285737E-07,9.96970129563124E-07,-9999,-9999,-9999,-9999,-9999,7.3795940807031E-06,7.15516534910421E-06,1.0210612344963E-05,9.95955633698031E-06,6.45065483695362E-06,9.26269876799779E-06,4.64183831354603E-05,6.22985171503387E-05,6.1695376643911E-05,8.69305949890986E-06,4.46865451522171E-05,5.79062070755754E-05,-9999,-9999,5.42782181582879E-05,8.39681961224414E-05,7.33805500203744E-05,7.43506534490734E-05,0.000190814898815006,0.000253550882916898,0.000231278900173493,0.000231497833738104,0.000141220501973294,6.63684259052388E-05,-9999,-9999,-9999,-9999,-9999,-9999,-9999,-9999,-9999,-9999,-9999,-9999,-9999,-9999,-9999,-9999,-9999,-9999,-9999,-9999,-9999,-9999,-9999,-9999,-9999,-9999,-9999,-9999,-9999,-9999,-9999,-9999,-9999,-9999,-9999,-9999,-9999,-9999,-9999,-9999,-9999,-9999
-9999,-9999,-9999,-9999,-9999,-9999,-9999,-9999,-9999,-9999,-9999,-9999,-9999,-9999,-9999,-9999,-9999,-9999,-9999,-9999,-9999,-9999,-9999,-9999,-9999,-9999,-9999,-9999,-9999,-9999,-9999,-9999,-9999,-9999,-9999,-9999,-9999,-9999,-9999,-9999,-9999,-9999,-9999,-9999,-9999,-9999,-9999,-9999,-9999,-9999,-9999,-9999,-9999,-9999,-9999,3.37147724849274E-07,4.96088773616066E-07,7.23383209333406E-07,1.03524325822946E-06,1.4507340893033E-06,2.02481191990955E-06,2.89791887553292E-06,-9999,1.20561526273377E-05,3.2594776712358E-05,1.1034270755772E-05,1.0463143553352E-05,7.86119635449722E-05,7.96152307884768E-05,9.37095501285512E-06,9.09604841581313E-06,0.000105394865386188,0.000133604407892562,0.000118586081953254,0.000104462400486227,0.00010289931378793,7.9564684710931E-05,8.82512686075643E-05,0.000146932710777037,0.000259938708040863,0.00061788922175765,0.000943568127695471,0.00104392156936228,0.00104039174038917,0.00104588817339391,0.00105246226303279,0.00105987279675901,0.00107172748539597,0.00103086570743471,0.000543084519449621,0.000230275822104886,-9999,-9999,-9999,-9999,-9999,-9999,-9999,-9999,-9999,-9999,-9999,-9999,-9999,-9999,-9999,-9999,-9999,-9999,-9999,-9999,-9999,-9999,-9999,-9999,-9999,-9999,-9999,-9999,-9999,-9999,-9999,-9999,-9999,-9999,-9999,-9999,-9999,-9999,-9999,-9999
-9999,-9999,-9999,-9999,-9999,-9999,-9999,-9999,-9999,-9999,-9999,-9999,-9999,-9999,-9999,-9999,-9999,-9999,-9999,-9999,-9999,-9999,-9999,-9999,-9999,-9999,-9999,-9999,-9999,-9999,-9999,-9999,-9999,-9999,-9999,-9999,-9999,-9999,-9999,-9999,-9999,-9999,-9999,-9999,-9999,-9999,-9999,-9999,-9999,-9999,-9999,-9999,-9999,-9999,-9999,5.05181162679946E-07,7.47403646528255E-07,1.0983899301209E-06,1.5722806665508E-06,2.18364516513248E-06,2.98852000923944E-06,4.10078291679383E-06,5.70720339965192E-06,8.06956177257234E-06,1.14180684249732E-05,6.70762310619466E-05,0.000117181880341377,0.000297857011901215,0.000484020274598151,0.000699853640981019,0.000799779139924794,0.000713930290658027,0.000879719853401184,0.000981502933427691,0.000787357450462878,0.000774268468376249,0.000727100356016308,0.000777477864176035,0.00104666943661869,0.00106690288521349,0.00107910705264658,0.00108400371391326,0.00108745822217315,0.00108692958019674,0.00108607113361359,0.00108691595960408,0.00108996732160449,0.00109295244328678,0.00109290739055723,0.00108679849654436,0.00106709101237357,0.000885214831214398,0.000210388316190802,-9999,-9999,-9999,-9999,-9999,-9999,-9999,-9999,-9999,6.56499614706263E-05,6.56557967886329E-05,6.57555137877353E-05,-9999,-9999,-9999,-9999,-9999,-9999,-9999,-9999,-9999,-9999,-9999,-9999,-9999,-9999,-9999,-9999,-9999,-9999,-9999,-9999,-9999,-9999,-9999,-9999,-9999,-9999
-9999,-9999,-9999,-9999,-9999,-9999,-9999,-9999,-9999,-9999,-9999,-9999,-9999,-9999,-9999,-9999,-9999,-9999,-9999,-9999,-9999,-9999,-9999,-9999,-9999,-9999,-9999,-9999,-9999,-9999,-9999,3.15303768729791E-05,-9999,-9999,-9999,9.73825954133645E-05,-9999,-9999,-9999,-9999,-9999,-9999,-9999,-9999,-9999,-9999,-9999,-9999,-9999,-9999,-9999,-9999,-9999,-9999,-9999,-9999,-9999,7.45838065085991E-07,1.07854964426224E-06,1.53709481764963E-06,-9999,3.90540299122222E-06,5.59217141926638E-06,7.963913049025E-06,1.12773805085453E-05,6.76288836984895E-05,0.000121635188406799,0.000166957062901929,0.000104039718280546,0.000575241749174893,0.0011845255503431,0.00124215346295387,0.00123000831808895,0.00121348281390965,0.00117377424612641,0.00114143046084791,0.00114266364835203,0.00114035722799599,0.00112283858470619,0.00110950460657477,0.001099769375287,0.00109450053423643,0.00108300696592778,0.00107564148493111,0.0010775662958622,0.00108022463973612,0.0010849175741896,0.00109136116225272,0.00109547702595592,0.00109587842598557,0.00109669694211334,0.00107551203109324,0.000975164119154215,0.000254639511695132,-9999,-9999,-9999,-9999,-9999,-9999,-9999,-9999,8.96357450983487E-05,0.000138929972308688,9.0490204456728E-05,6.48740387987345E-05,6.52553280815482E-05,-9999,-9999,-9999,-9999,-9999,-9999,-9999,-9999,-9999,-9999,-9999,-9999,-9999,-9999,-9999,-9999,-9999,-9999,-9999,-9999,-9999,-9999,-9999,-9999
-9999,-9999,-9999,-9999,-9999,-9999,-9999,-9999,-9999,-9999,-9999,-9999,-9999,-9999,-9999,-9999,-9999,-9999,-9999,-9999,-9999,-9999,-9999,-9999,-9999,-9999,-9999,-9999,-9999,-9999,2.27697437367169E-05,4.32991000707261E-05,-9999,-9999,4.63276010123082E-05,7.84618314355612E-05,-9999,-9999,8.71381489560008E-05,0.000151776534039527,-9999,-9999,-9999,-9999,-9999,1.30480348161655E-05,-9999,-9999,-9999,-9999,-9999,-9999,-9999,-9999,-9999,-9999,-9999,-9999,-9999,-9999,-9999,5.66076596442144E-06,8.11302288639126E-06,1.16544897537096E-05,1.12105990410782E-05,6.54047544230707E-05,7.23470075172372E-05,6.97698123985901E-05,6.6384527599439E-05,0.000391745823435485,0.00120080832857639,0.00126781803555787,0.00125757209025323,0.00123721617273986,0.00121186464093626,0.00118773779831827,0.00116714974865317,0.00114825228229165,0.00113175564911216,0.00111648836173117,0.0011019796365872,0.00108713714871556,0.00106924958527088,0.00106564722955227,0.00106644153129309,0.00107370363548398,0.00107965245842934,0.00108727673068643,0.00109471718315035,0.00109898613300174,0.00110173760913312,0.00110006402246654,0.00108256191015244,0.000913241121452302,0.000256025057751685,-9999,-9999,-9999,-9999,-9999,0.000105929851997644,0.000106888735899702,0.000203134244657122,0.000300772662740201,0.000227942684432492,0.000153057684656233,0.00010047839168692,6.46829503239132E-05,-9999,-9999,-9999,-9999,-9999,-9999,-9999,-9999,-9999,-9999,-9999,-9999,-9999,-9999,-9999,-9999,-9999,-9999,-9999,-9999,-9999,-9999,-9999
-9999,-9999,-9999,-9999,-9999,-9999,-9999,-9999,-9999,-9999,-9999,-9999,-9999,-9999,-9999,-9999,-9999,-9999,-9999,-9999,-9999,-9999,-9999,5.2950214012526E-05,6.77807111060247E-05,-9999,-9999,-9999,-9999,5.69958465348464E-05,5.35236540599726E-05,2.12959475902608E-05,0.000107349595054984,1.13432770376676E-05,9.54248971538618E-05,0.000167604623129591,0.000301603984553367,0.000130820160848089,7.7956254244782E-05,-9999,7.96902750153095E-05,8.32523874123581E-05,-9999,-9999,0.000137418886879459,1.82936873898143E-05,1.10823648356018E-05,6.92155481374357E-06,-9999,-9999,-9999,-9999,-9999,-9999,-9999,-9999,-9999,2.70568361884216E-05,1.71444298757706E-05,-9999,-9999,-9999,1.16810415420332E-05,7.76263404986821E-05,7.49645332689397E-05,7.48483726056293E-05,7.25383069948293E-05,6.89847220201045E-05,9.1195382992737E-05,0.000567169627174735,0.00120595074258745,0.00126907392404974,0.00125592027325183,0.0012364205904305,0.00121219700668007,0.00118821521755308,0.00116709573194385,0.00114694959484041,0.00112959009129554,0.00111378415022045,0.00109443184919655,0.0010376323480159,0.00104367209132761,0.00105511711444706,0.00105852854903787,0.00106245453935117,0.00107178662437946,0.00108207203447819,0.00109109724871814,0.00109632615931332,0.00109969591721892,0.0011008691508323,0.00109467154834419,0.00104668806307018,0.000305901805404574,5.37987689313013E-05,7.79102447268087E-06,5.38125550519908E-06,8.23660866444698E-06,0.000257381150731817,0.000509183679241687,0.000661748170387,0.000741051742807031,0.000634785974398255,0.000601679552346468,0.000457733229268342,0.000275659491308033,8.9438384748064E-05,6.4747073338367E-05,6.54097893857397E-05,-9999,-9999,-9999,-9999,-9999,-9999,-9999,-9999,-9999,-9999,-9999,-9999,-9999,-9999,-9999,-9999,-9999,-9999,-9999,-9999,-9999
-9999,-9999,-9999,-9999,-9999,-9999,-9999,-9999,-9999,-9999,-9999,-9999,-9999,-9999,-9999,-9999,-9999,-9999,-9999,-9999,-9999,-9999,7.9742654634174E-05,9.39899691729806E-05,6.38881319900975E-05,6.46475018584169E-05,7.16051654308103E-05,8.28572956379503E-05,0.000155861402163282,0.000233935861615464,0.000175680848769844,0.000414605543483049,0.000569957657717168,0.000613976269960403,0.000704777310602367,0.000609486422035843,0.000604407279752195,0.00055048312060535,0.000316958699841052,0.000242209600401111,7.79200054239482E-05,4.78485198982526E-05,3.99746240873355E-05,5.39631182618905E-05,1.47445607581176E-05,1.01169180197758E-05,9.69845496001653E-06,9.25084896152839E-06,5.96715881329146E-06,-9999,-9999,-9999,-9999,-9999,-9999,-9999,-9999,0.000112970126792789,0.000102414160210174,9.47985390666872E-05,-9999,-9999,7.59004688006826E-05,7.7381388109643E-05,7.71694612922147E-05,7.50768376747146E-05,7.13910631020553E-05,8.39603162603453E-05,0.000277653598459437,0.000792487757280469,0.00121768715325743,0.001267627812922,0.00125037285033613,0.00123079773038626,0.0012070566881448,0.00118255021516234,0.00116065365727991,0.00114132184535265,0.00112341763451695,0.00110856234095991,0.00103763688821346,0.000537091051228344,0.000632854760624468,0.000875488098245114,0.00101186858955771,0.00105243141297251,0.00106256012804806,0.00107430503703654,0.00108409160748124,0.0010894441511482,0.00109600648283958,0.00110076589044183,0.0010935952886939,0.00102281617000699,0.000490417762193829,0.000395984621718526,3.21552470268216E-05,7.9950032159104E-06,0.000391331588616595,0.000911670329514891,0.00101803056895733,0.00108386401552707,0.00107305042911321,0.00104085623752326,0.00100136117544025,0.000823545618914068,0.000527457799762487,0.000273840385489166,9.93914291029796E-05,6.45178806735203E-05,-9999,-9999,-9999,-9999,-9999,-9999,-9999,-9999,-9999,-9999,-9999,-9999,-9999,-9999,-9999,-9999,-9999,-9999,-9999,-9999,-9999
-9999,-9999,-9999,-9999,-9999,-9999,-9999,-9999,-9999,-9999,-9999,-9999,-9999,-9999,-9999,-9999,-9999,-9999,-9999,-9999,-9999,-9999,7.97750326455571E-05,9.53605194808915E-05,8.08692711871117E-05,8.38704654597677E-05,0.000311510666506365,0.000620891223661602,0.000820061599370092,0.000720812240615487,0.000718258670531213,0.000577114406041801,0.000620188482571393,0.000710645108483732,0.000660227378830314,0.000750571780372411,0.000888337439391762,0.000882974360138178,0.000921297003515065,0.000818020605947822,0.000572307442780584,0.000368218548828736,0.000150785301229917,5.65577574889176E-05,2.74358153546927E-05,1.22020737762796E-05,1.22066676340182E-05,1.20902859634953E-05,8.05371018941514E-06,7.9699184425408E-06,7.9710953286849E-06,-9999,-9999,-9999,-9999,-9999,-9999,-9999,9.3480630312115E-05,8.44305468490347E-05,7.82777715357952E-05,7.25458739907481E-05,7.50689869164489E-05,7.61318951845169E-05,7.6375225035008E-05,7.36750298528932E-05,8.68746210471727E-05,0.000282374443486333,0.000763906398788095,0.00121178140398115,0.00127579912077636,0.001259027980268,0.00123963982332498,0.00122001650743186,0.00119685556273907,0.00117262825369835,0.00115227524656802,0.00113484333269298,0.00111861305776983,0.000997666968032718,1.35999280246324E-05,7.37456093702349E-06,7.32107946532778E-06,7.28012901163311E-06,8.37487532407977E-05,0.000690092623699456,0.00102878850884736,0.00106308853719383,0.00107431202195585,0.00108356913551688,0.00109236617572606,0.0010992125608027,0.00109557178802788,0.00101308349985629,0.00103619485162199,0.00107679376378655,0.000953859882429242,0.000515128835104406,0.00104833720251918,0.00115923560224473,0.00118030095472932,0.00117034954018891,0.00114163802936673,0.00112487282603979,0.00110113993287086,0.000999605166725814,0.000746844045352191,0.000487293349578977,0.00014994312368799,6.27782646915875E-05,3.21096449624747E-05,-9999,-9999,-9999,-9999,-9999,-9999,-9999,-9999,-9999,-9999,-9999,-9999,-9999,-9999,-9999,-9999,-9999,-9999,-9999,-9999
-9999,-9999,-9999,-9999,-9999,-9999,-9999,-9999,-9999,-9999,-9999,-9999,-9999,-9999,-9999,-9999,-9999,-9999,-9999,-9999,-9999,-9999,7.8407370892819E-05,9.81983466772363E-05,0.000154947440023534,0.000712368462700397,0.000922014762181789,0.00101848691701889,0.000968621112406254,0.000769061269238591,0.00076517928391695,0.000857916078530252,0.000902087893337011,0.000944984436500818,0.00107437581755221,0.00106831535231322,0.00110354949720204,0.00113661563955247,0.00120255118235946,0.00112349656410515,0.000994016882032156,0.00062034442089498,0.000326627225149423,0.000188110250746831,0.000161995849339291,0.000181355819222517,0.000158875132910907,0.000109322980279103,1.09817819975433E-05,1.11960698632174E-05,1.12904954221449E-05,-9999,-9999,-9999,-9999,7.84365329309367E-05,7.94727602624334E-05,8.13718506833538E-05,8.25406386866234E-05,7.63115094741806E-05,8.67394701344892E-05,6.81395686115138E-05,5.88342954870313E-05,3.67138454748783E-05,0.000103405385743827,0.000343770399922505,0.000163490491104312,0.00092015479458496,0.00129675748758018,0.00128379405941814,0.00126505526714027,0.00124601298011839,0.00122633448336273,0.00120659952517599,0.001182388397865,0.00116170826368034,0.00114728615153581,0.00107416836544871,7.58886289986549E-06,7.5279785960447E-06,7.47814328860841E-06,4.96866368848714E-06,4.93393235956319E-06,4.90670345243416E-06,7.28724444343243E-06,2.71019398496719E-05,0.000355556578142568,0.000935999501962215,0.00105702900327742,0.00107553077396005,0.00108641269616783,0.00109460833482444,0.00110358488745987,0.00111390755046159,0.00112483056727797,0.00113585218787193,0.00113270571455359,0.00114249053876847,0.00117308960761875,0.00119877874385566,0.00120790186338127,0.00119964848272502,0.00118620577268302,0.00117342604789883,0.00112405931577086,0.00107891613151878,0.000908713846001774,0.000704771606251597,0.000321495346724987,0.00011866675777128,1.40410402309499E-05,8.98156304174336E-06,-9999,-9999,-9999,-9999,-9999,-9999,-9999,-9999,-9999,-9999,-9999,-9999,-9999,-9999,-9999,-9999,-9999,-9999,-9999
-9999,-9999,-9999,-9999,-9999,-9999,-9999,-9999,-9999,-9999,-9999,-9999,-9999,-9999,-9999,-9999,-9999,-9999,-9999,-9999,-9999,7.21071774023585E-05,8.52807497722097E-05,0.000332807539962232,0.000912302639335394,0.0011909605236724,0.00119052454829216,0.00110429816413671,0.000961972400546074,0.00113491632509977,0.00112837867345661,0.00116246240213513,0.00115771929267794,0.00115326966624707,0.00122112093959004,0.00127881020307541,0.00130039674695581,0.00129235407803208,0.00133440247736871,0.00132500939071178,0.00129184674005955,0.00105775543488562,0.000410793960327283,0.000256453262409195,0.000314893259201199,0.000285481597529724,0.000256358995102346,0.000258529675193131,0.000255996623309329,0.00018352409824729,0.000117681214760523,7.91124693932943E-05,7.94537627371028E-05,8.06448661023751E-05,8.1695856351871E-05,7.46199220884591E-05,8.39365457068197E-05,7.43803757359274E-05,7.49206519685686E-05,8.55516773299314E-05,0.000354134303051978,0.000754509994294494,0.000366696855053306,1.02345175037044E-05,1.01379964689841E-05,9.82985875452869E-06,3.87800537282601E-05,0.00035838593612425,0.00129209132865071,0.00127386790700257,0.00125597440637648,0.00122972088865936,0.00120798905845731,0.00103971047792584,4.41348456661217E-05,7.8966095315991E-06,7.77992499934044E-06,7.70042879594257E-06,5.10499739903025E-06,5.06336255057249E-06,5.02876127939089E-06,3.34133210344589E-06,3.32081981468946E-06,3.30592979480571E-06,4.91438549943268E-06,7.31272348275525E-06,4.72797801194247E-05,0.00031109742121771,0.000854951678775251,0.00104355602525175,0.00107473682146519,0.00108589523006231,0.00109513802453876,0.00110599619802088,0.00112064206041396,0.00113483122549951,0.00114774284884334,0.00116136693395674,0.0011781572829932,0.00119306647684425,0.00119808781892061,0.00119986175559461,0.00119791040197015,0.00119482993613929,0.00117599486839026,0.00111484411172569,0.00104803044814616,0.000802110589575022,0.000475570355774835,0.000263668422121555,7.22592958481982E-05,8.81762389326468E-06,9.00232316780603E-06,1.71596384461736E-05,-9999,-9999,-9999,-9999,-9999,-9999,-9999,-9999,-9999,-9999,-9999,-9999,-9999,-9999,-9999,-9999,-9999
-9999,-9999,-9999,-9999,-9999,-9999,-9999,-9999,-9999,-9999,-9999,-9999,-9999,-9999,-9999,-9999,-9999,-9999,-9999,-9999,-9999,0.000143111115903594,0.000805965100880712,0.00118261715397239,0.0013280181447044,0.00126126001123339,0.00118418713100255,0.00113945023622364,0.00121186743490398,0.00130536663345993,0.00137804227415472,0.00137068692129105,0.00140972028020769,0.00144113413989544,0.00141744432039559,0.0014702370390296,0.00146173615939915,0.00143907347228378,0.00145158485975116,0.00144911464303732,0.00141648994758725,0.00138134195003659,0.00130191736388952,0.00116914382670075,0.0010301802540198,0.000822963018435985,0.00052076845895499,0.000283474189927801,0.000311184849124402,0.000255495950113982,0.000187819416169077,0.000122827914310619,0.000110090724774636,8.82957392605022E-05,8.78606442711316E-05,0.000134296249598265,0.000119316297059413,0.000117404037155211,0.000180835442733951,0.000794882769696414,0.0013104691170156,0.00143028830643743,0.00139305123593658,0.00044067608541809,9.75078091869364E-06,9.54985807766207E-06,9.23913466976956E-06,0.00130443007219583,0.00128630199469626,0.0012684048851952,0.000903621199540794,8.40297889226349E-06,8.29311466077343E-06,8.23167647467926E-06,-9999,-9999,-9999,-9999,-9999,-9999,-9999,2.23647475650068E-06,2.22901212509896E-06,3.3149278806377E-06,4.9327591113979E-06,7.34378500055755E-06,1.66380286827916E-05,0.000101538069429807,0.000407560204621404,0.00087347807129845,0.00104921718593687,0.00107352621853352,0.0010832630796358,0.00109897181391716,0.0011134174419567,0.0011270142858848,0.00114060286432505,0.00115609029307961,0.00116979237645864,0.0011803035158664,0.00118523160926998,0.0011874419869855,0.00119240919593722,0.00120117596816272,0.00119379046373069,0.00115972873754799,0.00108333257958293,0.000938905286602676,0.000718134164344519,0.000432392291259021,0.000234996172366664,7.52357591409236E-05,5.0527392886579E-05,4.05206992581952E-05,5.40523978997953E-05,-9999,-9999,-9999,-9999,-9999,-9999,-9999,-9999,-9999,-9999,-9999,-9999,-9999,-9999,-9999,-9999
-9999,-9999,-9999,-9999,-9999,-9999,-9999,-9999,-9999,-9999,-9999,-9999,-9999,-9999,-9999,-9999,-9999,-9999,-9999,7.45833458495326E-05,0.00020258137374185,0.00112846377305686,0.00134846335276961,0.00135068688541651,0.00132153974846005,0.00137843634001911,0.00134729279670864,0.00134079100098461,0.00142890866845846,0.0014368548290804,0.0014582013245672,0.00147680984809995,0.00146025884896517,0.00144096626900136,0.00147309165913612,0.00148625881411135,0.00147820939309895,0.00145858956966549,0.00146314327139407,0.00146832712925971,0.00146545481402427,0.00145161722321063,0.00144482462201267,0.00141455105040222,0.0013830226380378,0.00131141871679574,0.00122550851665437,0.00114068342372775,0.000887113157659769,0.000588067050557584,0.000249961012741551,0.000249175180215389,0.000273292127531022,0.000298564729746431,0.00038896850310266,0.000575724814552814,0.000867441587615758,0.000947620836086571,0.00117227376904339,0.00139115913771093,0.00143616273999214,0.00143467518500984,0.00142631330527365,0.00142624531872571,3.51233393303119E-05,0.00134799093939364,0.00136005820240825,0.00131756183691323,0.00101785163860768,2.21094014705159E-05,8.65885340317618E-06,-9999,-9999,-9999,-9999,-9999,-9999,-9999,-9999,-9999,-9999,-9999,-9999,2.22420658246847E-06,3.3142500797112E-06,4.94052210342488E-06,7.36254878574982E-06,5.07468794239685E-05,0.00020620969007723,0.000579933810513467,0.00095366541063413,0.00105791515670717,0.00107572006527334,0.00108517776243389,0.00109733594581485,0.00111085036769509,0.0011248558294028,0.00113934755790979,0.00115174183156341,0.00116055156104267,0.00116616440936923,0.00116888526827097,0.00117022451013327,0.00117682327982038,0.00118022272363305,0.00116334343329072,0.00112895737402141,0.00107456569094211,0.000965741346590221,0.000666643842123449,0.000361550919478759,0.00025617892970331,0.000159813338541426,6.16728721070103E-05,5.94860575802159E-05,-9999,-9999,-9999,-9999,-9999,-9999,-9999,-9999,-9999,-9999,-9999,-9999,-9999,-9999,-9999,-9999
-9999,-9999,-9999,-9999,-9999,-9999,-9999,-9999,-9999,-9999,-9999,-9999,-9999,-9999,-9999,-9999,-9999,-9999,0.000221662790863775,0.000559641921427101,0.00127267756033689,0.0014391039730981,0.00144147966057062,0.00147852499503642,0.00149341742508113,0.00147454079706222,0.00154631992336363,0.00156758190132678,0.00155002321116626,0.00152862793765962,0.00150716071948409,0.00147980905603617,0.00145408068783581,0.00148784136399627,0.00148135633207858,0.00150181713979691,0.00149502337444574,0.00149785273242742,0.0014841832453385,0.00147810461930931,0.0014720275066793,0.0014640970621258,0.0014590690843761,0.00145327928476036,0.00144321878906339,0.00142180104739964,0.00139656418468803,0.00135027652140707,0.00127719924785197,0.00111335818655789,0.000698846532031894,0.000387205567676574,0.000493563245981932,0.000897388614248484,0.00107179919723421,0.00115669786464423,0.00115917332004756,0.0012631113640964,0.00139293039683253,0.00142107682768255,0.00141932920087129,0.00140727695543319,0.00139694986864924,0.00138838216662407,0.00137075327802449,0.00135256454814225,0.00127814372535795,1.92533734661993E-05,-9999,-9999,-9999,-9999,-9999,-9999,-9999,-9999,-9999,-9999,-9999,-9999,-9999,-9999,-9999,-9999,-9999,4.94877531309612E-06,7.37924392524292E-06,2.21548507397529E-05,0.000102106052509043,0.000344059051712975,0.000756328925490379,0.00102153141051531,0.00106344651430845,0.00107485998887569,0.00108232034835964,0.00109110248740762,0.00110326171852648,0.00111665099393576,0.00112764199730009,0.00113515357952565,0.00113855872768909,0.00114101963117719,0.00114512839354575,0.00114922085776925,0.00115510134492069,0.00114811223465949,0.00111581105738878,0.00107240478973836,0.00101701251696795,0.000893612683285028,0.000582430453505367,0.000356771168299019,0.000141148295369931,6.79610020597465E-05,5.99856903136242E-05,-9999,-9999,-9999,-9999,-9999,-9999,-9999,-9999,-9999,-9999,-9999,-9999,-9999,-9999,-9999,-9999
-9999,-9999,-9999,-9999,-9999,-9999,-9999,-9999,-9999,-9999,-9999,-9999,1.09832189991721E-05,3.25111941492651E-05,-9999,7.55346482037567E-05,0.000159863062435761,0.000600990373641253,0.0011147775221616,0.00135729042813182,0.00152518902905285,0.00157115212641656,0.00159199582412839,0.00159334915224463,0.0015856574755162,0.00159127393271774,0.00159041990991682,0.00157854834105819,0.00157306401524693,0.00155630148947239,0.00153712218161672,0.00152421172242612,0.00152035255450755,0.00151900725904852,0.00151464622467756,0.00151383958291262,0.00150795001536608,0.00150127348024398,0.00149077968671918,0.0014783525839448,0.00146589591167867,0.00145356333814561,0.0014463250990957,0.00144234078470618,0.0014381252694875,0.00143129227217287,0.00142211955972016,0.00140854623168707,0.00138950441032648,0.00135183008387685,0.00125678698532283,0.00105546962004155,0.000922373088542372,0.00099554774351418,0.00106249866075814,0.00114714133087546,0.00123391661327332,0.00136993161868304,0.00140352896414697,0.00139045680407435,0.00138796947430819,0.001383560243994,0.00137646694201976,0.00136764603666961,0.00135603814851493,0.00135153182782233,1.50559872054146E-05,-9999,-9999,-9999,-9999,-9999,-9999,-9999,-9999,-9999,-9999,-9999,-9999,-9999,-9999,-9999,-9999,-9999,-9999,-9999,4.95197355121491E-06,7.38137578082387E-06,3.62431928806473E-05,0.00016230191977229,0.000493725063279271,0.000899150501936674,0.00104311399627477,0.00106348260305822,0.00107229663990438,0.0010735826799646,0.00108115118928254,0.00109189469367266,0.00110026507172734,0.00110634719021618,0.00110876292455941,0.00110816524829715,0.00111098890192807,0.00111944100353867,0.00112525455188006,0.00112405326217413,0.00110832648351789,0.00107694743201137,0.00104105658829212,0.00095747719751671,0.000702919438481331,0.000377283315174282,0.000152228109072894,7.38736052880995E-05,5.83836845180485E-05,-9999,-9999,-9999,-9999,-9999,-9999,-9999,-9999,-9999,-9999,-9999,-9999,-9999,-9999,-9999,-9999
-9999,-9999,-9999,-9999,-9999,-9999,-9999,-9999,-9999,-9999,1.0690356248233E-05,1.06973548099631E-05,1.07450878203963E-05,0.000120222721307073,0.000292786833597347,0.000775248510763049,0.00117964658420533,0.00137123931199312,0.00150219595525414,0.00157253025099635,0.0016011162661016,0.00160789338406175,0.00160831434186548,0.0016058647306636,0.00160185294225812,0.00159365846775472,0.00158581067807972,0.00157556869089603,0.00156345206778497,0.00154896453022957,0.00153467373456806,0.00152040470857173,0.00150972930714488,0.00150369061157107,0.00149828591383994,0.00149556598626077,0.00149114290252328,0.00148289278149605,0.00147197698242962,0.00145984056871384,0.00144696608185768,0.00143323303200305,0.00142309139482677,0.00141793885268271,0.00141376827377826,0.00140813761390746,0.00140162953175604,0.00139414123259485,0.00138558575417846,0.00137708778493106,0.00136748235672712,0.00135479832533747,0.0013441126793623,0.00133851158898324,0.00134438253007829,0.00137091707438231,0.00138468667864799,0.00138943071942776,0.00138804514426738,0.00137568498030305,0.000349618290783837,9.31572867557406E-06,9.32745388126932E-06,2.50964076258242E-05,0.000612957403063774,6.95500784786418E-05,-9999,-9999,-9999,-9999,-9999,-9999,-9999,-9999,-9999,-9999,-9999,-9999,-9999,-9999,-9999,-9999,-9999,-9999,-9999,-9999,-9999,4.94832966069225E-06,7.3702849476831E-06,3.77156247850507E-05,0.000194276653928682,0.000581834581680596,0.000961643061600626,0.00104978668969125,0.00105775613337755,0.00106099958065897,0.00106039352249354,0.0010658047394827,0.00107095169369131,0.00107694056350738,0.00107840134296566,0.00107791088521481,0.00107691192533821,0.00108576228376478,0.00109361880458891,0.00109505536966026,0.0010863495990634,0.00106986414175481,0.00103037199005485,0.000949239765759557,0.000773571082390845,0.000491106125991791,0.000180463161086664,7.99462432041764E-05,5.66264243389014E-05,-9999,-9999,-9999,-9999,-9999,-9999,-9999,-9999,-9999,-9999,-9999,-9999,-9999,-9999,-9999,-9999
-9999,-9999,-9999,-9999,-9999,-9999,-9999,-9999,7.24615820217878E-05,7.23715056665242E-05,1.71291267179186E-05,2.87450984615134E-05,0.00021022479631938,0.000948031840380281,0.00129153567831963,0.00141518644522876,0.00150765443686396,0.0015591976698488,0.00157909584231675,0.00159549398813397,0.0016019701724872,0.00160240195691586,0.00160109275020659,0.00159492483362556,0.00158749625552446,0.00157734379172325,0.0015648256521672,0.00155095523223281,0.00153743976261467,0.00152278481982648,0.00150827877223492,0.0014940012479201,0.00148239883128554,0.00147786096204072,0.00147231214214116,0.00146828952711076,0.00146144721657038,0.0014525824226439,0.00144150387495756,0.00142763869371265,0.00141262053512037,0.00139797269366682,0.00138821813743562,0.00138391111977398,0.00137927010655403,0.00137310673017055,0.00136639992706478,0.00135934958234429,0.00135197641793638,0.00134598952718079,0.00134239776525646,0.00134333991445601,0.00134776090271771,0.00135407538618892,0.00136205460876226,0.00136741308961064,0.00137004780117422,0.00137191207613796,0.00137012032791972,0.0013608617009595,0.00132208492141217,9.22850085771643E-06,-9999,-9999,-9999,-9999,-9999,-9999,-9999,-9999,-9999,-9999,-9999,-9999,-9999,-9999,-9999,-9999,-9999,-9999,-9999,-9999,-9999,-9999,-9999,-9999,-9999,-9999,4.9379405027139E-06,7.35244520910783E-06,1.31004089780618E-05,0.000105521758086979,0.000481004622997716,0.000930153299123049,0.00103709998074919,0.00104789773467928,0.00104601227212697,0.00104291480965912,0.00104222819209099,0.0010472082067281,0.00104947539512068,0.00105095433536917,0.00105119787622243,0.00105321686714888,0.00106101098936051,0.00106451439205557,0.00106110039632767,0.00105048110708594,0.00102157855872065,0.000962934282142669,0.000825344934128225,0.000539660162758082,0.000192525927559473,7.73814681451768E-05,5.48731186427176E-05,-9999,-9999,-9999,-9999,-9999,-9999,-9999,-9999,-9999,-9999,-9999,-9999,-9999,-9999,-9999,-9999
-9999,-9999,-9999,-9999,-9999,-9999,-9999,-9999,7.1101778303273E-05,8.10198616818525E-05,8.92329189809971E-05,0.000345476641086861,0.00126535340677947,0.00145007041282952,0.00149213534314185,0.00153029058128595,0.00156300596427172,0.00158106139861047,0.00158971024211496,0.00159191573038697,0.00159067497588694,0.00158791989088058,0.00158202857710421,0.00157358602155,0.00156338175293058,0.00155115779489279,0.00153543171472847,0.00151782599277794,0.00150477048009634,0.00149343721568584,0.00148113584145904,0.00146801711525768,0.00145732390228659,0.00144993024878204,0.00144507514778525,0.0014398240018636,0.0014327762182802,0.00142277812119573,0.00141008477658033,0.00139449234120548,0.00137856614310294,0.00136332155670971,0.00135222217068076,0.00134598510339856,0.00133919774089009,0.0013321585720405,0.00132551719434559,0.001320123905316,0.00131414423231035,0.00130920263472944,0.00130622775759548,0.00130962231196463,0.00131725112441927,0.00132712093181908,0.00133712764363736,0.00134379265364259,0.00134681153576821,0.00134571059606969,0.00134425575379282,0.00134294631425291,0.00128174608107656,9.19215290196007E-06,-9999,-9999,-9999,-9999,-9999,-9999,-9999,-9999,-9999,-9999,-9999,-9999,-9999,-9999,-9999,-9999,-9999,-9999,-9999,-9999,-9999,-9999,-9999,-9999,-9999,-9999,-9999,-9999,7.33020988263888E-06,7.31938462195103E-06,1.48504495882662E-05,0.000148631967022084,0.000728748389519751,0.00101008149795234,0.00102946779225022,0.00102508731652051,0.00101975142024457,0.00101886864285916,0.00102110498119146,0.00102177378721535,0.00102369382511824,0.00102572701871395,0.00103019131347537,0.00103444536216557,0.00103194557595998,0.00102815148420632,0.00100834423210472,0.00097008008742705,0.000876458710990846,0.000552353507373482,0.000203974253963679,6.66026389808394E-05,5.46448682143819E-05,-9999,-9999,-9999,-9999,-9999,-9999,-9999,-9999,-9999,-9999,-9999,-9999,-9999,-9999,-9999,-9999
-9999,-9999,-9999,-9999,-9999,-9999,7.35370558686554E-05,7.27505830582231E-05,7.26615689927712E-05,0.000206341544981115,0.000965656596235931,0.00134391838219017,0.00148240616545081,0.00151801342144608,0.00154622900299728,0.00156202609650791,0.00157276319805533,0.00157807522919029,0.00157945044338703,0.00157643482089043,0.00156974513083696,0.00156263797543943,0.00155557866673917,0.00154515670146793,0.00153156591113657,0.001520722405985,0.00150505756027997,0.0014896763022989,0.00147634791210294,0.00146332615986466,0.00144855724647641,0.00143789337016642,0.0014298795722425,0.00142223481088877,0.00141591380815953,0.00140969979111105,0.00140224548522383,0.00139375310391188,0.00138149363920093,0.00136620725970715,0.00134895090013742,0.00133527454454452,0.00132237805519253,0.00131313945166767,0.00130491086747497,0.0012981517938897,0.00129159050993621,0.00128448416944593,0.00128114141989499,0.0012768825981766,0.00127507175784558,0.00127898692153394,0.00128610734827816,0.00129705702420324,0.00130524567794055,0.00131375691853464,0.00132055068388581,0.00131995650008321,0.00131144595798105,0.000630494556389749,9.13135590963066E-06,-9999,-9999,-9999,-9999,-9999,-9999,-9999,-9999,-9999,-9999,-9999,-9999,-9999,-9999,-9999,-9999,-9999,-9999,-9999,-9999,-9999,-9999,-9999,-9999,-9999,-9999,-9999,-9999,-9999,-9999,-9999,-9999,7.20712523616385E-06,2.01412003661972E-05,0.00033684546360746,0.000916524382773787,0.0010046522365883,0.0010015768930316,0.000994881964288652,0.000991623266600072,0.000993647729046643,0.000995060661807656,0.000998862320557237,0.00100176362320781,0.00100440997630358,0.00100282125640661,0.000998064177110791,0.000985417980700731,0.000961827463470399,0.000875940080732107,0.000620243605226278,0.000280920590739697,5.61802262382116E-05,-9999,-9999,-9999,-9999,-9999,-9999,-9999,-9999,-9999,-9999,-9999,-9999,-9999,-9999,-9999,-9999,-9999
-9999,-9999,-9999,-9999,-9999,-9999,7.31132531655021E-05,9.13701660465449E-05,0.00034287731978111,0.00115507654845715,0.00141606945544481,0.00149278354365379,0.00151982542593032,0.00153266743291169,0.00154241407290101,0.00155080633703619,0.00155934563372284,0.00156473997049034,0.00156453298404813,0.00155774492304772,0.00154631957411766,0.00153728690929711,0.00153038033749908,0.00151898653712124,0.00150461075827479,0.00149314058944583,0.0014777104370296,0.00146155757829547,0.00144846178591251,0.00143425026908517,0.0014157994883135,0.00140580907464027,0.00139463075902313,0.00138449762016535,0.00137161591555923,0.00136463949456811,0.0013616462238133,0.00135830871295184,0.00134949141647667,0.00133861228823662,0.00131832680199295,0.00130798341706395,0.00129466108046472,0.0012856472749263,0.00127920659724623,0.00127661426085979,0.00127024343237281,0.00126877916045487,0.00126341567374766,0.00126381334848702,0.00126114429440349,0.00126751174684614,0.00127674266695976,0.0010468028485775,0.00121341994963586,0.00104105100035667,2.86138329101959E-05,8.98761572898366E-06,9.02340252650902E-06,-9999,-9999,-9999,-9999,-9999,-9999,-9999,-9999,-9999,-9999,-9999,-9999,-9999,-9999,-9999,-9999,-9999,-9999,-9999,-9999,-9999,-9999,-9999,-9999,-9999,-9999,-9999,-9999,-9999,-9999,-9999,-9999,-9999,-9999,-9999,7.0661835707142E-06,6.9873099164397E-06,0.000138563569635153,0.000805924879387021,0.00097680592443794,0.000972468289546669,0.000965209736023098,0.000964789534918964,0.000968592066783458,0.000971565023064613,0.000974646944086999,0.000974628492258489,0.000971386092714965,0.000967080413829535,0.000958046526648104,0.0009434450767003,0.000888072012457997,0.000700137461535633,0.000294571305857971,7.48588136048056E-05,6.00560233579017E-05,4.69087681267411E-05,-9999,-9999,-9999,-9999,-9999,-9999,-9999,-9999,-9999,-9999,-9999,-9999,-9999,-9999,-9999
-9999,-9999,-9999,-9999,9.38395096454769E-05,0.000103777747426648,7.34965433366597E-05,0.000314250617520884,0.00121842185035348,0.00144778320100158,0.00150543195195496,0.00151384132914245,0.00151544425170869,0.00151862250640988,0.00152396771591157,0.00153197546023875,0.00154133955948055,0.00154756929259747,0.00154689303599298,0.0015386309241876,0.00152568100020289,0.00151471816934645,0.00151148554868996,0.00149383104871958,0.00148021022323519,0.00146961212158203,0.00145091803278774,0.00144541577901691,0.00143079471308738,0.00141698715742677,0.00139582704287022,0.0013792336685583,0.00136342586483806,0.00136123353149742,0.00134159345179796,0.00134138658177108,0.00134227820672095,0.00133324239868671,0.00133663206361234,0.000182172865606844,0.00091178115690127,0.000743657001294196,0.00126328598707914,0.00089803384616971,0.001155189354904,0.00125191314145923,0.00125360651873052,0.000666233710944653,0.00021249006385915,0.000601268780883402,8.45323011162691E-05,7.33075285097584E-05,8.66398750076769E-06,8.69922223500907E-06,-9999,-9999,-9999,-9999,-9999,-9999,-9999,-9999,-9999,-9999,-9999,-9999,-9999,-9999,-9999,-9999,-9999,-9999,-9999,-9999,-9999,-9999,-9999,-9999,-9999,-9999,-9999,-9999,-9999,-9999,-9999,-9999,-9999,-9999,-9999,-9999,-9999,-9999,-9999,-9999,-9999,4.58736803921056E-06,6.71170118948794E-06,0.000217292355955578,0.000897933728992939,0.000947904714848846,0.000940136786084622,0.00093771971296519,0.000943229009862989,0.000945648876950145,0.000946541200391948,0.000944558763876557,0.000940114550758153,0.000935408228542656,0.00093012664001435,0.000920292164664716,0.00088380416855216,0.000673785514663905,0.000237070111325011,4.56937013950665E-05,4.53575266874395E-05,3.23727144859731E-05,4.70582090201788E-05,-9999,-9999,-9999,-9999,-9999,-9999,-9999,-9999,-9999,-9999,-9999,-9999,-9999,-9999
-9999,-9999,-9999,-9999,7.48897145967931E-05,0.000115527735033538,0.000174681772477925,0.00115770159754902,0.00146545469760895,0.00151316728442907,0.0015142111806199,0.00150728446897119,0.00150294066406786,0.00149961828719825,0.00150007323827595,0.00150619237683713,0.00151649559848011,0.00152963050641119,0.00152987521141768,0.00119211501441896,1.58944549184525E-05,1.0318049135094E-05,1.02627200249117E-05,1.01892410384608E-05,1.01065061244299E-05,1.00189581644372E-05,4.78041438327637E-05,9.8210957730771E-06,3.70001835108269E-05,9.5971736300271E-06,0.000123233010526747,0.000973429356236011,0.00128903717268258,0.00124556024093181,0.00132926355581731,0.00130239466670901,0.00132220482919365,0.00130899145733565,0.000377385877072811,9.04188618733315E-06,8.94380718818866E-06,8.86264842847595E-06,8.79087383509614E-06,8.73166845849482E-06,8.68131428433117E-06,8.64570210978854E-06,8.62483739183517E-06,-9999,-9999,-9999,-9999,-9999,-9999,-9999,-9999,-9999,-9999,-9999,-9999,-9999,-9999,-9999,-9999,-9999,-9999,-9999,-9999,-9999,-9999,-9999,-9999,-9999,-9999,-9999,-9999,-9999,-9999,-9999,-9999,-9999,-9999,-9999,-9999,-9999,-9999,-9999,-9999,-9999,-9999,-9999,-9999,-9999,-9999,-9999,-9999,-9999,6.52219205221627E-06,4.35109068348538E-05,0.000779037130996585,0.000916635908652097,0.00091593450633809,0.000910115952137858,0.000914715055841953,0.000916732999030501,0.00091626716312021,0.000913837342523038,0.000908317160792649,0.000903180975001305,0.000898738275282085,0.000892039621248841,0.000867555034346879,0.000722440367098898,0.00036412532790564,0.000122613782878034,2.16842909139814E-05,7.36614238121547E-05,4.46869307779707E-05,-9999,-9999,-9999,-9999,-9999,-9999,-9999,-9999,-9999,-9999,-9999,-9999,-9999,-9999
-9999,-9999,-9999,-9999,-9999,7.32445041649044E-05,0.000840044463984668,0.00145202770363539,0.00151456380262971,0.00151718826964498,0.00150620401836932,0.00149380881339312,0.00148689677007496,0.00147712230682373,0.00147427199408412,0.00148481864016503,0.000894799013622105,1.02692338259658E-05,1.03280417533824E-05,1.03498896351084E-05,-9999,-9999,-9999,-9999,-9999,-9999,-9999,-9999,-9999,-9999,-9999,-9999,-9999,3.42114253726322E-05,9.96008238871582E-05,8.60398140503094E-05,0.000114436232252046,9.11199731490342E-06,-9999,-9999,-9999,-9999,-9999,-9999,-9999,-9999,-9999,-9999,-9999,-9999,-9999,-9999,-9999,-9999,-9999,-9999,-9999,-9999,-9999,-9999,-9999,-9999,-9999,-9999,-9999,-9999,-9999,-9999,-9999,-9999,-9999,-9999,-9999,-9999,-9999,-9999,-9999,-9999,-9999,-9999,-9999,-9999,-9999,-9999,-9999,-9999,-9999,-9999,-9999,-9999,-9999,-9999,-9999,-9999,-9999,-9999,4.26551923737861E-06,6.21810295342584E-06,0.000660557532683015,0.000886209774762392,0.000887655012775213,0.000881907122675329,0.000888189882971346,0.000886211637407541,0.000884738226886839,0.000882245134562254,0.000877945509273559,0.000873435114044696,0.000867835362441838,0.000862629967741668,0.000851373479235917,0.000769613077864051,0.000500585127156228,0.000146661332109943,8.07454998721369E-05,4.90365491714329E-05,-9999,-9999,-9999,-9999,-9999,-9999,-9999,-9999,-9999,-9999,-9999,-9999,-9999,-9999,-9999
-9999,-9999,-9999,-9999,-9999,0.00029000174254179,0.00136260804720223,0.00150813860818744,0.00152218085713685,0.00151182932313532,0.00149686879012734,0.00148056528996676,0.00146592524833977,0.00145755370613188,0.00145263690501451,0.00016704126028344,1.01355790320667E-05,6.83199596096529E-06,-9999,-9999,-9999,-9999,-9999,-9999,-9999,-9999,-9999,-9999,-9999,-9999,-9999,-9999,-9999,-9999,-9999,-9999,-9999,-9999,-9999,-9999,-9999,-9999,-9999,-9999,-9999,-9999,-9999,-9999,-9999,-9999,-9999,-9999,-9999,-9999,-9999,-9999,-9999,-9999,-9999,-9999,-9999,-9999,-9999,-9999,-9999,-9999,-9999,-9999,-9999,-9999,-9999,-9999,-9999,-9999,-9999,-9999,-9999,-9999,-9999,-9999,-9999,-9999,-9999,-9999,-9999,-9999,-9999,-9999,-9999,-9999,-9999,-9999,-9999,-9999,-9999,-9999,-9999,5.99126860834076E-06,0.000498086621519178,0.000857697334140539,0.000859150197356939,0.000855106103699654,0.000859518244396895,0.000855201273225248,0.000852349912747741,0.000850326207000762,0.000848358031362295,0.000844915397465229,0.000840385328046978,0.000835240469314158,0.000825655180960894,0.000791102182120085,0.000569411145988852,0.000285848131170496,5.48421812709421E-05,3.96530776924919E-05,-9999,-9999,-9999,-9999,-9999,-9999,-9999,-9999,-9999,-9999,-9999,-9999,-9999,-9999,-9999
-9999,-9999,7.69390680943616E-05,7.6107018685434E-05,7.44915087125264E-05,0.000799361034296453,0.00148172548506409,0.0015206893440336,0.00151912600267678,0.00150342553388327,0.00148628791794181,0.00146788207348436,0.00145286391489208,0.00143138703424484,8.65787442307919E-05,1.00228662631707E-05,6.75103956382372E-06,-9999,-9999,-9999,-9999,-9999,-9999,-9999,-9999,-9999,-9999,-9999,-9999,-9999,-9999,-9999,-9999,-9999,-9999,-9999,-9999,-9999,-9999,-9999,-9999,-9999,-9999,-9999,-9999,-9999,-9999,-9999,-9999,-9999,-9999,-9999,-9999,-9999,-9999,-9999,-9999,-9999,-9999,-9999,-9999,-9999,-9999,-9999,-9999,-9999,-9999,-9999,-9999,-9999,-9999,-9999,-9999,-9999,-9999,-9999,-9999,-9999,-9999,-9999,-9999,-9999,-9999,-9999,-9999,-9999,-9999,-9999,-9999,-9999,-9999,-9999,-9999,-9999,-9999,-9999,-9999,5.80863252253039E-06,0.000287571980152279,0.000829917844384909,0.000834077713079751,0.000827426323667169,0.000825775670818985,0.00082477176329121,0.000819922075606883,0.000820423883851618,0.000820067245513201,0.000817829219158739,0.000813589605968446,0.000808440265245736,0.000801752496045083,0.000779482594225556,0.000684608065057546,0.000432294793426991,0.000230536388698965,5.20711073477287E-05,-9999,-9999,-9999,-9999,-9999,-9999,-9999,-9999,-9999,-9999,-9999,-9999,-9999,-9999,-9999
-9999,-9999,-9999,-9999,9.22152248676866E-05,0.00125268078409135,0.00150433008093387,0.00152182369492948,0.00151175260543823,0.00149163824971765,0.00147371483035386,0.00145711784716696,0.00144492834806442,0.000124348589451984,9.93585763353622E-06,6.68448410579003E-06,-9999,-9999,-9999,-9999,-9999,-9999,-9999,-9999,-9999,-9999,-9999,-9999,-9999,-9999,-9999,-9999,-9999,-9999,-9999,-9999,-9999,-9999,-9999,-9999,-9999,-9999,-9999,-9999,-9999,-9999,-9999,-9999,-9999,-9999,-9999,-9999,-9999,-9999,-9999,-9999,-9999,-9999,-9999,-9999,-9999,-9999,-9999,-9999,-9999,-9999,-9999,-9999,-9999,-9999,-9999,-9999,-9999,-9999,-9999,-9999,-9999,-9999,-9999,-9999,-9999,-9999,-9999,-9999,-9999,-9999,-9999,-9999,-9999,-9999,-9999,-9999,-9999,-9999,-9999,-9999,-9999,5.64794936508406E-06,0.000149546816828661,0.000800305802840739,0.00080656073987484,0.000802733353339136,0.000797407352365553,0.000796268519479781,0.000790592399425805,0.000791972270235419,0.000794116116594523,0.000791964877862483,0.000787454773671925,0.000782689312472939,0.000775444321334362,0.000762897718232125,0.000727126782294363,0.000629243382718414,0.0003900128940586,0.000115669245133176,-9999,-9999,-9999,-9999,-9999,-9999,-9999,-9999,-9999,-9999,-9999,-9999,-9999,-9999,-9999
-9999,-9999,-9999,-9999,0.000195411877939478,0.00136118324007839,0.00150958879385144,0.00151765719056129,0.00150327559094876,0.0014797137118876,0.00146254105493426,0.0014484926359728,0.000971252855379134,9.87951534625608E-06,6.6306529333815E-06,-9999,-9999,-9999,-9999,-9999,-9999,-9999,-9999,-9999,-9999,-9999,-9999,-9999,-9999,-9999,-9999,-9999,-9999,-9999,-9999,-9999,-9999,-9999,-9999,-9999,-9999,-9999,-9999,-9999,-9999,-9999,-9999,-9999,-9999,-9999,-9999,-9999,-9999,-9999,-9999,-9999,-9999,-9999,-9999,-9999,-9999,-9999,-9999,-9999,-9999,-9999,-9999,-9999,-9999,-9999,-9999,-9999,-9999,-9999,-9999,-9999,-9999,-9999,-9999,-9999,-9999,-9999,-9999,-9999,-9999,-9999,-9999,-9999,-9999,-9999,-9999,-9999,-9999,-9999,-9999,-9999,-9999,5.50235654372955E-06,5.96129648329224E-05,0.000766810320783406,0.00077840854646638,0.00077855191193521,0.000771186023484915,0.000767293677199632,0.000764534750487655,0.000763357675168663,0.000766039767768234,0.000763924152124673,0.000761151488404721,0.000756725901737809,0.000750704144593328,0.000742312520742416,0.000726239930372685,0.000691611203365028,0.000577874248847365,0.000310194678604603,4.21434015152045E-05,-9999,-9999,-9999,-9999,-9999,-9999,-9999,-9999,-9999,-9999,-9999,-9999,-9999,-9999
-9999,-9999,-9999,-9999,0.000158206632477231,0.00133986829314381,0.00150632974691689,0.00151091394945979,0.00149418751243502,0.00147070421371609,0.00145471910946071,0.00144103798083961,9.83084828476422E-06,6.59412989989505E-06,4.42943292000564E-06,-9999,-9999,-9999,-9999,-9999,-9999,-9999,-9999,-9999,-9999,-9999,-9999,-9999,-9999,-9999,-9999,-9999,-9999,-9999,-9999,-9999,-9999,-9999,-9999,-9999,-9999,-9999,-9999,-9999,-9999,-9999,-9999,-9999,-9999,-9999,-9999,-9999,-9999,-9999,-9999,-9999,-9999,-9999,-9999,-9999,-9999,-9999,-9999,-9999,-9999,-9999,-9999,-9999,-9999,-9999,-9999,-9999,-9999,-9999,-9999,-9999,-9999,-9999,-9999,-9999,-9999,-9999,-9999,-9999,-9999,-9999,-9999,-9999,-9999,-9999,-9999,-9999,-9999,-9999,-9999,-9999,-9999,3.56779719368205E-06,5.26606663697748E-06,0.000724547426216304,0.00075354560976848,0.000754016917198896,0.000748677703086287,0.000740002025850117,0.000738923670724034,0.000737821392249316,0.000737066729925573,0.000736530811991543,0.000734810368157923,0.000731914828065783,0.000726527068763971,0.000718716939445585,0.000709852611180395,0.000693018140736967,0.000639844685792923,0.000462315889308229,0.000143841170938686,3.2622272556182E-05,-9999,-9999,-9999,-9999,-9999,-9999,-9999,-9999,-9999,-9999,-9999,-9999,-9999
-9999,-9999,-9999,-9999,8.21292705950327E-05,0.00121834292076528,0.00149784830864519,0.00150491332169622,0.00149015453644097,0.0014669974334538,0.00145043397787958,0.00143309368286282,9.7942120191874E-06,6.56510837870883E-06,-9999,-9999,-9999,-9999,-9999,-9999,-9999,-9999,-9999,-9999,-9999,-9999,-9999,-9999,-9999,-9999,-9999,-9999,-9999,-9999,-9999,-9999,-9999,-9999,-9999,-9999,-9999,-9999,-9999,-9999,-9999,-9999,-9999,-9999,-9999,-9999,-9999,-9999,-9999,-9999,-9999,-9999,-9999,-9999,-9999,-9999,-9999,-9999,-9999,-9999,-9999,-9999,-9999,-9999,-9999,-9999,-9999,-9999,-9999,-9999,-9999,-9999,-9999,-9999,-9999,-9999,-9999,-9999,-9999,-9999,-9999,-9999,-9999,-9999,-9999,-9999,-9999,-9999,-9999,-9999,-9999,-9999,-9999,3.48918365489226E-06,5.10140125697944E-06,0.000682417186908424,0.000729483552277088,0.00072906818240881,0.00072748342063278,0.000718463910743594,0.000713305780664086,0.000712386390659958,0.00071178178768605,0.0007137272041291,0.000712287961505353,0.000709907384589314,0.000704131845850497,0.000696868286468089,0.000689991458784789,0.000678265525493771,0.000644460960756987,0.000567040930036455,0.000332042982336134,6.2168030126486E-05,4.43275603174698E-05,4.51599589723628E-06,-9999,-9999,-9999,-9999,-9999,-9999,-9999,-9999,-9999,-9999,-9999
-9999,-9999,-9999,-9999,7.33203778509051E-05,0.000659416720736772,0.00146701920311898,0.00150110805407166,0.00149306340608746,0.00147592311259359,0.00145603914279491,0.00143935170490295,2.16769385588123E-05,9.75856801233022E-06,-9999,-9999,-9999,-9999,-9999,-9999,-9999,-9999,-9999,-9999,-9999,-9999,-9999,-9999,-9999,-9999,-9999,-9999,-9999,-9999,-9999,-9999,-9999,-9999,-9999,-9999,-9999,-9999,-9999,-9999,-9999,-9999,-9999,-9999,-9999,-9999,-9999,-9999,-9999,-9999,-9999,-9999,-9999,-9999,-9999,-9999,-9999,-9999,-9999,-9999,-9999,-9999,-9999,-9999,-9999,-9999,-9999,-9999,-9999,-9999,-9999,-9999,-9999,-9999,-9999,-9999,-9999,-9999,-9999,-9999,-9999,-9999,-9999,-9999,-9999,-9999,-9999,-9999,-9999,-9999,-9999,-9999,-9999,-9999,4.93877905682893E-06,0.000650275847874582,0.000706328370142728,0.000704839883837849,0.000707423081621528,0.000699086231179535,0.000692472676746547,0.000692310044541955,0.000693337002303451,0.000692753121256828,0.000692372967023402,0.000689071253873408,0.000684317434206605,0.000677908712532371,0.000671716872602701,0.00066324562067166,0.000638938508927822,0.000582161417696625,0.00043764035217464,0.00010254979133606,3.50966074620374E-05,-9999,-9999,-9999,-9999,-9999,-9999,-9999,-9999,-9999,-9999,-9999,-9999
-9999,-9999,-9999,-9999,7.33187916921452E-05,0.000288153212750331,0.00135837856214494,0.00149473000783473,0.00149268435779959,0.00148353818804026,0.0014672928955406,0.00144843338057399,0.000978245749138296,9.73821443039924E-06,-9999,-9999,-9999,-9999,-9999,-9999,-9999,-9999,-9999,-9999,-9999,-9999,-9999,-9999,-9999,-9999,-9999,-9999,-9999,-9999,-9999,-9999,-9999,-9999,-9999,-9999,-9999,-9999,-9999,-9999,-9999,-9999,-9999,-9999,-9999,-9999,-9999,-9999,-9999,-9999,-9999,-9999,-9999,-9999,-9999,-9999,-9999,-9999,-9999,-9999,-9999,-9999,-9999,-9999,-9999,-9999,-9999,-9999,-9999,-9999,-9999,-9999,-9999,-9999,-9999,-9999,-9999,-9999,-9999,-9999,-9999,-9999,-9999,-9999,-9999,-9999,-9999,-9999,-9999,-9999,-9999,-9999,-9999,-9999,4.82016776004457E-06,0.000582055246923119,0.000686971179675311,0.000685626117046922,0.000687868392560631,0.000685055856592953,0.000676831870805472,0.000671027752105147,0.000673259841278195,0.00067189073888585,0.000671077461447567,0.000668243854306638,0.000665282597765326,0.000660354446154088,0.00065514340531081,0.000646312837488949,0.000628366076853126,0.000582672015298158,0.000502803770359606,0.000190999344340526,3.44438340107445E-05,3.07555565086659E-05,3.09542301693E-05,-9999,-9999,-9999,-9999,-9999,-9999,-9999,-9999,-9999,-9999
-9999,-9999,-9999,-9999,-9999,8.09379125712439E-05,0.00110908329952508,0.00148227158933878,0.00149088632315397,0.00148545391857624,0.00147351890336722,0.00145366217475384,0.00143017992377281,9.72924681263976E-06,-9999,-9999,-9999,-9999,-9999,-9999,-9999,-9999,-9999,-9999,-9999,-9999,-9999,-9999,-9999,-9999,-9999,-9999,-9999,-9999,-9999,-9999,-9999,-9999,-9999,-9999,-9999,-9999,-9999,-9999,-9999,-9999,-9999,-9999,-9999,-9999,-9999,-9999,-9999,-9999,-9999,-9999,-9999,-9999,-9999,-9999,-9999,-9999,-9999,-9999,-9999,-9999,-9999,-9999,-9999,-9999,-9999,-9999,-9999,-9999,-9999,-9999,-9999,-9999,-9999,-9999,-9999,-9999,-9999,-9999,-9999,-9999,-9999,-9999,-9999,-9999,-9999,-9999,-9999,-9999,-9999,-9999,-9999,-9999,4.73404588774429E-06,0.000459645030787215,0.000665193831082433,0.00066975352820009,0.000670029025059193,0.000668638618662953,0.000660475227050483,0.000651967246085405,0.000654351431876421,0.000652915216051042,0.000652630988042802,0.000649599765893072,0.000647270469926298,0.000643602514173836,0.000638931174762547,0.000631912029348314,0.000620265782345086,0.000598381622694433,0.000478054891573265,0.000290022580884397,0.000107744519482367,7.21288597560488E-05,4.25923062721267E-05,3.08776434394531E-05,-9999,-9999,-9999,-9999,-9999,-9999,-9999,-9999,-9999
-9999,-9999,-9999,-9999,-9999,1.64814173331251E-05,0.000782580871600658,0.00145124667324126,0.0014888069126755,0.00148630421608686,0.00147707585711032,0.00145762483589351,0.00143279484473169,9.73860915109981E-06,-9999,-9999,-9999,-9999,-9999,-9999,-9999,-9999,-9999,-9999,-9999,-9999,-9999,-9999,-9999,-9999,-9999,-9999,-9999,-9999,-9999,-9999,-9999,-9999,-9999,-9999,-9999,-9999,-9999,-9999,-9999,-9999,-9999,-9999,-9999,-9999,-9999,-9999,-9999,-9999,-9999,-9999,-9999,-9999,-9999,-9999,-9999,-9999,-9999,-9999,-9999,-9999,-9999,-9999,-9999,-9999,-9999,-9999,-9999,-9999,-9999,-9999,-9999,-9999,-9999,-9999,-9999,-9999,-9999,-9999,-9999,-9999,-9999,-9999,-9999,-9999,-9999,-9999,-9999,-9999,-9999,-9999,-9999,-9999,4.6790328269708E-06,0.000152045220602304,0.000640731072053313,0.000654809758998454,0.000654090195894241,0.000652101647574455,0.000645240070298314,0.000637616380117834,0.000637497752904892,0.000638296129181981,0.000636747339740396,0.000632368843071163,0.000629659334663302,0.000626492488663644,0.000622432213276625,0.000618064193986356,0.000609331065788865,0.000581117754336447,0.000491732906084508,0.000406048784498125,0.000318505481118336,0.000265543145360425,7.91281345300376E-05,3.02334992738906E-05,-9999,-9999,-9999,-9999,-9999,-9999,-9999,-9999,-9999
-9999,-9999,-9999,-9999,-9999,1.01301211543614E-05,0.00056293880334124,0.00144873803947121,0.00148665718734264,0.00148668873589486,0.0014792267465964,0.00145928526762873,0.00141978170722723,9.75357943389099E-06,-9999,-9999,-9999,-9999,-9999,-9999,-9999,-9999,-9999,-9999,-9999,-9999,-9999,-9999,-9999,-9999,-9999,-9999,-9999,-9999,-9999,-9999,-9999,-9999,-9999,-9999,-9999,-9999,-9999,-9999,-9999,-9999,-9999,-9999,-9999,-9999,-9999,-9999,-9999,-9999,-9999,-9999,-9999,-9999,-9999,-9999,-9999,-9999,-9999,-9999,-9999,-9999,-9999,-9999,-9999,-9999,-9999,-9999,-9999,-9999,-9999,-9999,-9999,-9999,-9999,-9999,-9999,-9999,-9999,-9999,-9999,-9999,-9999,-9999,-9999,-9999,-9999,-9999,-9999,-9999,-9999,-9999,-9999,-9999,-9999,4.5088736442267E-06,0.000620108155999333,0.000637657358311117,0.000640162732452154,0.000636997050605714,0.000630611786618829,0.000622652587480843,0.000622101128101349,0.0006233737221919,0.000621179817244411,0.00061758398078382,0.000613882322795689,0.000611080322414637,0.000607074471190572,0.000603375141508877,0.000597957754507661,0.000577718135900795,0.000552623183466494,0.000518216576892883,0.000441884447354823,0.000278593448456377,0.000104615101008676,2.94504352496006E-05,-9999,-9999,-9999,-9999,-9999,-9999,-9999,-9999,-9999
-9999,-9999,-9999,-9999,-9999,-9999,0.000341811159159988,0.00145189347676933,0.00148450036067516,0.00148678524419665,0.00147835246752948,0.0014552753418684,0.00143776007462293,-9999,-9999,-9999,-9999,-9999,-9999,-9999,-9999,-9999,-9999,-9999,-9999,-9999,-9999,-9999,-9999,-9999,-9999,-9999,-9999,-9999,-9999,-9999,-9999,-9999,-9999,-9999,-9999,-9999,-9999,-9999,-9999,-9999,-9999,-9999,-9999,-9999,-9999,-9999,-9999,-9999,-9999,-9999,-9999,-9999,-9999,-9999,-9999,-9999,-9999,-9999,-9999,-9999,-9999,-9999,-9999,-9999,-9999,-9999,-9999,-9999,-9999,-9999,-9999,-9999,-9999,-9999,-9999,-9999,-9999,-9999,-9999,-9999,-9999,-9999,-9999,-9999,-9999,-9999,-9999,-9999,-9999,-9999,-9999,-9999,-9999,4.42067130279611E-06,0.000573733530472964,0.000622709281742573,0.000627933884970844,0.000625238288193941,0.0006192522123456,0.000612325500696898,0.000609691487625241,0.000609499926213175,0.000606415735092014,0.000603341788519174,0.000599667022470385,0.000595891382545233,0.000592131109442562,0.00058866455219686,0.000586294278036803,0.00058062793686986,0.000568565330468118,0.000529908749740571,0.000459726783446968,0.000342625484336168,0.000176154251676053,3.57131903001573E-05,-9999,-9999,-9999,-9999,-9999,-9999,-9999,-9999,-9999
-9999,-9999,-9999,-9999,-9999,-9999,0.000257259351201355,0.00145251851063222,0.00148631050251424,0.00148608477320522,0.00147320749238133,0.0014497572556138,0.00142408872488886,-9999,-9999,-9999,-9999,-9999,-9999,-9999,-9999,-9999,-9999,-9999,-9999,-9999,-9999,-9999,-9999,-9999,-9999,-9999,-9999,-9999,-9999,-9999,-9999,-9999,-9999,-9999,-9999,-9999,-9999,-9999,-9999,-9999,-9999,-9999,-9999,-9999,-9999,-9999,-9999,-9999,-9999,-9999,-9999,-9999,-9999,-9999,-9999,-9999,-9999,-9999,-9999,-9999,-9999,-9999,-9999,-9999,-9999,-9999,-9999,-9999,-9999,-9999,-9999,-9999,-9999,-9999,-9999,-9999,-9999,-9999,-9999,-9999,-9999,-9999,-9999,-9999,-9999,-9999,-9999,-9999,-9999,-9999,-9999,-9999,-9999,4.35218044003705E-06,0.000377399323042482,0.000611874740570784,0.000616858946159482,0.000613683951087296,0.000607710506301373,0.000602093117777258,0.000596648082137108,0.000597670499701053,0.000594384153373539,0.00059116369811818,0.000587303657084703,0.000583788321819156,0.000579805753659457,0.000576251710299402,0.00057390151778236,0.000571059936191887,0.000563064706511796,0.000543463102076203,0.000499934132676572,0.000384212384233251,0.000268055067863315,6.63596802041866E-05,3.42768325936049E-05,2.72947800112888E-05,-9999,-9999,-9999,-9999,-9999,-9999,-9999
-9999,-9999,-9999,-9999,-9999,-9999,0.000408926367526874,0.001475416473113,0.00149056746158749,0.00148377439472824,0.00146632688120008,0.00144369713962078,0.00130677339620888,-9999,-9999,-9999,-9999,-9999,-9999,-9999,-9999,-9999,-9999,-9999,-9999,-9999,-9999,-9999,-9999,-9999,-9999,-9999,-9999,-9999,-9999,-9999,-9999,-9999,-9999,-9999,-9999,-9999,-9999,-9999,-9999,-9999,-9999,-9999,-9999,-9999,-9999,-9999,-9999,-9999,-9999,-9999,-9999,-9999,-9999,-9999,-9999,-9999,-9999,-9999,-9999,-9999,-9999,-9999,-9999,-9999,-9999,-9999,-9999,-9999,-9999,-9999,-9999,-9999,-9999,-9999,-9999,-9999,-9999,-9999,-9999,-9999,-9999,-9999,-9999,-9999,-9999,-9999,-9999,-9999,-9999,-9999,-9999,-9999,-9999,4.29716646976885E-06,2.53383641393157E-05,0.000602403306402266,0.000604951987043023,0.000602388754487038,0.000595620775129646,0.000589677772950381,0.00058518658624962,0.00058521336177364,0.000584069639444351,0.000580874213483185,0.000576317950617522,0.000572182354517281,0.000568719406146556,0.00056585023412481,0.000562514003831893,0.000560576096177101,0.000553907651919872,0.000538962311111391,0.00050472078146413,0.00044338233419694,0.000313453580019996,0.000118281153845601,5.81866188440472E-05,4.18645213358104E-05,2.65678645519074E-05,-9999,-9999,-9999,-9999,-9999,-9999
-9999,-9999,-9999,-9999,-9999,-9999,-9999,-9999,-9999,-9999,-9999,-9999,-9999,-9999,-9999,-9999,-9999,-9999,-9999,-9999,-9999,-9999,-9999,-9999,-9999,-9999,-9999,-9999,-9999,-9999,-9999,-9999,-9999,-9999,-9999,-9999,-9999,-9999,-9999,-9999,-9999,-9999,-9999,-9999,-9999,-9999,-9999,-9999,-9999,-9999,-9999,-9999,-9999,-9999,-9999,-9999,-9999,-9999,-9999,-9999,-9999,-9999,-9999,-9999,-9999,-9999,-9999,-9999,-9999,-9999,-9999,-9999,-9999,-9999,-9999,-9999,-9999,-9999,-9999,-9999,-9999,-9999,-9999,-9999,-9999,-9999,-9999,-9999,-9999,-9999,-9999,-9999,-9999,-9999,-9999,-9999,-9999,-9999,-9999,-9999,4.1443954614806E-06,0.000577353406697512,0.000593097298406065,0.000591223069932312,0.000585422734729946,0.000579494168050587,0.000574668811168522,0.000574857462197542,0.000575225858483464,0.000570849631913006,0.000566466886084527,0.000562449102289975,0.000558117462787777,0.00055560830514878,0.000552603683900088,0.000550248892977834,0.000547068775631487,0.000538264401257038,0.000516405096277595,0.000466272555058822,0.000340022437740117,0.00017958965327125,0.000115437600470614,8.58070852700621E-05,4.54346009064466E-05,2.57733627222478E-05,-9999,-9999,-9999,-9999,-9999
-9999,-9999,-9999,-9999,-9999,-9999,-9999,-9999,-9999,-9999,-9999,-9999,-9999,-9999,-9999,-9999,-9999,-9999,-9999,-9999,-9999,-9999,-9999,-9999,-9999,-9999,-9999,-9999,-9999,-9999,-9999,-9999,-9999,-9999,-9999,-9999,-9999,-9999,-9999,-9999,-9999,-9999,-9999,-9999,-9999,-9999,-9999,-9999,-9999,-9999,-9999,-9999,-9999,-9999,-9999,-9999,-9999,-9999,-9999,-9999,-9999,-9999,-9999,-9999,-9999,-9999,-9999,-9999,-9999,-9999,-9999,-9999,-9999,-9999,-9999,-9999,-9999,-9999,-9999,-9999,-9999,-9999,-9999,-9999,-9999,-9999,-9999,-9999,-9999,-9999,-9999,-9999,-9999,-9999,-9999,-9999,-9999,-9999,-9999,-9999,4.07609240937745E-06,0.000436291156802326,0.000584215798880905,0.000580169667955488,0.000575295125599951,0.000569092284422368,0.000563647714443505,0.00056547112762928,0.000565801397897303,0.000561479944735765,0.000555923557840288,0.000552436686120927,0.000547762087080628,0.000545730232261121,0.000543537084013224,0.000542973342817277,0.000540304346941411,0.000534347491338849,0.000511484744492918,0.000458105379948393,0.00034934320137836,0.000221265479922295,0.000161848234711215,9.32413095142692E-05,6.16063553025015E-05,2.83899244095664E-05,2.50562115979847E-05,-9999,-9999,-9999,-9999
-9999,-9999,-9999,-9999,-9999,-9999,-9999,-9999,-9999,-9999,-9999,-9999,-9999,-9999,-9999,-9999,-9999,-9999,-9999,-9999,-9999,-9999,-9999,-9999,-9999,-9999,-9999,-9999,-9999,-9999,-9999,-9999,-9999,-9999,-9999,-9999,-9999,-9999,-9999,-9999,-9999,-9999,-9999,-9999,-9999,-9999,-9999,-9999,-9999,-9999,-9999,-9999,-9999,-9999,-9999,-9999,-9999,-9999,-9999,-9999,-9999,-9999,-9999,-9999,-9999,-9999,-9999,-9999,-9999,-9999,-9999,-9999,-9999,-9999,-9999,-9999,-9999,-9999,-9999,-9999,-9999,-9999,-9999,-9999,-9999,-9999,-9999,-9999,-9999,-9999,-9999,-9999,-9999,-9999,-9999,-9999,-9999,-9999,-9999,-9999,4.02888372263988E-06,1.03153270174516E-05,0.000576742982957512,0.000570520700421184,0.000565973808988929,0.000559305830392987,0.000555079779587686,0.000556924496777356,0.000556861807126552,0.00055303075350821,0.000547340547200292,0.00054354261374101,0.000538741762284189,0.000536143488716334,0.000534952851012349,0.000534420658368617,0.000529733719304204,0.000522110902238637,0.000504362746141851,0.0004504254902713,0.00037161834188737,0.000280327192740515,0.000201495102373883,0.000121871773444582,6.72657406539656E-05,3.48665926139802E-05,2.46774034167174E-05,-9999,-9999,-9999,-9999
-9999,-9999,-9999,-9999,-9999,-9999,-9999,-9999,-9999,-9999,-9999,-9999,-9999,-9999,-9999,-9999,-9999,-9999,-9999,-9999,-9999,-9999,-9999,-9999,-9999,-9999,-9999,-9999,-9999,-9999,-9999,-9999,-9999,-9999,-9999,-9999,-9999,-9999,-9999,-9999,-9999,-9999,-9999,-9999,-9999,-9999,-9999,-9999,-9999,-9999,-9999,-9999,-9999,-9999,-9999,-9999,-9999,-9999,-9999,-9999,-9999,-9999,-9999,-9999,-9999,-9999,-9999,-9999,-9999,-9999,-9999,-9999,-9999,-9999,-9999,-9999,-9999,-9999,-9999,-9999,-9999,-9999,-9999,-9999,-9999,-9999,-9999,-9999,-9999,-9999,-9999,-9999,-9999,-9999,-9999,-9999,-9999,-9999,-9999,-9999,-9999,3.93297068512766E-06,0.000529460608959198,0.000560524291358888,0.000556560407858342,0.000550500873941928,0.000547597417607903,0.000548038049601018,0.000548205687664449,0.000545006943866611,0.000538754102308303,0.000534608087036759,0.000529961776919663,0.000526538118720055,0.000525011506397277,0.000525058945640922,0.000524594448506832,0.00052028673235327,0.00050049735000357,0.000451662752311677,0.000378539669327438,0.000322061503538862,0.000228631965001114,0.000120088494441006,7.3219183832407E-05,3.40622864314355E-05,2.38031025219243E-05,-9999,-9999,2.00774466065923E-05,1.99875976250041E-05
-9999,-9999,-9999,-9999,-9999,-9999,-9999,-9999,-9999,-9999,-9999,-9999,-9999,-9999,-9999,-9999,-9999,-9999,-9999,-9999,-9999,-9999,-9999,-9999,-9999,-9999,-9999,-9999,-9999,-9999,-9999,-9999,-9999,-9999,-9999,-9999,-9999,-9999,-9999,-9999,-9999,-9999,-9999,-9999,-9999,-9999,-9999,-9999,-9999,-9999,-9999,-9999,-9999,-9999,-9999,-9999,-9999,-9999,-9999,-9999,-9999,-9999,-9999,-9999,-9999,-9999,-9999,-9999,-9999,-9999,-9999,-9999,-9999,-9999,-9999,-9999,-9999,-9999,-9999,-9999,-9999,-9999,-9999,-9999,-9999,-9999,-9999,-9999,-9999,-9999,-9999,-9999,-9999,-9999,-9999,-9999,-9999,-9999,-9999,-9999,-9999,-9999,2.77294439001707E-05,0.000561736640520394,0.000549623975530267,0.000544895709026605,0.000542118446901441,0.000542209483683109,0.000540653127245605,0.000536151113919914,0.000530280754901469,0.000526019081007689,0.000521712121553719,0.000518589222338051,0.000516269938088953,0.000515655730850995,0.000514570332597941,0.000509648001752794,0.000489763449877501,0.000465651741251349,0.00041775667341426,0.000331819610437378,0.00022567184350919,0.000141211799927987,6.45773543510586E-05,3.6716264730785E-05,2.25158328248654E-05,2.12043159990571E-05,2.05063515750226E-05,2.00255562958773E-05,2.19694848055951E-05
-9999,-9999,-9999,-9999,-9999,-9999,-9999,-9999,-9999,-9999,-9999,-9999,-9999,-9999,-9999,-9999,-9999,-9999,-9999,-9999,-9999,-9999,-9999,-9999,-9999,-9999,-9999,-9999,-9999,-9999,-9999,-9999,-9999,-9999,-9999,-9999,-9999,-9999,-9999,-9999,-9999,-9999,-9999,-9999,-9999,-9999,-9999,-9999,-9999,-9999,-9999,-9999,-9999,-9999,-9999,-9999,-9999,-9999,-9999,-9999,-9999,-9999,-9999,-9999,-9999,-9999,-9999,-9999,-9999,-9999,-9999,-9999,-9999,-9999,-9999,-9999,-9999,-9999,-9999,-9999,-9999,-9999,-9999,-9999,-9999,-9999,-9999,-9999,-9999,-9999,-9999,-9999,-9999,-9999,-9999,-9999,-9999,-9999,-9999,-9999,-9999,-9999,-9999,0.000388004671549425,0.000551985169295222,0.00054135755635798,0.000540309119969606,0.000538235588464886,0.000536027015186846,0.000530114688444883,0.000523744558449835,0.000518335262313485,0.000514158920850605,0.000511175254359841,0.000509582576341927,0.000507066026329994,0.00050375476712361,0.00049862201558426,0.000482520117657259,0.00046460545854643,0.000421677017584443,0.000341227219905704,0.000252519908826798,0.000115794129669666,5.62867426197045E-05,3.1422998290509E-05,2.41379748331383E-05,2.07766734092729E-05,2.24625891860342E-05,2.43166123254923E-05,0.000196602923097089
-9999,-9999,-9999,-9999,-9999,-9999,-9999,-9999,-9999,-9999,-9999,-9999,-9999,-9999,-9999,-9999,-9999,-9999,-9999,-9999,-9999,-9999,-9999,-9999,-9999,-9999,-9999,-9999,-9999,-9999,-9999,-9999,-9999,-9999,-9999,-9999,-9999,-9999,-9999,-9999,-9999,-9999,-9999,-9999,-9999,-9999,-9999,-9999,-9999,-9999,-9999,-9999,-9999,-9999,-9999,-9999,-9999,-9999,-9999,-9999,-9999,-9999,-9999,-9999,-9999,-9999,-9999,-9999,-9999,-9999,-9999,-9999,-9999,-9999,-9999,-9999,-9999,-9999,-9999,-9999,-9999,-9999,-9999,-9999,-9999,-9999,-9999,-9999,-9999,-9999,-9999,-9999,-9999,-9999,-9999,-9999,-9999,-9999,-9999,-9999,-9999,-9999,-9999,3.77734590983891E-06,0.000387516018236056,0.000553997524548322,0.000542814610525966,0.000537912303116173,0.000533957616426051,0.000527417112607509,0.000520720495842397,0.000515339663252234,0.000511059770360589,0.000507082033436745,0.000503028568346053,0.000499419751577079,0.000492811785079539,0.000483637471916154,0.000476506713312119,0.00044072256423533,0.000386692583560944,0.00027962529566139,0.000149438172229566,4.50614461442456E-05,2.76860082522035E-05,2.66041060967837E-05,2.87486545857973E-05,2.79146024695365E-05,4.632445416064E-05,0.000396183313569054,0.000399823882617056
-9999,-9999,-9999,-9999,-9999,-9999,-9999,-9999,-9999,-9999,-9999,-9999,-9999,-9999,-9999,-9999,-9999,-9999,-9999,-9999,-9999,-9999,-9999,-9999,-9999,-9999,-9999,-9999,-9999,-9999,-9999,-9999,-9999,-9999,-9999,-9999,-9999,-9999,-9999,-9999,-9999,-9999,-9999,-9999,-9999,-9999,-9999,-9999,-9999,-9999,-9999,-9999,-9999,-9999,-9999,-9999,-9999,-9999,-9999,-9999,-9999,-9999,-9999,-9999,-9999,-9999,-9999,-9999,-9999,-9999,-9999,-9999,-9999,-9999,-9999,-9999,-9999,-9999,-9999,-9999,-9999,-9999,-9999,-9999,-9999,-9999,-9999,-9999,-9999,-9999,-9999,-9999,-9999,-9999,-9999,-9999,-9999,-9999,-9999,-9999,-9999,-9999,-9999,-9999,3.75163244825671E-06,3.74349929188611E-06,0.000512214610353112,0.000543056754395366,0.000531571800820529,0.000525553536135703,0.000519159540999681,0.000513999024406075,0.000479580630781129,0.000397355412133038,0.000494473788421601,0.000476923218229786,0.000400986958993599,0.000332992640323937,0.000305814872262999,0.000260464439634234,0.00013496661267709,4.94878440804314E-05,2.48988144448958E-05,2.15867021324812E-05,3.61017628165428E-05,5.90929012105335E-05,0.000211815742659383,0.000398734438931569,0.000402346719056368,0.000402082107029855,0.000396029325202107
-9999,-9999,-9999,-9999,-9999,-9999,-9999,-9999,-9999,-9999,-9999,-9999,-9999,-9999,-9999,-9999,-9999,-9999,-9999,-9999,-9999,-9999,-9999,-9999,-9999,-9999,-9999,-9999,-9999,-9999,-9999,-9999,-9999,-9999,-9999,-9999,-9999,-9999,-9999,-9999,-9999,-9999,-9999,-9999,-9999,-9999,-9999,-9999,-9999,-9999,-9999,-9999,-9999,-9999,-9999,-9999,-9999,-9999,-9999,-9999,-9999,-9999,-9999,-9999,-9999,-9999,-9999,-9999,-9999,-9999,-9999,-9999,-9999,-9999,-9999,-9999,-9999,-9999,-9999,-9999,-9999,-9999,-9999,-9999,-9999,-9999,-9999,-9999,-9999,-9999,-9999,-9999,-9999,-9999,-9999,-9999,-9999,-9999,-9999,-9999,-9999,-9999,-9999,-9999,-9999,-9999,3.70259203918977E-06,1.85148237505928E-05,0.00053870357805863,0.000530467135831714,0.000520372588653117,0.000513823702931404,0.000486032135086134,0.000484970427351072,0.000459600647445768,0.000357178156264126,0.000258450745604932,0.000158097522216849,6.14393429714255E-05,9.01826279005036E-05,5.32366611878388E-05,6.97132636560127E-05,0.000222397560719401,0.000415998045355082,0.000415932154282928,0.000413902744185179,0.000409633095841855,0.000403132289648056,0.000397828087443486,0.000380517623852938,0.000197121087694541
-9999,-9999,-9999,-9999,-9999,-9999,-9999,-9999,-9999,-9999,-9999,-9999,-9999,-9999,-9999,-9999,-9999,-9999,-9999,-9999,-9999,-9999,-9999,-9999,-9999,-9999,-9999,-9999,-9999,-9999,-9999,-9999,-9999,-9999,-9999,-9999,-9999,-9999,-9999,-9999,-9999,-9999,-9999,-9999,-9999,-9999,-9999,-9999,-9999,-9999,-9999,-9999,-9999,-9999,-9999,-9999,-9999,-9999,-9999,-9999,-9999,-9999,-9999,-9999,-9999,-9999,-9999,-9999,-9999,-9999,-9999,-9999,-9999,-9999,-9999,-9999,-9999,-9999,-9999,-9999,-9999,-9999,-9999,-9999,-9999,-9999,-9999,-9999,-9999,-9999,-9999,-9999,-9999,-9999,-9999,-9999,-9999,-9999,-9999,-9999,-9999,-9999,-9999,-9999,-9999,-9999,-9999,-9999,3.61747356691922E-06,1.46015954669565E-05,0.000511546968482435,0.000523323018569499,0.000517405977007002,0.000511678284965456,0.000504610419739038,0.000496973458211869,0.000488078774651513,0.000479693175293505,0.000469905440695584,0.000459592323750257,0.000448704551672563,0.00044001336209476,0.000432246917625889,0.000424272904638201,0.000416218885220587,0.000409604574088007,0.000400659802835435,0.000372966023860499,0.000221438967855647,1.53159890032839E-05,-9999
-9999,-9999,-9999,-9999,-9999,-9999,-9999,-9999,-9999,-9999,-9999,-9999,-9999,-9999,-9999,-9999,-9999,-9999,-9999,-9999,-9999,-9999,-9999,-9999,-9999,-9999,-9999,-9999,-9999,-9999,-9999,-9999,-9999,-9999,-9999,-9999,-9999,-9999,-9999,-9999,-9999,-9999,-9999,-9999,-9999,-9999,-9999,-9999,-9999,-9999,-9999,-9999,-9999,-9999,-9999,-9999,-9999,-9999,-9999,-9999,-9999,-9999,-9999,-9999,-9999,-9999,-9999,-9999,-9999,-9999,-9999,-9999,-9999,-9999,-9999,-9999,-9999,-9999,-9999,-9999,-9999,-9999,-9999,-9999,-9999,-9999,-9999,-9999,-9999,-9999,-9999,-9999,-9999,-9999,-9999,-9999,-9999,-9999,-9999,-9999,-9999,-9999,-9999,-9999,-9999,-9999,-9999,-9999,-9999,-9999,3.54838152816228E-06,3.53371729033825E-06,3.50995378539665E-06,3.47613172380079E-06,1.4247591025196E-05,1.98702273337403E-05,3.32884701492731E-06,3.25372502629762E-06,3.173086724928E-06,5.88978036830667E-06,1.83275114977732E-05,7.85669326432981E-05,0.000160324212629348,0.000174767526914366,3.97560688725207E-05,2.82588894151559E-06,2.7994494757877E-06,2.78420611721231E-06,-9999,-9999,-9999
-9999,-9999,-9999,-9999,-9999,-9999,-9999,-9999,-9999,-9999,-9999,-9999,-9999,-9999,-9999,-9999,-9999,-9999,-9999,-9999,-9999,-9999,-9999,-9999,-9999,-9999,-9999,-9999,-9999,-9999,-9999,-9999,-9999,-9999,-9999,-9999,-9999,-9999,-9999,-9999,-9999,-9999,-9999,-9999,-9999,-9999,-9999,-9999,-9999,-9999,-9999,-9999,-9999,-9999,-9999,-9999,-9999,-9999,-9999,-9999,-9999,-9999,-9999,-9999,-9999,-9999,-9999,-9999,-9999,-9999,-9999,-9999,-9999,-9999,-9999,-9999,-9999,-9999,-9999,-9999,-9999,-9999,-9999,-9999,-9999,-9999,-9999,-9999,-9999,-9999,-9999,-9999,-9999,-9999,-9999,-9999,-9999,-9999,-9999,-9999,-9999,-9999,-9999,-9999,-9999,-9999,-9999,-9999,-9999,-9999,-9999,-9999,-9999,-9999,-9999,-9999,-9999,-9999,-9999,-9999,-9999,-9999,-9999,-9999,-9999,-9999,-9999,-9999,-9999,-9999,-9999
-9999,-9999,-9999,-9999,-9999,-9999,-9999,-9999,-9999,-9999,-9999,-9999,-9999,-9999,-9999,-9999,-9999,-9999,-9999,-9999,-9999,-9999,-9999,-9999,-9999,-9999,-9999,-9999,-9999,-9999,-9999,-9999,-9999,-9999,-9999,-9999,-9999,-9999,-9999,-9999,-9999,-9999,-9999,-9999,-9999,-9999,-9999,-9999,-9999,-9999,-9999,-9999,-9999,-9999,-9999,-9999,-9999,-9999,-9999,-9999,-9999,-9999,-9999,-9999,-9999,-9999,-9999,-9999,-9999,-9999,-9999,-9999,-9999,-9999,-9999,-9999,-9999,-9999,-9999,-9999,-9999,-9999,-9999,-9999,-9999,-9999,-9999,-9999,-9999,-9999,-9999,-9999,-9999,-9999,-9999,-9999,-9999,-9999,-9999,-9999,-9999,-9999,-9999,-9999,-9999,-9999,-9999,-9999,-9999,-9999,-9999,-9999,-9999,-9999,-9999,-9999,-9999,-9999,-9999,-9999,-9999,-9999,-9999,-9999,-9999,-9999,-9999,-9999,-9999,-9999,-9999

Step,109
Year,9.083333
-9999,-9999,-9999,-9999,-9999,-9999,-9999,-9999,-9999,-9999,-9999,-9999,-9999,-9999,-9999,-9999,-9999,-9999,-9999,-9999,-9999,-9999,-9999,-9999,-9999,-9999,-9999,-9999,-9999,-9999,-9999,-9999,-9999,-9999,-9999,-9999,-9999,-9999,-9999,-9999,-9999,-9999,-9999,-9999,-9999,-9999,-9999,-9999,-9999,-9999,-9999,-9999,-9999,-9999,-9999,-9999,-9999,-9999,-9999,-9999,-9999,-9999,-9999,-9999,-9999,-9999,-9999,-9999,-9999,-9999,-9999,-9999,-9999,-9999,-9999,-9999,-9999,-9999,-9999,-9999,-9999,-9999,-9999,-9999,-9999,-9999,-9999,-9999,-9999,-9999,-9999,-9999,-9999,-9999,-9999,-9999,-9999,-9999,-9999,-9999,-9999,-9999,-9999,-9999,-9999,-9999,-9999,-9999,-9999,-9999,-9999,-9999,-9999,-9999,-9999,-9999,-9999,-9999,-9999,-9999,-9999,-9999,-9999,-9999,-9999,-9999,-9999,-9999,-9999,-9999,-9999
-9999,-9999,-9999,-9999,-9999,-9999,-9999,-9999,-9999,-9999,-9999,-9999,-9999,-9999,-9999,-9999,-9999,-9999,-9999,-9999,-9999,-9999,-9999,-9999,-9999,-9999,-9999,-9999,-9999,-9999,-9999,-9999,-9999,-9999,-9999,-9999,-9999,-9999,-9999,-9999,-9999,-9999,-9999,-9999,-9999,-9999,-9999,-9999,-9999,-9999,-9999,-9999,-9999,-9999,-9999,-9999,-9999,-9999,-9999,-9999,-9999,-9999,-9999,-9999,-9999,-9999,-9999,-9999,-9999,-9999,-9999,-9999,-9999,-9999,-9999,-9999,-9999,-9999,-9999,-9999,-9999,-9999,-9999,-9999,-9999,-9999,-9999,-9999,-9999,-9999,-9999,-9999,-9999,-9999,-9999,-9999,-9999,-9999,-9999,-9999,-9999,-9999,-9999,-9999,-9999,-9999,-9999,-9999,-9999,-9999,-9999,-9999,-9999,-9999,-9999,-9999,-9999,-9999,-9999,-9999,-9999,-9999,-9999,-9999,-9999,-9999,-9999,-9999,-9999,-9999,-9999
-9999,-9999,-9999,-9999,-9999,-9999,-9999,-9999,-9999,-9999,-9999,-9999,-9999,-9999,-9999,-9999,-9999,-9999,-9999,-9999,-9999,-9999,-9999,-9999,-9999,-9999,-9999,-9999,-9999,-9999,-9999,-9999,-9999,-9999,-9999,-9999,-9999,-9999,-9999,-9999,-9999,-9999,-9999,-9999,-9999,-9999,-9999,-9999,-9999,-9999,-9999,-9999,-9999,-9999,-9999,-9999,-9999,-9999,-9999,-9999,-9999,-9999,-9999,-9999,-9999,-9999,-9999,-9999,-9999,-9999,-9999,-9999,-9999,-9999,3.78000299861014E-06,5.62385139346588E-06,-9999,-9999,-9999,-9999,-9999,-9999,-9999,-9999,-9999,-9999,-9999,-9999,-9999,-9999,-9999,-9999,-9999,-9999,-9999,-9999,-9999,-9999,-9999,-9999,-9999,-9999,-9999,-9999,-9999,-9999,-9999,-9999,-9999,-9999,-9999,-9999,-9999,-9999,-9999,-9999,-9999,-9999,-9999,-9999,-9999,-9999,-9999,-9999,-9999,-9999,-9999,-9999,-9999,-9999,-9999
-9999,-9999,-9999,-9999,-9999,-9999,-9999,-9999,-9999,-9999,-9999,-9999,-9999,-9999,-9999,-9999,-9999,-9999,-9999,-9999,-9999,-9999,-9999,-9999,-9999,-9999,-9999,-9999,-9999,-9999,-9999,-9999,-9999,-9999,-9999,-9999,-9999,-9999,-9999,-9999,-9999,-9999,-9999,-9999,-9999,-9999,-9999,-9999,-9999,-9999,-9999,-9999,-9999,-9999,-9999,-9999,-9999,-9999,-9999,-9999,-9999,-9999,-9999,-9999,-9999,-9999,-9999,-9999,-9999,-9999,-9999,-9999,-9999,-9999,5.47023182662087E-06,8.10515939519973E-06,-9999,-9999,-9999,-9999,-9999,-9999,-9999,-9999,-9999,-9999,-9999,-9999,-9999,-9999,-9999,-9999,-9999,-9999,-9999,-9999,-9999,-9999,-9999,-9999,-9999,-9999,-9999,-9999,-9999,-9999,-9999,-9999,-9999,-9999,-9999,-9999,-9999,-9999,-9999,-9999,-9999,-9999,-9999,-9999,-9999,-9999,-9999,-9999,-9999,-9999,-9999,-9999,-9999,-9999,-9999
-9999,-9999,-9999,-9999,-9999,-9999,-9999,-9999,-9999,-9999,-9999,-9999,-9999,-9999,-9999,-9999,-9999,-9999,-9999,-9999,-9999,-9999,-9999,-9999,-9999,-9999,-9999,-9999,-9999,-9999,-9999,-9999,-9999,-9999,-9999,-9999,-9999,-9999,-9999,-9999,-9999,-9999,-9999,-9999,-9999,-9999,-9999,-9999,-9999,-9999,-9999,-9999,-9999,-9999,-9999,-9999,3.09771593265395E-07,4.51657484745738E-07,6.49351079573535E-07,9.31806255266565E-07,-9999,-9999,-9999,-9999,-9999,6.64821482132538E-06,6.44279407424619E-06,9.18858950171852E-06,8.96504752745386E-06,5.81124550080858E-06,8.35437458590604E-06,4.19141288148239E-05,5.6269986089319E-05,5.57443054276519E-05,7.86456621426623E-06,4.04855600208975E-05,5.24826791661326E-05,-9999,-9999,4.96344546263572E-05,7.68684403738007E-05,6.72419773763977E-05,6.82074460200965E-05,0.000175221619429067,0.000232959078857675,0.000212566810660064,0.000212826431379654,0.000129870561067946,6.1050319345668E-05,-9999,-9999,-9999,-9999,-9999,-9999,-9999,-9999,-9999,-9999,-9999,-9999,-9999,-9999,-9999,-9999,-9999,-9999,-9999,-9999,-9999,-9999,-9999,-9999,-9999,-9999,-9999,-9999,-9999,-9999,-9999,-9999,-9999,-9999,-9999,-9999,-9999,-9999,-9999,-9999,-9999,-9999
-9999,-9999,-9999,-9999,-9999,-9999,-9999,-9999,-9999,-9999,-9999,-9999,-9999,-9999,-9999,-9999,-9999,-9999,-9999,-9999,-9999,-9999,-9999,-9999,-9999,-9999,-9999,-9999,-9999,-9999,-9999,-9999,-9999,-9999,-9999,-9999,-9999,-9999,-9999,-9999,-9999,-9999,-9999,-9999,-9999,-9999,-9999,-9999,-9999,-9999,-9999,-9999,-9999,-9999,-9999,3.18600541504566E-07,4.67819063487696E-07,6.79879178733245E-07,9.68699851000565E-07,1.35102595777425E-06,1.87218984137871E-06,2.66665938397637E-06,-9999,1.09033844637452E-05,2.94435158139095E-05,9.94425317912828E-06,9.41820144362282E-06,7.07418294041418E-05,7.16753493179567E-05,8.44879923533881E-06,8.21327375888359E-06,9.53078488237225E-05,0.000120874989079311,0.000107356143416837,9.46792933973484E-05,9.33439441723749E-05,7.22632903489284E-05,8.03466464276426E-05,0.000134102330775931,0.000237693020608276,0.000565976253710687,0.000865481561049819,0.000958744960371405,0.000956388073973358,0.000962092482950538,0.00096859346376732,0.000975614238996059,0.000986890168860555,0.00094952795188874,0.000500347174238414,0.000212191807804629,-9999,-9999,-9999,-9999,-9999,-9999,-9999,-9999,-9999,-9999,-9999,-9999,-9999,-9999,-9999,-9999,-9999,-9999,-9999,-9999,-9999,-9999,-9999,-9999,-9999,-9999,-9999,-9999,-9999,-9999,-9999,-9999,-9999,-9999,-9999,-9999,-9999,-9999,-9999,-9999
-9999,-9999,-9999,-9999,-9999,-9999,-9999,-9999,-9999,-9999,-9999,-9999,-9999,-9999,-9999,-9999,-9999,-9999,-9999,-9999,-9999,-9999,-9999,-9999,-9999,-9999,-9999,-9999,-9999,-9999,-9999,-9999,-9999,-9999,-9999,-9999,-9999,-9999,-9999,-9999,-9999,-9999,-9999,-9999,-9999,-9999,-9999,-9999,-9999,-9999,-9999,-9999,-9999,-9999,-9999,4.77385015074105E-07,7.04824628883216E-07,1.03216905245063E-06,1.47105788528279E-06,2.0335965018603E-06,2.7605778996076E-06,3.75695708498824E-06,5.19551167599275E-06,7.30821420802386E-06,1.03083784779301E-05,6.03849803155754E-05,0.000105493687442504,0.000268226314801723,0.000436301284935325,0.000632290611974895,0.000723592413123697,0.000646570872049779,0.000797323358710855,0.000890261144377291,0.000714847119525075,0.000703592551872134,0.000661604106426239,0.00070847908500582,0.000955544994212687,0.000975704111624509,0.00098873907700181,0.000994973815977573,0.00099973869509995,0.00100042577832937,0.0010004494106397,0.00100169656798244,0.00100470590405166,0.0010075232712552,0.00100768252741545,0.00100235582794994,0.000984355807304382,0.000816674611996859,0.000194125110283494,-9999,-9999,-9999,-9999,-9999,-9999,-9999,-9999,-9999,5.9523168602027E-05,5.95208803133573E-05,5.95964884269051E-05,-9999,-9999,-9999,-9999,-9999,-9999,-9999,-9999,-9999,-9999,-9999,-9999,-9999,-9999,-9999,-9999,-9999,-9999,-9999,-9999,-9999,-9999,-9999,-9999,-9999,-9999
-9999,-9999,-9999,-9999,-9999,-9999,-9999,-9999,-9999,-9999,-9999,-9999,-9999,-9999,-9999,-9999,-9999,-9999,-9999,-9999,-9999,-9999,-9999,-9999,-9999,-9999,-9999,-9999,-9999,-9999,-9999,2.88669743895298E-05,-9999,-9999,-9999,8.90817245817743E-05,-9999,-9999,-9999,-9999,-9999,-9999,-9999,-9999,-9999,-9999,-9999,-9999,-9999,-9999,-9999,-9999,-9999,-9999,-9999,-9999,-9999,7.00413863796712E-07,1.01000659924466E-06,1.43674344599276E-06,-9999,3.56299096893054E-06,5.08628272655187E-06,7.21792412150535E-06,1.01909727163729E-05,6.09578310104553E-05,0.000109594941022806,0.000150477571878582,9.39195160754025E-05,0.000520583183970302,0.00107363937422633,0.00112659763544798,0.0011160901049152,0.00110189185943455,0.00106685573700815,0.00103825773112476,0.00104071304667741,0.00103999662678689,0.00102579675149173,0.00101547222584486,0.00100868754088879,0.00100597622804344,0.000997216557152569,0.000991632929071784,0.000994392205029726,0.000997555442154408,0.00100207014475018,0.00100789230782539,0.0010115469340235,0.00101183890365064,0.00101254298351705,0.00099286250770092,0.000900199578609318,0.000235063780564815,-9999,-9999,-9999,-9999,-9999,-9999,-9999,-9999,8.13522710814141E-05,0.000126054175780155,8.20758868940175E-05,5.88441180298105E-05,5.91616262681782E-05,-9999,-9999,-9999,-9999,-9999,-9999,-9999,-9999,-9999,-9999,-9999,-9999,-9999,-9999,-9999,-9999,-9999,-9999,-9999,-9999,-9999,-9999,-9999,-9999
-9999,-9999,-9999,-9999,-9999,-9999,-9999,-9999,-9999,-9999,-9999,-9999,-9999,-9999,-9999,-9999,-9999,-9999,-9999,-9999,-9999,-9999,-9999,-9999,-9999,-9999,-9999,-9999,-9999,-9999,2.07478697120678E-05,3.95427487092093E-05,-9999,-9999,4.21941294916905E-05,7.15596106601879E-05,-9999,-9999,8.00154884927906E-05,0.000139927622512914,-9999,-9999,-9999,-9999,-9999,1.23022618936375E-05,-9999,-9999,-9999,-9999,-9999,-9999,-9999,-9999,-9999,-9999,-9999,-9999,-9999,-9999,-9999,5.15711280968389E-06,7.37705886422191E-06,1.05725403045653E-05,1.01488585642073E-05,5.91055577388033E-05,6.53627066640183E-05,6.30649956292473E-05,6.00982457399368E-05,0.000355415104422718,0.00109032145701349,0.00115173903759569,0.00114307191688567,0.00112524966243654,0.0011029876768589,0.00108184560667723,0.00106427539139986,0.00104819680564106,0.00103497854433954,0.0010231314226985,0.00101212481968105,0.00100060296244919,0.00098606594838202,0.000984332407824695,0.000986173865385354,0.000993614899925888,0.000999364885501564,0.00100618368014693,0.00101269001606852,0.00101622904185206,0.00101843976881355,0.00101646641269326,0.00100006489083171,0.000843477202579379,0.000236463863984682,-9999,-9999,-9999,-9999,-9999,9.66588559094816E-05,9.74455688265152E-05,0.000184897493454628,0.000273494893917814,0.000207236123969778,0.000139089970616624,9.12006580620073E-05,5.86850001127459E-05,-9999,-9999,-9999,-9999,-9999,-9999,-9999,-9999,-9999,-9999,-9999,-9999,-9999,-9999,-9999,-9999,-9999,-9999,-9999,-9999,-9999,-9999,-9999
-9999,-9999,-9999,-9999,-9999,-9999,-9999,-9999,-9999,-9999,-9999,-9999,-9999,-9999,-9999,-9999,-9999,-9999,-9999,-9999,-9999,-9999,-9999,4.82162249682005E-05,6.1749160522595E-05,-9999,-9999,-9999,-9999,5.17114713147748E-05,4.85994642076548E-05,1.93492232938297E-05,9.72476627794094E-05,1.02838193924981E-05,8.66662012413144E-05,0.000152256179717369,0.000273723708232865,0.000118881289381534,7.10984313627705E-05,-9999,7.26728176232427E-05,7.59917020332068E-05,-9999,-9999,0.000129793101223186,1.71938481798861E-05,1.03561087598791E-05,6.4456698964932E-06,-9999,-9999,-9999,-9999,-9999,-9999,-9999,-9999,-9999,2.55628510785755E-05,1.6180720194825E-05,-9999,-9999,-9999,1.0629301868903E-05,7.0530193625018E-05,6.80435623507947E-05,6.78452925058082E-05,6.57232012599707E-05,6.25551620032638E-05,8.28579941298813E-05,0.000516043335665017,0.00109739636536688,0.00115535757504404,0.00114397029392421,0.0011268142843619,0.00110517162829638,0.00108395330607891,0.00106555642560124,0.00104824895970523,0.00103401904925704,0.00102162617258728,0.00100584118627012,0.000956023926846683,0.000963875150773674,0.000976342940703034,0.000980778131633997,0.000985168619081378,0.000994082656688988,0.00100351183209568,0.00101147696841508,0.00101566291414201,0.00101809133775532,0.0010184298735112,0.00101227266713977,0.000967460218816996,0.000282707187579945,4.97148575959727E-05,7.1890926847118E-06,4.95116455567768E-06,7.55633209337248E-06,0.000235595973208547,0.000465486984467134,0.000604294415097684,0.00067593262065202,0.000578349223360419,0.000547758594620973,0.000416338298236951,0.000250676472205669,8.12081998446956E-05,5.86716996622272E-05,5.9203062846791E-05,-9999,-9999,-9999,-9999,-9999,-9999,-9999,-9999,-9999,-9999,-9999,-9999,-9999,-9999,-9999,-9999,-9999,-9999,-9999,-9999,-9999
-9999,-9999,-9999,-9999,-9999,-9999,-9999,-9999,-9999,-9999,-9999,-9999,-9999,-9999,-9999,-9999,-9999,-9999,-9999,-9999,-9999,-9999,7.2596114478074E-05,8.55929611134343E-05,5.80853338760789E-05,5.87097347306553E-05,6.49437351967208E-05,7.51014013076201E-05,0.000141237964271568,0.0002120325807482,0.000159203234943561,0.000375528121367097,0.000516021042130888,0.000555790611542761,0.000638405792415142,0.000552427140064538,0.000548023730516434,0.000499243033118546,0.00028760961140506,0.000219828085391782,7.08925217622891E-05,4.35982838098425E-05,3.64311890734825E-05,4.93226252729073E-05,1.36885109895957E-05,9.40532663662452E-06,9.00317081686808E-06,8.55872349347919E-06,5.49754349776777E-06,-9999,-9999,-9999,-9999,-9999,-9999,-9999,-9999,0.000106461375253275,9.62047488428652E-05,8.88667709659785E-05,-9999,-9999,6.92654502927326E-05,7.04552367096767E-05,7.01512472005561E-05,6.81942401570268E-05,6.48741843178868E-05,7.64236174291E-05,0.000253266392974183,0.000722923025023192,0.0011106850579381,0.00115648296196014,0.00114119052886963,0.00112362147774547,0.00110220210626721,0.00108044617809355,0.00106118014082313,0.00104446313343942,0.00102939317002892,0.0010172959882766,0.000953836075495929,0.000495210813824087,0.000585140602197498,0.000811223639175296,0.000938878918532282,0.000977509887889028,0.000987339881248772,0.000998197705484927,0.00100697809830308,0.00101129082031548,0.00101652927696705,0.001019929186441,0.0010125816334039,0.000946366402786225,0.000453582790214568,0.000366180145647377,2.97053156828042E-05,7.36451647753711E-06,0.000359374913387001,0.000835895771160722,0.000932103837840259,0.000991143868304789,0.000980027369223535,0.000949489534832537,0.000912630755919963,0.000749784405343235,0.000479866401292384,0.000248937489232048,9.01862003956921E-05,5.84742338105571E-05,-9999,-9999,-9999,-9999,-9999,-9999,-9999,-9999,-9999,-9999,-9999,-9999,-9999,-9999,-9999,-9999,-9999,-9999,-9999,-9999,-9999
-9999,-9999,-9999,-9999,-9999,-9999,-9999,-9999,-9999,-9999,-9999,-9999,-9999,-9999,-9999,-9999,-9999,-9999,-9999,-9999,-9999,-9999,7.25815334590152E-05,8.67643393576145E-05,7.34860441298224E-05,7.6126802014187E-05,0.000282476103166118,0.000562707311473787,0.000743034121114761,0.000653105787932873,0.000650917354505509,0.000522834772709757,0.000561621331144124,0.00064353906782344,0.000598173239268363,0.000680399825796485,0.000805509509518743,0.000800699053797871,0.000835488142911345,0.000742062577046454,0.00051937298849225,0.000334318727254868,0.00013703691365663,5.15401115990244E-05,2.51017918344587E-05,1.1197925232409E-05,1.12035477286554E-05,1.10903820313979E-05,7.38614153306116E-06,7.29705834601191E-06,7.29964403944905E-06,-9999,-9999,-9999,-9999,-9999,-9999,-9999,8.72882810654119E-05,7.86430391599424E-05,7.24360506865196E-05,6.67846761643887E-05,6.8708359322045E-05,6.9439600338228E-05,6.95284616085701E-05,6.70372028253041E-05,7.91546481195837E-05,0.000257984385825694,0.000698458054102957,0.00110782962292433,0.00116610410623252,0.0011507977033034,0.00113322865217924,0.00111549918074161,0.00109452148899436,0.00107284565456212,0.0010546965058893,0.00103939056862146,0.00102523271925747,0.000914708594791591,1.25092165035312E-05,6.81052733852994E-06,6.78184323987807E-06,6.75836054142565E-06,7.78525864006951E-05,0.000641984166577458,0.000957399141043425,0.000989429536275566,0.000999657320789993,0.00100780627690256,0.00101502437610179,0.00102029973641038,0.00101592589635402,0.000938471639528871,0.000959187163971364,0.000995977548882365,0.000881395419128239,0.000475113891297951,0.000964474398642778,0.00106459064409137,0.00108227087184787,0.00107170920819044,0.00104395335074514,0.00102742935996503,0.00100455223582685,0.000910873583052307,0.000679878634400666,0.000443271099356934,0.000136215167003684,5.69645999348722E-05,2.91238538920879E-05,-9999,-9999,-9999,-9999,-9999,-9999,-9999,-9999,-9999,-9999,-9999,-9999,-9999,-9999,-9999,-9999,-9999,-9999,-9999,-9999
-9999,-9999,-9999,-9999,-9999,-9999,-9999,-9999,-9999,-9999,-9999,-9999,-9999,-9999,-9999,-9999,-9999,-9999,-9999,-9999,-9999,-9999,7.13388435542583E-05,8.92899406608194E-05,0.000140732547151856,0.00064638553885743,0.000836412073113024,0.000923409184906632,0.0008779187919572,0.000696999486535788,0.000693416222929955,0.000777432462200522,0.000817354186438024,0.000856264610774815,0.000973845249973238,0.000969023269135505,0.00100113614462316,0.00103108992334455,0.00109097687527537,0.0010194091591984,0.000902110943570733,0.000563062319997698,0.000296560523565859,0.000170868064742535,0.000147200189530849,0.000164824989042245,0.000144403660669923,9.94281435851008E-05,1.00191564342822E-05,1.02190442703431E-05,1.0313703569409E-05,-9999,-9999,-9999,-9999,7.23622724763118E-05,7.33863344066776E-05,7.52588239265606E-05,7.65421937103383E-05,7.06778664607555E-05,8.00921261543408E-05,6.26967957941815E-05,5.39521861355752E-05,3.35332260874566E-05,9.41721300478093E-05,0.000313025229843333,0.000149228013469838,0.000842189125251025,0.00118777202442288,0.00117579253856093,0.00115846621338278,0.00114099681377411,0.00112302298657596,0.00110486289486289,0.00108221906702965,0.0010630963370204,0.0010501405922696,0.000983486650511622,6.96277584211202E-06,6.92133153279428E-06,6.89436137690791E-06,4.59871853308869E-06,4.58050999441184E-06,4.56513680546777E-06,6.78872811477049E-06,2.52527042903239E-05,0.000331292685586959,0.00087237247498706,0.00098513369448483,0.00100196583662182,0.00101142609491944,0.00101803417783231,0.00102522282395512,0.00103355653118342,0.00104244088288397,0.00105131359305233,0.00104696373455226,0.00105450965929776,0.00108078517951071,0.00110247498378158,0.00110902672167867,0.00109995168168098,0.00108607113361359,0.00107307219877839,0.00102664961013943,0.000984216458164155,0.000828152755275369,0.000641727179754525,0.000292567041469738,0.000107870844658464,1.27442017401336E-05,8.14533450466115E-06,-9999,-9999,-9999,-9999,-9999,-9999,-9999,-9999,-9999,-9999,-9999,-9999,-9999,-9999,-9999,-9999,-9999,-9999,-9999
-9999,-9999,-9999,-9999,-9999,-9999,-9999,-9999,-9999,-9999,-9999,-9999,-9999,-9999,-9999,-9999,-9999,-9999,-9999,-9999,-9999,6.55969633953646E-05,7.75723892729729E-05,0.000302550877677277,0.00082895444938913,0.0010816256981343,0.00108081987127662,0.00100186700001359,0.000872488366439939,0.00102921575307846,0.0010232460917905,0.0010541994124651,0.00104992638807744,0.00104581145569682,0.00110773113556206,0.00116047833580524,0.00118041562382132,0.00117310124915093,0.00121120479889214,0.00120270322076976,0.00117270345799625,0.000960110337473452,0.00037295842776075,0.000232899823458865,0.00028606117120944,0.000259393593296409,0.000232960112043656,0.000235032523050904,0.000232911232160404,0.00016714220691938,0.000107225270767231,7.21922187949531E-05,7.26193175069056E-05,7.38426169846207E-05,7.49519822420552E-05,6.86433486407623E-05,7.73128631408326E-05,6.86277489876375E-05,6.91720051690936E-05,7.88952020229772E-05,0.000325696280924603,0.000693364825565368,0.000336867553414777,9.38061020860914E-06,9.27710971154738E-06,8.9924069470726E-06,3.54976073140278E-05,0.000328890600940213,0.00118585338350385,0.00116869725752622,0.0011518788523972,0.00112697691656649,0.00110680190846324,0.000952496600802988,4.04130259994417E-05,7.23174161976203E-06,7.12854398443596E-06,7.06140190231963E-06,4.69110727863153E-06,4.6637978812214E-06,4.64459117210936E-06,3.09978167933878E-06,3.0899825560482E-06,3.0831974981993E-06,4.58890690424596E-06,6.82921017869376E-06,4.41273587057367E-05,0.000290322059299797,0.000797904911451042,0.000973713409621269,0.00100221228785813,0.00101172272115946,0.00101923965848982,0.00102804962079972,0.00104020850267261,0.00105170160531998,0.0010619955137372,0.00107288674917072,0.00108656124211848,0.00109865760896355,0.00110156869050115,0.00110144633799791,0.00109820917714387,0.00109395978506655,0.00107535673305392,0.00101812719367445,0.000956010655499995,0.000730904284864664,0.000432841130532324,0.000239807181060314,6.56412375974469E-05,7.99140707385959E-06,8.14103987067938E-06,1.54968947754242E-05,-9999,-9999,-9999,-9999,-9999,-9999,-9999,-9999,-9999,-9999,-9999,-9999,-9999,-9999,-9999,-9999,-9999
-9999,-9999,-9999,-9999,-9999,-9999,-9999,-9999,-9999,-9999,-9999,-9999,-9999,-9999,-9999,-9999,-9999,-9999,-9999,-9999,-9999,0.000130289379740134,0.000733612163458019,0.00107597641181201,0.00120778137352318,0.00114644749555737,0.00107591156847775,0.00103466911241412,0.00109999987762421,0.00118478015065193,0.00125054840464145,0.00124389352276921,0.00127938122022897,0.001308050355874,0.00128682178910822,0.00133515102788806,0.00132772536017001,0.00130709377117455,0.00131840980611742,0.00131620583124459,0.0012866270262748,0.00125450897030532,0.00118254241533577,0.00106217910069972,0.000936186173930764,0.000748067395761609,0.000473511056043208,0.000257843174040318,0.000283210101770237,0.000232684178627096,0.000171205116203055,0.000112104447907768,0.000100607350759674,8.08082259027287E-05,8.05344607215375E-05,0.000123287551105022,0.000109632062958553,0.000107944710180163,0.000166293510119431,0.000730827392544597,0.0012051984667778,0.0013156549539417,0.00128165574278682,0.000405661354307085,8.96654910320649E-06,8.77902402862674E-06,8.49759180709952E-06,0.00120030716061592,0.00118242623284459,0.00116481457371265,0.000829443742986768,7.70893711887766E-06,7.60686361900298E-06,7.55001610741601E-06,-9999,-9999,-9999,-9999,-9999,-9999,-9999,2.08190522243967E-06,2.07846096600406E-06,3.09777624352137E-06,4.61391664430266E-06,6.87000510879443E-06,1.5556961443508E-05,9.49059322010726E-05,0.000380863319151103,0.000816189218312502,0.000979976495727897,0.00100189726799726,0.00100985483732074,0.00102324306499213,0.00103517074603587,0.00104602822102606,0.00105682481080294,0.0010693286312744,0.00108021905180067,0.00108819361776114,0.00109111715573817,0.00109147257171571,0.00109454081393778,0.00110091001261026,0.00109263090416789,0.00106005161069334,0.000988874933682382,0.00085595971904695,0.000653910799883306,0.000393245427403599,0.000213471372262575,6.82418249198236E-05,4.57459209428634E-05,3.66153435606975E-05,4.87851830257569E-05,-9999,-9999,-9999,-9999,-9999,-9999,-9999,-9999,-9999,-9999,-9999,-9999,-9999,-9999,-9999,-9999
-9999,-9999,-9999,-9999,-9999,-9999,-9999,-9999,-9999,-9999,-9999,-9999,-9999,-9999,-9999,-9999,-9999,-9999,-9999,6.80261291563511E-05,0.000184724180144258,0.00102831982076168,0.00122831994667649,0.00122995465062559,0.00120306678581983,0.00125423411373049,0.00122535205446184,0.00121882138773799,0.00129843165632337,0.00130535732023418,0.00132467935327441,0.0013414085842669,0.00132620497606695,0.00130896491464227,0.00133854860905558,0.00135076395235956,0.00134371337480843,0.00132591056171805,0.00133003015071154,0.00133480248041451,0.00133224483579397,0.00131972983945161,0.00131355749908835,0.00128612108528614,0.00125777383800596,0.00119303318206221,0.00111532467417419,0.00103843468241394,0.000807885022368282,0.000535757164470851,0.000227929078391753,0.000227473385166377,0.000249752803938463,0.000273114710580558,0.000356170581653714,0.000527688127476722,0.000795810425188392,0.00086995295714587,0.00107724883127958,0.00127945374697447,0.00132156990002841,0.0013209143653512,0.00131401931867003,0.00131498277187347,3.2433817978017E-05,0.00124552054330707,0.00125593028496951,0.0012141038896516,0.000936662079766393,2.03289746423252E-05,7.95856340118917E-06,-9999,-9999,-9999,-9999,-9999,-9999,-9999,-9999,-9999,-9999,-9999,-9999,2.08225173992105E-06,3.10416999127483E-06,4.6291447688418E-06,6.89633679940016E-06,4.74992011731956E-05,0.000192950508790091,0.000542489986401051,0.000891773146577179,0.000988821149803698,0.00100446376018226,0.0010119944345206,0.0010219297837466,0.00103275198489428,0.00104389304760844,0.00105542317032814,0.00106508715543896,0.00107141362968832,0.00107489118818194,0.00107566930819303,0.00107530422974378,0.00107957061845809,0.00108114967588335,0.001064128940925,0.00103102508001029,0.00098008755594492,0.000879773055203259,0.00060635874979198,0.000328426802298054,0.00023236456036102,0.000144747347803786,5.57602834305726E-05,5.3715306421509E-05,-9999,-9999,-9999,-9999,-9999,-9999,-9999,-9999,-9999,-9999,-9999,-9999,-9999,-9999,-9999,-9999
-9999,-9999,-9999,-9999,-9999,-9999,-9999,-9999,-9999,-9999,-9999,-9999,-9999,-9999,-9999,-9999,-9999,-9999,0.000202435228857212,0.000510960468091071,0.00116149627137929,0.00131271267309785,0.00131428439635783,0.00134776555933058,0.00136099429801106,0.00134325213730335,0.00140809547156096,0.00142683472950011,0.00141018943395466,0.00139036832842976,0.00137060857377946,0.00134558347053826,0.0013218792155385,0.00135285197757185,0.00134744262322783,0.00136625790037215,0.0013603315455839,0.00136311363894492,0.00135065871290863,0.0013450967380777,0.00133954873308539,0.00133258919231594,0.00132813130039722,0.00132299307733774,0.00131406274158508,0.00129490741528571,0.00127224379684776,0.00123045465443283,0.00116422749124467,0.00101528724189848,0.000637777615338564,0.000353733135852963,0.000451330794021487,0.000821359513793141,0.000981669523753226,0.00106042192783207,0.0010636888910085,0.00116013910155743,0.00128067459445447,0.00130770867690444,0.00130709656514227,0.00129690894391388,0.00128840445540845,0.00128166808281094,0.00126702687703073,0.00125024258159101,0.00118090631440282,1.77658221218735E-05,-9999,-9999,-9999,-9999,-9999,-9999,-9999,-9999,-9999,-9999,-9999,-9999,-9999,-9999,-9999,-9999,-9999,4.64133518107701E-06,6.91961213306058E-06,2.07620887522353E-05,9.5645482360851E-05,0.000322190608130768,0.000708123319782317,0.000955965893808752,0.000994369271211326,0.00100386317353696,0.00100940663833171,0.00101595092564821,0.00102539558429271,0.00103589682839811,0.00104411540087312,0.00104927411302924,0.00105076690670103,0.00105129589792341,0.00105335644911975,0.00105536519549787,0.00105911982245743,0.00105086783878505,0.00101957097649574,0.000978523748926818,0.00092685897834599,0.000813403283245862,0.000529431796167046,0.000323729444062337,0.000127916529891081,6.14965974818915E-05,5.42202215001453E-05,-9999,-9999,-9999,-9999,-9999,-9999,-9999,-9999,-9999,-9999,-9999,-9999,-9999,-9999,-9999,-9999
-9999,-9999,-9999,-9999,-9999,-9999,-9999,-9999,-9999,-9999,-9999,-9999,1.0054332051368E-05,2.97784699796466E-05,-9999,6.91130117047578E-05,0.000146237158332951,0.000549528223928064,0.00101901672314852,0.00124030699953437,0.00139311933889985,0.0014345464296639,0.00145304342731833,0.00145402771886438,0.00144678598735482,0.00145151349715889,0.00145013479050249,0.00143861293327063,0.00143311999272555,0.00141730124596506,0.00139948027208447,0.00138772965874523,0.00138401798903942,0.00138310645706952,0.00137965311296284,0.00137910118792206,0.00137401046231389,0.00136803125496954,0.00135825423058122,0.00134680327028036,0.00133548397570848,0.0013245017034933,0.00131813797634095,0.00131482281722128,0.00131115922704339,0.00130512134637684,0.00129711406771094,0.00128508033230901,0.00126799964345992,0.0012342412956059,0.00114849244710058,0.000965282553806901,0.000844193331431597,0.000911838142201304,0.000973931921180338,0.00105250754859298,0.00113326334394515,0.00125948479399085,0.00129179621580988,0.00128071883227676,0.00127877946943045,0.00127549655735493,0.00127029570285231,0.00126327411271632,0.00125364144332707,0.00124977738596499,1.39187268359819E-05,-9999,-9999,-9999,-9999,-9999,-9999,-9999,-9999,-9999,-9999,-9999,-9999,-9999,-9999,-9999,-9999,-9999,-9999,-9999,4.6469704102492E-06,6.92461662765709E-06,3.39798352797516E-05,0.000152108477777801,0.000462620839243755,0.000842126493807882,0.000976275012362748,0.000994364381767809,0.00100132497027516,0.00100096198730171,0.0010062581859529,0.00101436488330364,0.00102019577752799,0.00102397275622934,0.00102446996606886,0.00102229556068778,0.00102325459010899,0.00102912297006696,0.00103257480077446,0.00102966732811183,0.00101371493656188,0.000983462668955326,0.000949584413319826,0.000872009142767638,0.000639471050817519,0.000342729792464525,0.000138068629894406,6.68904831400141E-05,5.28157688677311E-05,-9999,-9999,-9999,-9999,-9999,-9999,-9999,-9999,-9999,-9999,-9999,-9999,-9999,-9999,-9999,-9999
-9999,-9999,-9999,-9999,-9999,-9999,-9999,-9999,-9999,-9999,9.79558899416588E-06,9.80195090960478E-06,9.8439732028055E-06,0.000110143089841586,0.000268206087639555,0.000710023508872837,0.00107994780410081,0.00125505228061229,0.00137444422580302,0.00143844319973141,0.00146414781920612,0.00146981945727021,0.00146985298488289,0.00146742223296314,0.00146343291271478,0.00145560700912029,0.00144807493779808,0.00143806519918144,0.00142633449286222,0.00141284533310682,0.00139937282074243,0.00138634326867759,0.00137662433553487,0.00137139018625021,0.00136675790417939,0.00136457255575806,0.00136073364410549,0.00135343160945922,0.00134347868151963,0.0013320998987183,0.00132025731727481,0.00130808027461171,0.00129897613078356,0.00129444268532097,0.00129084731452167,0.0012859720736742,0.00128033070359379,0.00127378921024501,0.00126636971253902,0.00125926407054067,0.00125128927174956,0.00124072981998324,0.00123201485257596,0.00122773344628513,0.00123418064322323,0.00125963683240116,0.00127354683354497,0.00127932685427368,0.0012793323257938,0.00126886204816401,0.000322580366628245,8.60147702042013E-06,8.61597072798759E-06,2.32033635256812E-05,0.000567104842048138,6.43586972728372E-05,-9999,-9999,-9999,-9999,-9999,-9999,-9999,-9999,-9999,-9999,-9999,-9999,-9999,-9999,-9999,-9999,-9999,-9999,-9999,-9999,-9999,4.64498043584172E-06,6.91601098878891E-06,3.53696595993824E-05,0.000182124160346575,0.000545159098692238,0.000900304352398962,0.000982053228653967,0.000988646876066923,0.000990315922535956,0.000988118234090507,0.000991427456028759,0.000994403148069978,0.000997989904135466,0.000997541705146432,0.000995444133877754,0.000992876826785505,0.000999196199700236,0.00100467272568494,0.00100429076701403,0.000994867412373424,0.00097810267470777,0.000940431433264166,0.000865265377797186,0.000704273814335465,0.000446681602625176,0.000163887118105777,7.24879064364359E-05,5.12958395120222E-05,-9999,-9999,-9999,-9999,-9999,-9999,-9999,-9999,-9999,-9999,-9999,-9999,-9999,-9999,-9999,-9999
-9999,-9999,-9999,-9999,-9999,-9999,-9999,-9999,6.63661921862513E-05,6.62867678329349E-05,1.56976602738723E-05,2.63528527284507E-05,0.000192772131413221,0.000868999166414142,0.00118386326357722,0.00129718717653304,0.00138163845986128,0.00142854079604149,0.00144632929004729,0.00146101985592395,0.00146706635132432,0.00146704004146159,0.00146534806117415,0.0014595011016354,0.00145228649489582,0.00144260458182544,0.00143093313090503,0.00141783757135272,0.00140502746216953,0.00139139173552394,0.001377904554829,0.00136489130090922,0.00135446595959365,0.0013502788497135,0.00134545925538987,0.00134216831065714,0.00133617280516773,0.00132823619060218,0.00131801923271269,0.00130512390751392,0.00129139656201005,0.00127827969845384,0.0012694988399744,0.00126555771566927,0.00126153335440904,0.00125621072947979,0.00125038099940866,0.00124433741439134,0.00123805354814976,0.00123320030979812,0.00123063602950424,0.00123224838171154,0.00123718311078846,0.00124384998343885,0.00125218054745346,0.00125823146663606,0.00126194639597088,0.00126501207705587,0.00126465526409447,0.00125722272787243,0.0012222237419337,8.53321944305208E-06,-9999,-9999,-9999,-9999,-9999,-9999,-9999,-9999,-9999,-9999,-9999,-9999,-9999,-9999,-9999,-9999,-9999,-9999,-9999,-9999,-9999,-9999,-9999,-9999,-9999,-9999,4.63563037556014E-06,6.89922444507829E-06,1.22858655231539E-05,9.88796091405675E-05,0.000450398889370263,0.000870356510858983,0.000969765533227473,0.00097874621860683,0.00097558373818174,0.000971136440057307,0.000968938576988876,0.000971585453953594,0.000971880333963782,0.000971567700617015,0.00097023620037362,0.000970517052337527,0.000975931587163359,0.00097736599855125,0.000972781737800688,0.000961486948654056,0.000933437841013074,0.000878673396073282,0.000752302061300725,0.00049143866635859,0.000175102250068448,7.02579418430105E-05,4.97698129038326E-05,-9999,-9999,-9999,-9999,-9999,-9999,-9999,-9999,-9999,-9999,-9999,-9999,-9999,-9999,-9999,-9999
-9999,-9999,-9999,-9999,-9999,-9999,-9999,-9999,6.51555819786154E-05,7.42788542993367E-05,8.18468834040686E-05,0.000316964869853109,0.00116086972411722,0.00133003992959857,0.00136871228460222,0.00140400230884552,0.00143406330607831,0.00145038450136781,0.00145809981040657,0.00145990191958845,0.0014586680335924,0.00145597464870661,0.00145032675936818,0.0014424123801291,0.00143270066473633,0.00142108229920268,0.00140641105826944,0.00139016169123352,0.00137774273753166,0.00136696151457727,0.00135540927294642,0.00134349789004773,0.00133401178754866,0.00132756668608636,0.00132342847064137,0.00131894496735185,0.00131272710859776,0.0013035690644756,0.00129184813704342,0.00127736467402428,0.00126271042972803,0.00124893500469625,0.00123887369409204,0.00123318075202405,0.00122724508401006,0.00122113432735205,0.00121539237443358,0.00121087383013219,0.00120576121844351,0.00120177050121129,0.00119980901945382,0.00120358658023179,0.00121130782645196,0.00122113199904561,0.00123122718650848,0.00123841466847807,0.0012423403095454,0.00124242878518999,0.00124203984159976,0.00124159792903811,0.00118553987704217,8.50513515615603E-06,-9999,-9999,-9999,-9999,-9999,-9999,-9999,-9999,-9999,-9999,-9999,-9999,-9999,-9999,-9999,-9999,-9999,-9999,-9999,-9999,-9999,-9999,-9999,-9999,-9999,-9999,-9999,-9999,6.87610554450657E-06,6.8619592639152E-06,1.39091434903094E-05,0.000139068375574425,0.000681274454109371,0.000943412480410188,0.000960570760071278,0.000955191440880299,0.000948813103605062,0.000946338637731969,0.000946690095588565,0.000945659703575075,0.000945967447478324,0.000946439860854298,0.000948804663494229,0.00095104455249384,0.000947299296967685,0.000942189886700362,0.000922521052416414,0.000886428169906139,0.000800083973444998,0.000503770657815039,0.000185826764209196,6.0574893723242E-05,4.96183929499239E-05,-9999,-9999,-9999,-9999,-9999,-9999,-9999,-9999,-9999,-9999,-9999,-9999,-9999,-9999,-9999,-9999
-9999,-9999,-9999,-9999,-9999,-9999,6.74268012517132E-05,6.67214844725095E-05,6.66603591525927E-05,0.000189432088518515,0.000886707566678524,0.0012340935645625,0.00136155961081386,0.00139399315230548,0.00142020231578499,0.00143506890162826,0.00144507561344653,0.00144996866583824,0.00145110965240747,0.00144811463542283,0.00144183996599168,0.00143512943759561,0.00142836757004261,0.00141862267628312,0.00140593422111124,0.00139540224336088,0.00138070120010525,0.00136633310467005,0.00135377014521509,0.00134157715365291,0.00132813677191734,0.00131851620972157,0.00131156202405691,0.0013050262350589,0.00129962665960193,0.00129426701460034,0.00128757942002267,0.00127977097872645,0.00126829755026847,0.00125394342467189,0.00123793131206185,0.00122530234511942,0.00121367885731161,0.00120546412654221,0.00119825452566147,0.00119235785678029,0.00118675373960286,0.00118048756849021,0.00117757939733565,0.00117409566882998,0.00117301777936518,0.00117721117567271,0.00118451146408916,0.0011951649794355,0.00120340706780553,0.00121198361739516,0.00121887354180217,0.00121912604663521,0.00121202447917312,0.000583017710596323,8.44860824145144E-06,-9999,-9999,-9999,-9999,-9999,-9999,-9999,-9999,-9999,-9999,-9999,-9999,-9999,-9999,-9999,-9999,-9999,-9999,-9999,-9999,-9999,-9999,-9999,-9999,-9999,-9999,-9999,-9999,-9999,-9999,-9999,-9999,6.74304556014249E-06,1.88282137969509E-05,0.000314535107463598,0.000855048070661724,0.000936525408178568,0.000932562223169953,0.0009250448201783,0.0009205078240484,0.000920804392080754,0.000920623424462974,0.000922760518733412,0.00092393031809479,0.000924703606870025,0.000921768776606768,0.000915935030207038,0.000902956526260823,0.00088031985796988,0.000800857844296843,0.000566606933716685,0.000256415456533432,5.1217033615103E-05,-9999,-9999,-9999,-9999,-9999,-9999,-9999,-9999,-9999,-9999,-9999,-9999,-9999,-9999,-9999,-9999,-9999
-9999,-9999,-9999,-9999,-9999,-9999,6.70617446303368E-05,8.38803971419111E-05,0.000315038720145822,0.00106149970088154,0.00130148464813828,0.00137241347692907,0.00139742158353329,0.00140949618071318,0.00141894875559956,0.00142702180892229,0.00143501104321331,0.00143991259392351,0.00143968698102981,0.00143319880589843,0.00142250827047974,0.00141387607436627,0.00140700268093497,0.00139637163374573,0.00138306152075529,0.00137191731482744,0.00135753152426332,0.00134247774258256,0.00133010884746909,0.00131699442863464,0.00130085134878755,0.00129173102322966,0.00128195830620825,0.00127316638827324,0.00126181298401207,0.00125566776841879,0.00125294318422675,0.00124980777036399,0.00124118546955287,0.00123012228868902,0.00121145276352763,0.00120200915262103,0.00118987180758268,0.00118182599544525,0.00117638218216598,0.00117428763769567,0.00116863090079278,0.00116736395284534,0.0011624782346189,0.00116329488810152,0.00116107834037393,0.00116739922668785,0.00117646506987512,0.0009651830769144,0.00111949106212705,0.00096081558149308,2.64201789832441E-05,8.30538374430034E-06,8.34273396321805E-06,-9999,-9999,-9999,-9999,-9999,-9999,-9999,-9999,-9999,-9999,-9999,-9999,-9999,-9999,-9999,-9999,-9999,-9999,-9999,-9999,-9999,-9999,-9999,-9999,-9999,-9999,-9999,-9999,-9999,-9999,-9999,-9999,-9999,-9999,-9999,6.60579689792939E-06,6.52689141134033E-06,0.000129265245050192,0.000751397456042469,0.000910035683773458,0.000905052060261369,0.000897069869097322,0.000895217817742378,0.000897277554031461,0.000898655969649553,0.000900048296898603,0.000898667320143431,0.00089425389887765,0.0008889987366274,0.000879305298440158,0.000864799891132861,0.000813237682450563,0.000640671758446842,0.000269329757429659,6.83701946400106E-05,5.48230709682684E-05,4.28033126809169E-05,-9999,-9999,-9999,-9999,-9999,-9999,-9999,-9999,-9999,-9999,-9999,-9999,-9999,-9999,-9999
-9999,-9999,-9999,-9999,8.60122454469092E-05,9.51420879573561E-05,6.74618931952864E-05,0.000288864743197337,0.00112028617877513,0.00133136694785208,0.00138471554964781,0.00139333342667669,0.00139535951893777,0.00139905535615981,0.00140453153289855,0.00141210400033742,0.00142071477603167,0.00142613938078284,0.00142528570722789,0.00141715700738132,0.00140433677006513,0.00139360222965479,0.00139020057395101,0.00137367972638458,0.00136089639272541,0.00135076278820634,0.00133328803349286,0.00132807833142579,0.0013146095443517,0.00130196916870773,0.00128322734963149,0.00126904342323542,0.00125536893028766,0.00125386659055948,0.00123643432743847,0.00123652443289757,0.00123735901433975,0.0012288810685277,0.00123135885223746,0.000167621605214663,0.000838596897665411,0.000683985417708755,0.00116213248111308,0.000826251227408648,0.00106314290314913,0.00115242030005902,0.0011541994754225,0.000613509560935199,0.000195734945009463,0.000554096361156553,7.79043330112472E-05,6.75704795867205E-05,7.98984910943545E-06,8.02521026344039E-06,-9999,-9999,-9999,-9999,-9999,-9999,-9999,-9999,-9999,-9999,-9999,-9999,-9999,-9999,-9999,-9999,-9999,-9999,-9999,-9999,-9999,-9999,-9999,-9999,-9999,-9999,-9999,-9999,-9999,-9999,-9999,-9999,-9999,-9999,-9999,-9999,-9999,-9999,-9999,-9999,-9999,4.28540215580142E-06,6.26514201940154E-06,0.000202622235519812,0.000836932798847556,0.000882981286849827,0.000874745892360806,0.000871196563821286,0.0008749047992751,0.000875783676747233,0.000875290774274617,0.000872168922796845,0.000866750197019428,0.000861254520714283,0.000855159014463425,0.000844976224470884,0.000810725730843842,0.000617588870227337,0.000217159366002306,4.18156050727703E-05,4.14519345213193E-05,2.95554364129202E-05,4.29404717579018E-05,-9999,-9999,-9999,-9999,-9999,-9999,-9999,-9999,-9999,-9999,-9999,-9999,-9999,-9999
-9999,-9999,-9999,-9999,6.86432540533133E-05,0.000106007217254955,0.000160521522047929,0.00106475292704999,0.00134815520141274,0.00139274110551924,0.00139450491406024,0.00138922198675573,0.00138620275538415,0.00138403964228928,0.00138485431671143,0.00139045377727598,0.00139947060961276,0.0014106729067862,0.0014104840811342,0.00109884329140186,1.46416905408842E-05,9.50076264416566E-06,9.44754810916493E-06,9.37835011427524E-06,9.30019450606778E-06,9.21726405067602E-06,4.39682371506933E-05,9.0316516434541E-06,3.4023636544589E-05,8.82794938661391E-06,0.000113443929876667,0.000896802055649459,0.00118815619498491,0.00114862574264407,0.00122638489119709,0.00120194035116583,0.00122036330867559,0.00120811490342021,0.000348170637153089,8.33244030218339E-06,8.23765276436461E-06,8.16196643427247E-06,8.096418241621E-06,8.04293176770443E-06,7.9979799920693E-06,7.96652875578729E-06,7.94843799667433E-06,-9999,-9999,-9999,-9999,-9999,-9999,-9999,-9999,-9999,-9999,-9999,-9999,-9999,-9999,-9999,-9999,-9999,-9999,-9999,-9999,-9999,-9999,-9999,-9999,-9999,-9999,-9999,-9999,-9999,-9999,-9999,-9999,-9999,-9999,-9999,-9999,-9999,-9999,-9999,-9999,-9999,-9999,-9999,-9999,-9999,-9999,-9999,-9999,-9999,6.09074822932598E-06,4.0602022636449E-05,0.000726844649761915,0.000854745041579008,0.000853215460665524,0.000846597540657967,0.000849534349981695,0.000850092561449856,0.000848431838676333,0.000844972208142281,0.000838708190713078,0.000832928344607353,0.000827742915134877,0.000820651766844094,0.000797441112808883,0.000663543061818928,0.000334330718033016,0.000112533445644658,1.9861454347847E-05,6.73439499223605E-05,4.07931365771219E-05,-9999,-9999,-9999,-9999,-9999,-9999,-9999,-9999,-9999,-9999,-9999,-9999,-9999,-9999
-9999,-9999,-9999,-9999,-9999,6.73153845127672E-05,0.000772740051615983,0.00133597035892308,0.00139420281630009,0.00139768386725336,0.00138893374241889,0.00137896987143904,0.00137353036552668,0.00136516394559294,0.00136264751199633,0.00137192709371448,0.000826507923193276,9.48435172176687E-06,9.53380185819697E-06,9.55202631303109E-06,-9999,-9999,-9999,-9999,-9999,-9999,-9999,-9999,-9999,-9999,-9999,-9999,-9999,3.15907818730921E-05,9.19977828743868E-05,7.94850202510133E-05,0.000105726714537013,8.41854671307374E-06,-9999,-9999,-9999,-9999,-9999,-9999,-9999,-9999,-9999,-9999,-9999,-9999,-9999,-9999,-9999,-9999,-9999,-9999,-9999,-9999,-9999,-9999,-9999,-9999,-9999,-9999,-9999,-9999,-9999,-9999,-9999,-9999,-9999,-9999,-9999,-9999,-9999,-9999,-9999,-9999,-9999,-9999,-9999,-9999,-9999,-9999,-9999,-9999,-9999,-9999,-9999,-9999,-9999,-9999,-9999,-9999,-9999,-9999,3.9858045965957E-06,5.80915502723656E-06,0.000616841018199921,0.000827190524432808,0.000827808282338083,0.000821329304017127,0.000825889874249697,0.000822826754301786,0.000820282439235598,0.000816842133644968,0.000811833480838686,0.000806721509434283,0.000800692825578153,0.000795020197983831,0.000783913303166628,0.000708163832314312,0.000460484385257587,0.000134856003569439,7.41696130717173E-05,4.49732433480676E-05,-9999,-9999,-9999,-9999,-9999,-9999,-9999,-9999,-9999,-9999,-9999,-9999,-9999,-9999,-9999
-9999,-9999,-9999,-9999,-9999,0.00026681533199735,0.00125391758047044,0.00138836971018463,0.00140228227246553,0.00139423506334424,0.00138201494701207,0.00136862695217133,0.00135593686718494,0.00134864065330476,0.00134403177071363,0.000154507230035961,9.37785443966277E-06,6.31995271760388E-06,-9999,-9999,-9999,-9999,-9999,-9999,-9999,-9999,-9999,-9999,-9999,-9999,-9999,-9999,-9999,-9999,-9999,-9999,-9999,-9999,-9999,-9999,-9999,-9999,-9999,-9999,-9999,-9999,-9999,-9999,-9999,-9999,-9999,-9999,-9999,-9999,-9999,-9999,-9999,-9999,-9999,-9999,-9999,-9999,-9999,-9999,-9999,-9999,-9999,-9999,-9999,-9999,-9999,-9999,-9999,-9999,-9999,-9999,-9999,-9999,-9999,-9999,-9999,-9999,-9999,-9999,-9999,-9999,-9999,-9999,-9999,-9999,-9999,-9999,-9999,-9999,-9999,-9999,-9999,5.60236230739974E-06,0.000465499237179756,0.000801330606918782,0.000802080379799008,0.000797277549281716,0.00080019875895232,0.000795008207205683,0.000791249622125179,0.000788349541835487,0.000785526004619896,0.00078149267937988,0.000776579312514514,0.000771129736676812,0.000761686416808516,0.000729331572074443,0.000524815637618303,0.000263482477748767,5.0496822950663E-05,3.64787338185124E-05,-9999,-9999,-9999,-9999,-9999,-9999,-9999,-9999,-9999,-9999,-9999,-9999,-9999,-9999,-9999
-9999,-9999,7.05697821103968E-05,6.98437797836959E-05,6.84474362060428E-05,0.000735434994567186,0.0013637418160215,0.00140041124541312,0.00140036188531667,0.0013877076562494,0.00137355655897409,0.00135806249454618,0.00134504667948931,0.00132552662398666,8.01832065917552E-05,9.28709414438345E-06,6.25582288193982E-06,-9999,-9999,-9999,-9999,-9999,-9999,-9999,-9999,-9999,-9999,-9999,-9999,-9999,-9999,-9999,-9999,-9999,-9999,-9999,-9999,-9999,-9999,-9999,-9999,-9999,-9999,-9999,-9999,-9999,-9999,-9999,-9999,-9999,-9999,-9999,-9999,-9999,-9999,-9999,-9999,-9999,-9999,-9999,-9999,-9999,-9999,-9999,-9999,-9999,-9999,-9999,-9999,-9999,-9999,-9999,-9999,-9999,-9999,-9999,-9999,-9999,-9999,-9999,-9999,-9999,-9999,-9999,-9999,-9999,-9999,-9999,-9999,-9999,-9999,-9999,-9999,-9999,-9999,-9999,-9999,5.43623718840536E-06,0.000268978357780725,0.000776068889535964,0.00077945418888703,0.000772338535171002,0.000769702019169927,0.000767643621657044,0.000762097421102226,0.000761567789595574,0.00076031795470044,0.000757432077080011,0.000752900145016611,0.000747595215216279,0.000740907329600304,0.000719991163350642,0.000632149749435484,0.000399226875742897,0.000212925049709156,4.80646340292878E-05,-9999,-9999,-9999,-9999,-9999,-9999,-9999,-9999,-9999,-9999,-9999,-9999,-9999,-9999,-9999
-9999,-9999,-9999,-9999,8.47943665576167E-05,0.00115270225796849,0.00138504395727068,0.0014020741218701,0.00139439501799643,0.00137779372744262,0.00136283645406365,0.00134883599821478,0.00133841531351209,0.000115223396278452,9.21521314012352E-06,6.20170931142638E-06,-9999,-9999,-9999,-9999,-9999,-9999,-9999,-9999,-9999,-9999,-9999,-9999,-9999,-9999,-9999,-9999,-9999,-9999,-9999,-9999,-9999,-9999,-9999,-9999,-9999,-9999,-9999,-9999,-9999,-9999,-9999,-9999,-9999,-9999,-9999,-9999,-9999,-9999,-9999,-9999,-9999,-9999,-9999,-9999,-9999,-9999,-9999,-9999,-9999,-9999,-9999,-9999,-9999,-9999,-9999,-9999,-9999,-9999,-9999,-9999,-9999,-9999,-9999,-9999,-9999,-9999,-9999,-9999,-9999,-9999,-9999,-9999,-9999,-9999,-9999,-9999,-9999,-9999,-9999,-9999,-9999,5.29014641870162E-06,0.000139987707370892,0.000748937542084605,0.00075448484858498,0.000750119332224131,0.000744092627428472,0.000741929223295301,0.000735644542146474,0.000736038258764893,0.000737111084163189,0.00073435012018308,0.000729707011487335,0.000724882818758488,0.000717816059477627,0.000705825805198401,0.00067258405033499,0.000582025852054358,0.000360729667590931,0.000107009938801639,-9999,-9999,-9999,-9999,-9999,-9999,-9999,-9999,-9999,-9999,-9999,-9999,-9999,-9999,-9999
-9999,-9999,-9999,-9999,0.000179708862560801,0.0012525076745078,0.00138986017554998,0.00139860983472317,0.00138715794309974,0.00136743159964681,0.00135312066413462,0.00134118110872805,0.000899936363566667,9.16520093596773E-06,6.15689577898593E-06,-9999,-9999,-9999,-9999,-9999,-9999,-9999,-9999,-9999,-9999,-9999,-9999,-9999,-9999,-9999,-9999,-9999,-9999,-9999,-9999,-9999,-9999,-9999,-9999,-9999,-9999,-9999,-9999,-9999,-9999,-9999,-9999,-9999,-9999,-9999,-9999,-9999,-9999,-9999,-9999,-9999,-9999,-9999,-9999,-9999,-9999,-9999,-9999,-9999,-9999,-9999,-9999,-9999,-9999,-9999,-9999,-9999,-9999,-9999,-9999,-9999,-9999,-9999,-9999,-9999,-9999,-9999,-9999,-9999,-9999,-9999,-9999,-9999,-9999,-9999,-9999,-9999,-9999,-9999,-9999,-9999,-9999,5.15771671416587E-06,5.58460087631829E-05,0.00071827374631539,0.000728893792256713,0.000728333659935743,0.000720449723303318,0.000715724192559719,0.000712075852788985,0.000710056046955287,0.000711765023879707,0.000709242303855717,0.000706209917552769,0.000701766693964601,0.000695908325724304,0.000687787833157927,0.000672684633173048,0.00064057600684464,0.000535251514520496,0.000287334696622565,3.90578461519908E-05,-9999,-9999,-9999,-9999,-9999,-9999,-9999,-9999,-9999,-9999,-9999,-9999,-9999,-9999
-9999,-9999,-9999,-9999,0.000145529396831989,0.00123320147395134,0.00138727040030062,0.00139298103749752,0.00137948058545589,0.0013596520293504,0.00134618824813515,0.00133423286024481,9.11449296836508E-06,6.12207941230736E-06,4.11600694860681E-06,-9999,-9999,-9999,-9999,-9999,-9999,-9999,-9999,-9999,-9999,-9999,-9999,-9999,-9999,-9999,-9999,-9999,-9999,-9999,-9999,-9999,-9999,-9999,-9999,-9999,-9999,-9999,-9999,-9999,-9999,-9999,-9999,-9999,-9999,-9999,-9999,-9999,-9999,-9999,-9999,-9999,-9999,-9999,-9999,-9999,-9999,-9999,-9999,-9999,-9999,-9999,-9999,-9999,-9999,-9999,-9999,-9999,-9999,-9999,-9999,-9999,-9999,-9999,-9999,-9999,-9999,-9999,-9999,-9999,-9999,-9999,-9999,-9999,-9999,-9999,-9999,-9999,-9999,-9999,-9999,-9999,-9999,3.34780429511738E-06,4.93983225169359E-06,0.000679469376336783,0.000706342398189008,0.000706152990460396,0.000700242642778903,0.00069109391188249,0.00068907329114154,0.000687128980644047,0.000685637292917818,0.000684576691128314,0.000682578887790442,0.00067953037796542,0.00067432236392051,0.000666821259073913,0.000658360309898853,0.000642632949166,0.000593207776546478,0.000428612169343978,0.000133382360218093,3.02558437397238E-05,-9999,-9999,-9999,-9999,-9999,-9999,-9999,-9999,-9999,-9999,-9999,-9999,-9999
-9999,-9999,-9999,-9999,7.55846631363966E-05,0.00112153880763799,0.00137978966813534,0.00138788018375635,0.00137622689362615,0.00135674292687327,0.00134262209758162,0.00132705934811383,9.08252786757657E-06,6.09568814979866E-06,-9999,-9999,-9999,-9999,-9999,-9999,-9999,-9999,-9999,-9999,-9999,-9999,-9999,-9999,-9999,-9999,-9999,-9999,-9999,-9999,-9999,-9999,-9999,-9999,-9999,-9999,-9999,-9999,-9999,-9999,-9999,-9999,-9999,-9999,-9999,-9999,-9999,-9999,-9999,-9999,-9999,-9999,-9999,-9999,-9999,-9999,-9999,-9999,-9999,-9999,-9999,-9999,-9999,-9999,-9999,-9999,-9999,-9999,-9999,-9999,-9999,-9999,-9999,-9999,-9999,-9999,-9999,-9999,-9999,-9999,-9999,-9999,-9999,-9999,-9999,-9999,-9999,-9999,-9999,-9999,-9999,-9999,-9999,3.27620477946766E-06,4.7898661250656E-06,0.000640564016066492,0.000684448867104948,0.000683504098560661,0.000681197445373982,0.000671760644763708,0.000666006118990481,0.00066428363788873,0.000662943872157484,0.00066396698821336,0.000662223843391985,0.000659753743093461,0.000654256902635098,0.000647339620627463,0.000640710815787315,0.000629573594778776,0.000598055892623961,0.000526167685166001,0.000308126560412347,5.76755264773965E-05,4.11200962844305E-05,4.18535182689084E-06,-9999,-9999,-9999,-9999,-9999,-9999,-9999,-9999,-9999,-9999,-9999
-9999,-9999,-9999,-9999,6.74702096148394E-05,0.000607275404036045,0.00135220540687442,0.00138474872801453,0.00137893727514893,0.00136500073131174,0.00134813063777983,0.00133331830147654,2.01030416064896E-05,9.06073637452209E-06,-9999,-9999,-9999,-9999,-9999,-9999,-9999,-9999,-9999,-9999,-9999,-9999,-9999,-9999,-9999,-9999,-9999,-9999,-9999,-9999,-9999,-9999,-9999,-9999,-9999,-9999,-9999,-9999,-9999,-9999,-9999,-9999,-9999,-9999,-9999,-9999,-9999,-9999,-9999,-9999,-9999,-9999,-9999,-9999,-9999,-9999,-9999,-9999,-9999,-9999,-9999,-9999,-9999,-9999,-9999,-9999,-9999,-9999,-9999,-9999,-9999,-9999,-9999,-9999,-9999,-9999,-9999,-9999,-9999,-9999,-9999,-9999,-9999,-9999,-9999,-9999,-9999,-9999,-9999,-9999,-9999,-9999,-9999,-9999,4.64085906060063E-06,0.000610897841397673,0.000663314363919199,0.000661430298350751,0.000663119659293443,0.000654369767289609,0.000647195556666702,0.000646046828478575,0.000646166910883039,0.000645048508886248,0.000644255545921624,0.000640963495243341,0.000636427314020693,0.000630352064035833,0.000624400563538074,0.000616267090663314,0.000593516335356981,0.000540640961844474,0.000406427221605554,9.51975453062914E-05,3.2556399673922E-05,-9999,-9999,-9999,-9999,-9999,-9999,-9999,-9999,-9999,-9999,-9999,-9999
-9999,-9999,-9999,-9999,6.74772818456404E-05,0.000265487178694457,0.00125279882922769,0.00137951958458871,0.00137903622817248,0.00137228181120008,0.00135893537662923,0.00134280137717724,0.000907498353626579,9.042270903592E-06,-9999,-9999,-9999,-9999,-9999,-9999,-9999,-9999,-9999,-9999,-9999,-9999,-9999,-9999,-9999,-9999,-9999,-9999,-9999,-9999,-9999,-9999,-9999,-9999,-9999,-9999,-9999,-9999,-9999,-9999,-9999,-9999,-9999,-9999,-9999,-9999,-9999,-9999,-9999,-9999,-9999,-9999,-9999,-9999,-9999,-9999,-9999,-9999,-9999,-9999,-9999,-9999,-9999,-9999,-9999,-9999,-9999,-9999,-9999,-9999,-9999,-9999,-9999,-9999,-9999,-9999,-9999,-9999,-9999,-9999,-9999,-9999,-9999,-9999,-9999,-9999,-9999,-9999,-9999,-9999,-9999,-9999,-9999,-9999,4.53254551757709E-06,0.000547198695130646,0.000645657419227064,0.000643993844278157,0.000645440130028874,0.000641929334960878,0.000633225019555539,0.000626821594778448,0.000628078705631196,0.00062632787739858,0.000625038170255721,0.000622177438344806,0.000619236321654171,0.000614473770838231,0.00060953525826335,0.000601067440584302,0.000584159628488123,0.000541557208634913,0.000467204168671742,0.000177436144440435,3.19572682201397E-05,2.85055739368545E-05,2.86741378658917E-05,-9999,-9999,-9999,-9999,-9999,-9999,-9999,-9999,-9999,-9999
-9999,-9999,-9999,-9999,-9999,7.46424193494022E-05,0.00102344993501902,0.00136886991094798,0.00137806555721909,0.00137456029187888,0.00136534264311194,0.00134866568259895,0.00132729508914053,9.03526415640954E-06,-9999,-9999,-9999,-9999,-9999,-9999,-9999,-9999,-9999,-9999,-9999,-9999,-9999,-9999,-9999,-9999,-9999,-9999,-9999,-9999,-9999,-9999,-9999,-9999,-9999,-9999,-9999,-9999,-9999,-9999,-9999,-9999,-9999,-9999,-9999,-9999,-9999,-9999,-9999,-9999,-9999,-9999,-9999,-9999,-9999,-9999,-9999,-9999,-9999,-9999,-9999,-9999,-9999,-9999,-9999,-9999,-9999,-9999,-9999,-9999,-9999,-9999,-9999,-9999,-9999,-9999,-9999,-9999,-9999,-9999,-9999,-9999,-9999,-9999,-9999,-9999,-9999,-9999,-9999,-9999,-9999,-9999,-9999,-9999,4.45401974502602E-06,0.000432360102422535,0.000625604821834713,0.000629560207016766,0.000629258225671947,0.00062717153923586,0.000618531892541796,0.000609594397246838,0.00061099068261683,0.000609127280768007,0.000608243339229375,0.000605176202952862,0.00060286745429039,0.000599351187702268,0.00059491756837815,0.000588205584790558,0.000577108643483371,0.000556588522158563,0.000444485805928707,0.000269586220383644,0.000100055782240815,6.69166693114676E-05,3.94935268559493E-05,2.86202412098646E-05,-9999,-9999,-9999,-9999,-9999,-9999,-9999,-9999,-9999
-9999,-9999,-9999,-9999,-9999,1.52056527440436E-05,0.000722852942999452,0.00134132860694081,0.00137702468782663,0.00137603865005076,0.00136919599026442,0.00135281879920512,0.00133009545970708,9.04553326108726E-06,-9999,-9999,-9999,-9999,-9999,-9999,-9999,-9999,-9999,-9999,-9999,-9999,-9999,-9999,-9999,-9999,-9999,-9999,-9999,-9999,-9999,-9999,-9999,-9999,-9999,-9999,-9999,-9999,-9999,-9999,-9999,-9999,-9999,-9999,-9999,-9999,-9999,-9999,-9999,-9999,-9999,-9999,-9999,-9999,-9999,-9999,-9999,-9999,-9999,-9999,-9999,-9999,-9999,-9999,-9999,-9999,-9999,-9999,-9999,-9999,-9999,-9999,-9999,-9999,-9999,-9999,-9999,-9999,-9999,-9999,-9999,-9999,-9999,-9999,-9999,-9999,-9999,-9999,-9999,-9999,-9999,-9999,-9999,-9999,4.40379517385736E-06,0.000143078927067108,0.000602810294367373,0.00061579787870869,0.000614737451542169,0.000612187781371176,0.000604785629548132,0.000596666417550296,0.000595671182963997,0.000595777586568147,0.000593792123254389,0.000589493254665285,0.000586827867664397,0.000583821733016521,0.000579950807150453,0.000575766898691654,0.000567424576729536,0.000540925480891019,0.000457539601484314,0.00037763177533634,0.0002960451238323,0.000246713170781732,7.34537316020578E-05,2.8037966330885E-05,-9999,-9999,-9999,-9999,-9999,-9999,-9999,-9999,-9999
-9999,-9999,-9999,-9999,-9999,9.35085608944064E-06,0.000520330271683633,0.00133996829390526,0.00137589429505169,0.00137721735518426,0.00137180939782411,0.001354661420919,0.00131838512606919,9.06098193809157E-06,-9999,-9999,-9999,-9999,-9999,-9999,-9999,-9999,-9999,-9999,-9999,-9999,-9999,-9999,-9999,-9999,-9999,-9999,-9999,-9999,-9999,-9999,-9999,-9999,-9999,-9999,-9999,-9999,-9999,-9999,-9999,-9999,-9999,-9999,-9999,-9999,-9999,-9999,-9999,-9999,-9999,-9999,-9999,-9999,-9999,-9999,-9999,-9999,-9999,-9999,-9999,-9999,-9999,-9999,-9999,-9999,-9999,-9999,-9999,-9999,-9999,-9999,-9999,-9999,-9999,-9999,-9999,-9999,-9999,-9999,-9999,-9999,-9999,-9999,-9999,-9999,-9999,-9999,-9999,-9999,-9999,-9999,-9999,-9999,-9999,4.24520931119332E-06,0.000583646993618459,0.000599951657932252,0.000601989857386798,0.000598397222347558,0.000591494375839829,0.000583133602049202,0.000581649073865265,0.000582162174396217,0.00057957909302786,0.000575985526666045,0.000572424498386681,0.000569778960198164,0.000566015543881804,0.000562488450668752,0.000557243765797466,0.000538164633326232,0.000514551880769432,0.000482287199702114,0.000410980544984341,0.000258952961303294,9.72475536400452E-05,2.73524819931481E-05,-9999,-9999,-9999,-9999,-9999,-9999,-9999,-9999,-9999
-9999,-9999,-9999,-9999,-9999,-9999,0.000316170684527606,0.00134380219969898,0.00137477065436542,0.00137806788552552,0.00137170520611107,0.00135141343344003,0.0013355587143451,-9999,-9999,-9999,-9999,-9999,-9999,-9999,-9999,-9999,-9999,-9999,-9999,-9999,-9999,-9999,-9999,-9999,-9999,-9999,-9999,-9999,-9999,-9999,-9999,-9999,-9999,-9999,-9999,-9999,-9999,-9999,-9999,-9999,-9999,-9999,-9999,-9999,-9999,-9999,-9999,-9999,-9999,-9999,-9999,-9999,-9999,-9999,-9999,-9999,-9999,-9999,-9999,-9999,-9999,-9999,-9999,-9999,-9999,-9999,-9999,-9999,-9999,-9999,-9999,-9999,-9999,-9999,-9999,-9999,-9999,-9999,-9999,-9999,-9999,-9999,-9999,-9999,-9999,-9999,-9999,-9999,-9999,-9999,-9999,-9999,-9999,4.16370312450454E-06,0.000540160108357668,0.000586073030717671,0.000590701412875205,0.000587592658121139,0.00058110716054216,0.000573689350858331,0.000570322095882148,0.000569460273254663,0.000566062692087144,0.000562981993425637,0.000559431675355881,0.000555880251340568,0.000552400946617126,0.0005491379997693,0.000546738039702177,0.000541275308933109,0.00052975898142904,0.000493513885885477,0.00042799161747098,0.000318923033773899,0.000163984441314824,3.32418239850085E-05,-9999,-9999,-9999,-9999,-9999,-9999,-9999,-9999,-9999
-9999,-9999,-9999,-9999,-9999,-9999,0.000238075503148139,0.00134489685297012,0.00137689418625087,0.00137795624323189,0.00136734859552234,0.00134665600489825,0.00132319726981223,-9999,-9999,-9999,-9999,-9999,-9999,-9999,-9999,-9999,-9999,-9999,-9999,-9999,-9999,-9999,-9999,-9999,-9999,-9999,-9999,-9999,-9999,-9999,-9999,-9999,-9999,-9999,-9999,-9999,-9999,-9999,-9999,-9999,-9999,-9999,-9999,-9999,-9999,-9999,-9999,-9999,-9999,-9999,-9999,-9999,-9999,-9999,-9999,-9999,-9999,-9999,-9999,-9999,-9999,-9999,-9999,-9999,-9999,-9999,-9999,-9999,-9999,-9999,-9999,-9999,-9999,-9999,-9999,-9999,-9999,-9999,-9999,-9999,-9999,-9999,-9999,-9999,-9999,-9999,-9999,-9999,-9999,-9999,-9999,-9999,-9999,4.1000721466844E-06,0.000355368887539953,0.000575931102503091,0.000580307096242905,0.000576842110604048,0.000570456206332892,0.000564286252483726,0.000558307801838964,0.000558572821319103,0.000554998172447085,0.000551765435375273,0.000548083742614836,0.000544794602319598,0.000541146553587168,0.000537885178346187,0.000535596394911408,0.00053281820146367,0.000525172043126076,0.000506733660586178,0.000466032797703519,0.000358088203938678,0.000249943288508803,6.19277925579809E-05,3.20293074764777E-05,2.55318154813722E-05,-9999,-9999,-9999,-9999,-9999,-9999,-9999
-9999,-9999,-9999,-9999,-9999,-9999,0.000378556724172086,0.00136640085838735,0.00138099188916385,0.00137605448253453,0.001361069153063,0.00134107761550695,0.00121409783605486,-9999,-9999,-9999,-9999,-9999,-9999,-9999,-9999,-9999,-9999,-9999,-9999,-9999,-9999,-9999,-9999,-9999,-9999,-9999,-9999,-9999,-9999,-9999,-9999,-9999,-9999,-9999,-9999,-9999,-9999,-9999,-9999,-9999,-9999,-9999,-9999,-9999,-9999,-9999,-9999,-9999,-9999,-9999,-9999,-9999,-9999,-9999,-9999,-9999,-9999,-9999,-9999,-9999,-9999,-9999,-9999,-9999,-9999,-9999,-9999,-9999,-9999,-9999,-9999,-9999,-9999,-9999,-9999,-9999,-9999,-9999,-9999,-9999,-9999,-9999,-9999,-9999,-9999,-9999,-9999,-9999,-9999,-9999,-9999,-9999,-9999,4.04869570047595E-06,2.38611737586325E-05,0.000566995760891587,0.000569217721931636,0.000566297210752964,0.000559205946046859,0.000552766025066376,0.000547715637367219,0.000547027855645865,0.000545491231605411,0.000542292546015233,0.000537976098712534,0.000534152786713094,0.000531027908436954,0.000528463686350733,0.000525355397257954,0.000523528782650828,0.000517216802109033,0.000503189978189766,0.00047120830276981,0.000413902511354536,0.000292715383693576,0.000110562461486552,5.44434660696425E-05,3.92116635339335E-05,2.4910003048717E-05,-9999,-9999,-9999,-9999,-9999,-9999
-9999,-9999,-9999,-9999,-9999,-9999,-9999,-9999,-9999,-9999,-9999,-9999,-9999,-9999,-9999,-9999,-9999,-9999,-9999,-9999,-9999,-9999,-9999,-9999,-9999,-9999,-9999,-9999,-9999,-9999,-9999,-9999,-9999,-9999,-9999,-9999,-9999,-9999,-9999,-9999,-9999,-9999,-9999,-9999,-9999,-9999,-9999,-9999,-9999,-9999,-9999,-9999,-9999,-9999,-9999,-9999,-9999,-9999,-9999,-9999,-9999,-9999,-9999,-9999,-9999,-9999,-9999,-9999,-9999,-9999,-9999,-9999,-9999,-9999,-9999,-9999,-9999,-9999,-9999,-9999,-9999,-9999,-9999,-9999,-9999,-9999,-9999,-9999,-9999,-9999,-9999,-9999,-9999,-9999,-9999,-9999,-9999,-9999,-9999,-9999,3.90233481084579E-06,0.000543367583304644,0.000558024388737977,0.000555774255190045,0.000549624557606876,0.000543235859367996,0.000537922780495137,0.000537388026714325,0.000537275860551745,0.000532963196747005,0.000528842268977314,0.000525170820765197,0.00052130309632048,0.000519157911185175,0.000516494561452419,0.000514356361236423,0.000511417514644563,0.00050315837142989,0.000482758041471243,0.000435934431152418,0.000318047008477151,0.000168132813996635,0.0001081788141164,8.0484984209761E-05,4.26461338065565E-05,2.42114874708932E-05,-9999,-9999,-9999,-9999,-9999
-9999,-9999,-9999,-9999,-9999,-9999,-9999,-9999,-9999,-9999,-9999,-9999,-9999,-9999,-9999,-9999,-9999,-9999,-9999,-9999,-9999,-9999,-9999,-9999,-9999,-9999,-9999,-9999,-9999,-9999,-9999,-9999,-9999,-9999,-9999,-9999,-9999,-9999,-9999,-9999,-9999,-9999,-9999,-9999,-9999,-9999,-9999,-9999,-9999,-9999,-9999,-9999,-9999,-9999,-9999,-9999,-9999,-9999,-9999,-9999,-9999,-9999,-9999,-9999,-9999,-9999,-9999,-9999,-9999,-9999,-9999,-9999,-9999,-9999,-9999,-9999,-9999,-9999,-9999,-9999,-9999,-9999,-9999,-9999,-9999,-9999,-9999,-9999,-9999,-9999,-9999,-9999,-9999,-9999,-9999,-9999,-9999,-9999,-9999,-9999,3.83750102628255E-06,0.000410550477681682,0.000549527059774846,0.000545266491826624,0.000540014822036028,0.000533403537701815,0.000527563330251724,0.000528583594132215,0.000528446980752051,0.00052416167454794,0.000518994289450347,0.000515905267093331,0.000511808611918241,0.000510179961565882,0.000508347235154361,0.000507975812070072,0.000505634408909827,0.000500142865348607,0.000478850677609444,0.000428956234827638,0.000327267509419471,0.000207442688406445,0.000151849817484617,8.75363912200555E-05,5.78781728108879E-05,2.66949500655755E-05,2.35789484577253E-05,-9999,-9999,-9999,-9999
-9999,-9999,-9999,-9999,-9999,-9999,-9999,-9999,-9999,-9999,-9999,-9999,-9999,-9999,-9999,-9999,-9999,-9999,-9999,-9999,-9999,-9999,-9999,-9999,-9999,-9999,-9999,-9999,-9999,-9999,-9999,-9999,-9999,-9999,-9999,-9999,-9999,-9999,-9999,-9999,-9999,-9999,-9999,-9999,-9999,-9999,-9999,-9999,-9999,-9999,-9999,-9999,-9999,-9999,-9999,-9999,-9999,-9999,-9999,-9999,-9999,-9999,-9999,-9999,-9999,-9999,-9999,-9999,-9999,-9999,-9999,-9999,-9999,-9999,-9999,-9999,-9999,-9999,-9999,-9999,-9999,-9999,-9999,-9999,-9999,-9999,-9999,-9999,-9999,-9999,-9999,-9999,-9999,-9999,-9999,-9999,-9999,-9999,-9999,-9999,3.79254993276845E-06,9.70439759839792E-06,0.000542250461876392,0.000536007108166814,0.000531110388692468,0.000524104048963636,0.000519468681886792,0.000520556466653943,0.000520050874911249,0.000516259227879345,0.000510993297211826,0.000507663120515645,0.000503517221659422,0.000501426751725376,0.000500632682815194,0.000500413472764194,0.000496266700793058,0.000489278929308057,0.000472756277304143,0.000422358949435875,0.00034863967448473,0.000263165013166144,0.000189266836969182,0.000114539463538677,6.32582377875224E-05,3.28156638715882E-05,2.32398142543389E-05,-9999,-9999,-9999,-9999
-9999,-9999,-9999,-9999,-9999,-9999,-9999,-9999,-9999,-9999,-9999,-9999,-9999,-9999,-9999,-9999,-9999,-9999,-9999,-9999,-9999,-9999,-9999,-9999,-9999,-9999,-9999,-9999,-9999,-9999,-9999,-9999,-9999,-9999,-9999,-9999,-9999,-9999,-9999,-9999,-9999,-9999,-9999,-9999,-9999,-9999,-9999,-9999,-9999,-9999,-9999,-9999,-9999,-9999,-9999,-9999,-9999,-9999,-9999,-9999,-9999,-9999,-9999,-9999,-9999,-9999,-9999,-9999,-9999,-9999,-9999,-9999,-9999,-9999,-9999,-9999,-9999,-9999,-9999,-9999,-9999,-9999,-9999,-9999,-9999,-9999,-9999,-9999,-9999,-9999,-9999,-9999,-9999,-9999,-9999,-9999,-9999,-9999,-9999,-9999,-9999,3.69870258509764E-06,0.000497625034768134,0.000526383169926703,0.00052208878332749,0.000515730469487607,0.000512377941049635,0.000512198195792735,0.000511936144903302,0.000508772558532655,0.000503041490446776,0.000499450135976076,0.000495491200126708,0.000492695486173034,0.000491645070724189,0.000492021848913282,0.000491850078105927,0.000488031917484477,0.000469656311906874,0.000424022466177121,0.000355563650373369,0.000302680011373013,0.000214968997170217,0.000112966568849515,6.8920613557566E-05,3.20915387419518E-05,2.24438226723578E-05,-9999,-9999,1.90774699149188E-05,1.89953971130308E-05
-9999,-9999,-9999,-9999,-9999,-9999,-9999,-9999,-9999,-9999,-9999,-9999,-9999,-9999,-9999,-9999,-9999,-9999,-9999,-9999,-9999,-9999,-9999,-9999,-9999,-9999,-9999,-9999,-9999,-9999,-9999,-9999,-9999,-9999,-9999,-9999,-9999,-9999,-9999,-9999,-9999,-9999,-9999,-9999,-9999,-9999,-9999,-9999,-9999,-9999,-9999,-9999,-9999,-9999,-9999,-9999,-9999,-9999,-9999,-9999,-9999,-9999,-9999,-9999,-9999,-9999,-9999,-9999,-9999,-9999,-9999,-9999,-9999,-9999,-9999,-9999,-9999,-9999,-9999,-9999,-9999,-9999,-9999,-9999,-9999,-9999,-9999,-9999,-9999,-9999,-9999,-9999,-9999,-9999,-9999,-9999,-9999,-9999,-9999,-9999,-9999,-9999,2.60444012383232E-05,0.000527158263139427,0.000515338790137321,0.000510311569087207,0.000507144548464566,0.000506694195792079,0.000504868570715189,0.000500586116686463,0.0004952626186423,0.000491576851345599,0.000487938639707863,0.000485443946672603,0.000483709387481213,0.000483525102026761,0.000482818286400288,0.000478452770039439,0.000460009148810059,0.000437593902461231,0.000392782996641472,0.000312116462737322,0.000212356520933099,0.000132947287056595,6.08450209256262E-05,3.46350861946121E-05,2.1274303435348E-05,2.00824906642083E-05,1.94548611034406E-05,1.90200062206713E-05,2.08769179153023E-05
-9999,-9999,-9999,-9999,-9999,-9999,-9999,-9999,-9999,-9999,-9999,-9999,-9999,-9999,-9999,-9999,-9999,-9999,-9999,-9999,-9999,-9999,-9999,-9999,-9999,-9999,-9999,-9999,-9999,-9999,-9999,-9999,-9999,-9999,-9999,-9999,-9999,-9999,-9999,-9999,-9999,-9999,-9999,-9999,-9999,-9999,-9999,-9999,-9999,-9999,-9999,-9999,-9999,-9999,-9999,-9999,-9999,-9999,-9999,-9999,-9999,-9999,-9999,-9999,-9999,-9999,-9999,-9999,-9999,-9999,-9999,-9999,-9999,-9999,-9999,-9999,-9999,-9999,-9999,-9999,-9999,-9999,-9999,-9999,-9999,-9999,-9999,-9999,-9999,-9999,-9999,-9999,-9999,-9999,-9999,-9999,-9999,-9999,-9999,-9999,-9999,-9999,-9999,0.00036393737536855,0.000517297419719398,0.000506828248035163,0.000505328178405762,0.000502983049955219,0.00050056999316439,0.000495060696266592,0.000489293364807963,0.000484540709294379,0.000481012946693227,0.000478653440950438,0.000477613968541846,0.000475651933811605,0.00047290523070842,0.000468374666525051,0.000453513086540624,0.000436912523582578,0.000396721792640164,0.000321159168379381,0.000237761822063476,0.000109093860373832,5.30855941178743E-05,2.96830767183565E-05,2.2841008103569E-05,1.96933924598852E-05,2.13212842936628E-05,2.31026115216082E-05,0.000186873585334979
-9999,-9999,-9999,-9999,-9999,-9999,-9999,-9999,-9999,-9999,-9999,-9999,-9999,-9999,-9999,-9999,-9999,-9999,-9999,-9999,-9999,-9999,-9999,-9999,-9999,-9999,-9999,-9999,-9999,-9999,-9999,-9999,-9999,-9999,-9999,-9999,-9999,-9999,-9999,-9999,-9999,-9999,-9999,-9999,-9999,-9999,-9999,-9999,-9999,-9999,-9999,-9999,-9999,-9999,-9999,-9999,-9999,-9999,-9999,-9999,-9999,-9999,-9999,-9999,-9999,-9999,-9999,-9999,-9999,-9999,-9999,-9999,-9999,-9999,-9999,-9999,-9999,-9999,-9999,-9999,-9999,-9999,-9999,-9999,-9999,-9999,-9999,-9999,-9999,-9999,-9999,-9999,-9999,-9999,-9999,-9999,-9999,-9999,-9999,-9999,-9999,-9999,-9999,3.54046937900421E-06,0.000362932187272236,0.000518445333000273,0.000507458229549229,0.000502469658385962,0.000498634821269661,0.000492582563310862,0.000486537348479033,0.000481796159874648,0.000478183734230697,0.000474896020023152,0.000471570441732183,0.000468604499474168,0.000462791620520875,0.00045448707533069,0.000448057398898527,0.00041461325599812,0.00036395009374246,0.000263296707998961,0.000140787858981639,4.25033686042298E-05,2.61602490354562E-05,2.51777892117389E-05,2.72501711151563E-05,2.64905411313521E-05,4.40066069131717E-05,0.000376620591850951,0.000380133831640705
-9999,-9999,-9999,-9999,-9999,-9999,-9999,-9999,-9999,-9999,-9999,-9999,-9999,-9999,-9999,-9999,-9999,-9999,-9999,-9999,-9999,-9999,-9999,-9999,-9999,-9999,-9999,-9999,-9999,-9999,-9999,-9999,-9999,-9999,-9999,-9999,-9999,-9999,-9999,-9999,-9999,-9999,-9999,-9999,-9999,-9999,-9999,-9999,-9999,-9999,-9999,-9999,-9999,-9999,-9999,-9999,-9999,-9999,-9999,-9999,-9999,-9999,-9999,-9999,-9999,-9999,-9999,-9999,-9999,-9999,-9999,-9999,-9999,-9999,-9999,-9999,-9999,-9999,-9999,-9999,-9999,-9999,-9999,-9999,-9999,-9999,-9999,-9999,-9999,-9999,-9999,-9999,-9999,-9999,-9999,-9999,-9999,-9999,-9999,-9999,-9999,-9999,-9999,-9999,3.51144467458653E-06,3.50124287251674E-06,0.000478545931400731,0.000507233024109155,0.000496447028126568,0.000490928592626005,0.000485208729514852,0.00048061745474115,0.000448773382231593,0.000372156297089532,0.000463594449684024,0.000447509431978688,0.000376567506464198,0.000312938238494098,0.000287609524093568,0.00024510984076187,0.000127108563901857,4.66659694211558E-05,2.3510770915891E-05,2.04103125724941E-05,3.4192420571344E-05,5.60461121494882E-05,0.000201131013454869,0.000378836994059384,0.000382409489247948,0.00038224970921874,0.000376544368918985
-9999,-9999,-9999,-9999,-9999,-9999,-9999,-9999,-9999,-9999,-9999,-9999,-9999,-9999,-9999,-9999,-9999,-9999,-9999,-9999,-9999,-9999,-9999,-9999,-9999,-9999,-9999,-9999,-9999,-9999,-9999,-9999,-9999,-9999,-9999,-9999,-9999,-9999,-9999,-9999,-9999,-9999,-9999,-9999,-9999,-9999,-9999,-9999,-9999,-9999,-9999,-9999,-9999,-9999,-9999,-9999,-9999,-9999,-9999,-9999,-9999,-9999,-9999,-9999,-9999,-9999,-9999,-9999,-9999,-9999,-9999,-9999,-9999,-9999,-9999,-9999,-9999,-9999,-9999,-9999,-9999,-9999,-9999,-9999,-9999,-9999,-9999,-9999,-9999,-9999,-9999,-9999,-9999,-9999,-9999,-9999,-9999,-9999,-9999,-9999,-9999,-9999,-9999,-9999,-9999,-9999,3.45796001965937E-06,1.72884720086586E-05,0.00050308951176703,0.000495579850394279,0.000486480363178998,0.000480582210002467,0.000454891851404682,0.000454257155070081,0.000430874555604532,0.000335133343469352,0.000242703797994182,0.000148595456266776,5.7817087508738E-05,8.49540956551209E-05,5.02158400195185E-05,6.58799399388954E-05,0.00021059563732706,0.000394328992115334,0.000394536647945642,0.000392846413888037,0.000389024527976289,0.000383029982913285,0.000378122495021671,0.00036175490822643,0.000187422032468021
-9999,-9999,-9999,-9999,-9999,-9999,-9999,-9999,-9999,-9999,-9999,-9999,-9999,-9999,-9999,-9999,-9999,-9999,-9999,-9999,-9999,-9999,-9999,-9999,-9999,-9999,-9999,-9999,-9999,-9999,-9999,-9999,-9999,-9999,-9999,-9999,-9999,-9999,-9999,-9999,-9999,-9999,-9999,-9999,-9999,-9999,-9999,-9999,-9999,-9999,-9999,-9999,-9999,-9999,-9999,-9999,-9999,-9999,-9999,-9999,-9999,-9999,-9999,-9999,-9999,-9999,-9999,-9999,-9999,-9999,-9999,-9999,-9999,-9999,-9999,-9999,-9999,-9999,-9999,-9999,-9999,-9999,-9999,-9999,-9999,-9999,-9999,-9999,-9999,-9999,-9999,-9999,-9999,-9999,-9999,-9999,-9999,-9999,-9999,-9999,-9999,-9999,-9999,-9999,-9999,-9999,-9999,-9999,3.37940628014621E-06,1.36458638735348E-05,0.000478413363453001,0.00048961560241878,0.00048439425881952,0.000479373207781464,0.000473164109280333,0.000466433470137417,0.00045860861428082,0.000451222236733884,0.000442542514065281,0.000433410197729245,0.000423763849539682,0.000416160066379234,0.000409316126024351,0.000402135046897456,0.000394796894397587,0.000388780026696622,0.000380501674953848,0.000354346411768347,0.000210440368391573,1.45566400533426E-05,-9999
-9999,-9999,-9999,-9999,-9999,-9999,-9999,-9999,-9999,-9999,-9999,-9999,-9999,-9999,-9999,-9999,-9999,-9999,-9999,-9999,-9999,-9999,-9999,-9999,-9999,-9999,-9999,-9999,-9999,-9999,-9999,-9999,-9999,-9999,-9999,-9999,-9999,-9999,-9999,-9999,-9999,-9999,-9999,-9999,-9999,-9999,-9999,-9999,-9999,-9999,-9999,-9999,-9999,-9999,-9999,-9999,-9999,-9999,-9999,-9999,-9999,-9999,-9999,-9999,-9999,-9999,-9999,-9999,-9999,-9999,-9999,-9999,-9999,-9999,-9999,-9999,-9999,-9999,-9999,-9999,-9999,-9999,-9999,-9999,-9999,-9999,-9999,-9999,-9999,-9999,-9999,-9999,-9999,-9999,-9999,-9999,-9999,-9999,-9999,-9999,-9999,-9999,-9999,-9999,-9999,-9999,-9999,-9999,-9999,-9999,3.32015770254657E-06,3.30746161125717E-06,3.28694477502722E-06,3.25764472108858E-06,1.33650182760903E-05,1.86489833140513E-05,3.12766042043222E-06,3.06065771837893E-06,2.98891768579779E-06,5.55759788767318E-06,1.73226944752969E-05,7.43618802516721E-05,0.000151870626723394,0.000165631878189743,3.76960124413017E-05,2.6815134788194E-06,2.65794005827047E-06,2.64434243035794E-06,-9999,-9999,-9999
-9999,-9999,-9999,-9999,-9999,-9999,-9999,-9999,-9999,-9999,-9999,-9999,-9999,-9999,-9999,-9999,-9999,-9999,-9999,-9999,-9999,-9999,-9999,-9999,-9999,-9999,-9999,-9999,-9999,-9999,-9999,-9999,-9999,-9999,-9999,-9999,-9999,-9999,-9999,-9999,-9999,-9999,-9999,-9999,-9999,-9999,-9999,-9999,-9999,-9999,-9999,-9999,-9999,-9999,-9999,-9999,-9999,-9999,-9999,-9999,-9999,-9999,-9999,-9999,-9999,-9999,-9999,-9999,-9999,-9999,-9999,-9999,-9999,-9999,-9999,-9999,-9999,-9999,-9999,-9999,-9999,-9999,-9999,-9999,-9999,-9999,-9999,-9999,-9999,-9999,-9999,-9999,-9999,-9999,-9999,-9999,-9999,-9999,-9999,-9999,-9999,-9999,-9999,-9999,-9999,-9999,-9999,-9999,-9999,-9999,-9999,-9999,-9999,-9999,-9999,-9999,-9999,-9999,-9999,-9999,-9999,-9999,-9999,-9999,-9999,-9999,-9999,-9999,-9999,-9999,-9999
-9999,-9999,-9999,-9999,-9999,-9999,-9999,-9999,-9999,-9999,-9999,-9999,-9999,-9999,-9999,-9999,-9999,-9999,-9999,-9999,-9999,-9999,-9999,-9999,-9999,-9999,-9999,-9999,-9999,-9999,-9999,-9999,-9999,-9999,-9999,-9999,-9999,-9999,-9999,-9999,-9999,-9999,-9999,-9999,-9999,-9999,-9999,-9999,-9999,-9999,-9999,-9999,-9999,-9999,-9999,-9999,-9999,-9999,-9999,-9999,-9999,-9999,-9999,-9999,-9999,-9999,-9999,-9999,-9999,-9999,-9999,-9999,-9999,-9999,-9999,-9999,-9999,-9999,-9999,-9999,-9999,-9999,-9999,-9999,-9999,-9999,-9999,-9999,-9999,-9999,-9999,-9999,-9999,-9999,-9999,-9999,-9999,-9999,-9999,-9999,-9999,-9999,-9999,-9999,-9999,-9999,-9999,-9999,-9999,-9999,-9999,-9999,-9999,-9999,-9999,-9999,-9999,-9999,-9999,-9999,-9999,-9999,-9999,-9999,-9999,-9999,-9999,-9999,-9999,-9999,-9999

Step,121
Year,10.08333
-9999,-9999,-9999,-9999,-9999,-9999,-9999,-9999,-9999,-9999,-9999,-9999,-9999,-9999,-9999,-9999,-9999,-9999,-9999,-9999,-9999,-9999,-9999,-9999,-9999,-9999,-9999,-9999,-9999,-9999,-9999,-9999,-9999,-9999,-9999,-9999,-9999,-9999,-9999,-9999,-9999,-9999,-9999,-9999,-9999,-9999,-9999,-9999,-9999,-9999,-9999,-9999,-9999,-9999,-9999,-9999,-9999,-9999,-9999,-9999,-9999,-9999,-9999,-9999,-9999,-9999,-9999,-9999,-9999,-9999,-9999,-9999,-9999,-9999,-9999,-9999,-9999,-9999,-9999,-9999,-9999,-9999,-9999,-9999,-9999,-9999,-9999,-9999,-9999,-9999,-9999,-9999,-9999,-9999,-9999,-9999,-9999,-9999,-9999,-9999,-9999,-9999,-9999,-9999,-9999,-9999,-9999,-9999,-9999,-9999,-9999,-9999,-9999,-9999,-9999,-9999,-9999,-9999,-9999,-9999,-9999,-9999,-9999,-9999,-9999,-9999,-9999,-9999,-9999,-9999,-9999
-9999,-9999,-9999,-9999,-9999,-9999,-9999,-9999,-9999,-9999,-9999,-9999,-9999,-9999,-9999,-9999,-9999,-9999,-9999,-9999,-9999,-9999,-9999,-9999,-9999,-9999,-9999,-9999,-9999,-9999,-9999,-9999,-9999,-9999,-9999,-9999,-9999,-9999,-9999,-9999,-9999,-9999,-9999,-9999,-9999,-9999,-9999,-9999,-9999,-9999,-9999,-9999,-9999,-9999,-9999,-9999,-9999,-9999,-9999,-9999,-9999,-9999,-9999,-9999,-9999,-9999,-9999,-9999,-9999,-9999,-9999,-9999,-9999,-9999,-9999,-9999,-9999,-9999,-9999,-9999,-9999,-9999,-9999,-9999,-9999,-9999,-9999,-9999,-9999,-9999,-9999,-9999,-9999,-9999,-9999,-9999,-9999,-9999,-9999,-9999,-9999,-9999,-9999,-9999,-9999,-9999,-9999,-9999,-9999,-9999,-9999,-9999,-9999,-9999,-9999,-9999,-9999,-9999,-9999,-9999,-9999,-9999,-9999,-9999,-9999,-9999,-9999,-9999,-9999,-9999,-9999
-9999,-9999,-9999,-9999,-9999,-9999,-9999,-9999,-9999,-9999,-9999,-9999,-9999,-9999,-9999,-9999,-9999,-9999,-9999,-9999,-9999,-9999,-9999,-9999,-9999,-9999,-9999,-9999,-9999,-9999,-9999,-9999,-9999,-9999,-9999,-9999,-9999,-9999,-9999,-9999,-9999,-9999,-9999,-9999,-9999,-9999,-9999,-9999,-9999,-9999,-9999,-9999,-9999,-9999,-9999,-9999,-9999,-9999,-9999,-9999,-9999,-9999,-9999,-9999,-9999,-9999,-9999,-9999,-9999,-9999,-9999,-9999,-9999,-9999,3.70188467968546E-06,5.50635922991205E-06,-9999,-9999,-9999,-9999,-9999,-9999,-9999,-9999,-9999,-9999,-9999,-9999,-9999,-9999,-9999,-9999,-9999,-9999,-9999,-9999,-9999,-9999,-9999,-9999,-9999,-9999,-9999,-9999,-9999,-9999,-9999,-9999,-9999,-9999,-9999,-9999,-9999,-9999,-9999,-9999,-9999,-9999,-9999,-9999,-9999,-9999,-9999,-9999,-9999,-9999,-9999,-9999,-9999,-9999,-9999
-9999,-9999,-9999,-9999,-9999,-9999,-9999,-9999,-9999,-9999,-9999,-9999,-9999,-9999,-9999,-9999,-9999,-9999,-9999,-9999,-9999,-9999,-9999,-9999,-9999,-9999,-9999,-9999,-9999,-9999,-9999,-9999,-9999,-9999,-9999,-9999,-9999,-9999,-9999,-9999,-9999,-9999,-9999,-9999,-9999,-9999,-9999,-9999,-9999,-9999,-9999,-9999,-9999,-9999,-9999,-9999,-9999,-9999,-9999,-9999,-9999,-9999,-9999,-9999,-9999,-9999,-9999,-9999,-9999,-9999,-9999,-9999,-9999,-9999,5.36155948793748E-06,7.94052903074771E-06,-9999,-9999,-9999,-9999,-9999,-9999,-9999,-9999,-9999,-9999,-9999,-9999,-9999,-9999,-9999,-9999,-9999,-9999,-9999,-9999,-9999,-9999,-9999,-9999,-9999,-9999,-9999,-9999,-9999,-9999,-9999,-9999,-9999,-9999,-9999,-9999,-9999,-9999,-9999,-9999,-9999,-9999,-9999,-9999,-9999,-9999,-9999,-9999,-9999,-9999,-9999,-9999,-9999,-9999,-9999
-9999,-9999,-9999,-9999,-9999,-9999,-9999,-9999,-9999,-9999,-9999,-9999,-9999,-9999,-9999,-9999,-9999,-9999,-9999,-9999,-9999,-9999,-9999,-9999,-9999,-9999,-9999,-9999,-9999,-9999,-9999,-9999,-9999,-9999,-9999,-9999,-9999,-9999,-9999,-9999,-9999,-9999,-9999,-9999,-9999,-9999,-9999,-9999,-9999,-9999,-9999,-9999,-9999,-9999,-9999,-9999,2.97161761864118E-07,4.34446889130413E-07,6.27110921413987E-07,9.03670638763288E-07,-9999,-9999,-9999,-9999,-9999,6.60365185467526E-06,6.39288782622316E-06,9.10232756723417E-06,8.86965426616371E-06,5.7328161346959E-06,8.22090169094736E-06,4.11923429055605E-05,5.52858909941278E-05,5.47508971067145E-05,7.70705446484499E-06,3.9608872612007E-05,5.12997685291339E-05,-9999,-9999,4.80966118630022E-05,7.44544158806093E-05,6.51032096357085E-05,6.60270161461085E-05,0.000169653969351202,0.000225675088586286,0.000206038152100518,0.000206358643481508,0.000125953985843807,5.92174437770154E-05,-9999,-9999,-9999,-9999,-9999,-9999,-9999,-9999,-9999,-9999,-9999,-9999,-9999,-9999,-9999,-9999,-9999,-9999,-9999,-9999,-9999,-9999,-9999,-9999,-9999,-9999,-9999,-9999,-9999,-9999,-9999,-9999,-9999,-9999,-9999,-9999,-9999,-9999,-9999,-9999,-9999,-9999
-9999,-9999,-9999,-9999,-9999,-9999,-9999,-9999,-9999,-9999,-9999,-9999,-9999,-9999,-9999,-9999,-9999,-9999,-9999,-9999,-9999,-9999,-9999,-9999,-9999,-9999,-9999,-9999,-9999,-9999,-9999,-9999,-9999,-9999,-9999,-9999,-9999,-9999,-9999,-9999,-9999,-9999,-9999,-9999,-9999,-9999,-9999,-9999,-9999,-9999,-9999,-9999,-9999,-9999,-9999,3.04927567640334E-07,4.48709698730454E-07,6.54454993309628E-07,9.3699389935864E-07,1.31507204059744E-06,1.83293764166592E-06,2.61884702013049E-06,-9999,1.08107215055497E-05,2.92369149974547E-05,9.87130988505669E-06,9.34006766328821E-06,7.00144519214518E-05,7.08462466718629E-05,8.31802208267618E-06,8.06675689091207E-06,9.33925693971105E-05,0.000118359610496555,0.000105046048702206,9.25039203139022E-05,9.10990565898828E-05,7.04059202689677E-05,7.80598929850385E-05,0.000129981126519851,0.000230047808145173,0.000547135015949607,0.00083612953312695,0.000926049950066954,0.000923873391002417,0.00092976848827675,0.000936440832447261,0.000943656137678772,0.000954865361563861,0.000918781326618046,0.00048406035057269,0.000205196236493066,-9999,-9999,-9999,-9999,-9999,-9999,-9999,-9999,-9999,-9999,-9999,-9999,-9999,-9999,-9999,-9999,-9999,-9999,-9999,-9999,-9999,-9999,-9999,-9999,-9999,-9999,-9999,-9999,-9999,-9999,-9999,-9999,-9999,-9999,-9999,-9999,-9999,-9999,-9999,-9999
-9999,-9999,-9999,-9999,-9999,-9999,-9999,-9999,-9999,-9999,-9999,-9999,-9999,-9999,-9999,-9999,-9999,-9999,-9999,-9999,-9999,-9999,-9999,-9999,-9999,-9999,-9999,-9999,-9999,-9999,-9999,-9999,-9999,-9999,-9999,-9999,-9999,-9999,-9999,-9999,-9999,-9999,-9999,-9999,-9999,-9999,-9999,-9999,-9999,-9999,-9999,-9999,-9999,-9999,-9999,4.56990136399327E-07,6.76301795010659E-07,9.94512902252609E-07,1.42443741424358E-06,1.98237967197201E-06,2.70661803369876E-06,3.7001325381425E-06,5.13230588694569E-06,7.23341645425535E-06,1.02173389677773E-05,5.98622536926996E-05,0.000104463535535615,0.000265005946857855,0.000429745967267081,0.000619881495367736,0.000707474595401436,0.000631077273283154,0.000777225708588958,0.000867085705976933,0.000695696682669222,0.000684151600580662,0.000642341561615467,0.00068675319198519,0.000924771826248616,0.000943084480240941,0.000954679620917886,0.000959917553700507,0.000964191276580095,0.000964871200267226,0.000965331913903356,0.000967130938079208,0.000970598892308772,0.000973485759459436,0.000973712769336998,0.000968384323641658,0.000950804096646607,0.000788665725849569,0.000187505196663551,-9999,-9999,-9999,-9999,-9999,-9999,-9999,-9999,-9999,5.87293834541924E-05,5.87322974752169E-05,5.88085094932467E-05,-9999,-9999,-9999,-9999,-9999,-9999,-9999,-9999,-9999,-9999,-9999,-9999,-9999,-9999,-9999,-9999,-9999,-9999,-9999,-9999,-9999,-9999,-9999,-9999,-9999,-9999
-9999,-9999,-9999,-9999,-9999,-9999,-9999,-9999,-9999,-9999,-9999,-9999,-9999,-9999,-9999,-9999,-9999,-9999,-9999,-9999,-9999,-9999,-9999,-9999,-9999,-9999,-9999,-9999,-9999,-9999,-9999,2.76071677944856E-05,-9999,-9999,-9999,8.56685583130457E-05,-9999,-9999,-9999,-9999,-9999,-9999,-9999,-9999,-9999,-9999,-9999,-9999,-9999,-9999,-9999,-9999,-9999,-9999,-9999,-9999,-9999,6.75928504279E-07,9.78178945842956E-07,1.39816245336988E-06,-9999,3.51753419636225E-06,5.02557168147177E-06,7.13694225851214E-06,1.00833913165843E-05,6.0340367781464E-05,0.000108406769868452,0.000148555525811389,9.23311308724806E-05,0.000508909579366446,0.00104667956475168,0.00109662360046059,0.00108542782254517,0.00107099383603781,0.00103626667987555,0.00100786215625703,0.0010090006981045,0.00100714550353587,0.000992103246971965,0.000980723998509347,0.000972751819062978,0.000968998821917921,0.000959576398599893,0.000953636015765369,0.000956741161644459,0.000960852834396064,0.000966052990406752,0.000972114445175976,0.000976036593783647,0.000976492825429887,0.000977415358647704,0.000958603224717081,0.000869356968905777,0.000227129581617191,-9999,-9999,-9999,-9999,-9999,-9999,-9999,-9999,8.00025882199407E-05,0.000123992693261243,8.07460746727884E-05,5.7914512581192E-05,5.82843968004454E-05,-9999,-9999,-9999,-9999,-9999,-9999,-9999,-9999,-9999,-9999,-9999,-9999,-9999,-9999,-9999,-9999,-9999,-9999,-9999,-9999,-9999,-9999,-9999,-9999
-9999,-9999,-9999,-9999,-9999,-9999,-9999,-9999,-9999,-9999,-9999,-9999,-9999,-9999,-9999,-9999,-9999,-9999,-9999,-9999,-9999,-9999,-9999,-9999,-9999,-9999,-9999,-9999,-9999,-9999,2.00195827346761E-05,3.7998612242518E-05,-9999,-9999,4.0802733565215E-05,6.90798042342067E-05,-9999,-9999,7.62890922487713E-05,0.00013268567272462,-9999,-9999,-9999,-9999,-9999,1.17733170554857E-05,-9999,-9999,-9999,-9999,-9999,-9999,-9999,-9999,-9999,-9999,-9999,-9999,-9999,-9999,-9999,5.09760229761014E-06,7.28834584151627E-06,1.04444898170186E-05,1.00242205007817E-05,5.83535220357589E-05,6.44564570393413E-05,6.20097707724199E-05,5.88456641708035E-05,0.000346172106219456,0.00105981482192874,0.0011183317983523,0.00110906641930342,0.00109119713306427,0.00106925971340388,0.00104815640952438,0.0010303589515388,0.00101391843054444,0.00100001366809011,0.000986913568340242,0.000974650611169636,0.000961532874498516,0.000946010928601027,0.000943701947107911,0.000945845327805728,0.000954146264120936,0.00096095516346395,0.000968408770859241,0.000975488917902112,0.000979541568085551,0.000982368132099509,0.000980992568656802,0.000965545594226569,0.000814772211015224,0.000228639211854897,-9999,-9999,-9999,-9999,-9999,9.41405596677214E-05,9.50255853240378E-05,0.000180761242518201,0.000267683644779027,0.000202980954782106,0.00013642170233652,8.966019959189E-05,5.7793797168415E-05,-9999,-9999,-9999,-9999,-9999,-9999,-9999,-9999,-9999,-9999,-9999,-9999,-9999,-9999,-9999,-9999,-9999,-9999,-9999,-9999,-9999,-9999,-9999
-9999,-9999,-9999,-9999,-9999,-9999,-9999,-9999,-9999,-9999,-9999,-9999,-9999,-9999,-9999,-9999,-9999,-9999,-9999,-9999,-9999,-9999,-9999,4.66461751784664E-05,5.98618898948189E-05,-9999,-9999,-9999,-9999,5.03870323882438E-05,4.72868632641621E-05,1.87833629752276E-05,9.47421285673045E-05,1.00174438557588E-05,8.42555891722441E-05,0.000147974002175033,0.000266024493612349,0.000115295835712459,6.85399863868952E-05,-9999,6.98404255672358E-05,7.29734019841999E-05,-9999,-9999,0.000124039826914668,1.64722659974359E-05,9.95676055026706E-06,6.21839308223571E-06,-9999,-9999,-9999,-9999,-9999,-9999,-9999,-9999,-9999,2.43876838794677E-05,1.54444969666656E-05,-9999,-9999,-9999,1.04884029497043E-05,6.95880735293031E-05,6.70869194436818E-05,6.68208085699007E-05,6.45988911855966E-05,6.12498552072793E-05,8.07345277280547E-05,0.000500894268043339,0.00106394081376493,0.00111915776506066,0.00110737793147564,0.00109026802238077,0.00106925831642002,0.00104864954482764,0.00103026267606765,0.0010127758141607,0.000997922732494771,0.000984328798949718,0.000966636405792087,0.000916718621738255,0.000922717968933284,0.000933958799578249,0.000938355922698975,0.000943403458222747,0.000953228445723653,0.000963779573794454,0.00097288383403793,0.0009781529661268,0.00098148244433105,0.000982519704848528,0.000976959709078074,0.000934199779294431,0.000273191923042759,4.80616799904965E-05,6.95143626217032E-06,4.78813399240607E-06,7.31447562429821E-06,0.000228415025048889,0.000451808416983113,0.000587204820476472,0.000657884636893868,0.000563694222364575,0.000534258433617651,0.0004066557448823,0.000245367613388225,7.97884713392705E-05,5.78737272007857E-05,5.85208581469487E-05,-9999,-9999,-9999,-9999,-9999,-9999,-9999,-9999,-9999,-9999,-9999,-9999,-9999,-9999,-9999,-9999,-9999,-9999,-9999,-9999,-9999
-9999,-9999,-9999,-9999,-9999,-9999,-9999,-9999,-9999,-9999,-9999,-9999,-9999,-9999,-9999,-9999,-9999,-9999,-9999,-9999,-9999,-9999,7.020454359008E-05,8.29220589366741E-05,5.63148460059892E-05,5.70790070923977E-05,6.32322189630941E-05,7.31579784769565E-05,0.000137631985126063,0.000206632248591632,0.000155149245983921,0.000365869171218947,0.000502534734550864,0.000541321700438857,0.000621356128249317,0.000537305604666471,0.000532594800461084,0.000484738819068298,0.000278992112725973,0.000213122373679653,6.85373743181117E-05,4.21290060330648E-05,3.52206225215923E-05,4.76457098557148E-05,1.31663218780886E-05,9.05445995158516E-06,8.69298219186021E-06,8.27995700092288E-06,5.31601426700945E-06,-9999,-9999,-9999,-9999,-9999,-9999,-9999,-9999,0.000101709541922901,9.20627935556695E-05,8.51517979754135E-05,-9999,-9999,6.81247402098961E-05,6.93669717293233E-05,6.90291781211272E-05,6.69849978294224E-05,6.35144824627787E-05,7.44542558095418E-05,0.000245580653427169,0.000699864351190627,0.00107431109063327,0.00111811549868435,0.00110277137719095,0.00108563527464867,0.00106504734139889,0.00104416348040104,0.00102526263799518,0.00100859918165952,0.000993074267171323,0.000979597680270672,0.000916020479053259,0.00047420070040971,0.000559316133148968,0.000774940417613834,0.000896999961696565,0.000934427953325212,0.000944833387620747,0.000956731615588069,0.000967053638305515,0.000972969050053507,0.000979135627858341,0.00098312774207443,0.000976404407992959,0.000912871677428484,0.000437693728599697,0.000353340990841389,2.86670056084404E-05,7.11043549017631E-06,0.00034714350476861,0.000808078970294446,0.000902004074305296,0.000960431876592338,0.0009513083496131,0.000922659179195762,0.000887583242729306,0.000730206025764346,0.000468308047857136,0.000243695409153588,8.86876005097292E-05,5.76811398786958E-05,-9999,-9999,-9999,-9999,-9999,-9999,-9999,-9999,-9999,-9999,-9999,-9999,-9999,-9999,-9999,-9999,-9999,-9999,-9999,-9999,-9999
-9999,-9999,-9999,-9999,-9999,-9999,-9999,-9999,-9999,-9999,-9999,-9999,-9999,-9999,-9999,-9999,-9999,-9999,-9999,-9999,-9999,-9999,7.02535180607811E-05,8.41271394165233E-05,7.13406770955771E-05,7.40156610845588E-05,0.000274902413366362,0.000547679432202131,0.000723231409210712,0.000635682023130357,0.00063345639500767,0.000508783967234194,0.000546519586350769,0.000626187422312796,0.000581785279791802,0.000661277736071497,0.000782331975642592,0.000777287059463561,0.000810897909104824,0.000720183772500604,0.000504330266267061,0.000324840337270871,0.000133178458781913,5.00203896081075E-05,2.43475824390771E-05,1.0859829671972E-05,1.08740005089203E-05,1.07667874544859E-05,7.15956912245019E-06,7.0525134105992E-06,7.0434821282106E-06,-9999,-9999,-9999,-9999,-9999,-9999,-9999,8.38028790894896E-05,7.56837689550593E-05,7.01267563272268E-05,6.50821893941611E-05,6.73320901114494E-05,6.81984674884006E-05,6.82431054883637E-05,6.5675274527166E-05,7.72041021264158E-05,0.00025007504154928,0.000675473245792091,0.00107038801070303,0.00112606910988688,0.00111081695649773,0.00109365349635482,0.00107674347236753,0.0010569654405117,0.00103609880898148,0.00101818819530308,0.0010029838886112,0.000988729880191386,0.000880566134583205,1.19823534987518E-05,6.49861794954631E-06,6.45925001663272E-06,6.43519388177083E-06,7.4244846473448E-05,0.000613048207014799,0.000915058888494968,0.000946769083384424,0.000958200660534203,0.000967887172009796,0.000976115290541202,0.000982096185907722,0.000978467636741698,0.000904101529158652,0.000923919025808573,0.000959175871685147,0.000848705472890288,0.000457609712611884,0.000929623551201075,0.00102690095081925,0.00104505312629044,0.00103617983404547,0.00101086730137467,0.000995753449387848,0.00097454315982759,0.000884875538758934,0.000661867205053568,0.000432602886576205,0.000133508583530784,5.60565495106857E-05,2.87311431748094E-05,-9999,-9999,-9999,-9999,-9999,-9999,-9999,-9999,-9999,-9999,-9999,-9999,-9999,-9999,-9999,-9999,-9999,-9999,-9999,-9999
-9999,-9999,-9999,-9999,-9999,-9999,-9999,-9999,-9999,-9999,-9999,-9999,-9999,-9999,-9999,-9999,-9999,-9999,-9999,-9999,-9999,-9999,6.91824679961428E-05,8.66290865815245E-05,0.000136656279210001,0.000628269626758993,0.00081327639054507,0.000898219470400363,0.000853846082463861,0.000677775067742914,0.00067415926605463,0.000755662214942276,0.000794227817095816,0.000831641023978591,0.000945426756516099,0.000940349069423974,0.000971398083493114,0.00100038456730545,0.00105871283449233,0.000989616615697742,0.000876247882843018,0.000547292758710682,0.000288405368337408,0.000166235287906602,0.000143278506584466,0.000160517854965292,0.000140691205160692,9.68766617006622E-05,9.74088015937014E-06,9.90186435956275E-06,9.97270853986265E-06,-9999,-9999,-9999,-9999,6.96021888870746E-05,7.06315331626683E-05,7.25085556041449E-05,7.37731315894052E-05,6.82942409184761E-05,7.7782227890566E-05,6.11164869042113E-05,5.27474621776491E-05,3.28553614963312E-05,9.2267626314424E-05,0.000306119793094695,0.00014524623111356,0.000814361905213445,0.00114676333032548,0.00113442831207067,0.00111712596844882,0.00109998090192676,0.00108272500801831,0.00106552883516997,0.00104419549461454,0.0010252051288262,0.00101205613464117,0.000947315362282097,6.6808752308134E-06,6.62142429064261E-06,6.5747121880122E-06,4.37225617133663E-06,4.34829871664988E-06,4.33340846939245E-06,6.45304135105107E-06,2.40601675614016E-05,0.000316193705657497,0.000833767931908369,0.000942568469326943,0.000959981232881546,0.00097050768090412,0.000978064956143498,0.000985932070761919,0.000994388945400715,0.00100298330653459,0.00101140094920993,0.00100732233840972,0.00101445522159338,0.00104008719790727,0.00106145348399878,0.00106872525066137,0.00106117932591587,0.00104903965257108,0.00103740557096899,0.000993423513136804,0.000953752140048891,0.000804175972007215,0.000624711567070335,0.000285801565041766,0.000105747276393231,1.25430260595749E-05,8.03085185907548E-06,-9999,-9999,-9999,-9999,-9999,-9999,-9999,-9999,-9999,-9999,-9999,-9999,-9999,-9999,-9999,-9999,-9999,-9999,-9999
-9999,-9999,-9999,-9999,-9999,-9999,-9999,-9999,-9999,-9999,-9999,-9999,-9999,-9999,-9999,-9999,-9999,-9999,-9999,-9999,-9999,6.36166441836394E-05,7.52334744902328E-05,0.000293555378448218,0.000804321607574821,0.00105008902028203,0.00104973814450204,0.000973470159806311,0.000847659364808351,0.000999812036752701,0.00099370745010674,0.00102360406890512,0.00101905886549503,0.00101460516452789,0.0010741357691586,0.00112510751932859,0.00114424910861999,0.00113739643711597,0.00117484480142593,0.00116732565220445,0.00113877409603447,0.000932977127376944,0.000362643884727731,0.000226555435801856,0.000278382649412379,0.000252525584073737,0.000226874763029628,0.000228910008445382,0.000226822099648416,0.000162631826242432,0.000104021339211613,6.9868823629804E-05,7.01695462339558E-05,7.12797918822616E-05,7.23027842468582E-05,6.61904414300807E-05,7.46141740819439E-05,6.63701939629391E-05,6.70064328005537E-05,7.66155280871317E-05,0.000317249214276671,0.000675932154990733,0.000328577269101515,9.15461987460731E-06,9.04236549104098E-06,8.74496254255064E-06,3.44156578648835E-05,0.000317334866849706,0.00114271137863398,0.00112556910607964,0.00110908318310976,0.00108465552330017,0.00106496189255267,0.000916405988391489,3.88633052352816E-05,6.94787877364433E-06,6.84237465975457E-06,6.77013349559275E-06,4.48484706794261E-06,4.44610850536264E-06,4.41620659330511E-06,2.93813195639814E-06,2.92502181764576E-06,2.91826745524304E-06,4.34890898759477E-06,6.48620334686711E-06,4.20286633016076E-05,0.000276930164545774,0.00076203589560464,0.000930779380723834,0.000959074241109192,0.000969511747825891,0.000978133757598698,0.000987595645710826,0.000999798532575369,0.00101106381043792,0.00102082139346749,0.00103109644260257,0.00104451214428991,0.00105640478432178,0.00105975614860654,0.00106067245360464,0.00105868617538363,0.00105539709329605,0.00103856693021953,0.000985059887170792,0.000927013577893376,0.000710564490873367,0.000421962700784206,0.000234538834774867,6.43917082925327E-05,7.87739099905593E-06,8.05680610937998E-06,1.53896235133288E-05,-9999,-9999,-9999,-9999,-9999,-9999,-9999,-9999,-9999,-9999,-9999,-9999,-9999,-9999,-9999,-9999,-9999
-9999,-9999,-9999,-9999,-9999,-9999,-9999,-9999,-9999,-9999,-9999,-9999,-9999,-9999,-9999,-9999,-9999,-9999,-9999,-9999,-9999,0.000126313796499744,0.000711122527718544,0.00104305194690824,0.00117097632028162,0.00111190276220441,0.00104378932155669,0.00100404489785433,0.00106750661507249,0.00115001853555441,0.00121398619376123,0.00120710884220898,0.00124093180056661,0.0012679974315688,0.00124694348778576,0.00129340775310993,0.00128606427460909,0.00126633339095861,0.00127813743893057,0.00127714441623539,0.0012493128888309,0.00121874280739576,0.0011491923360154,0.00103254616260529,0.000910346629098058,0.000727618986275047,0.000460689014289528,0.000250935438089073,0.000275632453849539,0.000226390227908269,0.000166411686223,0.000108813910628669,9.75222574197687E-05,7.82655624789186E-05,7.79894180595875E-05,0.000119476942927577,0.000106298226455692,0.00010476427996764,0.000161599775310606,0.000711063155904412,0.00117280660197139,0.00128050625789911,0.00124748097732663,0.00039468493196182,8.702311788511E-06,8.4969633462606E-06,8.20449531602208E-06,0.00115494744386524,0.00113722309470177,0.00111973949242383,0.00079694768646732,7.39738243282773E-06,7.29469138605054E-06,7.23820357961813E-06,-9999,-9999,-9999,-9999,-9999,-9999,-9999,1.96719270206813E-06,1.96346559278027E-06,2.92669074042351E-06,4.36441450801794E-06,6.51114805805264E-06,1.47804275911767E-05,9.03281470527872E-05,0.000362907885573804,0.000778571120463312,0.000935629243031144,0.000957675976678729,0.000966633204370737,0.000980973010882735,0.000993525260128081,0.00100447202567011,0.0010149001609534,0.0010268643964082,0.00103728147223592,0.00104505277704448,0.00104842672590166,0.00104973127599806,0.0010536442277953,0.00106077687814832,0.00105411850381643,0.00102424912620336,0.000957476091571152,0.000830863660667092,0.000636359036434442,0.000383950653485954,0.000209134494070895,6.71524830977432E-05,4.52277272415813E-05,3.63539329555351E-05,4.85482814838178E-05,-9999,-9999,-9999,-9999,-9999,-9999,-9999,-9999,-9999,-9999,-9999,-9999,-9999,-9999,-9999,-9999
-9999,-9999,-9999,-9999,-9999,-9999,-9999,-9999,-9999,-9999,-9999,-9999,-9999,-9999,-9999,-9999,-9999,-9999,-9999,6.5942105720751E-05,0.0001790333626559,0.000996270682662725,0.00118990719784051,0.001191386138089,0.00116524577606469,0.00121502613183111,0.00118722603656352,0.00118135334923863,0.0012589159887284,0.00126621103845537,0.00128538464196026,0.00130155181977898,0.00128599710296839,0.00126844481565058,0.00129647564608604,0.00130788655951619,0.00130070466548204,0.00128362444229424,0.00128854718059301,0.0012945196358487,0.00129323289729655,0.00128186831716448,0.00127608689945191,0.0012496787821874,0.00122224097140133,0.00115945097059011,0.00108398927841336,0.00100942642893642,0.000785443524364382,0.000520953733939677,0.000221576396143064,0.000221061345655471,0.000242632115259767,0.00026529491879046,0.000346010725479573,0.000512737256940454,0.000773172359913588,0.000845045608002692,0.00104632822331041,0.00124308257363737,0.00128414726350456,0.00128359138034284,0.0012764623388648,0.00127613008953631,3.1342868169304E-05,0.00119858293328434,0.00120767194312066,0.00116675125900656,0.000899023842066526,1.94896274479106E-05,7.62419495003996E-06,-9999,-9999,-9999,-9999,-9999,-9999,-9999,-9999,-9999,-9999,-9999,-9999,1.96533801499754E-06,2.9328407435969E-06,4.37999642599607E-06,6.5371350501664E-06,4.51212727057282E-05,0.000183481592102908,0.000516339961905032,0.000849559146445245,0.00094319717027247,0.000959279015660286,0.000967876869253814,0.000978900818154216,0.000990193919278681,0.00100132380612195,0.001012570457533,0.00102195749059319,0.00102842412889004,0.0010323510505259,0.00103404826950282,0.001034403918311,0.00103949662297964,0.00104217499028891,0.00102741620503366,0.00099738989956677,0.000950152869336307,0.000855078513268381,0.000591225980315357,0.000321444967994466,0.000228297605644912,0.000142852877615951,5.52990604774095E-05,5.34005775989499E-05,-9999,-9999,-9999,-9999,-9999,-9999,-9999,-9999,-9999,-9999,-9999,-9999,-9999,-9999,-9999,-9999
-9999,-9999,-9999,-9999,-9999,-9999,-9999,-9999,-9999,-9999,-9999,-9999,-9999,-9999,-9999,-9999,-9999,-9999,0.000196163760847412,0.000495034095365554,0.0011250302195549,0.00127120944671333,0.00127247383352369,0.00130458525381982,0.00131726078689098,0.00130007485859096,0.00136262201704085,0.00138122017960995,0.00136577140074223,0.00134761503431946,0.00132910686079413,0.0013047510292381,0.00128108530770987,0.00131035223603249,0.00130451435688883,0.00132209993898869,0.00131585681810975,0.00131865811999887,0.00130741926841438,0.00130347267258912,0.00129928917158395,0.00129349390044808,0.00128951284568757,0.00128443480934948,0.00127565010916442,0.00125697813928127,0.00123519450426102,0.00119485007598996,0.00113071652594954,0.000986221944913268,0.000619489757809788,0.000343584164511412,0.000438297021901235,0.000797517015598714,0.000953198119532317,0.00102958036586642,0.00103263789787889,0.00112591404467821,0.00124248547945172,0.00126846949569881,0.00126771116629243,0.00125763413961977,0.0012485368642956,0.00123990816064179,0.00122165307402611,0.00120286468882114,0.00113490701187402,1.70466937561287E-05,-9999,-9999,-9999,-9999,-9999,-9999,-9999,-9999,-9999,-9999,-9999,-9999,-9999,-9999,-9999,-9999,-9999,4.38923871115549E-06,6.55127678328427E-06,1.96908185898792E-05,9.08188594621606E-05,0.000306228757835925,0.000673809729050845,0.000910415779799223,0.000947820313740522,0.000957985175773501,0.000964637205470353,0.000972057983744889,0.000982095953077078,0.000992864603176713,0.00100123882293701,0.00100679765455425,0.00100901094265282,0.00101055577397346,0.00101330934558064,0.0010158393997699,0.00102037657052279,0.00101382506545633,0.000985510880127549,0.000948074215557426,0.000900405924767256,0.000792339211329818,0.000517402892000973,0.00031753905932419,0.000125997205032036,6.08602822467219E-05,5.38098283868749E-05,-9999,-9999,-9999,-9999,-9999,-9999,-9999,-9999,-9999,-9999,-9999,-9999,-9999,-9999,-9999,-9999
-9999,-9999,-9999,-9999,-9999,-9999,-9999,-9999,-9999,-9999,-9999,-9999,9.74550039245514E-06,2.89010677079204E-05,-9999,6.70101508148946E-05,0.000141731317853555,0.000532304460648447,0.000986744998954237,0.00120069726835936,0.00134842027910054,0.00138816284015775,0.00140582025051117,0.00140631443355232,0.00139894150197506,0.00140345201361924,0.00140217621810734,0.00139130314346403,0.0013865006621927,0.00137230509426445,0.00135568412952125,0.00134457903914154,0.00134049833286554,0.00133898353669792,0.00133511808235198,0.001333495718427,0.00132783409208059,0.00132214732002467,0.00131334189791232,0.00130339595489204,0.00129352358635515,0.00128393224440515,0.00127844687085599,0.00127501541282982,0.00127139803953469,0.0012655557366088,0.00125796161592007,0.00124648446217179,0.00123007618822157,0.00119741389062256,0.00111402152106166,0.00093621457926929,0.000818803790025413,0.000884400389622897,0.000944613362662494,0.00102070963475853,0.00109864387195557,0.00122054293751717,0.00125116668641567,0.00123957777395844,0.00123742630239576,0.00123442499898374,0.00122900633141398,0.00121995154768229,0.00120709021575749,0.0012017039116472,1.33590037876274E-05,-9999,-9999,-9999,-9999,-9999,-9999,-9999,-9999,-9999,-9999,-9999,-9999,-9999,-9999,-9999,-9999,-9999,-9999,-9999,4.39702171206591E-06,6.55854364595143E-06,3.22293999488465E-05,0.000144427598570473,0.000439748080680147,0.000800974667072296,0.000929013243876398,0.00094704091316089,0.000954851217102259,0.000955794646870345,0.000962224148679525,0.000971337023656815,0.000977938412688673,0.000982336467131972,0.000983735895715654,0.000982722383923829,0.000984435086138546,0.000990397180430591,0.000994280795566738,0.00099264329764992,0.000979229575023055,0.00095230876468122,0.000921879254747182,0.00084863998927176,0.000623882981017232,0.000335482065565884,0.000135741691337898,6.61086305626668E-05,5.23564485774841E-05,-9999,-9999,-9999,-9999,-9999,-9999,-9999,-9999,-9999,-9999,-9999,-9999,-9999,-9999,-9999,-9999
-9999,-9999,-9999,-9999,-9999,-9999,-9999,-9999,-9999,-9999,9.52948630583705E-06,9.52698064793367E-06,9.55463474383578E-06,0.000106839259387925,0.000260044820606709,0.000688054249621928,0.00104594905860722,0.00121508038137108,0.00133016577456146,0.00139187718741596,0.00141606712713838,0.00142115587368608,0.00142100849188864,0.00141828448977321,0.00141428608912975,0.00140670069959015,0.00139930960722268,0.00138995726592839,0.00137912947684526,0.00136673217639327,0.00135431881062686,0.00134195061400533,0.0013324519386515,0.00132656784262508,0.00132130831480026,0.00131810468155891,0.00131383957341313,0.00130663882009685,0.00129751674830914,0.0012874441454187,0.00127696385607123,0.00126617588102818,0.00125797907821834,0.00125353946350515,0.00124996434897184,0.00124538224190474,0.0012400810373947,0.00123399216681719,0.00122695264872164,0.0012202785583213,0.00121237454004586,0.00120181229431182,0.00119321176316589,0.00118891941383481,0.0011949276085943,0.00121956213843077,0.00123247946612537,0.00123740243725479,0.0012363635469228,0.0012250094441697,0.000310868490487337,8.27969779493287E-06,8.29461532703135E-06,2.23050301428884E-05,0.000544140697456896,6.17131590843201E-05,-9999,-9999,-9999,-9999,-9999,-9999,-9999,-9999,-9999,-9999,-9999,-9999,-9999,-9999,-9999,-9999,-9999,-9999,-9999,-9999,-9999,4.39654832007363E-06,6.55155963613652E-06,3.35510485456325E-05,0.000172950982232578,0.000517914246302098,0.000855331658385694,0.00093358033336699,0.000941133534070104,0.000944037921726704,0.000943466380704194,0.000948406348470598,0.000952766684349626,0.00095717899966985,0.00095769262406975,0.00095679413061589,0.000955190102104098,0.000961435376666486,0.000966986990533769,0.000967664760537446,0.000960493052843958,0.000946449174080044,0.000912001181859523,0.000840769149363041,0.000686009821947664,0.000436301983427256,0.000160783543833531,7.14919369784184E-05,5.07662662130315E-05,-9999,-9999,-9999,-9999,-9999,-9999,-9999,-9999,-9999,-9999,-9999,-9999,-9999,-9999,-9999,-9999
-9999,-9999,-9999,-9999,-9999,-9999,-9999,-9999,6.47355846012942E-05,6.46251210127957E-05,1.5275214536814E-05,2.56040275417035E-05,0.000187080149771646,0.000842595822177827,0.00114704621955752,0.00125612574629486,0.00133723905310035,0.00138206721749157,0.00139870296698064,0.0014126009773463,0.00141776434611529,0.00141729274764657,0.00141537445597351,0.00140951341018081,0.00140258064493537,0.00139331445097923,0.00138231576420367,0.00137009657919407,0.00135798577684909,0.00134514248929918,0.00133228779304773,0.00131985428743064,0.00130964093841612,0.00130438129417598,0.00129864364862442,0.00129451288376004,0.00128827546723187,0.00128059019334614,0.00127104856073856,0.00125946360640228,0.00124727806542069,0.00123562477529049,0.00122760387603194,0.00122362363617867,0.00121970917098224,0.00121472124010324,0.00120921072084457,0.00120365293696523,0.00119781738612801,0.00119335111230612,0.00119094760157168,0.00119223410729319,0.00119665614329278,0.00120277365203947,0.00121044414117932,0.00121604779269546,0.00121911626774818,0.00122098706196994,0.00121915864292532,0.00121017673518509,0.00117400614544749,8.1859889178304E-06,-9999,-9999,-9999,-9999,-9999,-9999,-9999,-9999,-9999,-9999,-9999,-9999,-9999,-9999,-9999,-9999,-9999,-9999,-9999,-9999,-9999,-9999,-9999,-9999,-9999,-9999,4.38823872173089E-06,6.53572806186276E-06,1.16465071187122E-05,9.38063458306715E-05,0.000427457183832303,0.000826598727144301,0.000922088685911149,0.000931779970414937,0.000930272159166634,0.000927911954931915,0.000927813991438597,0.000931461399886757,0.000932669150643051,0.000933362927753478,0.000933106057345867,0.000933702394831926,0.000938985147513449,0.000941112753935158,0.000938438693992794,0.000929146073758602,0.000903741747606546,0.00085238553583622,0.000731463311240077,0.000479126669233665,0.000171430030604824,6.91836758051068E-05,4.9196354666492E-05,-9999,-9999,-9999,-9999,-9999,-9999,-9999,-9999,-9999,-9999,-9999,-9999,-9999,-9999,-9999,-9999
-9999,-9999,-9999,-9999,-9999,-9999,-9999,-9999,6.3490639149677E-05,7.23132907296531E-05,7.95726955402642E-05,0.000307757320115343,0.00112618284765631,0.00128911389037967,0.00132551998831332,0.0013585506239906,0.00138677761424333,0.00140174163971096,0.0014087175950408,0.00141018070280552,0.00140851805917919,0.00140551943331957,0.00139958038926125,0.00139179220423102,0.0013825164642185,0.00137144140899181,0.00135788682382554,0.00134276307653636,0.00133067939896137,0.001319948467426,0.00130835874006152,0.00129653583280742,0.00128700281493366,0.00127986550796777,0.00127479759976268,0.00126953655853868,0.00126307446043938,0.00125426764134318,0.00124340900219977,0.00123043451458216,0.0012173232389614,0.00120493920985609,0.00119569851085544,0.0011901076650247,0.00118447095155716,0.00117877649608999,0.00117336132097989,0.00116913684178144,0.00116425286978483,0.00116065214388072,0.00115917029324919,0.00116275402251631,0.00116980855818838,0.00117869582027197,0.00118777400348336,0.0011943734716624,0.00119767512660474,0.00119663344230503,0.00119480106513947,0.00119287509005517,0.00113771914038807,8.14736995380372E-06,-9999,-9999,-9999,-9999,-9999,-9999,-9999,-9999,-9999,-9999,-9999,-9999,-9999,-9999,-9999,-9999,-9999,-9999,-9999,-9999,-9999,-9999,-9999,-9999,-9999,-9999,-9999,-9999,6.51174059385085E-06,6.50139008939732E-06,1.31876386149088E-05,0.000131977954879403,0.000647190609015524,0.000897123769391328,0.00091489328769967,0.000911426555830985,0.000907204521354288,0.000906317261978984,0.000907777983229607,0.000907798821572214,0.000909036723896861,0.000910088012460619,0.000912549323402345,0.000915083452127874,0.000912793446332216,0.000909111055079848,0.000891878036782146,0.000858702405821532,0.000776643108110875,0.000490250647999346,0.000181540948688053,5.95345918554813E-05,4.89843623654451E-05,-9999,-9999,-9999,-9999,-9999,-9999,-9999,-9999,-9999,-9999,-9999,-9999,-9999,-9999,-9999,-9999
-9999,-9999,-9999,-9999,-9999,-9999,6.58139542792924E-05,6.50357251288369E-05,6.4888437918853E-05,0.000184090851689689,0.000860798638314009,0.00119757594075054,0.00132053345441818,0.00135034101549536,0.00137397542130202,0.0013870969414711,0.00139573984779418,0.00139981356915087,0.00140043918509036,0.00139721727464348,0.00139093375764787,0.00138411158695817,0.00137700559571385,0.00136762158945203,0.00135563721414655,0.00134543364401907,0.00133154168725014,0.0013178763911128,0.00130546127911657,0.0012930118246004,0.00127952615730464,0.00126932864077389,0.00126180564984679,0.001254664035514,0.00124852056615055,0.00124249397777021,0.00123559357598424,0.00122818141244352,0.00121782848145813,0.00120527704712003,0.00119080080185086,0.001179204788059,0.0011683841003105,0.0011607613414526,0.00115406059194356,0.00114848162047565,0.00114322837907821,0.00113717501517385,0.00113415846135467,0.0011308987159282,0.00113033060915768,0.00113456416875124,0.00114150042645633,0.00115118571557105,0.00115827703848481,0.00116624974180013,0.00117268564645201,0.00117189716547728,0.00116395473014563,0.000559305364731699,8.09407811175333E-06,-9999,-9999,-9999,-9999,-9999,-9999,-9999,-9999,-9999,-9999,-9999,-9999,-9999,-9999,-9999,-9999,-9999,-9999,-9999,-9999,-9999,-9999,-9999,-9999,-9999,-9999,-9999,-9999,-9999,-9999,-9999,-9999,6.39446261629928E-06,1.78704012796516E-05,0.00029894636827521,0.000813746242783964,0.00089271564502269,0.00089038151782006,0.000884711043909192,0.000881675630807877,0.000883045373484492,0.000883794156834483,0.000886569905560464,0.000888149719685316,0.00088907836470753,0.000887240399606526,0.000882729247678071,0.000871746335178614,0.000851429009344429,0.000776134838815778,0.000550367985852063,0.00024984241463244,5.0151051254943E-05,-9999,-9999,-9999,-9999,-9999,-9999,-9999,-9999,-9999,-9999,-9999,-9999,-9999,-9999,-9999,-9999,-9999
-9999,-9999,-9999,-9999,-9999,-9999,6.5400316088926E-05,8.16700849100016E-05,0.000306125089991838,0.0010302992304787,0.00126260821707547,0.00133107241708785,0.00135424197651446,0.00136417604517192,0.00137160380836576,0.00137783237732947,0.00138455210253596,0.00138840719591826,0.00138761149719357,0.00138117233291268,0.00137083523441106,0.00136200350243598,0.00135454814881086,0.00134427635930479,0.00133177556563169,0.00132090609986335,0.00130714231636375,0.00129268667660654,0.00128020136617124,0.00126683944836259,0.00125110731460154,0.00124057359062135,0.00122980982996523,0.00122018880210817,0.00120832235552371,0.00120147701818496,0.00119836954399943,0.00119557429570705,0.00118831580039114,0.00117959012277424,0.00116252852603793,0.00115400331560522,0.00114215374924242,0.00113481550943106,0.00112985132727772,0.00112775224260986,0.00112227129284292,0.00112138723488897,0.00111671350896358,0.00111747288610786,0.00111597799696028,0.00112239411100745,0.0011311168782413,0.000927632325328887,0.0010754328686744,0.000922703766264021,2.53523394349031E-05,7.96150925452821E-06,7.99202462076209E-06,-9999,-9999,-9999,-9999,-9999,-9999,-9999,-9999,-9999,-9999,-9999,-9999,-9999,-9999,-9999,-9999,-9999,-9999,-9999,-9999,-9999,-9999,-9999,-9999,-9999,-9999,-9999,-9999,-9999,-9999,-9999,-9999,-9999,-9999,-9999,6.26525570623926E-06,6.19637467025314E-06,0.00012296944623813,0.000715911330189556,0.000867885304614902,0.000864397617988288,0.000858138431794941,0.000857502571307123,0.00086042849579826,0.000862475309986621,0.000864380272105336,0.000863501743879169,0.000860139320138842,0.000856067810673267,0.000848024908918887,0.000835410202853382,0.000786934746429324,0.00062110013095662,0.00026193555095233,6.68601860525087E-05,5.38284330104943E-05,4.21306358475704E-05,-9999,-9999,-9999,-9999,-9999,-9999,-9999,-9999,-9999,-9999,-9999,-9999,-9999,-9999,-9999
-9999,-9999,-9999,-9999,8.42326335259713E-05,9.3000300694257E-05,6.57759883324616E-05,0.000280815496807918,0.00108758127316833,0.00129141297657043,0.00134224444627762,0.00134986720513552,0.00135055847931653,0.00135248806327581,0.00135617505293339,0.00136202352587134,0.00136902055237442,0.00137325434479862,0.00137169798836112,0.00136360106989741,0.00135123287327588,0.00134012394119054,0.00133602845016867,0.00131985475309193,0.00130757899023592,0.0012977133737877,0.00128091569058597,0.0012759966775775,0.00126273557543755,0.00124974350910634,0.00123085652012378,0.00121533893980086,0.00120063195936382,0.00119783205445856,0.00118031108286232,0.00117953901644796,0.00117975636385381,0.00117182813119143,0.00117505737580359,0.000160220733960159,0.000802815891802311,0.000654975883662701,0.00111302803270519,0.000791460741311312,0.00101857946719974,0.00110410898923874,0.00110575940925628,0.000587746151722968,0.000187489844392985,0.000530794495716691,7.46287041692995E-05,6.47365523036569E-05,7.65432196203619E-06,7.68671088735573E-06,-9999,-9999,-9999,-9999,-9999,-9999,-9999,-9999,-9999,-9999,-9999,-9999,-9999,-9999,-9999,-9999,-9999,-9999,-9999,-9999,-9999,-9999,-9999,-9999,-9999,-9999,-9999,-9999,-9999,-9999,-9999,-9999,-9999,-9999,-9999,-9999,-9999,-9999,-9999,-9999,-9999,4.06611934522516E-06,5.95150640947395E-06,0.000192827428691089,0.000797236105427146,0.000842237728647888,0.000835678773000836,0.000833528931252658,0.000838063075207174,0.000839781481772661,0.000840007560327649,0.000837624480482191,0.000833133002743125,0.000828742166049778,0.00082397973164916,0.00081531098112464,0.000783306662924588,0.000597687263507396,0.000210725120268762,4.07969419029541E-05,4.06409017159604E-05,2.90776242763968E-05,4.23452001996338E-05,-9999,-9999,-9999,-9999,-9999,-9999,-9999,-9999,-9999,-9999,-9999,-9999,-9999,-9999
-9999,-9999,-9999,-9999,6.7171364207752E-05,0.000103489568573423,0.00015628567780368,0.00103405327536166,0.00130812695715576,0.00135007512290031,0.0013504495145753,0.00134419859386981,0.00133970240131021,0.00133599049877375,0.00133509049192071,0.00133903615642339,0.00134665239602327,0.00135637249331921,0.00135528470855206,0.00105539103969932,1.40489901241381E-05,9.10739618120715E-06,9.05069282453042E-06,8.98200505616842E-06,8.90592673385981E-06,8.82576205185615E-06,4.20996148022823E-05,8.64712910697563E-06,3.25690198224038E-05,8.44424357637763E-06,0.000108407257357612,0.000856289989314973,0.00113368628080934,0.00109512312337756,0.00116843904834241,0.00114452699199319,0.00116161711048335,0.00114992435555905,0.000331412185914814,7.93792514741654E-06,7.85484007792547E-06,7.78695812186925E-06,7.7268123277463E-06,7.67726669437252E-06,7.63545813242672E-06,7.6057708611188E-06,7.58868236516719E-06,-9999,-9999,-9999,-9999,-9999,-9999,-9999,-9999,-9999,-9999,-9999,-9999,-9999,-9999,-9999,-9999,-9999,-9999,-9999,-9999,-9999,-9999,-9999,-9999,-9999,-9999,-9999,-9999,-9999,-9999,-9999,-9999,-9999,-9999,-9999,-9999,-9999,-9999,-9999,-9999,-9999,-9999,-9999,-9999,-9999,-9999,-9999,-9999,-9999,5.78259414396598E-06,3.8608159229625E-05,0.000692106492351741,0.000814692641142756,0.00081434368621558,0.000809261575341225,0.00081313494592905,0.000814660976175219,0.000813897466287017,0.000811244477517903,0.000805883202701807,0.000801030138973147,0.000796828069724143,0.000790835940279067,0.000769259815569967,0.000640966172795743,0.00032365950755775,0.000109261287434492,1.94039494090248E-05,6.61140875308774E-05,4.01846555178054E-05,-9999,-9999,-9999,-9999,-9999,-9999,-9999,-9999,-9999,-9999,-9999,-9999,-9999,-9999
-9999,-9999,-9999,-9999,-9999,6.55842886772007E-05,0.0007512949523516,0.00129738228861243,0.00135252857580781,0.00135439389850944,0.00134433922357857,0.00133302086032927,0.00132537970785052,0.00131495739333332,0.00131071731448174,0.00131875637453049,0.000793965940829366,9.09096161194611E-06,9.13224357645959E-06,9.14638167159865E-06,-9999,-9999,-9999,-9999,-9999,-9999,-9999,-9999,-9999,-9999,-9999,-9999,-9999,3.00221490761032E-05,8.74003526405431E-05,7.5486081186682E-05,0.000100373450550251,7.99071949586505E-06,-9999,-9999,-9999,-9999,-9999,-9999,-9999,-9999,-9999,-9999,-9999,-9999,-9999,-9999,-9999,-9999,-9999,-9999,-9999,-9999,-9999,-9999,-9999,-9999,-9999,-9999,-9999,-9999,-9999,-9999,-9999,-9999,-9999,-9999,-9999,-9999,-9999,-9999,-9999,-9999,-9999,-9999,-9999,-9999,-9999,-9999,-9999,-9999,-9999,-9999,-9999,-9999,-9999,-9999,-9999,-9999,-9999,-9999,3.78212621399143E-06,5.51873745280318E-06,0.000587085785809904,0.000787978991866112,0.00078957574442029,0.00078455830225721,0.000790170626714826,0.000788468401879072,0.000786912976764143,0.000784232805017382,0.000779907102696598,0.000775366555899382,0.000770170066971332,0.000765263335779309,0.000755158835090697,0.000682954210788012,0.000444753561168909,0.000130596788949333,7.20767275197431E-05,4.38848910562228E-05,-9999,-9999,-9999,-9999,-9999,-9999,-9999,-9999,-9999,-9999,-9999,-9999,-9999,-9999,-9999
-9999,-9999,-9999,-9999,-9999,0.000259712862316519,0.00121895177289844,0.00134831201285124,0.00136029138229787,0.00135061796754599,0.00133668631315231,0.00132141588255763,0.00130611029453576,0.00129663618281484,0.00129099492914975,0.000148202569107525,8.97736026672646E-06,6.0438978835009E-06,-9999,-9999,-9999,-9999,-9999,-9999,-9999,-9999,-9999,-9999,-9999,-9999,-9999,-9999,-9999,-9999,-9999,-9999,-9999,-9999,-9999,-9999,-9999,-9999,-9999,-9999,-9999,-9999,-9999,-9999,-9999,-9999,-9999,-9999,-9999,-9999,-9999,-9999,-9999,-9999,-9999,-9999,-9999,-9999,-9999,-9999,-9999,-9999,-9999,-9999,-9999,-9999,-9999,-9999,-9999,-9999,-9999,-9999,-9999,-9999,-9999,-9999,-9999,-9999,-9999,-9999,-9999,-9999,-9999,-9999,-9999,-9999,-9999,-9999,-9999,-9999,-9999,-9999,-9999,5.32150670551346E-06,0.000442856748122722,0.000763041782192886,0.000764671829529107,0.000761248345952481,0.000765413977205753,0.000761835370212793,0.00075933791231364,0.000757195404730737,0.00075464160181582,0.000750831793993711,0.000746353878639638,0.000741480034776032,0.000732791959308088,0.000702313554938883,0.000505925680045038,0.000254325103014708,4.88916812173557E-05,3.5411496355664E-05,-9999,-9999,-9999,-9999,-9999,-9999,-9999,-9999,-9999,-9999,-9999,-9999,-9999,-9999,-9999
-9999,-9999,6.90821907483041E-05,6.8271707277745E-05,6.67628191877156E-05,0.000715794158168137,0.0013258479302749,0.00136003596708179,0.00135837611742318,0.00134396809153259,0.00132752663921565,0.0013094994938001,0.00129391008522362,0.00127332424744964,7.68782556406222E-05,8.8830374807003E-06,5.97638108956744E-06,-9999,-9999,-9999,-9999,-9999,-9999,-9999,-9999,-9999,-9999,-9999,-9999,-9999,-9999,-9999,-9999,-9999,-9999,-9999,-9999,-9999,-9999,-9999,-9999,-9999,-9999,-9999,-9999,-9999,-9999,-9999,-9999,-9999,-9999,-9999,-9999,-9999,-9999,-9999,-9999,-9999,-9999,-9999,-9999,-9999,-9999,-9999,-9999,-9999,-9999,-9999,-9999,-9999,-9999,-9999,-9999,-9999,-9999,-9999,-9999,-9999,-9999,-9999,-9999,-9999,-9999,-9999,-9999,-9999,-9999,-9999,-9999,-9999,-9999,-9999,-9999,-9999,-9999,-9999,-9999,5.16254067406408E-06,0.000255798222497106,0.00073874113149941,0.000742785399779677,0.000737162190489471,0.000736084999516606,0.000735679233912379,0.000731635198462754,0.000731783744413406,0.00073058984708041,0.000727499893400818,0.000723068369552493,0.00071818009018898,0.000711957807652652,0.000692311441525817,0.000608289963565767,0.000384494866011664,0.000205239615752362,4.6436605771305E-05,-9999,-9999,-9999,-9999,-9999,-9999,-9999,-9999,-9999,-9999,-9999,-9999,-9999,-9999,-9999
-9999,-9999,-9999,-9999,8.264476491604E-05,0.00112191238440573,0.00134683283977211,0.00136201560962945,0.00135282857809216,0.00133444787934422,0.00131668534595519,0.00129970663692802,0.00128707161638886,0.000110549095552415,8.81536016095197E-06,5.92277137911879E-06,-9999,-9999,-9999,-9999,-9999,-9999,-9999,-9999,-9999,-9999,-9999,-9999,-9999,-9999,-9999,-9999,-9999,-9999,-9999,-9999,-9999,-9999,-9999,-9999,-9999,-9999,-9999,-9999,-9999,-9999,-9999,-9999,-9999,-9999,-9999,-9999,-9999,-9999,-9999,-9999,-9999,-9999,-9999,-9999,-9999,-9999,-9999,-9999,-9999,-9999,-9999,-9999,-9999,-9999,-9999,-9999,-9999,-9999,-9999,-9999,-9999,-9999,-9999,-9999,-9999,-9999,-9999,-9999,-9999,-9999,-9999,-9999,-9999,-9999,-9999,-9999,-9999,-9999,-9999,-9999,-9999,5.02269813296152E-06,0.00013307981134858,0.000712593027856201,0.000718767463695258,0.000715741422027349,0.000711388769559562,0.000710924854502082,0.000706323015037924,0.000707493221852928,0.000708419538568705,0.000705210608430207,0.000700440374203026,0.000695850001648068,0.000689272594172508,0.000677949166856706,0.000646310683805496,0.000559628882911056,0.000347097316989675,0.000103068166936282,-9999,-9999,-9999,-9999,-9999,-9999,-9999,-9999,-9999,-9999,-9999,-9999,-9999,-9999,-9999
-9999,-9999,-9999,-9999,0.000175148859852925,0.001219347352162,0.00135212438181043,0.00135918287560344,0.00134637160226703,0.00132487015798688,0.00130755419377238,0.00129255477804691,0.000865373411215842,8.77944330568425E-06,5.88291550229769E-06,-9999,-9999,-9999,-9999,-9999,-9999,-9999,-9999,-9999,-9999,-9999,-9999,-9999,-9999,-9999,-9999,-9999,-9999,-9999,-9999,-9999,-9999,-9999,-9999,-9999,-9999,-9999,-9999,-9999,-9999,-9999,-9999,-9999,-9999,-9999,-9999,-9999,-9999,-9999,-9999,-9999,-9999,-9999,-9999,-9999,-9999,-9999,-9999,-9999,-9999,-9999,-9999,-9999,-9999,-9999,-9999,-9999,-9999,-9999,-9999,-9999,-9999,-9999,-9999,-9999,-9999,-9999,-9999,-9999,-9999,-9999,-9999,-9999,-9999,-9999,-9999,-9999,-9999,-9999,-9999,-9999,-9999,4.89644435219816E-06,5.30819816049188E-05,0.000683451595250517,0.000694344809744507,0.000694849179126322,0.000688623229507357,0.000685618433635682,0.000683506659697741,0.000682379468344152,0.000684110331349075,0.000681300938595086,0.000677862204611301,0.000673417758662254,0.000667837681248784,0.00066006783163175,0.00064582540653646,0.000615347118582577,0.0005144237075001,0.000276325008599088,3.75915406038985E-05,-9999,-9999,-9999,-9999,-9999,-9999,-9999,-9999,-9999,-9999,-9999,-9999,-9999,-9999
-9999,-9999,-9999,-9999,0.00014191035006661,0.0012011444196105,0.00135021016467363,0.0013543302193284,0.00133969995658845,0.00131807522848248,0.00130160758271813,0.00128708512056619,8.75543628353626E-06,5.86063788432512E-06,3.93047321267659E-06,-9999,-9999,-9999,-9999,-9999,-9999,-9999,-9999,-9999,-9999,-9999,-9999,-9999,-9999,-9999,-9999,-9999,-9999,-9999,-9999,-9999,-9999,-9999,-9999,-9999,-9999,-9999,-9999,-9999,-9999,-9999,-9999,-9999,-9999,-9999,-9999,-9999,-9999,-9999,-9999,-9999,-9999,-9999,-9999,-9999,-9999,-9999,-9999,-9999,-9999,-9999,-9999,-9999,-9999,-9999,-9999,-9999,-9999,-9999,-9999,-9999,-9999,-9999,-9999,-9999,-9999,-9999,-9999,-9999,-9999,-9999,-9999,-9999,-9999,-9999,-9999,-9999,-9999,-9999,-9999,-9999,-9999,3.17804892802087E-06,4.69464202978997E-06,0.000646876753307879,0.000672953086905181,0.000673634407576174,0.000669155502691865,0.000661842990666628,0.000661380181554705,0.000660481688100845,0.000659244076814502,0.000657847558613867,0.000655422860290855,0.000652047572657466,0.00064699025824666,0.000639862555544823,0.000631816394161433,0.000616958714090288,0.000569874886423349,0.000411974935559556,0.000128331172163598,2.91524738713633E-05,-9999,-9999,-9999,-9999,-9999,-9999,-9999,-9999,-9999,-9999,-9999,-9999,-9999
-9999,-9999,-9999,-9999,7.37738955649547E-05,0.00109295174479485,0.00134331127628684,0.00134979910217226,0.00133698177523911,0.00131586112547666,0.00129891978576779,0.00128103641327471,8.72899818205042E-06,5.84120289204293E-06,-9999,-9999,-9999,-9999,-9999,-9999,-9999,-9999,-9999,-9999,-9999,-9999,-9999,-9999,-9999,-9999,-9999,-9999,-9999,-9999,-9999,-9999,-9999,-9999,-9999,-9999,-9999,-9999,-9999,-9999,-9999,-9999,-9999,-9999,-9999,-9999,-9999,-9999,-9999,-9999,-9999,-9999,-9999,-9999,-9999,-9999,-9999,-9999,-9999,-9999,-9999,-9999,-9999,-9999,-9999,-9999,-9999,-9999,-9999,-9999,-9999,-9999,-9999,-9999,-9999,-9999,-9999,-9999,-9999,-9999,-9999,-9999,-9999,-9999,-9999,-9999,-9999,-9999,-9999,-9999,-9999,-9999,-9999,3.1103470519156E-06,4.5528377086157E-06,0.000609970302321017,0.000652129878289998,0.000651952810585499,0.00065079249907285,0.000643102684989572,0.000639103353023529,0.000638571858871728,0.000637650140561163,0.000638120633084327,0.000635959673672915,0.00063319772016257,0.000627797213383019,0.000621171784587204,0.000614784832578152,0.000604313041549176,0.000574391800910234,0.000505715608596802,0.000296415819320828,5.55913284188136E-05,3.97280127799604E-05,4.05100263378699E-06,-9999,-9999,-9999,-9999,-9999,-9999,-9999,-9999,-9999,-9999,-9999
-9999,-9999,-9999,-9999,6.58699063933454E-05,0.000591940886806697,0.0013162816176191,0.00134634179994464,0.00133893918246031,0.00132332043722272,0.00130447652190924,0.00128764181863517,1.9346596673131E-05,8.69371979206335E-06,-9999,-9999,-9999,-9999,-9999,-9999,-9999,-9999,-9999,-9999,-9999,-9999,-9999,-9999,-9999,-9999,-9999,-9999,-9999,-9999,-9999,-9999,-9999,-9999,-9999,-9999,-9999,-9999,-9999,-9999,-9999,-9999,-9999,-9999,-9999,-9999,-9999,-9999,-9999,-9999,-9999,-9999,-9999,-9999,-9999,-9999,-9999,-9999,-9999,-9999,-9999,-9999,-9999,-9999,-9999,-9999,-9999,-9999,-9999,-9999,-9999,-9999,-9999,-9999,-9999,-9999,-9999,-9999,-9999,-9999,-9999,-9999,-9999,-9999,-9999,-9999,-9999,-9999,-9999,-9999,-9999,-9999,-9999,-9999,4.41290239905356E-06,0.00058171950513497,0.000631935079582036,0.000630735419690609,0.000633261806797236,0.000626061635557562,0.000620513048488647,0.000620465259999037,0.000621175160631537,0.000620133010670543,0.000618990510702133,0.000615434546489269,0.000610815361142159,0.000604897330049425,0.000599122431594878,0.000591478252317756,0.000569908472243696,0.000519583350978792,0.000390970846638083,9.1745430836454E-05,3.14602075377479E-05,-9999,-9999,-9999,-9999,-9999,-9999,-9999,-9999,-9999,-9999,-9999,-9999
-9999,-9999,-9999,-9999,6.58902863506228E-05,0.000258822605246678,0.00121900043450296,0.00134062441065907,0.00133833521977067,0.00132966716773808,0.00131461874116212,0.00129692116752267,0.000874801422469318,8.68479037308134E-06,-9999,-9999,-9999,-9999,-9999,-9999,-9999,-9999,-9999,-9999,-9999,-9999,-9999,-9999,-9999,-9999,-9999,-9999,-9999,-9999,-9999,-9999,-9999,-9999,-9999,-9999,-9999,-9999,-9999,-9999,-9999,-9999,-9999,-9999,-9999,-9999,-9999,-9999,-9999,-9999,-9999,-9999,-9999,-9999,-9999,-9999,-9999,-9999,-9999,-9999,-9999,-9999,-9999,-9999,-9999,-9999,-9999,-9999,-9999,-9999,-9999,-9999,-9999,-9999,-9999,-9999,-9999,-9999,-9999,-9999,-9999,-9999,-9999,-9999,-9999,-9999,-9999,-9999,-9999,-9999,-9999,-9999,-9999,-9999,4.31005400969298E-06,0.000520971836522222,0.000614976743236184,0.000613931159023196,0.000616128847468644,0.000613830983638763,0.0006067079375498,0.000601730251219124,0.000603791035246104,0.00060260109603405,0.000601001142058522,0.000597889185883105,0.000594575307331979,0.00058974017156288,0.000584925932344049,0.000576884369365871,0.000560955901164562,0.000520529341883957,0.000449599581770599,0.000171063744346611,3.09314345940948E-05,2.77031813311623E-05,2.79297419183422E-05,-9999,-9999,-9999,-9999,-9999,-9999,-9999,-9999,-9999,-9999
-9999,-9999,-9999,-9999,-9999,7.27611477486789E-05,0.000995118403807282,0.00132923759520054,0.00133650994393975,0.00133127858862281,0.00132053601555526,0.00130270887166262,0.00127968029119074,8.68124607222853E-06,-9999,-9999,-9999,-9999,-9999,-9999,-9999,-9999,-9999,-9999,-9999,-9999,-9999,-9999,-9999,-9999,-9999,-9999,-9999,-9999,-9999,-9999,-9999,-9999,-9999,-9999,-9999,-9999,-9999,-9999,-9999,-9999,-9999,-9999,-9999,-9999,-9999,-9999,-9999,-9999,-9999,-9999,-9999,-9999,-9999,-9999,-9999,-9999,-9999,-9999,-9999,-9999,-9999,-9999,-9999,-9999,-9999,-9999,-9999,-9999,-9999,-9999,-9999,-9999,-9999,-9999,-9999,-9999,-9999,-9999,-9999,-9999,-9999,-9999,-9999,-9999,-9999,-9999,-9999,-9999,-9999,-9999,-9999,-9999,4.23467417931533E-06,0.00041151384357363,0.0005956178647466,0.000599867722485214,0.000600416678935289,0.000599504739511758,0.000592392054386437,0.000585053872782737,0.000587400805670768,0.00058624055236578,0.000585028668865561,0.000581688713282347,0.000579023268073797,0.000575323356315494,0.000570994860026985,0.000564591609872878,0.000554252706933767,0.000535066414158791,0.000427922932431102,0.000260116124991328,9.68907552305609E-05,6.49923094897531E-05,3.84655286325142E-05,2.79505948128644E-05,-9999,-9999,-9999,-9999,-9999,-9999,-9999,-9999,-9999
-9999,-9999,-9999,-9999,-9999,1.48030467244098E-05,0.000702324439771473,0.00130131863988936,0.00133452971931547,0.00133183039724827,0.00132356723770499,0.00130605744197965,0.00128182186745107,8.69010091264499E-06,-9999,-9999,-9999,-9999,-9999,-9999,-9999,-9999,-9999,-9999,-9999,-9999,-9999,-9999,-9999,-9999,-9999,-9999,-9999,-9999,-9999,-9999,-9999,-9999,-9999,-9999,-9999,-9999,-9999,-9999,-9999,-9999,-9999,-9999,-9999,-9999,-9999,-9999,-9999,-9999,-9999,-9999,-9999,-9999,-9999,-9999,-9999,-9999,-9999,-9999,-9999,-9999,-9999,-9999,-9999,-9999,-9999,-9999,-9999,-9999,-9999,-9999,-9999,-9999,-9999,-9999,-9999,-9999,-9999,-9999,-9999,-9999,-9999,-9999,-9999,-9999,-9999,-9999,-9999,-9999,-9999,-9999,-9999,-9999,4.18588297179667E-06,0.000136094517074525,0.00057341658975929,0.000586272508371621,0.00058628770057112,0.000585027155466378,0.000579068844672292,0.000572530901990831,0.000572587712667882,0.000573287717998028,0.000571253825910389,0.000566828472074121,0.00056385260540992,0.000560638378374279,0.000556757149752229,0.000552772311493754,0.000545047456398606,0.000520143192261457,0.000440678180893883,0.000364566803909838,0.000286580587271601,0.000239286411670037,7.1433954872191E-05,2.73279219982214E-05,-9999,-9999,-9999,-9999,-9999,-9999,-9999,-9999,-9999
-9999,-9999,-9999,-9999,-9999,9.09503614821006E-06,0.000505096802953631,0.00129866786301136,0.00133235077373683,0.00133192061912268,0.00132493709679693,0.00130645046010613,0.00126936240121722,8.70260828378377E-06,-9999,-9999,-9999,-9999,-9999,-9999,-9999,-9999,-9999,-9999,-9999,-9999,-9999,-9999,-9999,-9999,-9999,-9999,-9999,-9999,-9999,-9999,-9999,-9999,-9999,-9999,-9999,-9999,-9999,-9999,-9999,-9999,-9999,-9999,-9999,-9999,-9999,-9999,-9999,-9999,-9999,-9999,-9999,-9999,-9999,-9999,-9999,-9999,-9999,-9999,-9999,-9999,-9999,-9999,-9999,-9999,-9999,-9999,-9999,-9999,-9999,-9999,-9999,-9999,-9999,-9999,-9999,-9999,-9999,-9999,-9999,-9999,-9999,-9999,-9999,-9999,-9999,-9999,-9999,-9999,-9999,-9999,-9999,-9999,-9999,4.03376816393575E-06,0.00055489270016551,0.000570907897781581,0.000573910714592785,0.000571679673157632,0.00056620966643095,0.000559495238121599,0.000558954256121069,0.000560078595299274,0.000557669205591083,0.000554024474695325,0.000550221069715917,0.000547370291315019,0.00054357445333153,0.000540232984349132,0.000535345578100532,0.000517522101290524,0.000495618442073464,0.000465459539555013,0.000397465657442808,0.000250933924689889,9.43988998187706E-05,2.65923335973639E-05,-9999,-9999,-9999,-9999,-9999,-9999,-9999,-9999,-9999
-9999,-9999,-9999,-9999,-9999,-9999,0.000306460366118699,0.00130073889158666,0.00132991489954293,0.00133161793928593,0.00132366234902292,0.00130209070630372,0.0012847512261942,-9999,-9999,-9999,-9999,-9999,-9999,-9999,-9999,-9999,-9999,-9999,-9999,-9999,-9999,-9999,-9999,-9999,-9999,-9999,-9999,-9999,-9999,-9999,-9999,-9999,-9999,-9999,-9999,-9999,-9999,-9999,-9999,-9999,-9999,-9999,-9999,-9999,-9999,-9999,-9999,-9999,-9999,-9999,-9999,-9999,-9999,-9999,-9999,-9999,-9999,-9999,-9999,-9999,-9999,-9999,-9999,-9999,-9999,-9999,-9999,-9999,-9999,-9999,-9999,-9999,-9999,-9999,-9999,-9999,-9999,-9999,-9999,-9999,-9999,-9999,-9999,-9999,-9999,-9999,-9999,-9999,-9999,-9999,-9999,-9999,-9999,3.9544866012875E-06,0.000513416831381619,0.000557576364371926,0.000562984903808683,0.000561162829399109,0.00055604474619031,0.000550121418200433,0.000547875592019409,0.00054775713942945,0.000544785289093852,0.00054178450955078,0.000538047577720135,0.00053427874809131,0.000530734308995306,0.000527548370882869,0.000525268842466176,0.000520372705068439,0.000510027399286628,0.000475933047709987,0.000413343688705936,0.000308411807054654,0.000158767448738217,3.22071973641869E-05,-9999,-9999,-9999,-9999,-9999,-9999,-9999,-9999,-9999
-9999,-9999,-9999,-9999,-9999,-9999,0.000230385077884421,0.00130043656099588,0.00133071572054178,0.00133046018891037,0.00131845637224615,0.00129633443430066,0.0012717618374154,-9999,-9999,-9999,-9999,-9999,-9999,-9999,-9999,-9999,-9999,-9999,-9999,-9999,-9999,-9999,-9999,-9999,-9999,-9999,-9999,-9999,-9999,-9999,-9999,-9999,-9999,-9999,-9999,-9999,-9999,-9999,-9999,-9999,-9999,-9999,-9999,-9999,-9999,-9999,-9999,-9999,-9999,-9999,-9999,-9999,-9999,-9999,-9999,-9999,-9999,-9999,-9999,-9999,-9999,-9999,-9999,-9999,-9999,-9999,-9999,-9999,-9999,-9999,-9999,-9999,-9999,-9999,-9999,-9999,-9999,-9999,-9999,-9999,-9999,-9999,-9999,-9999,-9999,-9999,-9999,-9999,-9999,-9999,-9999,-9999,-9999,3.89356318919454E-06,0.000337765435688198,0.000547982752323151,0.000552947167307138,0.000550756056327373,0.000545746181160212,0.000540956854820251,0.000536222942173481,0.000537274056114256,0.000534216989763081,0.000531150493770838,0.000527361698914319,0.000523849041201174,0.000520053261425346,0.00051680242177099,0.000514529994688928,0.000512072234414518,0.000505230273120105,0.000488105200929567,0.000449380837380886,0.000345608219504356,0.00024137539730873,5.98021906625945E-05,3.0913721275283E-05,2.46420149778714E-05,-9999,-9999,-9999,-9999,-9999,-9999,-9999
-9999,-9999,-9999,-9999,-9999,-9999,0.000365954911103472,0.00132034264970571,0.00133384135551751,0.00132804154418409,0.00131161988247186,0.00129018863663077,0.00116592959966511,-9999,-9999,-9999,-9999,-9999,-9999,-9999,-9999,-9999,-9999,-9999,-9999,-9999,-9999,-9999,-9999,-9999,-9999,-9999,-9999,-9999,-9999,-9999,-9999,-9999,-9999,-9999,-9999,-9999,-9999,-9999,-9999,-9999,-9999,-9999,-9999,-9999,-9999,-9999,-9999,-9999,-9999,-9999,-9999,-9999,-9999,-9999,-9999,-9999,-9999,-9999,-9999,-9999,-9999,-9999,-9999,-9999,-9999,-9999,-9999,-9999,-9999,-9999,-9999,-9999,-9999,-9999,-9999,-9999,-9999,-9999,-9999,-9999,-9999,-9999,-9999,-9999,-9999,-9999,-9999,-9999,-9999,-9999,-9999,-9999,-9999,3.84520126317511E-06,2.2684624127578E-05,0.000539802538696676,0.000542682420928031,0.000540799519512802,0.000535032770130783,0.000529940356500447,0.000526127289049327,0.00052624149248004,0.000525244744494557,0.000522248796187341,0.000517833221238106,0.000513757986482233,0.000510390382260084,0.000507719814777374,0.000504533818457276,0.000502844515722245,0.000497085624374449,0.000484030722873285,0.000453663786174729,0.00039870772161521,0.000282064254861325,0.000106526429590303,5.24615606991574E-05,3.77820579160471E-05,2.39804885495687E-05,-9999,-9999,-9999,-9999,-9999,-9999
-9999,-9999,-9999,-9999,-9999,-9999,-9999,-9999,-9999,-9999,-9999,-9999,-9999,-9999,-9999,-9999,-9999,-9999,-9999,-9999,-9999,-9999,-9999,-9999,-9999,-9999,-9999,-9999,-9999,-9999,-9999,-9999,-9999,-9999,-9999,-9999,-9999,-9999,-9999,-9999,-9999,-9999,-9999,-9999,-9999,-9999,-9999,-9999,-9999,-9999,-9999,-9999,-9999,-9999,-9999,-9999,-9999,-9999,-9999,-9999,-9999,-9999,-9999,-9999,-9999,-9999,-9999,-9999,-9999,-9999,-9999,-9999,-9999,-9999,-9999,-9999,-9999,-9999,-9999,-9999,-9999,-9999,-9999,-9999,-9999,-9999,-9999,-9999,-9999,-9999,-9999,-9999,-9999,-9999,-9999,-9999,-9999,-9999,-9999,-9999,3.71213013750094E-06,0.000517576932907104,0.000532299862243235,0.000530951481778175,0.000526005169376731,0.000520925968885422,0.000516899221111089,0.000517153996042907,0.00051751482533291,0.00051337166223675,0.000509120000060648,0.000505142321344465,0.000501026923302561,0.000498650479130447,0.000495842890813947,0.00049367337487638,0.000490937847644091,0.000483281590277329,0.000463948963442817,0.000419101095758379,0.000305816647596657,0.000161674237460829,0.000104025959444698,7.73828360252082E-05,4.09835847676732E-05,2.32465263252379E-05,-9999,-9999,-9999,-9999,-9999
-9999,-9999,-9999,-9999,-9999,-9999,-9999,-9999,-9999,-9999,-9999,-9999,-9999,-9999,-9999,-9999,-9999,-9999,-9999,-9999,-9999,-9999,-9999,-9999,-9999,-9999,-9999,-9999,-9999,-9999,-9999,-9999,-9999,-9999,-9999,-9999,-9999,-9999,-9999,-9999,-9999,-9999,-9999,-9999,-9999,-9999,-9999,-9999,-9999,-9999,-9999,-9999,-9999,-9999,-9999,-9999,-9999,-9999,-9999,-9999,-9999,-9999,-9999,-9999,-9999,-9999,-9999,-9999,-9999,-9999,-9999,-9999,-9999,-9999,-9999,-9999,-9999,-9999,-9999,-9999,-9999,-9999,-9999,-9999,-9999,-9999,-9999,-9999,-9999,-9999,-9999,-9999,-9999,-9999,-9999,-9999,-9999,-9999,-9999,-9999,3.65219125342264E-06,0.000391254492569715,0.000524578324984759,0.000521188485436141,0.00051699485629797,0.000511659309267998,0.000507173943333328,0.000508905795868486,0.000509147881530225,0.00050494511378929,0.000499663117807359,0.000496261694934219,0.000491901533678174,0.000489917467348278,0.000487769168103114,0.000487098266603425,0.000484777381643653,0.000479643087601289,0.000459380709799007,0.000411594228353351,0.000314062839606777,0.000199068017536774,0.000145729383802973,8.40193533804268E-05,5.55359038116876E-05,2.56006405834341E-05,2.25985750148539E-05,-9999,-9999,-9999,-9999
-9999,-9999,-9999,-9999,-9999,-9999,-9999,-9999,-9999,-9999,-9999,-9999,-9999,-9999,-9999,-9999,-9999,-9999,-9999,-9999,-9999,-9999,-9999,-9999,-9999,-9999,-9999,-9999,-9999,-9999,-9999,-9999,-9999,-9999,-9999,-9999,-9999,-9999,-9999,-9999,-9999,-9999,-9999,-9999,-9999,-9999,-9999,-9999,-9999,-9999,-9999,-9999,-9999,-9999,-9999,-9999,-9999,-9999,-9999,-9999,-9999,-9999,-9999,-9999,-9999,-9999,-9999,-9999,-9999,-9999,-9999,-9999,-9999,-9999,-9999,-9999,-9999,-9999,-9999,-9999,-9999,-9999,-9999,-9999,-9999,-9999,-9999,-9999,-9999,-9999,-9999,-9999,-9999,-9999,-9999,-9999,-9999,-9999,-9999,-9999,3.6107589949097E-06,9.25346375879599E-06,0.000518181012012064,0.000512692087795585,0.000508740427903831,0.000502997951116413,0.000499676913022995,0.000501460046507418,0.000501254631672055,0.000497451110277325,0.00049206567928195,0.000488397141452879,0.000483934592921287,0.00048137066187337,0.00048006369615905,0.000479437614558265,0.000475258275400847,0.000468518759589642,0.0004527079872787,0.000404495483962819,0.000333910051267594,0.000252057332545519,0.000181314098881558,0.00010974604083458,6.06120302109048E-05,3.14382232318167E-05,2.22620146814734E-05,-9999,-9999,-9999,-9999
-9999,-9999,-9999,-9999,-9999,-9999,-9999,-9999,-9999,-9999,-9999,-9999,-9999,-9999,-9999,-9999,-9999,-9999,-9999,-9999,-9999,-9999,-9999,-9999,-9999,-9999,-9999,-9999,-9999,-9999,-9999,-9999,-9999,-9999,-9999,-9999,-9999,-9999,-9999,-9999,-9999,-9999,-9999,-9999,-9999,-9999,-9999,-9999,-9999,-9999,-9999,-9999,-9999,-9999,-9999,-9999,-9999,-9999,-9999,-9999,-9999,-9999,-9999,-9999,-9999,-9999,-9999,-9999,-9999,-9999,-9999,-9999,-9999,-9999,-9999,-9999,-9999,-9999,-9999,-9999,-9999,-9999,-9999,-9999,-9999,-9999,-9999,-9999,-9999,-9999,-9999,-9999,-9999,-9999,-9999,-9999,-9999,-9999,-9999,-9999,-9999,3.52954202753608E-06,0.000475831184303388,0.000503834045957774,0.000500401074532419,0.000495255808345973,0.000493148691020906,0.000493701139930636,0.000493666739203036,0.000490523409098387,0.000484708521980792,0.000480772403534502,0.0004763895412907,0.000473039894131944,0.000471358100185171,0.0004711483779829,0.000470633065560833,0.000466784025775269,0.000449124869192019,0.000405483966460451,0.000340038735885173,0.000289498915662989,0.000205658870982006,0.000108110893052071,6.59706493024714E-05,3.07230548060033E-05,2.14901228900999E-05,-9999,-9999,1.82804851647234E-05,1.82028579729376E-05
-9999,-9999,-9999,-9999,-9999,-9999,-9999,-9999,-9999,-9999,-9999,-9999,-9999,-9999,-9999,-9999,-9999,-9999,-9999,-9999,-9999,-9999,-9999,-9999,-9999,-9999,-9999,-9999,-9999,-9999,-9999,-9999,-9999,-9999,-9999,-9999,-9999,-9999,-9999,-9999,-9999,-9999,-9999,-9999,-9999,-9999,-9999,-9999,-9999,-9999,-9999,-9999,-9999,-9999,-9999,-9999,-9999,-9999,-9999,-9999,-9999,-9999,-9999,-9999,-9999,-9999,-9999,-9999,-9999,-9999,-9999,-9999,-9999,-9999,-9999,-9999,-9999,-9999,-9999,-9999,-9999,-9999,-9999,-9999,-9999,-9999,-9999,-9999,-9999,-9999,-9999,-9999,-9999,-9999,-9999,-9999,-9999,-9999,-9999,-9999,-9999,-9999,2.49117510975339E-05,0.000504993076901883,0.000494234031066298,0.000490304548293352,0.00048825895646587,0.00048852595500648,0.000487014738610014,0.000482917006593198,0.000477553199743852,0.000473465799586847,0.000469256134238094,0.00046609781566076,0.000463707867311314,0.000462897121906281,0.000461769086541608,0.000457301386632025,0.000439536815974861,0.000418064475525171,0.000375265080947429,0.000298245984595269,0.000202973882551305,0.000127119012176991,5.82050342927687E-05,3.31484989146702E-05,2.0374747691676E-05,1.92493371287128E-05,1.86590659723151E-05,1.824139872042E-05,2.00252525246469E-05
-9999,-9999,-9999,-9999,-9999,-9999,-9999,-9999,-9999,-9999,-9999,-9999,-9999,-9999,-9999,-9999,-9999,-9999,-9999,-9999,-9999,-9999,-9999,-9999,-9999,-9999,-9999,-9999,-9999,-9999,-9999,-9999,-9999,-9999,-9999,-9999,-9999,-9999,-9999,-9999,-9999,-9999,-9999,-9999,-9999,-9999,-9999,-9999,-9999,-9999,-9999,-9999,-9999,-9999,-9999,-9999,-9999,-9999,-9999,-9999,-9999,-9999,-9999,-9999,-9999,-9999,-9999,-9999,-9999,-9999,-9999,-9999,-9999,-9999,-9999,-9999,-9999,-9999,-9999,-9999,-9999,-9999,-9999,-9999,-9999,-9999,-9999,-9999,-9999,-9999,-9999,-9999,-9999,-9999,-9999,-9999,-9999,-9999,-9999,-9999,-9999,-9999,-9999,0.000348796718753874,0.000496381369885057,0.000487108365632594,0.00048651042743586,0.000484933378174901,0.000482834380818531,0.000477691675769165,0.000471929990453646,0.000466783676529303,0.000462601834442466,0.000459534407127649,0.000457784772152081,0.000455274479463696,0.000452144595328718,0.000447487167548388,0.000433116685599089,0.000417202885728329,0.000378835771698505,0.000306728528812528,0.000227142008952796,0.000104277176433243,5.07786244270392E-05,2.84195139101939E-05,2.18901714106323E-05,1.88910180440871E-05,2.04696971195517E-05,2.21925911318976E-05,0.000179604816366918
-9999,-9999,-9999,-9999,-9999,-9999,-9999,-9999,-9999,-9999,-9999,-9999,-9999,-9999,-9999,-9999,-9999,-9999,-9999,-9999,-9999,-9999,-9999,-9999,-9999,-9999,-9999,-9999,-9999,-9999,-9999,-9999,-9999,-9999,-9999,-9999,-9999,-9999,-9999,-9999,-9999,-9999,-9999,-9999,-9999,-9999,-9999,-9999,-9999,-9999,-9999,-9999,-9999,-9999,-9999,-9999,-9999,-9999,-9999,-9999,-9999,-9999,-9999,-9999,-9999,-9999,-9999,-9999,-9999,-9999,-9999,-9999,-9999,-9999,-9999,-9999,-9999,-9999,-9999,-9999,-9999,-9999,-9999,-9999,-9999,-9999,-9999,-9999,-9999,-9999,-9999,-9999,-9999,-9999,-9999,-9999,-9999,-9999,-9999,-9999,-9999,-9999,-9999,3.39335929311346E-06,0.000348437140928581,0.000498371198773384,0.000488374615088105,0.000483995245303959,0.000480638438602909,0.000475002423627302,0.000469012011308223,0.00046390388160944,0.000459681788925081,0.000455745263025165,0.000451857369625941,0.000448471721028909,0.000442468473920599,0.000434218323789537,0.000427877996116877,0.000395855022361502,0.00034747552126646,0.000251417921390384,0.00013448394020088,4.06424042012077E-05,2.50512275670189E-05,2.41381840169197E-05,2.61541426880285E-05,2.54473907261854E-05,4.2312363802921E-05,0.000362401886377484,0.000365765648894012
-9999,-9999,-9999,-9999,-9999,-9999,-9999,-9999,-9999,-9999,-9999,-9999,-9999,-9999,-9999,-9999,-9999,-9999,-9999,-9999,-9999,-9999,-9999,-9999,-9999,-9999,-9999,-9999,-9999,-9999,-9999,-9999,-9999,-9999,-9999,-9999,-9999,-9999,-9999,-9999,-9999,-9999,-9999,-9999,-9999,-9999,-9999,-9999,-9999,-9999,-9999,-9999,-9999,-9999,-9999,-9999,-9999,-9999,-9999,-9999,-9999,-9999,-9999,-9999,-9999,-9999,-9999,-9999,-9999,-9999,-9999,-9999,-9999,-9999,-9999,-9999,-9999,-9999,-9999,-9999,-9999,-9999,-9999,-9999,-9999,-9999,-9999,-9999,-9999,-9999,-9999,-9999,-9999,-9999,-9999,-9999,-9999,-9999,-9999,-9999,-9999,-9999,-9999,-9999,3.36927587341052E-06,3.3630076359259E-06,0.000460502662463114,0.000488450052216649,0.000478239438962191,0.000473029009299353,0.000467345409560949,0.00046239048242569,0.000431084568845108,0.000356927805114537,0.000444042147137225,0.000428259663749486,0.000360088859451935,0.00029904639814049,0.000274721533060074,0.000234124105190858,0.000121440192742739,4.46297381131444E-05,2.25095773203066E-05,1.95631091628456E-05,3.28199494106229E-05,5.38539243279956E-05,0.00019343028543517,0.00036450001061894,0.000368030741810799,0.0003679110086523,0.000362422550097108
-9999,-9999,-9999,-9999,-9999,-9999,-9999,-9999,-9999,-9999,-9999,-9999,-9999,-9999,-9999,-9999,-9999,-9999,-9999,-9999,-9999,-9999,-9999,-9999,-9999,-9999,-9999,-9999,-9999,-9999,-9999,-9999,-9999,-9999,-9999,-9999,-9999,-9999,-9999,-9999,-9999,-9999,-9999,-9999,-9999,-9999,-9999,-9999,-9999,-9999,-9999,-9999,-9999,-9999,-9999,-9999,-9999,-9999,-9999,-9999,-9999,-9999,-9999,-9999,-9999,-9999,-9999,-9999,-9999,-9999,-9999,-9999,-9999,-9999,-9999,-9999,-9999,-9999,-9999,-9999,-9999,-9999,-9999,-9999,-9999,-9999,-9999,-9999,-9999,-9999,-9999,-9999,-9999,-9999,-9999,-9999,-9999,-9999,-9999,-9999,-9999,-9999,-9999,-9999,-9999,-9999,3.32406693814846E-06,1.66313766385429E-05,0.000484285526908934,0.000477108667837456,0.000468037673272192,0.00046191070578061,0.000436670263297856,0.000435526861110702,0.000412727793445811,0.000320809835102409,0.00023226608755067,0.000142197081004269,5.53335594304372E-05,8.13334117992781E-05,4.81047791254241E-05,6.31830116617493E-05,0.000202315088245086,0.000379136181436479,0.00037950646947138,0.000377963471692055,0.000374344119336456,0.000368627515854314,0.000363954721251503,0.000348230270901695,0.000180409231688827
-9999,-9999,-9999,-9999,-9999,-9999,-9999,-9999,-9999,-9999,-9999,-9999,-9999,-9999,-9999,-9999,-9999,-9999,-9999,-9999,-9999,-9999,-9999,-9999,-9999,-9999,-9999,-9999,-9999,-9999,-9999,-9999,-9999,-9999,-9999,-9999,-9999,-9999,-9999,-9999,-9999,-9999,-9999,-9999,-9999,-9999,-9999,-9999,-9999,-9999,-9999,-9999,-9999,-9999,-9999,-9999,-9999,-9999,-9999,-9999,-9999,-9999,-9999,-9999,-9999,-9999,-9999,-9999,-9999,-9999,-9999,-9999,-9999,-9999,-9999,-9999,-9999,-9999,-9999,-9999,-9999,-9999,-9999,-9999,-9999,-9999,-9999,-9999,-9999,-9999,-9999,-9999,-9999,-9999,-9999,-9999,-9999,-9999,-9999,-9999,-9999,-9999,-9999,-9999,-9999,-9999,-9999,-9999,3.24766870107851E-06,1.31141832753201E-05,0.00045968234189786,0.00047019324847497,0.000464838260086253,0.000459579983726144,0.000453330518212169,0.000446733582066372,0.000439470604760572,0.000432625151006505,0.000424540950916708,0.000416018505347893,0.00040697434451431,0.000399756885599345,0.000393298279959708,0.000386587489629164,0.000379723409423605,0.000374064897187054,0.000366175489034504,0.000341047969413921,0.000202549999812618,1.40066622407176E-05,-9999
-9999,-9999,-9999,-9999,-9999,-9999,-9999,-9999,-9999,-9999,-9999,-9999,-9999,-9999,-9999,-9999,-9999,-9999,-9999,-9999,-9999,-9999,-9999,-9999,-9999,-9999,-9999,-9999,-9999,-9999,-9999,-9999,-9999,-9999,-9999,-9999,-9999,-9999,-9999,-9999,-9999,-9999,-9999,-9999,-9999,-9999,-9999,-9999,-9999,-9999,-9999,-9999,-9999,-9999,-9999,-9999,-9999,-9999,-9999,-9999,-9999,-9999,-9999,-9999,-9999,-9999,-9999,-9999,-9999,-9999,-9999,-9999,-9999,-9999,-9999,-9999,-9999,-9999,-9999,-9999,-9999,-9999,-9999,-9999,-9999,-9999,-9999,-9999,-9999,-9999,-9999,-9999,-9999,-9999,-9999,-9999,-9999,-9999,-9999,-9999,-9999,-9999,-9999,-9999,-9999,-9999,-9999,-9999,-9999,-9999,3.18347019856446E-06,3.1704348657513E-06,3.14914586851955E-06,3.11907342620543E-06,1.27892053569667E-05,1.7843114619609E-05,2.99392809210985E-06,2.93151560981642E-06,2.86478325506323E-06,5.3312496675062E-06,1.6628866433166E-05,7.14162597432733E-05,0.000145902493386529,0.000159163944772445,3.62331156793516E-05,2.57807505477103E-06,2.55589088737906E-06,2.54308656622015E-06,-9999,-9999,-9999
-9999,-9999,-9999,-9999,-9999,-9999,-9999,-9999,-9999,-9999,-9999,-9999,-9999,-9999,-9999,-9999,-9999,-9999,-9999,-9999,-9999,-9999,-9999,-9999,-9999,-9999,-9999,-9999,-9999,-9999,-9999,-9999,-9999,-9999,-9999,-9999,-9999,-9999,-9999,-9999,-9999,-9999,-9999,-9999,-9999,-9999,-9999,-9999,-9999,-9999,-9999,-9999,-9999,-9999,-9999,-9999,-9999,-9999,-9999,-9999,-9999,-9999,-9999,-9999,-9999,-9999,-9999,-9999,-9999,-9999,-9999,-9999,-9999,-9999,-9999,-9999,-9999,-9999,-9999,-9999,-9999,-9999,-9999,-9999,-9999,-9999,-9999,-9999,-9999,-9999,-9999,-9999,-9999,-9999,-9999,-9999,-9999,-9999,-9999,-9999,-9999,-9999,-9999,-9999,-9999,-9999,-9999,-9999,-9999,-9999,-9999,-9999,-9999,-9999,-9999,-9999,-9999,-9999,-9999,-9999,-9999,-9999,-9999,-9999,-9999,-9999,-9999,-9999,-9999,-9999,-9999
-9999,-9999,-9999,-9999,-9999,-9999,-9999,-9999,-9999,-9999,-9999,-9999,-9999,-9999,-9999,-9999,-9999,-9999,-9999,-9999,-9999,-9999,-9999,-9999,-9999,-9999,-9999,-9999,-9999,-9999,-9999,-9999,-9999,-9999,-9999,-9999,-9999,-9999,-9999,-9999,-9999,-9999,-9999,-9999,-9999,-9999,-9999,-9999,-9999,-9999,-9999,-9999,-9999,-9999,-9999,-9999,-9999,-9999,-9999,-9999,-9999,-9999,-9999,-9999,-9999,-9999,-9999,-9999,-9999,-9999,-9999,-9999,-9999,-9999,-9999,-9999,-9999,-9999,-9999,-9999,-9999,-9999,-9999,-9999,-9999,-9999,-9999,-9999,-9999,-9999,-9999,-9999,-9999,-9999,-9999,-9999,-9999,-9999,-9999,-9999,-9999,-9999,-9999,-9999,-9999,-9999,-9999,-9999,-9999,-9999,-9999,-9999,-9999,-9999,-9999,-9999,-9999,-9999,-9999,-9999,-9999,-9999,-9999,-9999,-9999,-9999,-9999,-9999,-9999,-9999,-9999

Step,133
Year,11.08333
-9999,-9999,-9999,-9999,-9999,-9999,-9999,-9999,-9999,-9999,-9999,-9999,-9999,-9999,-9999,-9999,-9999,-9999,-9999,-9999,-9999,-9999,-9999,-9999,-9999,-9999,-9999,-9999,-9999,-9999,-9999,-9999,-9999,-9999,-9999,-9999,-9999,-9999,-9999,-9999,-9999,-9999,-9999,-9999,-9999,-9999,-9999,-9999,-9999,-9999,-9999,-9999,-9999,-9999,-9999,-9999,-9999,-9999,-9999,-9999,-9999,-9999,-9999,-9999,-9999,-9999,-9999,-9999,-9999,-9999,-9999,-9999,-9999,-9999,-9999,-9999,-9999,-9999,-9999,-9999,-9999,-9999,-9999,-9999,-9999,-9999,-9999,-9999,-9999,-9999,-9999,-9999,-9999,-9999,-9999,-9999,-9999,-9999,-9999,-9999,-9999,-9999,-9999,-9999,-9999,-9999,-9999,-9999,-9999,-9999,-9999,-9999,-9999,-9999,-9999,-9999,-9999,-9999,-9999,-9999,-9999,-9999,-9999,-9999,-9999,-9999,-9999,-9999,-9999,-9999,-9999
-9999,-9999,-9999,-9999,-9999,-9999,-9999,-9999,-9999,-9999,-9999,-9999,-9999,-9999,-9999,-9999,-9999,-9999,-9999,-9999,-9999,-9999,-9999,-9999,-9999,-9999,-9999,-9999,-9999,-9999,-9999,-9999,-9999,-9999,-9999,-9999,-9999,-9999,-9999,-9999,-9999,-9999,-9999,-9999,-9999,-9999,-9999,-9999,-9999,-9999,-9999,-9999,-9999,-9999,-9999,-9999,-9999,-9999,-9999,-9999,-9999,-9999,-9999,-9999,-9999,-9999,-9999,-9999,-9999,-9999,-9999,-9999,-9999,-9999,-9999,-9999,-9999,-9999,-9999,-9999,-9999,-9999,-9999,-9999,-9999,-9999,-9999,-9999,-9999,-9999,-9999,-9999,-9999,-9999,-9999,-9999,-9999,-9999,-9999,-9999,-9999,-9999,-9999,-9999,-9999,-9999,-9999,-9999,-9999,-9999,-9999,-9999,-9999,-9999,-9999,-9999,-9999,-9999,-9999,-9999,-9999,-9999,-9999,-9999,-9999,-9999,-9999,-9999,-9999,-9999,-9999
-9999,-9999,-9999,-9999,-9999,-9999,-9999,-9999,-9999,-9999,-9999,-9999,-9999,-9999,-9999,-9999,-9999,-9999,-9999,-9999,-9999,-9999,-9999,-9999,-9999,-9999,-9999,-9999,-9999,-9999,-9999,-9999,-9999,-9999,-9999,-9999,-9999,-9999,-9999,-9999,-9999,-9999,-9999,-9999,-9999,-9999,-9999,-9999,-9999,-9999,-9999,-9999,-9999,-9999,-9999,-9999,-9999,-9999,-9999,-9999,-9999,-9999,-9999,-9999,-9999,-9999,-9999,-9999,-9999,-9999,-9999,-9999,-9999,-9999,3.73121361008089E-06,5.54890812054509E-06,-9999,-9999,-9999,-9999,-9999,-9999,-9999,-9999,-9999,-9999,-9999,-9999,-9999,-9999,-9999,-9999,-9999,-9999,-9999,-9999,-9999,-9999,-9999,-9999,-9999,-9999,-9999,-9999,-9999,-9999,-9999,-9999,-9999,-9999,-9999,-9999,-9999,-9999,-9999,-9999,-9999,-9999,-9999,-9999,-9999,-9999,-9999,-9999,-9999,-9999,-9999,-9999,-9999,-9999,-9999
-9999,-9999,-9999,-9999,-9999,-9999,-9999,-9999,-9999,-9999,-9999,-9999,-9999,-9999,-9999,-9999,-9999,-9999,-9999,-9999,-9999,-9999,-9999,-9999,-9999,-9999,-9999,-9999,-9999,-9999,-9999,-9999,-9999,-9999,-9999,-9999,-9999,-9999,-9999,-9999,-9999,-9999,-9999,-9999,-9999,-9999,-9999,-9999,-9999,-9999,-9999,-9999,-9999,-9999,-9999,-9999,-9999,-9999,-9999,-9999,-9999,-9999,-9999,-9999,-9999,-9999,-9999,-9999,-9999,-9999,-9999,-9999,-9999,-9999,5.39680468136794E-06,7.98783548816573E-06,-9999,-9999,-9999,-9999,-9999,-9999,-9999,-9999,-9999,-9999,-9999,-9999,-9999,-9999,-9999,-9999,-9999,-9999,-9999,-9999,-9999,-9999,-9999,-9999,-9999,-9999,-9999,-9999,-9999,-9999,-9999,-9999,-9999,-9999,-9999,-9999,-9999,-9999,-9999,-9999,-9999,-9999,-9999,-9999,-9999,-9999,-9999,-9999,-9999,-9999,-9999,-9999,-9999,-9999,-9999
-9999,-9999,-9999,-9999,-9999,-9999,-9999,-9999,-9999,-9999,-9999,-9999,-9999,-9999,-9999,-9999,-9999,-9999,-9999,-9999,-9999,-9999,-9999,-9999,-9999,-9999,-9999,-9999,-9999,-9999,-9999,-9999,-9999,-9999,-9999,-9999,-9999,-9999,-9999,-9999,-9999,-9999,-9999,-9999,-9999,-9999,-9999,-9999,-9999,-9999,-9999,-9999,-9999,-9999,-9999,-9999,2.95862946586567E-07,4.33585512382706E-07,6.27729150437517E-07,9.05933177364204E-07,-9999,-9999,-9999,-9999,-9999,6.74088005325757E-06,6.51652817396098E-06,9.25880067370599E-06,9.00842132978141E-06,5.80732421440189E-06,8.30320186651079E-06,4.14944370277226E-05,5.56546474399511E-05,5.50903459952679E-05,7.74757972976658E-06,3.97472467739135E-05,5.14448365720455E-05,-9999,-9999,4.78321089758538E-05,7.39888637326658E-05,6.46519984002225E-05,6.55259063933045E-05,0.000168278245837428,0.000223761366214603,0.000204227602807805,0.000204503812710755,0.000124786616652273,5.86537644267082E-05,-9999,-9999,-9999,-9999,-9999,-9999,-9999,-9999,-9999,-9999,-9999,-9999,-9999,-9999,-9999,-9999,-9999,-9999,-9999,-9999,-9999,-9999,-9999,-9999,-9999,-9999,-9999,-9999,-9999,-9999,-9999,-9999,-9999,-9999,-9999,-9999,-9999,-9999,-9999,-9999,-9999,-9999
-9999,-9999,-9999,-9999,-9999,-9999,-9999,-9999,-9999,-9999,-9999,-9999,-9999,-9999,-9999,-9999,-9999,-9999,-9999,-9999,-9999,-9999,-9999,-9999,-9999,-9999,-9999,-9999,-9999,-9999,-9999,-9999,-9999,-9999,-9999,-9999,-9999,-9999,-9999,-9999,-9999,-9999,-9999,-9999,-9999,-9999,-9999,-9999,-9999,-9999,-9999,-9999,-9999,-9999,-9999,3.02859206158246E-07,4.46612375526456E-07,6.53488314128481E-07,9.39024573654024E-07,1.32194838897703E-06,1.85178726042068E-06,2.654033323779E-06,-9999,1.10683395178057E-05,2.99234525300562E-05,1.00783745438093E-05,9.51322090259055E-06,7.10903623257764E-05,7.18626615707763E-05,8.41433575260453E-06,8.13760925666429E-06,9.39583114814013E-05,0.000119006617751438,0.000105538892967161,9.28355366340838E-05,9.13292242330499E-05,7.04912672517821E-05,7.79775582486764E-05,0.000129568259580992,0.000228940596571192,0.000543811940588057,0.000830337521620095,0.000918923469725996,0.0009161785710603,0.000921671860851347,0.000927946181036532,0.000934886047616601,0.000945586536545306,0.000909548718482256,0.000478945177746937,0.000202964860363863,-9999,-9999,-9999,-9999,-9999,-9999,-9999,-9999,-9999,-9999,-9999,-9999,-9999,-9999,-9999,-9999,-9999,-9999,-9999,-9999,-9999,-9999,-9999,-9999,-9999,-9999,-9999,-9999,-9999,-9999,-9999,-9999,-9999,-9999,-9999,-9999,-9999,-9999,-9999,-9999
-9999,-9999,-9999,-9999,-9999,-9999,-9999,-9999,-9999,-9999,-9999,-9999,-9999,-9999,-9999,-9999,-9999,-9999,-9999,-9999,-9999,-9999,-9999,-9999,-9999,-9999,-9999,-9999,-9999,-9999,-9999,-9999,-9999,-9999,-9999,-9999,-9999,-9999,-9999,-9999,-9999,-9999,-9999,-9999,-9999,-9999,-9999,-9999,-9999,-9999,-9999,-9999,-9999,-9999,-9999,4.53943130196421E-07,6.73280624141626E-07,9.93595449472195E-07,1.42809722092352E-06,1.99249234356103E-06,2.73518821813923E-06,3.75691274712153E-06,5.22731079399819E-06,7.38643075237633E-06,1.043181418936E-05,6.09652415732853E-05,0.000106194340332877,0.000268756732111797,0.000434827845310792,0.000625238346401602,0.000712348613888025,0.000634669442661107,0.000780946691520512,0.000870528863742948,0.000697842915542424,0.000685464066918939,0.000642783823423088,0.000686176470480859,0.000922449224162847,0.000939311168622226,0.000949395820498466,0.000953380018472672,0.000956540170591325,0.000956414733082056,0.000956304604187608,0.000957661599386483,0.00096085702534765,0.00096360850147903,0.000963477592449635,0.000957724871113896,0.000939928868319839,0.000779341498855501,0.000185207623871975,-9999,-9999,-9999,-9999,-9999,-9999,-9999,-9999,-9999,5.92253381910268E-05,5.92356009292416E-05,5.93264521739911E-05,-9999,-9999,-9999,-9999,-9999,-9999,-9999,-9999,-9999,-9999,-9999,-9999,-9999,-9999,-9999,-9999,-9999,-9999,-9999,-9999,-9999,-9999,-9999,-9999,-9999,-9999
-9999,-9999,-9999,-9999,-9999,-9999,-9999,-9999,-9999,-9999,-9999,-9999,-9999,-9999,-9999,-9999,-9999,-9999,-9999,-9999,-9999,-9999,-9999,-9999,-9999,-9999,-9999,-9999,-9999,-9999,-9999,2.7630054319161E-05,-9999,-9999,-9999,8.58152998262085E-05,-9999,-9999,-9999,-9999,-9999,-9999,-9999,-9999,-9999,-9999,-9999,-9999,-9999,-9999,-9999,-9999,-9999,-9999,-9999,-9999,-9999,6.76062313686998E-07,9.80327399702219E-07,1.40163979267527E-06,-9999,3.5760567698162E-06,5.11313191964291E-06,7.26838834452792E-06,1.02693420558353E-05,6.13500596955419E-05,0.00011008888395736,0.000150623149238527,9.33176852413453E-05,0.000512498547323048,0.00105265958700329,0.0011022238759324,0.00109021191019565,0.00107480736915022,0.00103906553704292,0.0010096839396283,0.00100971048232168,0.00100640929304063,0.000989736639894545,0.00097679637838155,0.000967222556937486,0.000961805984843522,0.0009512904798612,0.000944616040214896,0.00094697013264522,0.000950409739743918,0.000955283059738576,0.000961209007073194,0.00096486444817856,0.000965042214374989,0.000965725281275809,0.000946822226978838,0.000858490937389433,0.000224191840970889,-9999,-9999,-9999,-9999,-9999,-9999,-9999,-9999,8.04591254564002E-05,0.000124733327538706,8.13177248346619E-05,5.8336830988992E-05,5.87392569286749E-05,-9999,-9999,-9999,-9999,-9999,-9999,-9999,-9999,-9999,-9999,-9999,-9999,-9999,-9999,-9999,-9999,-9999,-9999,-9999,-9999,-9999,-9999,-9999,-9999
-9999,-9999,-9999,-9999,-9999,-9999,-9999,-9999,-9999,-9999,-9999,-9999,-9999,-9999,-9999,-9999,-9999,-9999,-9999,-9999,-9999,-9999,-9999,-9999,-9999,-9999,-9999,-9999,-9999,-9999,2.00992399186362E-05,3.81078280042857E-05,-9999,-9999,4.09589883929584E-05,6.92867251927964E-05,-9999,-9999,7.59628237574361E-05,0.000131781082018279,-9999,-9999,-9999,-9999,-9999,1.16085839181324E-05,-9999,-9999,-9999,-9999,-9999,-9999,-9999,-9999,-9999,-9999,-9999,-9999,-9999,-9999,-9999,5.17829084856203E-06,7.39430333851487E-06,1.05966009869007E-05,1.01735568023287E-05,5.91714197071269E-05,6.52670642011799E-05,6.26804976491258E-05,5.93113982176874E-05,0.000347865367075428,0.00106459273956716,0.00112297188024968,0.00111290696077049,0.00109440856613219,0.00107167393434793,0.0010498957708478,0.0010309589561075,0.00101326685398817,0.000997686642222106,0.000982851488515735,0.000968714477494359,0.000954081304371357,0.000937299919314682,0.000933849194552749,0.000935106654651463,0.000942646292969584,0.000948974105995148,0.000956313160713762,0.000963225204031914,0.000967176689300686,0.000969891028944403,0.00096842652419582,0.00095305236754939,0.000804052571766078,0.000225510477321222,-9999,-9999,-9999,-9999,-9999,9.39404126256704E-05,9.49337481870316E-05,0.000181027367943898,0.000268402771325782,0.000203718853299506,0.000137015318614431,9.01474923011847E-05,5.81631611566991E-05,-9999,-9999,-9999,-9999,-9999,-9999,-9999,-9999,-9999,-9999,-9999,-9999,-9999,-9999,-9999,-9999,-9999,-9999,-9999,-9999,-9999,-9999,-9999
-9999,-9999,-9999,-9999,-9999,-9999,-9999,-9999,-9999,-9999,-9999,-9999,-9999,-9999,-9999,-9999,-9999,-9999,-9999,-9999,-9999,-9999,-9999,4.68560137960594E-05,6.00308740104083E-05,-9999,-9999,-9999,-9999,5.05971765960567E-05,4.74756998301018E-05,1.88648773473687E-05,9.53337003011256E-05,1.00669649327756E-05,8.45695976749994E-05,0.000148408857057802,0.000266791583271697,0.000115532668132801,6.85196500853635E-05,-9999,6.99288284522481E-05,7.30419924366288E-05,-9999,-9999,0.000122084267786704,1.62618125614244E-05,9.86057693808107E-06,6.16370198258664E-06,-9999,-9999,-9999,-9999,-9999,-9999,-9999,-9999,-9999,2.40148619923275E-05,1.52164875544258E-05,-9999,-9999,-9999,1.05906201497419E-05,7.02533798175864E-05,6.77633870509453E-05,6.75294431857765E-05,6.52062299195677E-05,6.17017576587386E-05,8.10968194855377E-05,0.000502302602399141,0.00106721965130419,0.00112236069981009,0.00111028586979955,0.00109273765701801,0.0010713548399508,0.00105001777410507,0.00103079993277788,0.00101214740425348,0.000995803507976234,0.000980379991233349,0.000961121404543519,0.000909481081180274,0.00091359531506896,0.000923224491998553,0.000926548440475017,0.000930857902858406,0.000940181314945221,0.000950398971326649,0.000959344324655831,0.000964637903962284,0.000967906496953219,0.000969037355389446,0.000963539467193186,0.000921274535357952,0.000269287847913802,4.73529362352565E-05,6.85674922351609E-06,4.73591217087233E-06,7.2549628384877E-06,0.000227078358875588,0.000449823128292337,0.000585354981012642,0.000656711694318801,0.000563514535315335,0.000534794060513377,0.000407436018576846,0.000246115057962015,8.01956630311906E-05,5.82895081606694E-05,5.90244926570449E-05,-9999,-9999,-9999,-9999,-9999,-9999,-9999,-9999,-9999,-9999,-9999,-9999,-9999,-9999,-9999,-9999,-9999,-9999,-9999,-9999,-9999
-9999,-9999,-9999,-9999,-9999,-9999,-9999,-9999,-9999,-9999,-9999,-9999,-9999,-9999,-9999,-9999,-9999,-9999,-9999,-9999,-9999,-9999,7.05026905052364E-05,8.31597135402262E-05,5.65298469155096E-05,5.72438002564013E-05,6.3420862716157E-05,7.34215718694031E-05,0.000138175470056012,0.000207551522180438,0.000155868183355778,0.000367735308827832,0.000505419448018074,0.000544511247426271,0.000624621054157615,0.000539672211743891,0.000534679042175412,0.000486582197481766,0.000279887579381466,0.000213823717785999,6.86801213305444E-05,4.21858640038408E-05,3.53046962118242E-05,4.76992172480095E-05,1.30793887365144E-05,8.99063525139354E-06,8.6312657003873E-06,8.23486698209308E-06,5.30408033228014E-06,-9999,-9999,-9999,-9999,-9999,-9999,-9999,-9999,0.000100258512247819,9.09425871213898E-05,8.42521549202502E-05,-9999,-9999,6.85042032273486E-05,6.98760195518844E-05,6.95747075951658E-05,6.7506916821003E-05,6.39118952676654E-05,7.47260346543044E-05,0.000245886913035065,0.000700787000823766,0.00107617024332285,0.0011199590517208,0.00110458175186068,0.00108723505400121,0.00106652267277241,0.00104513065889478,0.00102548161521554,0.00100776192266494,0.000990950386039913,0.00097608141368255,0.000911222654394805,0.000470403174404055,0.000553443736862391,0.000765354605391622,0.00088483071886003,0.000920877733733505,0.000930632988456637,0.000942121318075806,0.000952144851908088,0.00095800863346085,0.00096430815756321,0.000968495558481663,0.000962038175202906,0.000899436592590064,0.000431089632911608,0.000347929133567959,2.82445216726046E-05,7.02381385053741E-06,0.000343916908605024,0.000802015769295394,0.000896526966243982,0.000955956580583006,0.000948164379224181,0.000920971506275237,0.000887155998498201,0.0007306874031201,0.000469227088615298,0.000244404713157564,8.91455420060083E-05,5.80845335207414E-05,-9999,-9999,-9999,-9999,-9999,-9999,-9999,-9999,-9999,-9999,-9999,-9999,-9999,-9999,-9999,-9999,-9999,-9999,-9999,-9999,-9999
-9999,-9999,-9999,-9999,-9999,-9999,-9999,-9999,-9999,-9999,-9999,-9999,-9999,-9999,-9999,-9999,-9999,-9999,-9999,-9999,-9999,-9999,7.05042111803778E-05,8.43160742078908E-05,7.15071582817473E-05,7.42030097171664E-05,0.000275704980595037,0.000549743126612157,0.000726158497855067,0.000638530473224819,0.000636500131804496,0.000511339283548295,0.00054934702347964,0.000629342102911323,0.00058449077187106,0.00066402368247509,0.000785528216511011,0.000780421309173107,0.0008140365825966,0.000722848169971257,0.00050605705473572,0.000325868983054534,0.00013354656402953,5.01061476825271E-05,2.43446538661374E-05,1.08445765363285E-05,1.08575213744189E-05,1.07561654658639E-05,7.15530723027769E-06,7.06008040651795E-06,7.04926196704037E-06,-9999,-9999,-9999,-9999,-9999,-9999,-9999,8.30513890832663E-05,7.51312763895839E-05,6.98678850312717E-05,6.50037327432074E-05,6.75138508086093E-05,6.85447303112596E-05,6.86405837768689E-05,6.60138393868692E-05,7.74478394305333E-05,0.000250218203291297,0.000675361836329103,0.00107045390177518,0.00112651579547673,0.00111147155985236,0.0010944550158456,0.00107762613333762,0.00105770176742226,0.00103648158255965,0.00101814779918641,0.00100222462788224,0.000987057224847376,0.000878766586538404,1.19164560601348E-05,6.43565135760582E-06,6.37741140963044E-06,6.34184743830701E-06,7.31133332010359E-05,0.000603358203079551,0.000900160346645862,0.000931021175347269,0.000942073937039822,0.000951480702497065,0.000959832977969199,0.000966017367318273,0.00096267816843465,0.00088968186173588,0.000909276655875146,0.000944305269513279,0.000835980754345655,0.000451447907835245,0.000919231679290533,0.00101743487175554,0.00103706074878573,0.0010298629058525,0.00100599252618849,0.000992538291029632,0.000972822250332683,0.000884442823007703,0.000662340957205743,0.000433243636507541,0.00013393243716564,5.63581088499632E-05,2.89331910607871E-05,-9999,-9999,-9999,-9999,-9999,-9999,-9999,-9999,-9999,-9999,-9999,-9999,-9999,-9999,-9999,-9999,-9999,-9999,-9999,-9999
-9999,-9999,-9999,-9999,-9999,-9999,-9999,-9999,-9999,-9999,-9999,-9999,-9999,-9999,-9999,-9999,-9999,-9999,-9999,-9999,-9999,-9999,6.92761605023406E-05,8.6775966337882E-05,0.000136920294607989,0.000629624119028449,0.000815555162262172,0.000901173800230026,0.000857031147461385,0.000680618162732571,0.000677116913720965,0.000759018992539495,0.000797733140643686,0.000835412938613445,0.00094952346989885,0.000944070750847459,0.000975144270341843,0.00100417505018413,0.0010626376606524,0.000993241905234754,0.000879451690707356,0.00054920109687373,0.000289396761218086,0.00016681979468558,0.000143783006933518,0.000161114134243689,0.000141210344736464,9.72104171523824E-05,9.75846069195541E-06,9.92702916846611E-06,9.99466919893166E-06,-9999,-9999,-9999,-9999,6.92238536430523E-05,7.0245296228677E-05,7.2106187872123E-05,7.33277556719258E-05,6.79634904372506E-05,7.7496821177192E-05,6.10142014920712E-05,5.27729789610021E-05,3.29572030750569E-05,9.26498760236427E-05,0.000307044014334679,0.000145451573189348,0.00081411370774731,0.00114554644096643,0.00113323249388486,0.0011162799783051,0.00109951372724026,0.00108247518073767,0.00106556469108909,0.00104467803612351,0.00102598231751472,0.00101268023718148,0.000947652384638786,6.66531605020282E-06,6.58882527204696E-06,6.52127346256748E-06,4.3179898057133E-06,4.28071507485583E-06,4.2575593397487E-06,6.33523131909897E-06,2.36316955124494E-05,0.000310620293021202,0.000818725617136806,0.000925265601836145,0.000942255312111229,0.000952631758991629,0.000960360397584736,0.000968460517469794,0.000977191608399153,0.000986224040389061,0.00099510420113802,0.000991820357739925,0.00100010307505727,0.00102711608633399,0.0010499918134883,0.0010588753502816,0.00105306401383132,0.00104258535429835,0.00103248085360974,0.000990330474451184,0.00095216860063374,0.000803807924967259,0.000625167158432305,0.000286233553197235,0.000106074650830124,1.26169288705569E-05,8.09451921668369E-06,-9999,-9999,-9999,-9999,-9999,-9999,-9999,-9999,-9999,-9999,-9999,-9999,-9999,-9999,-9999,-9999,-9999,-9999,-9999
-9999,-9999,-9999,-9999,-9999,-9999,-9999,-9999,-9999,-9999,-9999,-9999,-9999,-9999,-9999,-9999,-9999,-9999,-9999,-9999,-9999,6.36425102129579E-05,7.52825289964676E-05,0.000293779594358057,0.000805472023785114,0.00105213036295027,0.00105229485780001,0.000976408715359867,0.000850524811539799,0.0010034809820354,0.000997569528408349,0.0010275604436174,0.00102296401746571,0.00101840053685009,0.00107805826701224,0.00112890906166285,0.00114813551772386,0.00114124407991767,0.00117889838293195,0.00117155408952385,0.00114316714461893,0.000936563359573483,0.000364008417818695,0.000227415992412716,0.000279452855465934,0.000253491365583614,0.000227721102419309,0.000229700919589959,0.000227529468247667,0.000163053831784055,0.000104300823295489,6.99469601386227E-05,7.01331082382239E-05,7.11423635948449E-05,7.21044198144227E-05,6.59331999486312E-05,7.42952615837567E-05,6.60218720440753E-05,6.66739360895008E-05,7.63423231546767E-05,0.000316749676130712,0.000675170391332358,0.000328186433762312,9.15724285732722E-06,9.04962962522404E-06,8.74480065249372E-06,3.43763058481272E-05,0.000316443358315155,0.00113993033301085,0.00112320831976831,0.00110726361162961,0.00108392362017184,0.00106477737426758,0.000916539400350302,3.88887419831008E-05,6.95077869750094E-06,6.84100541548105E-06,6.76182844472351E-06,4.46701824330376E-06,4.41493830294348E-06,4.37056723967544E-06,2.8926997401868E-06,2.87031457446574E-06,2.85699024971109E-06,4.25402868131641E-06,6.34806156085688E-06,4.11888322560117E-05,0.000271441385848448,0.000746730307582766,0.000911917304620147,0.000939752731937915,0.000950294896028936,0.000959177792537957,0.000969055749010295,0.000981744145974517,0.000993553549051285,0.00100409775041044,0.00101555627770722,0.00103009899612516,0.00104331376496702,0.00104837352409959,0.00105096993502229,0.0010507283732295,0.00104910251684487,0.0010339607251808,0.000982054858468473,0.00092534301802516,0.000710218795575202,0.000422341399826109,0.000234992636251263,6.46408007014543E-05,7.94266634329688E-06,8.15358271211153E-06,1.56136084115133E-05,-9999,-9999,-9999,-9999,-9999,-9999,-9999,-9999,-9999,-9999,-9999,-9999,-9999,-9999,-9999,-9999,-9999
-9999,-9999,-9999,-9999,-9999,-9999,-9999,-9999,-9999,-9999,-9999,-9999,-9999,-9999,-9999,-9999,-9999,-9999,-9999,-9999,-9999,0.000126264712889679,0.000711109139956534,0.00104354962240905,0.00117202161345631,0.00111345632467419,0.00104575883597136,0.00100640545133501,0.00107046111952513,0.00115340505726635,0.00121783872600645,0.00121110468171537,0.00124483660329133,0.00127188570331782,0.00125062419101596,0.00129712116904557,0.00128968781791627,0.00127000745851547,0.00128198252059519,0.00128126167692244,0.00125372956972569,0.00122354819905013,0.00115383928641677,0.00103667459916323,0.000913957483135164,0.000730380008462816,0.000462313852040097,0.000251745979767293,0.000276434730039909,0.000226941672735848,0.000166653961059637,0.000108843989437446,9.74526483332738E-05,7.81234411988407E-05,7.77831446612254E-05,0.000119098483992275,0.000105947874544654,0.000104431877844036,0.000161201867740601,0.0007099918439053,0.00117158214561641,0.00127943267580122,0.00124633579980582,0.000394075846998021,8.68534334586002E-06,8.47141109261429E-06,8.17366981209489E-06,0.00114993425086141,0.00113318581134081,0.00111674657091498,0.00079523993190378,7.38725429982878E-06,7.2873558565334E-06,7.23229140930925E-06,-9999,-9999,-9999,-9999,-9999,-9999,-9999,1.92824063560693E-06,1.92109769159288E-06,2.85686382994754E-06,4.25761345468345E-06,6.35447486274643E-06,1.44418900163146E-05,8.83142492966726E-05,0.000354868680005893,0.000761248462367803,0.000914924254175276,0.000936891592573375,0.000946293468587101,0.000960980076342821,0.000974076916463673,0.00098580785561353,0.000997076975181699,0.00101008464116603,0.00102167681325227,0.00103106605820358,0.00103596202097833,0.00103867892175913,0.00104438059497625,0.00105314387474209,0.00104820099659264,0.00102003384381533,0.000954964722041041,0.00082990393275395,0.000636503682471812,0.00038457041955553,0.000209902384085581,6.76046765875071E-05,4.56773959740531E-05,3.68302498827688E-05,4.92643484903965E-05,-9999,-9999,-9999,-9999,-9999,-9999,-9999,-9999,-9999,-9999,-9999,-9999,-9999,-9999,-9999,-9999
-9999,-9999,-9999,-9999,-9999,-9999,-9999,-9999,-9999,-9999,-9999,-9999,-9999,-9999,-9999,-9999,-9999,-9999,-9999,6.58223871141672E-05,0.000178765854798257,0.000995533890090883,0.0011895188363269,0.00119136634748429,0.00116569618694484,0.00121594709344208,0.00118862220551819,0.00118314241990447,0.00126130157150328,0.00126903830096126,0.00128855602815747,0.00130486837588251,0.00128930620849133,0.00127152679488063,0.00129939685575664,0.00131070986390114,0.00130347674712539,0.00128656125161797,0.00129167153500021,0.00129797426052392,0.00129704759456217,0.00128613330889493,0.00128074339590967,0.00125432934146374,0.00122670736163855,0.00116361863911152,0.00108763470780104,0.00101246184203774,0.000787527882494032,0.000522058689966798,0.000221844209590927,0.000221120644710027,0.00024250173009932,0.000264956266619265,0.000345421052770689,0.000511710182763636,0.000771663791965693,0.000843580695800483,0.00104468106292188,0.00124131701886654,0.00128252094145864,0.00128197087906301,0.001274484093301,0.00127358525060117,3.12177799060009E-05,0.00119235448073596,0.0012012132210657,0.00116121140308678,0.000895412405952811,1.94189415196888E-05,7.59818067308515E-06,-9999,-9999,-9999,-9999,-9999,-9999,-9999,-9999,-9999,-9999,-9999,-9999,1.91363756130158E-06,2.85496662399964E-06,4.263050868758E-06,6.36767072137445E-06,4.40080766566098E-05,0.000179019320057705,0.000503896153531969,0.000829283613711596,0.000920936639886349,0.000937315169721842,0.000946562737226486,0.000958186865318567,0.000970359949860722,0.000982502824626863,0.000994845060631633,0.00100551045034081,0.00101346930023283,0.00101893825922161,0.00102221569977701,0.00102423958014697,0.00103097839746624,0.00103522860445082,0.00102216936647892,0.000994032947346568,0.000948576664086431,0.000854920363053679,0.000592072086874396,0.000322537933243439,0.000229632336413488,0.000144044432090595,5.59547115699388E-05,5.41354856977705E-05,-9999,-9999,-9999,-9999,-9999,-9999,-9999,-9999,-9999,-9999,-9999,-9999,-9999,-9999,-9999,-9999
-9999,-9999,-9999,-9999,-9999,-9999,-9999,-9999,-9999,-9999,-9999,-9999,-9999,-9999,-9999,-9999,-9999,-9999,0.000195706423255615,0.000494031701236963,0.00112334173172712,0.00126966671086848,0.00127143890131265,0.00130401318892837,0.00131696625612676,0.00130029884167016,0.00136349664535373,0.00138263357803226,0.00136758980806917,0.00134971388615668,0.00133143342100084,0.00130716129206121,0.00128355959895998,0.00131270242854953,0.00130646990146488,0.00132393243256956,0.00131757301278412,0.00132058176677674,0.00130967062432319,0.00130600784905255,0.00130224553868175,0.00129682128317654,0.00129325629677624,0.00128849479369819,0.00127970089670271,0.0012609256664291,0.00123893260024488,0.00119809515308589,0.00113339733798057,0.000988082494586706,0.000620162289123982,0.000343639345373958,0.000438052171375602,0.000796690175775439,0.000951868889387697,0.0010278495028615,0.00103069865144789,0.0011237224098295,0.00124007102567703,0.00126607622951269,0.00126552092842758,0.00125539978034794,0.00124589051119983,0.00123629695735872,0.001216477365233,0.00119701318908483,0.0011291567934677,1.69631039170781E-05,-9999,-9999,-9999,-9999,-9999,-9999,-9999,-9999,-9999,-9999,-9999,-9999,-9999,-9999,-9999,-9999,-9999,4.26541510023526E-06,6.36898221273441E-06,1.91638209798839E-05,8.84437758941203E-05,0.000298331724479795,0.000656580436043441,0.00088742544176057,0.00092445220798254,0.000935234711505473,0.000942759332247078,0.000951271154917777,0.000962383754085749,0.000974415626842529,0.000984259648248553,0.00099128601141274,0.000995060079731047,0.000998066272586584,0.00100245571229607,0.00100666005164385,0.00101258757058531,0.00100786471739411,0.000981350196525455,0.000945778621826321,0.000899670412763953,0.000793004874140024,0.000518790737260133,0.000318987644277513,0.000126967133837752,6.15179160377011E-05,5.44889117009006E-05,-9999,-9999,-9999,-9999,-9999,-9999,-9999,-9999,-9999,-9999,-9999,-9999,-9999,-9999,-9999,-9999
-9999,-9999,-9999,-9999,-9999,-9999,-9999,-9999,-9999,-9999,-9999,-9999,9.73416354099754E-06,2.88267419819022E-05,-9999,6.67912245262414E-05,0.000141284195706248,0.000530802179127932,0.000984375830739737,0.00119825406000018,0.00134605297353119,0.00138615560717881,0.0014039664529264,0.0014050843892619,0.00139798561576754,0.0014030704041943,0.00140236294828355,0.00139201560523361,0.00138755131047219,0.00137357378844172,0.00135717983357608,0.00134604796767235,0.00134195713326335,0.0013401594478637,0.00133582856506109,0.00133410608395934,0.00132848625071347,0.00132292311172932,0.00131451501511037,0.00130493054166436,0.00129547400865704,0.00128633948042989,0.0012811484048143,0.00127811264246702,0.0012745400890708,0.00126874016132206,0.00126090098638088,0.00124934269115329,0.00123247189912945,0.0011992696672678,0.00111510208807886,0.000936352822463959,0.000818280794192106,0.000883362838067114,0.000943099439609796,0.00101869646459818,0.00109611079096794,0.00121743907220662,0.00124779483303428,0.00123640650417656,0.0012350264005363,0.00123213324695826,0.00122594379354268,0.00121602101717144,0.00120202975813299,0.00119612796697766,1.3292842595547E-05,-9999,-9999,-9999,-9999,-9999,-9999,-9999,-9999,-9999,-9999,-9999,-9999,-9999,-9999,-9999,-9999,-9999,-9999,-9999,4.26895940108807E-06,6.37070843367837E-06,3.13379496219568E-05,0.000140514501254074,0.00042796804336831,0.000779714260715991,0.000904763175640255,0.000923073443118483,0.000931774033233523,0.000934018404223025,0.000941737147513777,0.000952182395849377,0.000960301898885518,0.000966346531640738,0.000969330605585128,0.000969842192716897,0.000973075744695961,0.000980720389634371,0.000986091326922178,0.000986177241429687,0.000974386581219733,0.000949245528317988,0.000920300546567887,0.000848624971695244,0.000624958076514304,0.00033669188269414,0.000136608374305069,6.6713044361677E-05,5.29283352079801E-05,-9999,-9999,-9999,-9999,-9999,-9999,-9999,-9999,-9999,-9999,-9999,-9999,-9999,-9999,-9999,-9999
-9999,-9999,-9999,-9999,-9999,-9999,-9999,-9999,-9999,-9999,9.51544825511519E-06,9.50884532358032E-06,9.53342259890633E-06,0.000106539941043593,0.000259252759860829,0.000685915467329323,0.00104288174770772,0.0012115987483412,0.00132669624872506,0.0013883737847209,0.00141308375168592,0.00141862721648067,0.00141863187309355,0.00141644442919642,0.00141272495966405,0.00140548078343272,0.00139867165125906,0.00138968660030514,0.00137922237627208,0.00136714754626155,0.00135482056066394,0.00134237192105502,0.00133253750391304,0.00132631335873157,0.0013206722214818,0.00131727755069733,0.00131283572409302,0.00130582111887634,0.00129710754845291,0.00128756125923246,0.00127769471146166,0.0012673829915002,0.00125962903257459,0.00125567126087844,0.00125222525093704,0.00124751077964902,0.00124205439351499,0.00123592070303857,0.00122855242807418,0.00122128729708493,0.00121292052790523,0.00120161380618811,0.00119203981012106,0.00118697842117399,0.00119239720515907,0.00121642043814063,0.00122877373360097,0.00123322964645922,0.00123183755204082,0.00122039369307458,0.000309779192321002,8.25034385343315E-06,8.26601990411291E-06,2.22121179831447E-05,0.000541435671038926,6.13880329183303E-05,-9999,-9999,-9999,-9999,-9999,-9999,-9999,-9999,-9999,-9999,-9999,-9999,-9999,-9999,-9999,-9999,-9999,-9999,-9999,-9999,-9999,4.26550286647398E-06,6.35971218798659E-06,3.26021108776331E-05,0.00016815448179841,0.000503693474456668,0.000832236721180379,0.000908977992366999,0.000917176483199,0.00092131644487381,0.000922260107472539,0.000928622670471668,0.000934519164729863,0.000940671947319061,0.000942868995480239,0.000943438615649939,0.000943285587709397,0.000951257301494479,0.000958296994213015,0.000960567442234606,0.000954831717535853,0.000942367478273809,0.000909618567675352,0.000840031949337572,0.00068638171069324,0.00043723062844947,0.000161512230988592,7.20207463018596E-05,5.12245569552761E-05,-9999,-9999,-9999,-9999,-9999,-9999,-9999,-9999,-9999,-9999,-9999,-9999,-9999,-9999,-9999,-9999
-9999,-9999,-9999,-9999,-9999,-9999,-9999,-9999,6.47173583274707E-05,6.45988620817661E-05,1.52579250425333E-05,2.55532868322916E-05,0.000186575955012813,0.000840343185700476,0.00114388938527554,0.00125254655722529,0.00133317825384438,0.00137788953725249,0.00139476859476417,0.00140867359004915,0.00141425128094852,0.00141424767207354,0.00141261331737041,0.00140712247230113,0.00140044395811856,0.00139144784770906,0.00138085486833006,0.00136895186733454,0.00135709368623793,0.00134435319341719,0.00133146229200065,0.0013186828000471,0.0013079441851005,0.00130251771770418,0.00129638938233256,0.00129184941761196,0.00128542492166162,0.00127790216356516,0.00126887462101877,0.00125795684289187,0.00124644883908331,0.00123529869597405,0.00122786150313914,0.00122443086002022,0.00122069555800408,0.00121567759197205,0.0012101469328627,0.00120441243052483,0.00119824823923409,0.0011933168862015,0.00119039812125266,0.00119112629909068,0.00119473238009959,0.00120000203605741,0.00120709044858813,0.00121212808880955,0.00121453788597137,0.00121587270405143,0.0012134910793975,0.00120404025074095,0.00116767711006105,8.14249506220222E-06,-9999,-9999,-9999,-9999,-9999,-9999,-9999,-9999,-9999,-9999,-9999,-9999,-9999,-9999,-9999,-9999,-9999,-9999,-9999,-9999,-9999,-9999,-9999,-9999,-9999,-9999,4.25536109105451E-06,6.34175603408949E-06,1.1307347449474E-05,9.11515599000268E-05,0.000415604998124763,0.000804254203103483,0.000897873018402606,0.000908458780031651,0.000908404414076358,0.000907584035303444,0.000908935151528567,0.000914372853003442,0.000917318160645664,0.000919580168556422,0.000920728256460279,0.000922912498936057,0.0009297487558797,0.000933362985961139,0.000931959541048855,0.000924221996683627,0.000900359882507473,0.000850581505801529,0.000730827450752258,0.000479360343888402,0.000171891413629055,6.95716589689255E-05,4.95645253977273E-05,-9999,-9999,-9999,-9999,-9999,-9999,-9999,-9999,-9999,-9999,-9999,-9999,-9999,-9999,-9999,-9999
-9999,-9999,-9999,-9999,-9999,-9999,-9999,-9999,6.34589887340553E-05,7.22508120816201E-05,7.9449571785517E-05,0.000307119626086205,0.00112362869549543,0.00128599361050874,0.00132177956402302,0.00135446956846863,0.00138223287649453,0.00139716081321239,0.00140433839987963,0.00140573317185044,0.00140441244002432,0.00140176760032773,0.00139617267996073,0.00138867425266653,0.0013796609127894,0.00136899796780199,0.00135555560700595,0.0013404554920271,0.00132863724138588,0.00131797208450735,0.0013062534853816,0.00129395816475153,0.00128375145141035,0.00127601437270641,0.00127042108215392,0.00126479414757341,0.00125811970792711,0.00124955468345433,0.00123927835375071,0.00122711854055524,0.00121480179950595,0.00120307423640043,0.00119438383262604,0.00118938542436808,0.00118392577860504,0.00117826880887151,0.0011728637618944,0.00116853683721274,0.00116351258475333,0.00115955504588783,0.00115749950055033,0.00116055156104267,0.00116702448576689,0.00117526610847563,0.00118375557940453,0.00118965364526957,0.00119231350254267,0.00119078275747597,0.00118844071403146,0.0011861827224493,0.00113111292012036,8.09783068689285E-06,-9999,-9999,-9999,-9999,-9999,-9999,-9999,-9999,-9999,-9999,-9999,-9999,-9999,-9999,-9999,-9999,-9999,-9999,-9999,-9999,-9999,-9999,-9999,-9999,-9999,-9999,-9999,-9999,6.31589409749722E-06,6.30966860626359E-06,1.28112496895483E-05,0.000128359897644259,0.000630118476692587,0.000874410849064589,0.000892794749233872,0.000890755851287395,0.000887989648617804,0.000888682086952031,0.00089177128393203,0.000893378630280495,0.00089605082757771,0.000898457830771804,0.000902392435818911,0.000906396715436131,0.00090537965297699,0.000903236912563443,0.000887466652784497,0.00085551425581798,0.000774745014496148,0.000489651109091938,0.000181644412805326,5.97597863816191E-05,4.92973267682828E-05,-9999,-9999,-9999,-9999,-9999,-9999,-9999,-9999,-9999,-9999,-9999,-9999,-9999,-9999,-9999,-9999
-9999,-9999,-9999,-9999,-9999,-9999,6.58160570310429E-05,6.501903408207E-05,6.48367422400042E-05,0.000183832162292674,0.000859448977280408,0.00119535799603909,0.00131750328000635,0.00134686811361462,0.00136989227030426,0.00138256594073027,0.0013908592518419,0.00139469362329692,0.00139531656168401,0.00139234703965485,0.00138614198658615,0.00137961539439857,0.00137283059302717,0.00136358046438545,0.00135179818607867,0.0013420571340248,0.00132834794931114,0.00131476472597569,0.0013023519422859,0.00128981692250818,0.00127576326485723,0.00126495701260865,0.00125659024342895,0.001248590182513,0.00124177266843617,0.00123533105943352,0.0012282858369872,0.00122116669081151,0.00121158210095018,0.00120006303768605,0.00118663406465203,0.00117591512389481,0.00116563204210252,0.00115835864562541,0.0011518164537847,0.00114637252409011,0.00114113534800708,0.00113518466241658,0.00113228685222566,0.00112883129622787,0.0011278772726655,0.00113167229574174,0.00113799050450325,0.00114720512647182,0.00115381111390889,0.00116122572217137,0.0011672955006361,0.00116610468830913,0.00115773128345609,0.000556132115889341,8.04455157776829E-06,-9999,-9999,-9999,-9999,-9999,-9999,-9999,-9999,-9999,-9999,-9999,-9999,-9999,-9999,-9999,-9999,-9999,-9999,-9999,-9999,-9999,-9999,-9999,-9999,-9999,-9999,-9999,-9999,-9999,-9999,-9999,-9999,6.21644585407921E-06,1.73916305357125E-05,0.000291377451503649,0.000794081541243941,0.000872009200975299,0.00087082979734987,0.000866558169946074,0.000865048845298588,0.000867917609866709,0.000870111514814198,0.000874196644872427,0.000877082755323499,0.000879498780705035,0.000878961174748838,0.000875909987371415,0.000866209913510829,0.000847091840114444,0.000773117470089346,0.000548780546523631,0.000249425356741995,5.01966424053535E-05,-9999,-9999,-9999,-9999,-9999,-9999,-9999,-9999,-9999,-9999,-9999,-9999,-9999,-9999,-9999,-9999,-9999
-9999,-9999,-9999,-9999,-9999,-9999,6.5405503846705E-05,8.16099345684052E-05,0.00030570785747841,0.00102887826506048,0.00126068631652743,0.00132845179177821,0.00135098851751536,0.00136029336135834,0.00136704766191542,0.00137283699586987,0.00137900118716061,0.00138260261155665,0.00138171925209463,0.00137536507099867,0.00136520771775395,0.00135672790929675,0.00134973181411624,0.00133959215600044,0.00132711848709732,0.00131665938533843,0.00130306533537805,0.00128858478274196,0.00127607095055282,0.0012623273069039,0.0012452476657927,0.00123414536938071,0.00122243026271462,0.0012119640596211,0.00119936745613813,0.00119214074220508,0.00118893862236291,0.00118641089648008,0.00118009559810162,0.00117333396337926,0.00115735887084156,0.00114959268830717,0.00113837548997253,0.00113140069879591,0.00112649658694863,0.00112455640919507,0.00111930735874921,0.00111867394298315,0.00111431116238236,0.00111489917617291,0.00111332442611456,0.00111941923387349,0.00112772115971893,0.000924396561458707,0.00107114552520216,0.000918757170438766,2.52343288593693E-05,7.91873117123032E-06,7.9454985097982E-06,-9999,-9999,-9999,-9999,-9999,-9999,-9999,-9999,-9999,-9999,-9999,-9999,-9999,-9999,-9999,-9999,-9999,-9999,-9999,-9999,-9999,-9999,-9999,-9999,-9999,-9999,-9999,-9999,-9999,-9999,-9999,-9999,-9999,-9999,-9999,6.09461039857706E-06,6.03420403422206E-06,0.000119985059427563,0.000699149968568236,0.000848227762617171,0.000845754751935601,0.000840812106616795,0.000841628527268767,0.000845935952384025,0.000849349074997008,0.000852577562909573,0.00085304060485214,0.000850962998811156,0.000848305877298117,0.000841418805066496,0.000829873548354954,0.000782618066295981,0.00061821797862649,0.000261020119069144,6.68049324303865E-05,5.38860658707563E-05,4.22382399847265E-05,-9999,-9999,-9999,-9999,-9999,-9999,-9999,-9999,-9999,-9999,-9999,-9999,-9999,-9999,-9999
-9999,-9999,-9999,-9999,8.4382169006858E-05,9.31336908251978E-05,6.5784333855845E-05,0.000280538748484105,0.00108629139140248,0.00128990260418504,0.00134024932049215,0.00134712434373796,0.00134693970903754,0.00134803983382881,0.00135090458206832,0.00135615677572787,0.0013627300504595,0.00136671459767967,0.00136512459721416,0.00135727599263191,0.00134556577540934,0.00133504788391292,0.00133130967151374,0.00131538300774992,0.0013032965362072,0.00129369413480163,0.00127704010810703,0.001271978369914,0.00125832972116768,0.00124485301785171,0.00122474366798997,0.00120763038285077,0.0011916751973331,0.00118798657786101,0.00116961158346385,0.00116840575356036,0.00116852554492652,0.00116090022493154,0.00116493215318769,0.000159205956151709,0.000799020868726075,0.000652208225801587,0.00110874231904745,0.000788672245107591,0.0010151598835364,0.00110051676165313,0.00110226275864989,0.000585980771575123,0.000186937031685375,0.000529139360878617,7.43931595934555E-05,6.45226100459695E-05,7.62570425649756E-06,7.65552158554783E-06,-9999,-9999,-9999,-9999,-9999,-9999,-9999,-9999,-9999,-9999,-9999,-9999,-9999,-9999,-9999,-9999,-9999,-9999,-9999,-9999,-9999,-9999,-9999,-9999,-9999,-9999,-9999,-9999,-9999,-9999,-9999,-9999,-9999,-9999,-9999,-9999,-9999,-9999,-9999,-9999,-9999,3.95816732634557E-06,5.8001742218039E-06,0.000188226433238015,0.000778674613684416,0.000823216396383941,0.000817805877886713,0.000816985091660172,0.000822858884930611,0.000825901632197201,0.000827471143566072,0.000826407631393522,0.00082319462671876,0.000820006942376494,0.00081633951049298,0.000808560871519148,0.000777577399276197,0.000593683798797429,0.000209497331525199,4.06692306569312E-05,4.06347717216704E-05,2.91409360215766E-05,4.24971767643001E-05,-9999,-9999,-9999,-9999,-9999,-9999,-9999,-9999,-9999,-9999,-9999,-9999,-9999,-9999
-9999,-9999,-9999,-9999,6.72833775752224E-05,0.000103581121948082,0.000156261885422282,0.00103346619289368,0.0013069468550384,0.00134834216441959,0.00134814553894103,0.00134098203852773,0.00133546662982553,0.00133073271717876,0.00132908392697573,0.00133249920327216,0.00133989774622023,0.00134969362989068,0.00134862307459116,0.00105026899836957,1.39850990308332E-05,9.06719014892587E-06,9.01129988051252E-06,8.94355252967216E-06,8.86894395080162E-06,8.79021081345854E-06,4.19338830397464E-05,8.61195167090045E-06,3.24273532896768E-05,8.40057964524021E-06,0.000107696214399766,0.000849685980938375,0.00112406688276678,0.00108500442001969,0.00115678110159934,0.00113257823977619,0.00114923377986997,0.00113772694021463,0.000328045542119071,7.87282442615833E-06,7.80179379944457E-06,7.74089403421385E-06,7.68532663641963E-06,7.63894604460802E-06,7.59916883907863E-06,7.57064663048368E-06,7.55410746933194E-06,-9999,-9999,-9999,-9999,-9999,-9999,-9999,-9999,-9999,-9999,-9999,-9999,-9999,-9999,-9999,-9999,-9999,-9999,-9999,-9999,-9999,-9999,-9999,-9999,-9999,-9999,-9999,-9999,-9999,-9999,-9999,-9999,-9999,-9999,-9999,-9999,-9999,-9999,-9999,-9999,-9999,-9999,-9999,-9999,-9999,-9999,-9999,-9999,-9999,5.63182084079017E-06,3.76507923647296E-05,0.000675262534059584,0.00079540308797732,0.000795960077084601,0.000792145496234298,0.000797317014075816,0.000800181762315333,0.000800755864474922,0.000799400149844587,0.000795248779468238,0.000791467842645943,0.000788240227848291,0.000782981922384351,0.000762259238399565,0.00063546106684953,0.000320925028063357,0.000108444517536554,1.93433297681622E-05,6.6136009991169E-05,4.03020021622069E-05,-9999,-9999,-9999,-9999,-9999,-9999,-9999,-9999,-9999,-9999,-9999,-9999,-9999,-9999
-9999,-9999,-9999,-9999,-9999,6.55923940939829E-05,0.000750992505345494,0.00129666272550821,0.00135129410773516,0.00135244440753013,0.00134151882957667,0.00132899673189968,0.00132049084641039,0.00130927516147494,0.00130448339041322,0.00131224805954844,0.000789985177107155,9.03922773431987E-06,9.07927460502833E-06,9.09268692339538E-06,-9999,-9999,-9999,-9999,-9999,-9999,-9999,-9999,-9999,-9999,-9999,-9999,-9999,2.96878588414984E-05,8.63896275404841E-05,7.45911529520527E-05,9.91639026324265E-05,7.89384739618981E-06,-9999,-9999,-9999,-9999,-9999,-9999,-9999,-9999,-9999,-9999,-9999,-9999,-9999,-9999,-9999,-9999,-9999,-9999,-9999,-9999,-9999,-9999,-9999,-9999,-9999,-9999,-9999,-9999,-9999,-9999,-9999,-9999,-9999,-9999,-9999,-9999,-9999,-9999,-9999,-9999,-9999,-9999,-9999,-9999,-9999,-9999,-9999,-9999,-9999,-9999,-9999,-9999,-9999,-9999,-9999,-9999,-9999,-9999,3.68042674381286E-06,5.37391451871372E-06,0.000572254008147866,0.00076850363984704,0.000770841375924647,0.000767056772019714,0.000773831969127059,0.000773504376411438,0.000773362698964775,0.000771913037169725,0.000768649391829967,0.000765078235417604,0.000760610797442496,0.000756350927986205,0.000746879784855992,0.000675722141750157,0.000440142117440701,0.000129364227177575,7.1539674536325E-05,4.3685515265679E-05,-9999,-9999,-9999,-9999,-9999,-9999,-9999,-9999,-9999,-9999,-9999,-9999,-9999,-9999,-9999
-9999,-9999,-9999,-9999,-9999,0.000259706663200632,0.00121875270269811,0.00134775915648788,0.00135899754241109,0.00134855112992227,0.00133351038675755,0.00131689407862723,0.00130080478265882,0.00129065080545843,0.00128456961829215,0.000147423197631724,8.92111984285293E-06,6.00306611886481E-06,-9999,-9999,-9999,-9999,-9999,-9999,-9999,-9999,-9999,-9999,-9999,-9999,-9999,-9999,-9999,-9999,-9999,-9999,-9999,-9999,-9999,-9999,-9999,-9999,-9999,-9999,-9999,-9999,-9999,-9999,-9999,-9999,-9999,-9999,-9999,-9999,-9999,-9999,-9999,-9999,-9999,-9999,-9999,-9999,-9999,-9999,-9999,-9999,-9999,-9999,-9999,-9999,-9999,-9999,-9999,-9999,-9999,-9999,-9999,-9999,-9999,-9999,-9999,-9999,-9999,-9999,-9999,-9999,-9999,-9999,-9999,-9999,-9999,-9999,-9999,-9999,-9999,-9999,-9999,5.17699254487525E-06,0.000431279215263203,0.00074342725565657,0.000745709578040987,0.000743452925235033,0.000748789811041206,0.000746603298466653,0.000745439261663705,0.000744453922379762,0.000742945354431868,0.00073993590194732,0.000736104033421725,0.000731756445020437,0.000723560457117856,0.000693606503773481,0.000499752874020487,0.000251259334618226,4.83834119222593E-05,3.51018461515196E-05,-9999,-9999,-9999,-9999,-9999,-9999,-9999,-9999,-9999,-9999,-9999,-9999,-9999,-9999,-9999
-9999,-9999,6.92745452397503E-05,6.84398473822512E-05,6.68526481604204E-05,0.000716065289452672,0.00132611789740622,0.00135991140268743,0.0013574002077803,0.00134184176567942,0.0013242238201201,0.00130498129874468,0.00128853681962937,0.00126731849741191,7.64684591558762E-05,8.8241476987605E-06,5.93231015955098E-06,-9999,-9999,-9999,-9999,-9999,-9999,-9999,-9999,-9999,-9999,-9999,-9999,-9999,-9999,-9999,-9999,-9999,-9999,-9999,-9999,-9999,-9999,-9999,-9999,-9999,-9999,-9999,-9999,-9999,-9999,-9999,-9999,-9999,-9999,-9999,-9999,-9999,-9999,-9999,-9999,-9999,-9999,-9999,-9999,-9999,-9999,-9999,-9999,-9999,-9999,-9999,-9999,-9999,-9999,-9999,-9999,-9999,-9999,-9999,-9999,-9999,-9999,-9999,-9999,-9999,-9999,-9999,-9999,-9999,-9999,-9999,-9999,-9999,-9999,-9999,-9999,-9999,-9999,-9999,-9999,5.01771182825905E-06,0.000248881173320115,0.000719067524187267,0.000723638280760497,0.00071919581387192,0.000719391973689198,0.00072029372677207,0.000717541493941098,0.000718757451977581,0.000718491850420833,0.000716164824552834,0.000712264969479293,0.000707749917637557,0.000701951503288001,0.000682666315697134,0.000599843799136579,0.000379163364414126,0.000202376220840961,4.58346512459684E-05,-9999,-9999,-9999,-9999,-9999,-9999,-9999,-9999,-9999,-9999,-9999,-9999,-9999,-9999,-9999
-9999,-9999,-9999,-9999,8.27165058581159E-05,0.00112270214594901,0.00134752911981195,0.00136206671595573,0.00135193602181971,0.00133228441700339,0.00131338858045638,0.00129538041073829,0.00128194049466401,0.000110020366264507,8.75834666658193E-06,5.87823342357296E-06,-9999,-9999,-9999,-9999,-9999,-9999,-9999,-9999,-9999,-9999,-9999,-9999,-9999,-9999,-9999,-9999,-9999,-9999,-9999,-9999,-9999,-9999,-9999,-9999,-9999,-9999,-9999,-9999,-9999,-9999,-9999,-9999,-9999,-9999,-9999,-9999,-9999,-9999,-9999,-9999,-9999,-9999,-9999,-9999,-9999,-9999,-9999,-9999,-9999,-9999,-9999,-9999,-9999,-9999,-9999,-9999,-9999,-9999,-9999,-9999,-9999,-9999,-9999,-9999,-9999,-9999,-9999,-9999,-9999,-9999,-9999,-9999,-9999,-9999,-9999,-9999,-9999,-9999,-9999,-9999,-9999,4.87753641209565E-06,0.000129368680063635,0.000693092646542937,0.000699587049894035,0.000697625218890607,0.000694618618581444,0.000695450056809932,0.000692088797222823,0.000694212911184877,0.000696029455866665,0.000693561334628612,0.000689247332047671,0.00068494031438604,0.000678638287354261,0.000667626853100955,0.000636532786302269,0.00055107258958742,0.000341763661708683,0.000101464604085777,-9999,-9999,-9999,-9999,-9999,-9999,-9999,-9999,-9999,-9999,-9999,-9999,-9999,-9999,-9999
-9999,-9999,-9999,-9999,0.000175301916897297,0.00122034677769989,0.00135286839213222,0.00135925028007478,0.00134544167667627,0.00132271787151694,0.0013043824583292,0.00128863169811666,0.000862088869325817,8.72959572006948E-06,5.84041436013649E-06,-9999,-9999,-9999,-9999,-9999,-9999,-9999,-9999,-9999,-9999,-9999,-9999,-9999,-9999,-9999,-9999,-9999,-9999,-9999,-9999,-9999,-9999,-9999,-9999,-9999,-9999,-9999,-9999,-9999,-9999,-9999,-9999,-9999,-9999,-9999,-9999,-9999,-9999,-9999,-9999,-9999,-9999,-9999,-9999,-9999,-9999,-9999,-9999,-9999,-9999,-9999,-9999,-9999,-9999,-9999,-9999,-9999,-9999,-9999,-9999,-9999,-9999,-9999,-9999,-9999,-9999,-9999,-9999,-9999,-9999,-9999,-9999,-9999,-9999,-9999,-9999,-9999,-9999,-9999,-9999,-9999,-9999,4.75131128041539E-06,5.15624124091119E-05,0.000664231716655195,0.000675247807521373,0.000676653697155416,0.000671783753205091,0.000670115638058633,0.000669259403366596,0.000669164292048663,0.00067162822233513,0.000669369241222739,0.000666360196191818,0.000662146194372326,0.000656781485304236,0.000649339170195162,0.000635397329460829,0.00060530350310728,0.000505963747855276,0.00027173277339898,3.69498920917977E-05,-9999,-9999,-9999,-9999,-9999,-9999,-9999,-9999,-9999,-9999,-9999,-9999,-9999,-9999
-9999,-9999,-9999,-9999,0.000142009783303365,0.00120193243492395,0.00135072425473481,0.00135411228984594,0.00133848376572132,0.00131581362802535,0.00129856739658862,0.00128367217257619,8.71774864208419E-06,5.82387337999535E-06,3.89992237614933E-06,-9999,-9999,-9999,-9999,-9999,-9999,-9999,-9999,-9999,-9999,-9999,-9999,-9999,-9999,-9999,-9999,-9999,-9999,-9999,-9999,-9999,-9999,-9999,-9999,-9999,-9999,-9999,-9999,-9999,-9999,-9999,-9999,-9999,-9999,-9999,-9999,-9999,-9999,-9999,-9999,-9999,-9999,-9999,-9999,-9999,-9999,-9999,-9999,-9999,-9999,-9999,-9999,-9999,-9999,-9999,-9999,-9999,-9999,-9999,-9999,-9999,-9999,-9999,-9999,-9999,-9999,-9999,-9999,-9999,-9999,-9999,-9999,-9999,-9999,-9999,-9999,-9999,-9999,-9999,-9999,-9999,-9999,3.08090852740861E-06,4.55471854365896E-06,0.000628173118457198,0.000653952592983842,0.000655456446111202,0.000652224465738982,0.000646318017970771,0.000646989035885781,0.000647118082270026,0.000646670232526958,0.000645811145659536,0.000643724692054093,0.000640634680166841,0.000635717180557549,0.000628773821517825,0.000620977370999753,0.000606412766501307,0.000560095766559243,0.000404897524276748,0.000126101163914427,2.86513622995699E-05,-9999,-9999,-9999,-9999,-9999,-9999,-9999,-9999,-9999,-9999,-9999,-9999,-9999
-9999,-9999,-9999,-9999,7.37901718821377E-05,0.00109336664900184,0.00134366250131279,0.00134913588408381,0.00133534648921341,0.00131315086036921,0.00129558553453535,0.00127757911104709,8.69052018970251E-06,5.80580535824993E-06,-9999,-9999,-9999,-9999,-9999,-9999,-9999,-9999,-9999,-9999,-9999,-9999,-9999,-9999,-9999,-9999,-9999,-9999,-9999,-9999,-9999,-9999,-9999,-9999,-9999,-9999,-9999,-9999,-9999,-9999,-9999,-9999,-9999,-9999,-9999,-9999,-9999,-9999,-9999,-9999,-9999,-9999,-9999,-9999,-9999,-9999,-9999,-9999,-9999,-9999,-9999,-9999,-9999,-9999,-9999,-9999,-9999,-9999,-9999,-9999,-9999,-9999,-9999,-9999,-9999,-9999,-9999,-9999,-9999,-9999,-9999,-9999,-9999,-9999,-9999,-9999,-9999,-9999,-9999,-9999,-9999,-9999,-9999,3.01368777400057E-06,4.41407155449269E-06,0.000591952702961862,0.000633275718428195,0.000633859657682478,0.000633778399787843,0.000627468747552484,0.000624624022748321,0.000625044340267777,0.000624889100436121,0.000626107037533075,0.000624294974841177,0.000621716026216745,0.000616437988355756,0.00060995202511549,0.000603792374022305,0.00059356918791309,0.00056420749751851,0.000496744411066175,0.000291177333565429,5.46458104508929E-05,3.90686145692598E-05,3.98672636947595E-06,-9999,-9999,-9999,-9999,-9999,-9999,-9999,-9999,-9999,-9999,-9999
-9999,-9999,-9999,-9999,6.58824865240604E-05,0.000591915450058877,0.00131572806276381,0.00134511769283563,0.00133692391682416,0.00132024800404906,0.00130054331384599,0.00128351664170623,1.92618135770317E-05,8.64274352352368E-06,-9999,-9999,-9999,-9999,-9999,-9999,-9999,-9999,-9999,-9999,-9999,-9999,-9999,-9999,-9999,-9999,-9999,-9999,-9999,-9999,-9999,-9999,-9999,-9999,-9999,-9999,-9999,-9999,-9999,-9999,-9999,-9999,-9999,-9999,-9999,-9999,-9999,-9999,-9999,-9999,-9999,-9999,-9999,-9999,-9999,-9999,-9999,-9999,-9999,-9999,-9999,-9999,-9999,-9999,-9999,-9999,-9999,-9999,-9999,-9999,-9999,-9999,-9999,-9999,-9999,-9999,-9999,-9999,-9999,-9999,-9999,-9999,-9999,-9999,-9999,-9999,-9999,-9999,-9999,-9999,-9999,-9999,-9999,-9999,4.27662826041342E-06,0.000564193236641586,0.000613245298154652,0.000612764561083168,0.000616198172792792,0.000610339338891208,0.000606052519287914,0.000607068184763193,0.000608581758569926,0.000608109519816935,0.000607362773735076,0.00060402270173654,0.000599516031797975,0.000593714939896017,0.000588133814744651,0.000580672000069171,0.000559609790798277,0.000510237645357847,0.000383994891308248,9.01632010936737E-05,3.09374408971053E-05,-9999,-9999,-9999,-9999,-9999,-9999,-9999,-9999,-9999,-9999,-9999,-9999
-9999,-9999,-9999,-9999,6.58906938042492E-05,0.000258671963820234,0.00121754442807287,0.00133836932945997,0.0013352456735447,0.00132574525196105,0.00130979018285871,0.00129139272030443,0.000870679505169392,8.63371133164037E-06,-9999,-9999,-9999,-9999,-9999,-9999,-9999,-9999,-9999,-9999,-9999,-9999,-9999,-9999,-9999,-9999,-9999,-9999,-9999,-9999,-9999,-9999,-9999,-9999,-9999,-9999,-9999,-9999,-9999,-9999,-9999,-9999,-9999,-9999,-9999,-9999,-9999,-9999,-9999,-9999,-9999,-9999,-9999,-9999,-9999,-9999,-9999,-9999,-9999,-9999,-9999,-9999,-9999,-9999,-9999,-9999,-9999,-9999,-9999,-9999,-9999,-9999,-9999,-9999,-9999,-9999,-9999,-9999,-9999,-9999,-9999,-9999,-9999,-9999,-9999,-9999,-9999,-9999,-9999,-9999,-9999,-9999,-9999,-9999,4.17493401982938E-06,0.000504988478496671,0.000596394529566169,0.000595987134147435,0.000599050254095346,0.000597938196733594,0.000592158117797226,0.000588338880334049,0.000591186748351902,0.000590473006013781,0.000589406525250524,0.000586503883823752,0.000583403103519231,0.000578684266656637,0.000573980971239507,0.000566187256481498,0.000550647615455091,0.000511064252350479,0.000441532873082906,0.000168067286722362,3.04271852655802E-05,2.72920842689928E-05,2.75411875918508E-05,-9999,-9999,-9999,-9999,-9999,-9999,-9999,-9999,-9999,-9999
-9999,-9999,-9999,-9999,-9999,7.26295256754383E-05,0.000992999179288745,0.00132579787168652,0.00133230618666857,0.00132622697856277,0.00131454633083194,0.00129575037863106,0.00127273215912282,8.62728938955115E-06,-9999,-9999,-9999,-9999,-9999,-9999,-9999,-9999,-9999,-9999,-9999,-9999,-9999,-9999,-9999,-9999,-9999,-9999,-9999,-9999,-9999,-9999,-9999,-9999,-9999,-9999,-9999,-9999,-9999,-9999,-9999,-9999,-9999,-9999,-9999,-9999,-9999,-9999,-9999,-9999,-9999,-9999,-9999,-9999,-9999,-9999,-9999,-9999,-9999,-9999,-9999,-9999,-9999,-9999,-9999,-9999,-9999,-9999,-9999,-9999,-9999,-9999,-9999,-9999,-9999,-9999,-9999,-9999,-9999,-9999,-9999,-9999,-9999,-9999,-9999,-9999,-9999,-9999,-9999,-9999,-9999,-9999,-9999,-9999,4.1000462260854E-06,0.000398696080083027,0.000577266095206141,0.000581936386879534,0.000583350949455053,0.000583555025514215,0.000577806320507079,0.000571691896766424,0.000574835517909378,0.000574192905332893,0.000573624682147056,0.000570560689084232,0.000568048737477511,0.000564433983527124,0.000560159387532622,0.000553961261175573,0.000543955131433904,0.000525268376804888,0.000420270022004843,0.000255576305789873,9.52724949456751E-05,6.39748759567738E-05,3.79131051886361E-05,2.75683032668894E-05,-9999,-9999,-9999,-9999,-9999,-9999,-9999,-9999,-9999
-9999,-9999,-9999,-9999,-9999,1.47642131196335E-05,0.00069991365307942,0.00129654293414205,0.00132900720927864,0.00132567516993731,0.00131640024483204,0.00129800860304385,0.00127394148148596,8.63168679643422E-06,-9999,-9999,-9999,-9999,-9999,-9999,-9999,-9999,-9999,-9999,-9999,-9999,-9999,-9999,-9999,-9999,-9999,-9999,-9999,-9999,-9999,-9999,-9999,-9999,-9999,-9999,-9999,-9999,-9999,-9999,-9999,-9999,-9999,-9999,-9999,-9999,-9999,-9999,-9999,-9999,-9999,-9999,-9999,-9999,-9999,-9999,-9999,-9999,-9999,-9999,-9999,-9999,-9999,-9999,-9999,-9999,-9999,-9999,-9999,-9999,-9999,-9999,-9999,-9999,-9999,-9999,-9999,-9999,-9999,-9999,-9999,-9999,-9999,-9999,-9999,-9999,-9999,-9999,-9999,-9999,-9999,-9999,-9999,-9999,4.05144328397E-06,0.000131793087348342,0.000555509759578854,0.000568466843105853,0.000569269177503884,0.000569099735002965,0.000564484333153814,0.000559160893317312,0.000560110609512776,0.000561430759262294,0.000559988839086145,0.000555880425963551,0.000553055724594742,0.000549919146578759,0.000546120514627546,0.000542266585398465,0.000534756167326123,0.000510464888066053,0.000432674685725942,0.000358109071385115,0.000281683198409155,0.000235384635743685,7.03189798514359E-05,2.69390911853407E-05,-9999,-9999,-9999,-9999,-9999,-9999,-9999,-9999,-9999
-9999,-9999,-9999,-9999,-9999,9.06362583918963E-06,0.000502793467603624,0.001292614499107,0.00132567272521555,0.00132457329891622,0.00131670909468085,0.00129747448954731,0.00126054941210896,8.63993682287401E-06,-9999,-9999,-9999,-9999,-9999,-9999,-9999,-9999,-9999,-9999,-9999,-9999,-9999,-9999,-9999,-9999,-9999,-9999,-9999,-9999,-9999,-9999,-9999,-9999,-9999,-9999,-9999,-9999,-9999,-9999,-9999,-9999,-9999,-9999,-9999,-9999,-9999,-9999,-9999,-9999,-9999,-9999,-9999,-9999,-9999,-9999,-9999,-9999,-9999,-9999,-9999,-9999,-9999,-9999,-9999,-9999,-9999,-9999,-9999,-9999,-9999,-9999,-9999,-9999,-9999,-9999,-9999,-9999,-9999,-9999,-9999,-9999,-9999,-9999,-9999,-9999,-9999,-9999,-9999,-9999,-9999,-9999,-9999,-9999,-9999,3.90320747101214E-06,0.000537326734047383,0.000553314457647502,0.000556989456526935,0.000555850681848824,0.000551682664081454,0.000546131166629493,0.000546595838386565,0.000548391370102763,0.000546560331713408,0.000543259782716632,0.00053966767154634,0.000536871142685413,0.000533118261955678,0.000529799202922732,0.000525097129866481,0.000507746066432446,0.000486420642118901,0.000457011949038133,0.000390431465348229,0.000246620358666405,9.28109438973479E-05,2.61741497524781E-05,-9999,-9999,-9999,-9999,-9999,-9999,-9999,-9999,-9999
-9999,-9999,-9999,-9999,-9999,-9999,0.000304748071357608,0.00129344465676695,0.00132196745835245,0.00132301531266421,0.00131427007727325,0.00129207351710647,0.00127472833264619,-9999,-9999,-9999,-9999,-9999,-9999,-9999,-9999,-9999,-9999,-9999,-9999,-9999,-9999,-9999,-9999,-9999,-9999,-9999,-9999,-9999,-9999,-9999,-9999,-9999,-9999,-9999,-9999,-9999,-9999,-9999,-9999,-9999,-9999,-9999,-9999,-9999,-9999,-9999,-9999,-9999,-9999,-9999,-9999,-9999,-9999,-9999,-9999,-9999,-9999,-9999,-9999,-9999,-9999,-9999,-9999,-9999,-9999,-9999,-9999,-9999,-9999,-9999,-9999,-9999,-9999,-9999,-9999,-9999,-9999,-9999,-9999,-9999,-9999,-9999,-9999,-9999,-9999,-9999,-9999,-9999,-9999,-9999,-9999,-9999,-9999,3.82485814043321E-06,0.000497045577503741,0.000540292239747941,0.00054626289056614,0.000545483257155865,0.0005416328785941,0.000536902516614646,0.00053564744303003,0.000536251347512007,0.000533852260559797,0.000531180005054921,0.000527661351952702,0.000523983093444258,0.000520427594892681,0.000517229724209756,0.000515043444465846,0.000510323443450034,0.000500255380757153,0.000466929486719891,0.000405719561967999,0.000302796834148467,0.000155922360136174,3.16333134833258E-05,-9999,-9999,-9999,-9999,-9999,-9999,-9999,-9999,-9999
-9999,-9999,-9999,-9999,-9999,-9999,0.000228922450332902,0.0012921488378197,0.00132177071645856,0.00132088141981512,0.00130815419834107,0.00128557032439858,0.00126101681962609,-9999,-9999,-9999,-9999,-9999,-9999,-9999,-9999,-9999,-9999,-9999,-9999,-9999,-9999,-9999,-9999,-9999,-9999,-9999,-9999,-9999,-9999,-9999,-9999,-9999,-9999,-9999,-9999,-9999,-9999,-9999,-9999,-9999,-9999,-9999,-9999,-9999,-9999,-9999,-9999,-9999,-9999,-9999,-9999,-9999,-9999,-9999,-9999,-9999,-9999,-9999,-9999,-9999,-9999,-9999,-9999,-9999,-9999,-9999,-9999,-9999,-9999,-9999,-9999,-9999,-9999,-9999,-9999,-9999,-9999,-9999,-9999,-9999,-9999,-9999,-9999,-9999,-9999,-9999,-9999,-9999,-9999,-9999,-9999,-9999,-9999,3.76553180103656E-06,0.000327001587720588,0.000531128200236708,0.000536631792783737,0.000535378756467253,0.000531548634171486,0.000527911819517612,0.00052420177962631,0.000525960582308471,0.000523491529747844,0.00052075955318287,0.000517151143867522,0.000513692735694349,0.000509865407366306,0.000506529700942338,0.00050425756489858,0.000501820875797421,0.000495126936584711,0.000478423200547695,0.000440542760770768,0.000338871206622571,0.000236625550314784,5.85756497457623E-05,3.0235754820751E-05,2.40763820329448E-05,-9999,-9999,-9999,-9999,-9999,-9999,-9999
-9999,-9999,-9999,-9999,-9999,-9999,0.000363442784873769,0.00131131894886494,0.00132442347239703,0.00131801760289818,0.00130101467948407,0.00127910717856139,0.00115584826562554,-9999,-9999,-9999,-9999,-9999,-9999,-9999,-9999,-9999,-9999,-9999,-9999,-9999,-9999,-9999,-9999,-9999,-9999,-9999,-9999,-9999,-9999,-9999,-9999,-9999,-9999,-9999,-9999,-9999,-9999,-9999,-9999,-9999,-9999,-9999,-9999,-9999,-9999,-9999,-9999,-9999,-9999,-9999,-9999,-9999,-9999,-9999,-9999,-9999,-9999,-9999,-9999,-9999,-9999,-9999,-9999,-9999,-9999,-9999,-9999,-9999,-9999,-9999,-9999,-9999,-9999,-9999,-9999,-9999,-9999,-9999,-9999,-9999,-9999,-9999,-9999,-9999,-9999,-9999,-9999,-9999,-9999,-9999,-9999,-9999,-9999,3.7191423416516E-06,2.1968988221488E-05,0.000523556140251458,0.000526831950992346,0.000525834737345576,0.000521192036103457,0.000517205509822816,0.000514352228492498,0.000515196239575744,0.000514706654939801,0.000512017868459225,0.000507773365825415,0.000503723975270987,0.000500265683513135,0.000497427070513368,0.000494157895445824,0.000492351595312357,0.000486625271150842,0.000473767926450819,0.000444031087681651,0.000390242727007717,0.000275981408776715,0.000104144273791462,5.12345795868896E-05,3.68650398741011E-05,2.33806040341733E-05,-9999,-9999,-9999,-9999,-9999,-9999
-9999,-9999,-9999,-9999,-9999,-9999,-9999,-9999,-9999,-9999,-9999,-9999,-9999,-9999,-9999,-9999,-9999,-9999,-9999,-9999,-9999,-9999,-9999,-9999,-9999,-9999,-9999,-9999,-9999,-9999,-9999,-9999,-9999,-9999,-9999,-9999,-9999,-9999,-9999,-9999,-9999,-9999,-9999,-9999,-9999,-9999,-9999,-9999,-9999,-9999,-9999,-9999,-9999,-9999,-9999,-9999,-9999,-9999,-9999,-9999,-9999,-9999,-9999,-9999,-9999,-9999,-9999,-9999,-9999,-9999,-9999,-9999,-9999,-9999,-9999,-9999,-9999,-9999,-9999,-9999,-9999,-9999,-9999,-9999,-9999,-9999,-9999,-9999,-9999,-9999,-9999,-9999,-9999,-9999,-9999,-9999,-9999,-9999,-9999,-9999,3.59818250217359E-06,0.00050233252113685,0.000517086882609874,0.000516533153131604,0.000512606173288077,0.000508572615217417,0.000505441625136882,0.000506395706906915,0.000507187214680016,0.000503367919009179,0.000499241519719362,0.000495240848977119,0.000490955833811313,0.000488314835820347,0.000485268363263458,0.000482910254504532,0.000480056361993775,0.000472404120955616,0.000453378015663475,0.000409499887609854,0.00029870739672333,0.000157780334120616,0.000101430086942855,7.53943240852095E-05,3.99069176637568E-05,2.26177435251884E-05,-9999,-9999,-9999,-9999,-9999
-9999,-9999,-9999,-9999,-9999,-9999,-9999,-9999,-9999,-9999,-9999,-9999,-9999,-9999,-9999,-9999,-9999,-9999,-9999,-9999,-9999,-9999,-9999,-9999,-9999,-9999,-9999,-9999,-9999,-9999,-9999,-9999,-9999,-9999,-9999,-9999,-9999,-9999,-9999,-9999,-9999,-9999,-9999,-9999,-9999,-9999,-9999,-9999,-9999,-9999,-9999,-9999,-9999,-9999,-9999,-9999,-9999,-9999,-9999,-9999,-9999,-9999,-9999,-9999,-9999,-9999,-9999,-9999,-9999,-9999,-9999,-9999,-9999,-9999,-9999,-9999,-9999,-9999,-9999,-9999,-9999,-9999,-9999,-9999,-9999,-9999,-9999,-9999,-9999,-9999,-9999,-9999,-9999,-9999,-9999,-9999,-9999,-9999,-9999,-9999,3.54257986145967E-06,0.000379970617359504,0.000510063022375107,0.000507428252603859,0.000504145165905356,0.000499781221151352,0.000496127177029848,0.000498469860758632,0.000499123416375369,0.000495210872031748,0.000490000646095723,0.000486472563352436,0.000481852825032547,0.000479522859677672,0.000477032503113151,0.000476065499242395,0.000473505584523082,0.000468187703518197,0.000448194477939978,0.00040145346429199,0.000306189002003521,0.00019396556308493,0.000141895972774364,8.17671170807444E-05,5.40184919373132E-05,2.48845426540356E-05,2.19520115933847E-05,-9999,-9999,-9999,-9999
-9999,-9999,-9999,-9999,-9999,-9999,-9999,-9999,-9999,-9999,-9999,-9999,-9999,-9999,-9999,-9999,-9999,-9999,-9999,-9999,-9999,-9999,-9999,-9999,-9999,-9999,-9999,-9999,-9999,-9999,-9999,-9999,-9999,-9999,-9999,-9999,-9999,-9999,-9999,-9999,-9999,-9999,-9999,-9999,-9999,-9999,-9999,-9999,-9999,-9999,-9999,-9999,-9999,-9999,-9999,-9999,-9999,-9999,-9999,-9999,-9999,-9999,-9999,-9999,-9999,-9999,-9999,-9999,-9999,-9999,-9999,-9999,-9999,-9999,-9999,-9999,-9999,-9999,-9999,-9999,-9999,-9999,-9999,-9999,-9999,-9999,-9999,-9999,-9999,-9999,-9999,-9999,-9999,-9999,-9999,-9999,-9999,-9999,-9999,-9999,3.50434243046038E-06,8.99435235623969E-06,0.000504497846122831,0.000499644316732883,0.000496482593007386,0.000491640472318977,0.000489031546749175,0.000491348851937801,0.000491521554067731,0.000487965007778257,0.000482589210150763,0.000478743982966989,0.00047394580906257,0.000470982049591839,0.000469216407509521,0.000468165089841932,0.000463685864815488,0.000456755165942013,0.00044110300950706,0.000393921334762126,0.000325021595926955,0.000245225499384105,0.000176313624251634,0.000106673942354973,5.8896101108985E-05,3.05337089230306E-05,2.16144198930124E-05,-9999,-9999,-9999,-9999
-9999,-9999,-9999,-9999,-9999,-9999,-9999,-9999,-9999,-9999,-9999,-9999,-9999,-9999,-9999,-9999,-9999,-9999,-9999,-9999,-9999,-9999,-9999,-9999,-9999,-9999,-9999,-9999,-9999,-9999,-9999,-9999,-9999,-9999,-9999,-9999,-9999,-9999,-9999,-9999,-9999,-9999,-9999,-9999,-9999,-9999,-9999,-9999,-9999,-9999,-9999,-9999,-9999,-9999,-9999,-9999,-9999,-9999,-9999,-9999,-9999,-9999,-9999,-9999,-9999,-9999,-9999,-9999,-9999,-9999,-9999,-9999,-9999,-9999,-9999,-9999,-9999,-9999,-9999,-9999,-9999,-9999,-9999,-9999,-9999,-9999,-9999,-9999,-9999,-9999,-9999,-9999,-9999,-9999,-9999,-9999,-9999,-9999,-9999,-9999,-9999,3.43425040227885E-06,0.00046366432798095,0.000491492275614291,0.000488744350150228,0.000484377058455721,0.000482872710563242,0.000483912270283327,0.000484237680211663,0.000481256050989032,0.000475398410344496,0.000471212842967361,0.000466427969513461,0.000462604250060394,0.00046041386667639,0.000459699018392712,0.000458722759503871,0.000454578752396628,0.000437097769463435,0.000394364004023373,0.000330548326019198,0.000281291402643546,0.000199753223569132,0.000104980310425162,6.40465004835278E-05,2.98191462206887E-05,2.08542969630798E-05,-9999,-9999,1.77156816789648E-05,1.76409521372989E-05
-9999,-9999,-9999,-9999,-9999,-9999,-9999,-9999,-9999,-9999,-9999,-9999,-9999,-9999,-9999,-9999,-9999,-9999,-9999,-9999,-9999,-9999,-9999,-9999,-9999,-9999,-9999,-9999,-9999,-9999,-9999,-9999,-9999,-9999,-9999,-9999,-9999,-9999,-9999,-9999,-9999,-9999,-9999,-9999,-9999,-9999,-9999,-9999,-9999,-9999,-9999,-9999,-9999,-9999,-9999,-9999,-9999,-9999,-9999,-9999,-9999,-9999,-9999,-9999,-9999,-9999,-9999,-9999,-9999,-9999,-9999,-9999,-9999,-9999,-9999,-9999,-9999,-9999,-9999,-9999,-9999,-9999,-9999,-9999,-9999,-9999,-9999,-9999,-9999,-9999,-9999,-9999,-9999,-9999,-9999,-9999,-9999,-9999,-9999,-9999,-9999,-9999,2.43018075707369E-05,0.000493205559905618,0.000483140378491953,0.000479828042443842,0.000478309986647218,0.000478990812553093,0.000477810885058716,0.000473810738185421,0.000468334706965834,0.000463970325654373,0.0004593376070261,0.000455648929346353,0.000452697684522718,0.000451334752142429,0.000449726270744577,0.000444943958427757,0.000427319318987429,0.000406176201067865,0.000364407111192122,0.00028952001594007,0.000196990236872807,0.000123347053886391,5.64731453778222E-05,3.21592015097849E-05,1.9765286197071E-05,1.86708348337561E-05,1.80969291250221E-05,1.76906542037614E-05,1.94225376617396E-05
-9999,-9999,-9999,-9999,-9999,-9999,-9999,-9999,-9999,-9999,-9999,-9999,-9999,-9999,-9999,-9999,-9999,-9999,-9999,-9999,-9999,-9999,-9999,-9999,-9999,-9999,-9999,-9999,-9999,-9999,-9999,-9999,-9999,-9999,-9999,-9999,-9999,-9999,-9999,-9999,-9999,-9999,-9999,-9999,-9999,-9999,-9999,-9999,-9999,-9999,-9999,-9999,-9999,-9999,-9999,-9999,-9999,-9999,-9999,-9999,-9999,-9999,-9999,-9999,-9999,-9999,-9999,-9999,-9999,-9999,-9999,-9999,-9999,-9999,-9999,-9999,-9999,-9999,-9999,-9999,-9999,-9999,-9999,-9999,-9999,-9999,-9999,-9999,-9999,-9999,-9999,-9999,-9999,-9999,-9999,-9999,-9999,-9999,-9999,-9999,-9999,-9999,-9999,0.000340933358529583,0.000485606346046552,0.000476952438475564,0.000476767570944503,0.000475510692922398,0.000473736319690943,0.000468613521661609,0.000462720840005204,0.000457290792837739,0.000452682463219389,0.000449068727903068,0.000446724909124896,0.000443693861598149,0.000440131785580888,0.000435155612649396,0.000420810916693881,0.00040507668745704,0.000367657368769869,0.000297582650091499,0.000220332236494869,0.00010114428732777,4.92562830913812E-05,2.75714864983456E-05,2.12401209864765E-05,1.83319243660662E-05,1.98671514226589E-05,2.15443633351242E-05,0.000174451153725386
-9999,-9999,-9999,-9999,-9999,-9999,-9999,-9999,-9999,-9999,-9999,-9999,-9999,-9999,-9999,-9999,-9999,-9999,-9999,-9999,-9999,-9999,-9999,-9999,-9999,-9999,-9999,-9999,-9999,-9999,-9999,-9999,-9999,-9999,-9999,-9999,-9999,-9999,-9999,-9999,-9999,-9999,-9999,-9999,-9999,-9999,-9999,-9999,-9999,-9999,-9999,-9999,-9999,-9999,-9999,-9999,-9999,-9999,-9999,-9999,-9999,-9999,-9999,-9999,-9999,-9999,-9999,-9999,-9999,-9999,-9999,-9999,-9999,-9999,-9999,-9999,-9999,-9999,-9999,-9999,-9999,-9999,-9999,-9999,-9999,-9999,-9999,-9999,-9999,-9999,-9999,-9999,-9999,-9999,-9999,-9999,-9999,-9999,-9999,-9999,-9999,-9999,-9999,3.3196129152202E-06,0.000341140432283282,0.00048820988740772,0.000478787580505013,0.000474768661661074,0.000471556646516547,0.000465915509266779,0.000459758623037487,0.000454340886790305,0.000449696672149003,0.000445235200459138,0.000440796284237877,0.000436925532994792,0.000430571381002665,0.00042210117680952,0.00041559839155525,0.000384269864298403,0.000337157252943143,0.000243877017055638,0.00013043089711573,3.94266862713266E-05,2.43121357925702E-05,2.34334438573569E-05,2.53982871072367E-05,2.471783409419E-05,4.11111032008193E-05,0.000352183036739007,0.000355420575942844
-9999,-9999,-9999,-9999,-9999,-9999,-9999,-9999,-9999,-9999,-9999,-9999,-9999,-9999,-9999,-9999,-9999,-9999,-9999,-9999,-9999,-9999,-9999,-9999,-9999,-9999,-9999,-9999,-9999,-9999,-9999,-9999,-9999,-9999,-9999,-9999,-9999,-9999,-9999,-9999,-9999,-9999,-9999,-9999,-9999,-9999,-9999,-9999,-9999,-9999,-9999,-9999,-9999,-9999,-9999,-9999,-9999,-9999,-9999,-9999,-9999,-9999,-9999,-9999,-9999,-9999,-9999,-9999,-9999,-9999,-9999,-9999,-9999,-9999,-9999,-9999,-9999,-9999,-9999,-9999,-9999,-9999,-9999,-9999,-9999,-9999,-9999,-9999,-9999,-9999,-9999,-9999,-9999,-9999,-9999,-9999,-9999,-9999,-9999,-9999,-9999,-9999,-9999,-9999,3.30031411976961E-06,3.296101340311E-06,0.00045170375960879,0.000479140173410997,0.000469101738417521,0.000463837990537286,0.000457907881354913,0.000452663312898949,0.000421578501118347,0.000348591333022341,0.000433092965977266,0.000417233066400513,0.000350444985087961,0.000290757598122582,0.000266873685177416,0.000227314012590796,0.000117871073598508,4.33237873949111E-05,2.18556069739861E-05,1.89998118003132E-05,3.18878846883308E-05,5.23441376572009E-05,0.000188067453564145,0.000354392948793247,0.000357793469447643,0.000357636192347854,0.000352268514689058
-9999,-9999,-9999,-9999,-9999,-9999,-9999,-9999,-9999,-9999,-9999,-9999,-9999,-9999,-9999,-9999,-9999,-9999,-9999,-9999,-9999,-9999,-9999,-9999,-9999,-9999,-9999,-9999,-9999,-9999,-9999,-9999,-9999,-9999,-9999,-9999,-9999,-9999,-9999,-9999,-9999,-9999,-9999,-9999,-9999,-9999,-9999,-9999,-9999,-9999,-9999,-9999,-9999,-9999,-9999,-9999,-9999,-9999,-9999,-9999,-9999,-9999,-9999,-9999,-9999,-9999,-9999,-9999,-9999,-9999,-9999,-9999,-9999,-9999,-9999,-9999,-9999,-9999,-9999,-9999,-9999,-9999,-9999,-9999,-9999,-9999,-9999,-9999,-9999,-9999,-9999,-9999,-9999,-9999,-9999,-9999,-9999,-9999,-9999,-9999,-9999,-9999,-9999,-9999,-9999,-9999,3.26119334204122E-06,1.63185632118257E-05,0.000475070788525045,0.000467777048470452,0.000458438677014783,0.000452037813374773,0.000426882528699934,0.000425284990342334,0.000402572826715186,0.000312618387397379,0.000226153759285808,0.000138362753205001,5.38086424057838E-05,7.90513877291232E-05,4.67498466605321E-05,6.14201489952393E-05,0.000196760200196877,0.000368731067283079,0.000369089480955154,0.000367607863154262,0.000364067091140896,0.000358474149834365,0.000353897048626095,0.000338570825988427,0.000175398963619955
-9999,-9999,-9999,-9999,-9999,-9999,-9999,-9999,-9999,-9999,-9999,-9999,-9999,-9999,-9999,-9999,-9999,-9999,-9999,-9999,-9999,-9999,-9999,-9999,-9999,-9999,-9999,-9999,-9999,-9999,-9999,-9999,-9999,-9999,-9999,-9999,-9999,-9999,-9999,-9999,-9999,-9999,-9999,-9999,-9999,-9999,-9999,-9999,-9999,-9999,-9999,-9999,-9999,-9999,-9999,-9999,-9999,-9999,-9999,-9999,-9999,-9999,-9999,-9999,-9999,-9999,-9999,-9999,-9999,-9999,-9999,-9999,-9999,-9999,-9999,-9999,-9999,-9999,-9999,-9999,-9999,-9999,-9999,-9999,-9999,-9999,-9999,-9999,-9999,-9999,-9999,-9999,-9999,-9999,-9999,-9999,-9999,-9999,-9999,-9999,-9999,-9999,-9999,-9999,-9999,-9999,-9999,-9999,3.18452794090263E-06,1.28525662148604E-05,0.000450079765869305,0.00046004998148419,0.000454319349955767,0.000448714185040444,0.000442154530901462,0.000435375899542123,0.000427958410000429,0.000421193311922252,0.000413281173678115,0.000404879421694204,0.000396001618355513,0.000388964457670227,0.000382637867005542,0.000376080482965335,0.00036938302218914,0.000363862869562581,0.000356165081029758,0.000331702525727451,0.00019699489348568,1.36225380629185E-05,-9999
-9999,-9999,-9999,-9999,-9999,-9999,-9999,-9999,-9999,-9999,-9999,-9999,-9999,-9999,-9999,-9999,-9999,-9999,-9999,-9999,-9999,-9999,-9999,-9999,-9999,-9999,-9999,-9999,-9999,-9999,-9999,-9999,-9999,-9999,-9999,-9999,-9999,-9999,-9999,-9999,-9999,-9999,-9999,-9999,-9999,-9999,-9999,-9999,-9999,-9999,-9999,-9999,-9999,-9999,-9999,-9999,-9999,-9999,-9999,-9999,-9999,-9999,-9999,-9999,-9999,-9999,-9999,-9999,-9999,-9999,-9999,-9999,-9999,-9999,-9999,-9999,-9999,-9999,-9999,-9999,-9999,-9999,-9999,-9999,-9999,-9999,-9999,-9999,-9999,-9999,-9999,-9999,-9999,-9999,-9999,-9999,-9999,-9999,-9999,-9999,-9999,-9999,-9999,-9999,-9999,-9999,-9999,-9999,-9999,-9999,3.11468625113775E-06,3.1003203275759E-06,3.07692789647263E-06,3.04452328236948E-06,1.2469970897655E-05,1.73908010765444E-05,2.91657852358185E-06,2.85495957541571E-06,2.78940001408046E-06,5.18970000484842E-06,1.61838270287262E-05,6.94926566211507E-05,0.000141956596053205,0.000154852954437956,3.52515635313466E-05,2.50808102464362E-06,2.48628953158914E-06,2.47369302996958E-06,-9999,-9999,-9999
-9999,-9999,-9999,-9999,-9999,-9999,-9999,-9999,-9999,-9999,-9999,-9999,-9999,-9999,-9999,-9999,-9999,-9999,-9999,-9999,-9999,-9999,-9999,-9999,-9999,-9999,-9999,-9999,-9999,-9999,-9999,-9999,-9999,-9999,-9999,-9999,-9999,-9999,-9999,-9999,-9999,-9999,-9999,-9999,-9999,-9999,-9999,-9999,-9999,-9999,-9999,-9999,-9999,-9999,-9999,-9999,-9999,-9999,-9999,-9999,-9999,-9999,-9999,-9999,-9999,-9999,-9999,-9999,-9999,-9999,-9999,-9999,-9999,-9999,-9999,-9999,-9999,-9999,-9999,-9999,-9999,-9999,-9999,-9999,-9999,-9999,-9999,-9999,-9999,-9999,-9999,-9999,-9999,-9999,-9999,-9999,-9999,-9999,-9999,-9999,-9999,-9999,-9999,-9999,-9999,-9999,-9999,-9999,-9999,-9999,-9999,-9999,-9999,-9999,-9999,-9999,-9999,-9999,-9999,-9999,-9999,-9999,-9999,-9999,-9999,-9999,-9999,-9999,-9999,-9999,-9999
-9999,-9999,-9999,-9999,-9999,-9999,-9999,-9999,-9999,-9999,-9999,-9999,-9999,-9999,-9999,-9999,-9999,-9999,-9999,-9999,-9999,-9999,-9999,-9999,-9999,-9999,-9999,-9999,-9999,-9999,-9999,-9999,-9999,-9999,-9999,-9999,-9999,-9999,-9999,-9999,-9999,-9999,-9999,-9999,-9999,-9999,-9999,-9999,-9999,-9999,-9999,-9999,-9999,-9999,-9999,-9999,-9999,-9999,-9999,-9999,-9999,-9999,-9999,-9999,-9999,-9999,-9999,-9999,-9999,-9999,-9999,-9999,-9999,-9999,-9999,-9999,-9999,-9999,-9999,-9999,-9999,-9999,-9999,-9999,-9999,-9999,-9999,-9999,-9999,-9999,-9999,-9999,-9999,-9999,-9999,-9999,-9999,-9999,-9999,-9999,-9999,-9999,-9999,-9999,-9999,-9999,-9999,-9999,-9999,-9999,-9999,-9999,-9999,-9999,-9999,-9999,-9999,-9999,-9999,-9999,-9999,-9999,-9999,-9999,-9999,-9999,-9999,-9999,-9999,-9999,-9999

Step,145
Year,12.08333
-9999,-9999,-9999,-9999,-9999,-9999,-9999,-9999,-9999,-9999,-9999,-9999,-9999,-9999,-9999,-9999,-9999,-9999,-9999,-9999,-9999,-9999,-9999,-9999,-9999,-9999,-9999,-9999,-9999,-9999,-9999,-9999,-9999,-9999,-9999,-9999,-9999,-9999,-9999,-9999,-9999,-9999,-9999,-9999,-9999,-9999,-9999,-9999,-9999,-9999,-9999,-9999,-9999,-9999,-9999,-9999,-9999,-9999,-9999,-9999,-9999,-9999,-9999,-9999,-9999,-9999,-9999,-9999,-9999,-9999,-9999,-9999,-9999,-9999,-9999,-9999,-9999,-9999,-9999,-9999,-9999,-9999,-9999,-9999,-9999,-9999,-9999,-9999,-9999,-9999,-9999,-9999,-9999,-9999,-9999,-9999,-9999,-9999,-9999,-9999,-9999,-9999,-9999,-9999,-9999,-9999,-9999,-9999,-9999,-9999,-9999,-9999,-9999,-9999,-9999,-9999,-9999,-9999,-9999,-9999,-9999,-9999,-9999,-9999,-9999,-9999,-9999,-9999,-9999,-9999,-9999
-9999,-9999,-9999,-9999,-9999,-9999,-9999,-9999,-9999,-9999,-9999,-9999,-9999,-9999,-9999,-9999,-9999,-9999,-9999,-9999,-9999,-9999,-9999,-9999,-9999,-9999,-9999,-9999,-9999,-9999,-9999,-9999,-9999,-9999,-9999,-9999,-9999,-9999,-9999,-9999,-9999,-9999,-9999,-9999,-9999,-9999,-9999,-9999,-9999,-9999,-9999,-9999,-9999,-9999,-9999,-9999,-9999,-9999,-9999,-9999,-9999,-9999,-9999,-9999,-9999,-9999,-9999,-9999,-9999,-9999,-9999,-9999,-9999,-9999,-9999,-9999,-9999,-9999,-9999,-9999,-9999,-9999,-9999,-9999,-9999,-9999,-9999,-9999,-9999,-9999,-9999,-9999,-9999,-9999,-9999,-9999,-9999,-9999,-9999,-9999,-9999,-9999,-9999,-9999,-9999,-9999,-9999,-9999,-9999,-9999,-9999,-9999,-9999,-9999,-9999,-9999,-9999,-9999,-9999,-9999,-9999,-9999,-9999,-9999,-9999,-9999,-9999,-9999,-9999,-9999,-9999
-9999,-9999,-9999,-9999,-9999,-9999,-9999,-9999,-9999,-9999,-9999,-9999,-9999,-9999,-9999,-9999,-9999,-9999,-9999,-9999,-9999,-9999,-9999,-9999,-9999,-9999,-9999,-9999,-9999,-9999,-9999,-9999,-9999,-9999,-9999,-9999,-9999,-9999,-9999,-9999,-9999,-9999,-9999,-9999,-9999,-9999,-9999,-9999,-9999,-9999,-9999,-9999,-9999,-9999,-9999,-9999,-9999,-9999,-9999,-9999,-9999,-9999,-9999,-9999,-9999,-9999,-9999,-9999,-9999,-9999,-9999,-9999,-9999,-9999,3.51308131030237E-06,5.22716982231941E-06,-9999,-9999,-9999,-9999,-9999,-9999,-9999,-9999,-9999,-9999,-9999,-9999,-9999,-9999,-9999,-9999,-9999,-9999,-9999,-9999,-9999,-9999,-9999,-9999,-9999,-9999,-9999,-9999,-9999,-9999,-9999,-9999,-9999,-9999,-9999,-9999,-9999,-9999,-9999,-9999,-9999,-9999,-9999,-9999,-9999,-9999,-9999,-9999,-9999,-9999,-9999,-9999,-9999,-9999,-9999
-9999,-9999,-9999,-9999,-9999,-9999,-9999,-9999,-9999,-9999,-9999,-9999,-9999,-9999,-9999,-9999,-9999,-9999,-9999,-9999,-9999,-9999,-9999,-9999,-9999,-9999,-9999,-9999,-9999,-9999,-9999,-9999,-9999,-9999,-9999,-9999,-9999,-9999,-9999,-9999,-9999,-9999,-9999,-9999,-9999,-9999,-9999,-9999,-9999,-9999,-9999,-9999,-9999,-9999,-9999,-9999,-9999,-9999,-9999,-9999,-9999,-9999,-9999,-9999,-9999,-9999,-9999,-9999,-9999,-9999,-9999,-9999,-9999,-9999,5.07812001160346E-06,7.52009691495914E-06,-9999,-9999,-9999,-9999,-9999,-9999,-9999,-9999,-9999,-9999,-9999,-9999,-9999,-9999,-9999,-9999,-9999,-9999,-9999,-9999,-9999,-9999,-9999,-9999,-9999,-9999,-9999,-9999,-9999,-9999,-9999,-9999,-9999,-9999,-9999,-9999,-9999,-9999,-9999,-9999,-9999,-9999,-9999,-9999,-9999,-9999,-9999,-9999,-9999,-9999,-9999,-9999,-9999,-9999,-9999
-9999,-9999,-9999,-9999,-9999,-9999,-9999,-9999,-9999,-9999,-9999,-9999,-9999,-9999,-9999,-9999,-9999,-9999,-9999,-9999,-9999,-9999,-9999,-9999,-9999,-9999,-9999,-9999,-9999,-9999,-9999,-9999,-9999,-9999,-9999,-9999,-9999,-9999,-9999,-9999,-9999,-9999,-9999,-9999,-9999,-9999,-9999,-9999,-9999,-9999,-9999,-9999,-9999,-9999,-9999,-9999,2.89218547777637E-07,4.22256732690585E-07,6.08052573625173E-07,8.73238434451196E-07,-9999,-9999,-9999,-9999,-9999,6.27291365162819E-06,6.06781122769462E-06,8.63100012793439E-06,8.40607299323892E-06,5.43237410965958E-06,7.78575122239999E-06,3.89650522265583E-05,5.22759874002077E-05,5.17605258210097E-05,7.29067596694222E-06,3.74557457689662E-05,4.85031087009702E-05,-9999,-9999,4.53683278465178E-05,7.01974640833214E-05,6.13451484241523E-05,6.21622166363522E-05,0.000159537972649559,0.000212010811083019,0.000193406798643991,0.000193573665455915,0.000118075564387254,5.54900361748878E-05,-9999,-9999,-9999,-9999,-9999,-9999,-9999,-9999,-9999,-9999,-9999,-9999,-9999,-9999,-9999,-9999,-9999,-9999,-9999,-9999,-9999,-9999,-9999,-9999,-9999,-9999,-9999,-9999,-9999,-9999,-9999,-9999,-9999,-9999,-9999,-9999,-9999,-9999,-9999,-9999,-9999,-9999
-9999,-9999,-9999,-9999,-9999,-9999,-9999,-9999,-9999,-9999,-9999,-9999,-9999,-9999,-9999,-9999,-9999,-9999,-9999,-9999,-9999,-9999,-9999,-9999,-9999,-9999,-9999,-9999,-9999,-9999,-9999,-9999,-9999,-9999,-9999,-9999,-9999,-9999,-9999,-9999,-9999,-9999,-9999,-9999,-9999,-9999,-9999,-9999,-9999,-9999,-9999,-9999,-9999,-9999,-9999,2.97100740453971E-07,4.36782841006789E-07,6.35941432847176E-07,9.07811454453622E-07,1.26781014841981E-06,1.7604140793992E-06,2.51001279139018E-06,-9999,1.03146012406796E-05,2.785744072753E-05,9.3810995167587E-06,8.85949702933431E-06,6.62944512441754E-05,6.70912704663351E-05,7.88287707109703E-06,7.64265678299125E-06,8.84542605490424E-05,0.000112083231215365,9.94588481262326E-05,8.75780679052696E-05,8.62243614392355E-05,6.66189880575985E-05,7.38345333957113E-05,0.000122876197565347,0.000217336360947229,0.000516661268193275,0.000789043609984219,0.000873199722263962,0.00087026454275474,0.00087491562590003,0.000880350184161216,0.000886250112671405,0.000896180921699852,0.000861883570905775,0.000453928805654868,0.000192404477274977,-9999,-9999,-9999,-9999,-9999,-9999,-9999,-9999,-9999,-9999,-9999,-9999,-9999,-9999,-9999,-9999,-9999,-9999,-9999,-9999,-9999,-9999,-9999,-9999,-9999,-9999,-9999,-9999,-9999,-9999,-9999,-9999,-9999,-9999,-9999,-9999,-9999,-9999,-9999,-9999
-9999,-9999,-9999,-9999,-9999,-9999,-9999,-9999,-9999,-9999,-9999,-9999,-9999,-9999,-9999,-9999,-9999,-9999,-9999,-9999,-9999,-9999,-9999,-9999,-9999,-9999,-9999,-9999,-9999,-9999,-9999,-9999,-9999,-9999,-9999,-9999,-9999,-9999,-9999,-9999,-9999,-9999,-9999,-9999,-9999,-9999,-9999,-9999,-9999,-9999,-9999,-9999,-9999,-9999,-9999,4.45249838776363E-07,6.58284307064605E-07,9.6611688604753E-07,1.37942174660566E-06,1.90891591955733E-06,2.59602734331565E-06,3.53722248291888E-06,4.8954921112454E-06,6.89398211761727E-06,9.71913686953485E-06,5.67708229937125E-05,9.89550680969842E-05,0.00025092632859014,0.000407128885854036,0.00058787886518985,0.000671400921419263,0.000599117716774344,0.000737933674827218,0.000823144044261426,0.000660117017105222,0.000648808956611902,0.000608891656156629,0.000650628353469074,0.000875588390044868,0.000892303534783423,0.000902576954104006,0.000906786706764251,0.000909952505026013,0.00090964901028201,0.00090899458155036,0.000909622816834599,0.000911937211640179,0.000914183270651847,0.00091389543376863,0.000908505811821669,0.000891777279321104,0.000739459530450404,0.000175702851265669,-9999,-9999,-9999,-9999,-9999,-9999,-9999,-9999,-9999,5.51243283553049E-05,5.51289704162627E-05,5.52033307030797E-05,-9999,-9999,-9999,-9999,-9999,-9999,-9999,-9999,-9999,-9999,-9999,-9999,-9999,-9999,-9999,-9999,-9999,-9999,-9999,-9999,-9999,-9999,-9999,-9999,-9999,-9999
-9999,-9999,-9999,-9999,-9999,-9999,-9999,-9999,-9999,-9999,-9999,-9999,-9999,-9999,-9999,-9999,-9999,-9999,-9999,-9999,-9999,-9999,-9999,-9999,-9999,-9999,-9999,-9999,-9999,-9999,-9999,2.64328955381643E-05,-9999,-9999,-9999,8.17446416476741E-05,-9999,-9999,-9999,-9999,-9999,-9999,-9999,-9999,-9999,-9999,-9999,-9999,-9999,-9999,-9999,-9999,-9999,-9999,-9999,-9999,-9999,6.56284498745663E-07,9.47343210100371E-07,1.34779452309886E-06,-9999,3.35299660036981E-06,4.784738393937E-06,6.78868218528805E-06,9.57746942731319E-06,5.71859090996441E-05,0.00010266979370499,0.000140709365950897,8.75132609508E-05,0.000483031617477536,0.000994461588561535,0.00104247289709747,0.00103181123267859,0.00101768702734262,0.000984119134955108,0.000956593896262348,0.000957161537371576,0.000954705406911671,0.000939694815315306,0.000928333029150963,0.000920349732041359,0.000916162971407175,0.000906704517547041,0.000900530489161611,0.000902243074961007,0.00090459844795987,0.000908299640286714,0.000913299852982163,0.000916314369533211,0.000916249817237258,0.000916635617613792,0.00089846266200766,0.000814421859104186,0.00021259137429297,-9999,-9999,-9999,-9999,-9999,-9999,-9999,-9999,7.50851031625643E-05,0.000116352588520385,7.58077731006779E-05,5.43720852874685E-05,5.47141607967205E-05,-9999,-9999,-9999,-9999,-9999,-9999,-9999,-9999,-9999,-9999,-9999,-9999,-9999,-9999,-9999,-9999,-9999,-9999,-9999,-9999,-9999,-9999,-9999,-9999
-9999,-9999,-9999,-9999,-9999,-9999,-9999,-9999,-9999,-9999,-9999,-9999,-9999,-9999,-9999,-9999,-9999,-9999,-9999,-9999,-9999,-9999,-9999,-9999,-9999,-9999,-9999,-9999,-9999,-9999,1.90575665328652E-05,3.62794235115871E-05,-9999,-9999,3.87889122066554E-05,6.57450946164317E-05,-9999,-9999,7.29879029677249E-05,0.000127310267998837,-9999,-9999,-9999,-9999,-9999,1.13484711619094E-05,-9999,-9999,-9999,-9999,-9999,-9999,-9999,-9999,-9999,-9999,-9999,-9999,-9999,-9999,-9999,4.84716656501405E-06,6.91953482601093E-06,9.90895841823658E-06,9.50628873397363E-06,5.52815217815805E-05,6.10518909525126E-05,5.87714785069693E-05,5.58205574634485E-05,0.000328897906001657,0.0010079579660669,0.00106393406167626,0.00105494866147637,0.00103763863444328,0.00101622380316257,0.000995625276118517,0.000978032127022743,0.000961688521783799,0.000947685388382524,0.000934816489461809,0.000922826468013227,0.000910417002160102,0.000895540928468108,0.000892632699105889,0.000893389456905425,0.000899534847121686,0.000904364860616624,0.000910345115698874,0.00091605621855706,0.000919082725886256,0.000921010912861675,0.000919079466257244,0.000904033717233688,0.00076233601430431,0.000213689752854407,-9999,-9999,-9999,-9999,-9999,8.8347056589555E-05,8.91978343133815E-05,0.000169676917721517,0.000251272140303627,0.000190526086953469,0.000128037325339392,8.41420478536747E-05,5.42155212315265E-05,-9999,-9999,-9999,-9999,-9999,-9999,-9999,-9999,-9999,-9999,-9999,-9999,-9999,-9999,-9999,-9999,-9999,-9999,-9999,-9999,-9999,-9999,-9999
-9999,-9999,-9999,-9999,-9999,-9999,-9999,-9999,-9999,-9999,-9999,-9999,-9999,-9999,-9999,-9999,-9999,-9999,-9999,-9999,-9999,-9999,-9999,4.43506432930008E-05,5.67732604395133E-05,-9999,-9999,-9999,-9999,4.75965134683065E-05,4.47331076429691E-05,1.78082082129549E-05,8.96810161066242E-05,9.47746411839034E-06,7.97679385868832E-05,0.000140073432703502,0.000251813791692257,0.000109256237919908,6.5163265389856E-05,-9999,6.68045977363363E-05,6.98547300999053E-05,-9999,-9999,0.0001195761069539,1.58567709149793E-05,9.55815994529985E-06,5.94845687373891E-06,-9999,-9999,-9999,-9999,-9999,-9999,-9999,-9999,-9999,2.35476909438148E-05,1.49075694935163E-05,-9999,-9999,-9999,9.9266144388821E-06,6.5803702455014E-05,6.34658863418736E-05,6.32662267889827E-05,6.11938448855653E-05,5.80767482460942E-05,7.66497541917488E-05,0.000476274872198701,0.00101250200532377,0.00106525444425642,0.00105388043448329,0.00103746028617024,0.00101690564770252,0.000996481743641198,0.000978387543000281,0.000961137935519218,0.000946379674132913,0.000933146569877863,0.000916811753995717,0.000869312323629856,0.000874529592692852,0.000884287233930081,0.000887225673068315,0.000890484137926251,0.000898128666449338,0.000906446657609195,0.00091359787620604,0.000917439872864634,0.000919638900086284,0.000919957179576159,0.000914263888262212,0.00087378203170374,0.000255288236076012,4.48833852715325E-05,6.49730782242841E-06,4.48528317065211E-06,6.86340081301751E-06,0.000214473184314556,0.000424324651248753,0.00055153394350782,0.000618023972492665,0.000529473938513547,0.000502031878568232,0.000382050115149468,0.000230402307352051,7.48859310988337E-05,5.43077185284346E-05,5.49091237189714E-05,-9999,-9999,-9999,-9999,-9999,-9999,-9999,-9999,-9999,-9999,-9999,-9999,-9999,-9999,-9999,-9999,-9999,-9999,-9999,-9999,-9999
-9999,-9999,-9999,-9999,-9999,-9999,-9999,-9999,-9999,-9999,-9999,-9999,-9999,-9999,-9999,-9999,-9999,-9999,-9999,-9999,-9999,-9999,6.67751955916174E-05,7.86673917900771E-05,5.34121536475141E-05,5.39562315680087E-05,5.97054422541987E-05,6.90777524141595E-05,0.000130009793792851,0.000195282977074385,0.000146700767800212,0.000346198736224324,0.000475801731226966,0.000512586906552315,0.000588583294302225,0.000509045727085322,0.000504887255374342,0.000459824543213472,0.000264886883087456,0.000202502546017058,6.52652743156068E-05,4.0153885493055E-05,3.36222728947178E-05,4.55242552561685E-05,1.26269624161068E-05,8.68113420438021E-06,8.30980388855096E-06,7.90349804447033E-06,5.08122502651531E-06,-9999,-9999,-9999,-9999,-9999,-9999,-9999,-9999,9.81003977358341E-05,8.87075439095497E-05,8.19514752947725E-05,-9999,-9999,6.44337560515851E-05,6.56080155749805E-05,6.53046372462995E-05,6.34211100987159E-05,6.01903630013112E-05,7.06512000760995E-05,0.000233383834711276,0.000665850529912859,0.00102284038439393,0.0010644921567291,0.00104974419809878,0.00103308307006955,0.00101295206695795,0.000992295099422336,0.000973674352280796,0.00095719750970602,0.000941963051445782,0.000929308705963194,0.00086958275642246,0.000450123246992007,0.000530488847289234,0.000734034460037947,0.000848434749059379,0.000882398977410048,0.000890705268830061,0.00090024626115337,0.000908131129108369,0.000912127026822418,0.000916937948204577,0.000920010672416538,0.000913306197617203,0.00085369119187817,0.000409065105486661,0.000330171023961157,2.68008625425864E-05,6.66070263832808E-06,0.0003258872020524,0.000759221671614796,0.00084782880730927,0.000902778236195445,0.000894189695827663,0.000867552473209798,0.000834870093967766,0.000686890329234302,0.000440260075265542,0.000228923221584409,8.32407895359211E-05,5.41181216249242E-05,-9999,-9999,-9999,-9999,-9999,-9999,-9999,-9999,-9999,-9999,-9999,-9999,-9999,-9999,-9999,-9999,-9999,-9999,-9999,-9999,-9999
-9999,-9999,-9999,-9999,-9999,-9999,-9999,-9999,-9999,-9999,-9999,-9999,-9999,-9999,-9999,-9999,-9999,-9999,-9999,-9999,-9999,-9999,6.67400818201713E-05,7.97313550719991E-05,6.75310147926211E-05,6.99782322044484E-05,0.000259801017818972,0.000517782173119485,0.000684099912177771,0.000601560052018613,0.000599781807977706,0.000481937400763854,0.000517901382409036,0.00059353478718549,0.00055166776292026,0.000627287779934704,0.000742603209801018,0.000738229777198285,0.000770546728745103,0.000684510450810194,0.000479247712064534,0.00030862697167322,0.000126548839034513,4.75941960758064E-05,2.31832018471323E-05,1.03456895885756E-05,1.03535994639969E-05,1.02500334833167E-05,6.82568042975618E-06,6.74532202538103E-06,6.74655848342809E-06,-9999,-9999,-9999,-9999,-9999,-9999,-9999,8.05721065262333E-05,7.26392390788533E-05,6.70257504680194E-05,6.18860649410635E-05,6.38112833257765E-05,6.45587206236087E-05,6.46096159471199E-05,6.22021907474846E-05,7.31964610167779E-05,0.000237528045545332,0.000642426195554435,0.00101871695369482,0.00107215985190123,0.00105775345582515,0.00104120245669037,0.00102462864015251,0.00100503349676728,0.000984571175649762,0.00096719095017761,0.000952342699747533,0.000938360230065882,0.000836485356558114,1.13958194560837E-05,6.17829300608719E-06,6.13386646364233E-06,6.10060760664055E-06,7.02118850313127E-05,0.000578692182898521,0.000862538465298712,0.000891011324711144,0.000900067330803722,0.000907424080651253,0.000914038275368512,0.000918890233151615,0.000914990552701056,0.000845280068460852,0.000863842549733818,0.000897187739610672,0.000794404884800315,0.000428849220043048,0.000872572942171246,0.000964825041592121,0.000982555677182972,0.000974440656136721,0.000950813293457031,0.000937046657782048,0.000917466182727367,0.000833213445730507,0.000622776919044554,0.000406679726438597,0.000125356949865818,5.26021613040939E-05,2.69571646640543E-05,-9999,-9999,-9999,-9999,-9999,-9999,-9999,-9999,-9999,-9999,-9999,-9999,-9999,-9999,-9999,-9999,-9999,-9999,-9999,-9999
-9999,-9999,-9999,-9999,-9999,-9999,-9999,-9999,-9999,-9999,-9999,-9999,-9999,-9999,-9999,-9999,-9999,-9999,-9999,-9999,-9999,-9999,6.55231415294111E-05,8.20162094896659E-05,0.000129310516058467,0.000594326062127948,0.000769439327996224,0.000849878997541964,0.000808354932814837,0.000642030441667885,0.000638898345641792,0.000716548762284219,0.000753548403736204,0.000789465848356485,0.000897952471859753,0.000893315125722438,0.000923140672966838,0.000950966612435877,0.00100661150645465,0.0009408975020051,0.00083294918294996,0.000520055124070495,0.000274021382210776,0.000157949776621535,0.000136127069708891,0.000152470616740175,0.00013360746379476,9.20068414416164E-05,9.26569373405073E-06,9.45176179811824E-06,9.53704329731409E-06,-9999,-9999,-9999,-9999,6.66431515128352E-05,6.76277850288898E-05,6.94216723786667E-05,7.06744467606768E-05,6.53291644994169E-05,7.40854738978669E-05,5.80707710469142E-05,5.0033580919262E-05,3.11302792397328E-05,8.7374632130377E-05,0.000289917341433465,0.00013772037345916,0.000774246989749372,0.00109112937934697,0.00107988016679883,0.00106378935743123,0.00104753556661308,0.00103083672001958,0.0010140755912289,0.000993255525827408,0.000975390255916864,0.000962973455898464,0.000901464954949915,6.36288768873783E-06,6.30797330813948E-06,6.26316295893048E-06,4.16052535001654E-06,4.13129373555421E-06,4.10894199376344E-06,6.10408915235894E-06,2.27112650463823E-05,0.000297969818348065,0.000784414471127093,0.000885510060470551,0.000900516519322991,0.000909038062673062,0.0009151411941275,0.000921846483834088,0.0009295295458287,0.000937777862418443,0.000946177227888256,0.000942929822485894,0.000950754387304187,0.000976047245785594,0.000997237162664533,0.0010049237171188,0.000998407369479537,0.000987405306659639,0.000976889743469656,0.000936030584853142,0.000898728438187391,0.000757360365241766,0.000587797025218606,0.000268522271653637,9.9282682640478E-05,1.17762047011638E-05,7.54625762056094E-06,-9999,-9999,-9999,-9999,-9999,-9999,-9999,-9999,-9999,-9999,-9999,-9999,-9999,-9999,-9999,-9999,-9999,-9999,-9999
-9999,-9999,-9999,-9999,-9999,-9999,-9999,-9999,-9999,-9999,-9999,-9999,-9999,-9999,-9999,-9999,-9999,-9999,-9999,-9999,-9999,6.01870706304908E-05,7.12037071934901E-05,0.000277824059594423,0.000761453760787845,0.000994177302345634,0.000993986264802516,0.000921871163882315,0.000803202507086098,0.000947890221141279,0.000942641287110746,0.000971465080510825,0.000967623898759484,0.000963868282269686,0.00102096213959157,0.00106968800537288,0.00108816474676132,0.00108183722477406,0.00111748545896262,0.00111021916382015,0.00108291651122272,0.000887010246515274,0.000344667583703995,0.000215314066736028,0.000264549744315445,0.000239914486883208,0.000215476742596366,0.00021739311341662,0.000215395179111511,0.000154528330313042,9.91157357930206E-05,6.662736996077E-05,6.6928674641531E-05,6.80042867315933E-05,6.9024958065711E-05,6.32400915492326E-05,7.1266018494498E-05,6.32907176623121E-05,6.38615238131024E-05,7.29216772015207E-05,0.000301386520732194,0.000641937192995101,0.000311960146063939,8.68494043970713E-06,8.57708073453978E-06,8.29752661957173E-06,3.26704648614395E-05,0.000301876163575798,0.00108794705010951,0.00107211561407894,0.0010566923301667,0.00103405117988586,0.00101552729029208,0.000873936456628144,3.70751404261682E-05,6.62896172798355E-06,6.52821927360492E-06,6.45917361907777E-06,4.27905570177245E-06,4.24126847065054E-06,4.21023560193134E-06,2.79623122878547E-06,2.77857043329277E-06,2.76584160019411E-06,4.11201563110808E-06,6.12091571383644E-06,3.95914939872455E-05,0.000260504137258977,0.000715839210897684,0.000873362761922181,0.000898929196409881,0.0009076640708372,0.000914791715331376,0.000923122512176633,0.000934437732212245,0.000945420702919364,0.000955359311774373,0.00096614717040211,0.000979853793978691,0.000992015819065273,0.000996263464912772,0.000998112722299993,0.00099684507586062,0.000994285801425576,0.000978874042630196,0.000928414519876242,0.000873197102919221,0.000668771739583462,0.000396867370000109,0.000220344954868779,6.04815286351368E-05,7.40362929718685E-06,7.57386851546471E-06,1.44669156725286E-05,-9999,-9999,-9999,-9999,-9999,-9999,-9999,-9999,-9999,-9999,-9999,-9999,-9999,-9999,-9999,-9999,-9999
-9999,-9999,-9999,-9999,-9999,-9999,-9999,-9999,-9999,-9999,-9999,-9999,-9999,-9999,-9999,-9999,-9999,-9999,-9999,-9999,-9999,0.000119524454930797,0.000673176953569055,0.000987619627267122,0.00110906001646072,0.00105336960405111,0.000989131280221045,0.000951654103118926,0.00101230444852263,0.00109072809573263,0.00115176080726087,0.00114581466186792,0.00117864471394569,0.00120503676589578,0.00118553289212286,0.00123006000649184,0.00122333073522896,0.00120474258437753,0.00121588446199894,0.00121460028458387,0.00118791544809937,0.0011589810019359,0.00109279144089669,0.000981942052021623,0.00086564221419394,0.000691758294124156,0.000437822833191603,0.000238399719819427,0.000261780252913013,0.000214999265153892,0.000158102076966316,0.000103429774753749,9.2736809165217E-05,7.4442446930334E-05,7.41986150387675E-05,0.000113621819764376,0.000101089353847783,9.9597244116012E-05,0.000153589047840796,0.000675586459692568,0.00111451093107462,0.00121693790424615,0.00118541740812361,0.00037498094025068,8.26656832941808E-06,8.07634023658466E-06,7.80245864007156E-06,0.0011004974367097,0.00108394003473222,0.00106788112316281,0.000760437978897244,7.06621813151287E-06,6.97145242156694E-06,6.91873447067337E-06,-9999,-9999,-9999,-9999,-9999,-9999,-9999,1.87021157671552E-06,1.86385022971081E-06,2.77113440461108E-06,4.12389726989204E-06,6.14107239016448E-06,1.3917933756602E-05,8.49398347781971E-05,0.000340890837833285,0.00073050893843174,0.000877111859153956,0.000896999030373991,0.000904601882211864,0.00091714144218713,0.000928451889194548,0.00093896861653775,0.000949389766901731,0.000961720244958997,0.000972672656644136,0.000981174409389496,0.000985245918855071,0.000987450359389186,0.000991835608147085,0.000999335432425141,0.000993520254269242,0.000965540355537087,0.000902254367247224,0.000782533083111048,0.00059896387392655,0.000361060810973868,0.000196497261640616,6.30650829407386E-05,4.24534919147845E-05,3.41255872626789E-05,4.55747940577567E-05,-9999,-9999,-9999,-9999,-9999,-9999,-9999,-9999,-9999,-9999,-9999,-9999,-9999,-9999,-9999,-9999
-9999,-9999,-9999,-9999,-9999,-9999,-9999,-9999,-9999,-9999,-9999,-9999,-9999,-9999,-9999,-9999,-9999,-9999,-9999,6.23632295173593E-05,0.000169372404343449,0.000943144201301038,0.00112687575165182,0.00112867448478937,0.00110423588193953,0.00115177955012769,0.0011258136946708,0.0011203606845811,0.00119414669461548,0.00120114767923951,0.0012192913563922,0.00123503489885479,0.00122112652752548,0.00120512652210891,0.00123228866141289,0.00124357198365033,0.00123712210915983,0.00122112722601742,0.00122557522263378,0.00123083149082959,0.00122921157162637,0.00121838715858757,0.00121315405704081,0.00118829635903239,0.00116233131848276,0.00110264588147402,0.00103074044454843,0.000959506200160831,0.000746327918022871,0.000494745676405728,0.000210369064006954,0.000209818943403661,0.000230264020501636,0.000251774617936462,0.000328412250382826,0.000486715172883123,0.000734209083020687,0.000802859663963318,0.000994462636299431,0.00118165009189397,0.00122089008800685,0.00122024677693844,0.00121347920503467,0.00121341657359153,2.98240029223962E-05,0.00114259228575975,0.00115125067532063,0.00111267564352602,0.000858220621012151,1.86189972737338E-05,7.2871798693086E-06,-9999,-9999,-9999,-9999,-9999,-9999,-9999,-9999,-9999,-9999,-9999,-9999,1.85816600151156E-06,2.76889272754488E-06,4.12735471400083E-06,6.15169301454443E-06,4.24099343945272E-05,0.000172306623426266,0.000484497926663607,0.00079655583249405,0.00088351423619315,0.000897964695468545,0.00090535229537636,0.000914968724828213,0.000925526954233646,0.000936430180445313,0.00094781641382724,0.000957704964093864,0.000964766601100564,0.000969490443821996,0.000971899949945509,0.000973169808275998,0.00097879336681217,0.000982026918791234,0.000968307023867965,0.000939980149269104,0.000895259552635252,0.000805238494649529,0.000556365353986621,0.000302152038784698,0.000214452855288982,0.000134085479658097,5.18886117788497E-05,5.01110444020014E-05,-9999,-9999,-9999,-9999,-9999,-9999,-9999,-9999,-9999,-9999,-9999,-9999,-9999,-9999,-9999,-9999
-9999,-9999,-9999,-9999,-9999,-9999,-9999,-9999,-9999,-9999,-9999,-9999,-9999,-9999,-9999,-9999,-9999,-9999,0.000185566444997676,0.000468376587377861,0.00106483919080347,0.00120362394955009,0.00120536738540977,0.0012362675042823,0.00124866818077862,0.00123285106383264,0.0012927963398397,0.00131052476353943,0.00129577610641718,0.00127820507623255,0.00126058130990714,0.0012377267703414,0.00121609284542501,0.00124449678696692,0.00123926065862179,0.00125653890427202,0.00125098798889667,0.00125374691560864,0.00124292843975127,0.00123873341362923,0.00123446166981012,0.00122883263975382,0.00122523156460375,0.00122103374451399,0.00121295289136469,0.00119535718113184,0.00117460649926215,0.00113591039553285,0.00107467442285269,0.000936957716476172,0.000588278344366699,0.000326126784784719,0.000415972637711093,0.000757093308493495,0.000904967251699418,0.000977662508375943,0.000980805139988661,0.00106984132435173,0.00118115241639316,0.0012062459718436,0.00120587169658393,0.00119640282355249,0.00118791102431715,0.00118032190948725,0.00116426032036543,0.00114725390449166,0.00108284514863044,1.62791038746946E-05,-9999,-9999,-9999,-9999,-9999,-9999,-9999,-9999,-9999,-9999,-9999,-9999,-9999,-9999,-9999,-9999,-9999,4.13182942793355E-06,6.16087800153764E-06,1.84995133167831E-05,8.52548255352303E-05,0.000287253904389217,0.000631510862149298,0.000852706376463175,0.000887307105585933,0.000896392506547272,0.000902134634088725,0.000908941205125302,0.000918474106583744,0.000929009227547795,0.000937705102842301,0.000943769351579249,0.000946726475376636,0.000949086446780711,0.00095255539054051,0.00095597846666351,0.000961072568316013,0.000955402036197484,0.000928749679587781,0.00089325982844457,0.00084779056487605,0.000745606899727136,0.000486443110276014,0.000298333179671317,0.000118324423965532,5.71196505916305E-05,5.04916242789477E-05,-9999,-9999,-9999,-9999,-9999,-9999,-9999,-9999,-9999,-9999,-9999,-9999,-9999,-9999,-9999,-9999
-9999,-9999,-9999,-9999,-9999,-9999,-9999,-9999,-9999,-9999,-9999,-9999,9.2518275778275E-06,2.73767309408868E-05,-9999,6.33907911833376E-05,0.000134094603708945,0.000503787829075009,0.000934051466174424,0.00113681983202696,0.00127692450769246,0.00131499301642179,0.00133211456704885,0.00133317115250975,0.00132656726054847,0.00133123795967549,0.0013302544830367,0.00132019259035587,0.00131549977231771,0.00130167766474187,0.001285849371925,0.00127512984909117,0.00127168069593608,0.0012705537956208,0.00126709975302219,0.00126638542860746,0.00126152927987278,0.00125634658616036,0.00124786468222737,0.0012382302666083,0.0012287994613871,0.00121952022891492,0.00121425767429173,0.00121163844596595,0.00120851886458695,0.00120320916175842,0.00119608675595373,0.00118508539162576,0.00116938329301775,0.00113802484702319,0.00105849804822356,0.00088930589845404,0.000777605164330453,0.000839903834275901,0.000897128600627184,0.000969453249126673,0.0010436880402267,0.00115987821482122,0.00118953001219779,0.00117936672177166,0.00117837288416922,0.00117561500519514,0.00117012567352504,0.00116231571882963,0.00115157256368548,0.00114705308806151,1.27624534798088E-05,-9999,-9999,-9999,-9999,-9999,-9999,-9999,-9999,-9999,-9999,-9999,-9999,-9999,-9999,-9999,-9999,-9999,-9999,-9999,4.13186853620573E-06,6.15858971286798E-06,3.02425942209084E-05,0.000135435169795528,0.000412056921049953,0.000750141334719956,0.000869791081640869,0.000886396795976907,0.000893419259227812,0.000894115772098303,0.000900015351362526,0.000908580666873604,0.00091520044952631,0.000920090067666024,0.000922175357118249,0.000921940372791141,0.000924415187910199,0.000931287999264896,0.000936131807975471,0.000935196585487574,0.000922651903238147,0.000897068879567087,0.000867825816385448,0.000798643101006746,0.000586856680456549,0.000315389625029638,0.00012748088920489,6.20373539277352E-05,4.9114074499812E-05,-9999,-9999,-9999,-9999,-9999,-9999,-9999,-9999,-9999,-9999,-9999,-9999,-9999,-9999,-9999,-9999
-9999,-9999,-9999,-9999,-9999,-9999,-9999,-9999,-9999,-9999,9.02737338037696E-06,9.02634292287985E-06,9.05523938854458E-06,0.000101197772892192,0.00024624660727568,0.000651437789201736,0.000990462140180171,0.00115069525782019,0.00125978805590421,0.00131828233134001,0.00134160439483821,0.00134682981297374,0.00134682329371572,0.00134471000637859,0.00134104257449508,0.00133411749266088,0.00132727553136647,0.00131859886460006,0.00130817596800625,0.00129609939176589,0.00128406204748899,0.00127201830036938,0.00126290530897677,0.00125778443180025,0.00125320081133395,0.00125074048992246,0.00124708644580096,0.00124052294995636,0.00123189820442349,0.00122236437164247,0.00121255673002452,0.00120216701179743,0.0011944982688874,0.00119081884622574,0.00118789367843419,0.00118369678966701,0.00117878324817866,0.00117300834972411,0.00116628932300955,0.00115958275273442,0.00115205626934767,0.00114191963803023,0.00113350932952017,0.00112936261575669,0.00113531772512943,0.00115871301386505,0.00117116398178041,0.00117617950309068,0.00117582688108087,0.00116592284757644,0.000296384940156713,7.90316789789358E-06,7.91937236499507E-06,2.13088351301849E-05,0.000520196277648211,5.90093259233981E-05,-9999,-9999,-9999,-9999,-9999,-9999,-9999,-9999,-9999,-9999,-9999,-9999,-9999,-9999,-9999,-9999,-9999,-9999,-9999,-9999,-9999,4.12610097555444E-06,6.14540067545022E-06,3.14540666295215E-05,0.000162048076163046,0.000485090014990419,0.000801110523752868,0.000874215504154563,0.000880847568623722,0.000883368484210223,0.000882634543813765,0.000886963505763561,0.000891046947799623,0.000895855249837041,0.000897024699952453,0.000896773126441985,0.000896057870704681,0.000903338077478111,0.000909865950234234,0.000911245006136596,0.000904531974811107,0.000891108240466565,0.000858505663927644,0.000791455036960542,0.000645459280349314,0.000410184526117519,0.00015101999451872,6.70911249471828E-05,4.76054956379812E-05,-9999,-9999,-9999,-9999,-9999,-9999,-9999,-9999,-9999,-9999,-9999,-9999,-9999,-9999,-9999,-9999
-9999,-9999,-9999,-9999,-9999,-9999,-9999,-9999,6.13045413047075E-05,6.12132207606919E-05,1.4474465388048E-05,2.42668957071146E-05,0.000177293521119282,0.000798623776063323,0.00108715379610658,0.00119033665396273,0.00126704410649836,0.00130948831792921,0.00132542371284217,0.00133860006462783,0.00134360324591398,0.00134353630710393,0.0013418709859252,0.00133671658113599,0.00133003399241716,0.0013211362529546,0.00131048611365259,0.00129865540657192,0.0012871497310698,0.0012746462598443,0.00126229261513799,0.00125012302305549,0.00124024122487754,0.00123591616284102,0.00123106187675148,0.00122759002260864,0.00122200965415686,0.0012149183312431,0.00120611721649766,0.00119521864689887,0.00118360575288534,0.00117244198918343,0.00116514915134758,0.00116208847612143,0.0011588087072596,0.00115430355072021,0.00114925729576498,0.00114398181904107,0.00113834603689611,0.00113388989120722,0.00113141594920307,0.00113266159314662,0.00113686185795814,0.00114272395148873,0.00115022575482726,0.00115575641393661,0.00115888891741633,0.00116121780592948,0.00116028962656856,0.00115284498315305,0.00111994368489832,7.81987819209462E-06,-9999,-9999,-9999,-9999,-9999,-9999,-9999,-9999,-9999,-9999,-9999,-9999,-9999,-9999,-9999,-9999,-9999,-9999,-9999,-9999,-9999,-9999,-9999,-9999,-9999,-9999,4.11471773986705E-06,6.12652002018876E-06,1.09132979559945E-05,8.78789651324041E-05,0.000400403252569959,0.000774139421992004,0.000863204011693597,0.000872101867571473,0.000870456511620432,0.000867839145939797,0.000867296650540084,0.000871232012286782,0.000873052456881851,0.000874395074788481,0.00087484682444483,0.00087657367112115,0.000882948224898428,0.00088588212383911,0.000883494270965457,0.000874931807629764,0.000851005897857249,0.000802480324637145,0.000688287313096225,0.00045049746404402,0.00016099977074191,6.49033754598349E-05,4.61168529000133E-05,-9999,-9999,-9999,-9999,-9999,-9999,-9999,-9999,-9999,-9999,-9999,-9999,-9999,-9999,-9999,-9999
-9999,-9999,-9999,-9999,-9999,-9999,-9999,-9999,6.01732936047483E-05,6.85463091940619E-05,7.54546126700006E-05,0.000291895383270457,0.00106817251071334,0.00122276262845844,0.00125701515935361,0.00128816929645836,0.00131479778792709,0.00132901268079877,0.00133553962223232,0.00133689527865499,0.00133525545243174,0.00133252504747361,0.00132721662521362,0.00131977023556828,0.00131084874738008,0.00130014377646148,0.00128678744658828,0.00127194542437792,0.00126057420857251,0.00125051219947636,0.00123961188364774,0.00122821819968522,0.001218979828991,0.0012124206405133,0.00120810314547271,0.00120359181892127,0.00119779456872493,0.00118967820890248,0.00117957836482674,0.00116732821334153,0.00115494092460722,0.00114323641173542,0.00113481527660042,0.00113020685967058,0.00112524221185595,0.00112005788832903,0.00111514341551811,0.00111127796117216,0.0011068070307374,0.00110324844717979,0.0011014275951311,0.00110479071736336,0.00111168553121388,0.00112049537710845,0.00112950801849365,0.00113593996502459,0.0011393129825592,0.00113900192081928,0.00113813509233296,0.00113727047573775,0.0010856210719794,7.78527464717627E-06,-9999,-9999,-9999,-9999,-9999,-9999,-9999,-9999,-9999,-9999,-9999,-9999,-9999,-9999,-9999,-9999,-9999,-9999,-9999,-9999,-9999,-9999,-9999,-9999,-9999,-9999,-9999,-9999,6.10122651778511E-06,6.09097196502262E-06,1.23539657579386E-05,0.000123620906379074,0.000606121669989079,0.000840090331621468,0.000856357393786311,0.000852758705150336,0.000848337542265654,0.000847528281155974,0.000849353091325611,0.000850010197609663,0.000851872784551233,0.000853717268910259,0.00085730548016727,0.000860879779793322,0.000859106774441898,0.000856139464303851,0.00083980627823621,0.000808273965958506,0.000730639032553881,0.000460883660707623,0.000170462531968951,5.58335741516203E-05,4.59064831375144E-05,-9999,-9999,-9999,-9999,-9999,-9999,-9999,-9999,-9999,-9999,-9999,-9999,-9999,-9999,-9999,-9999
-9999,-9999,-9999,-9999,-9999,-9999,6.24013409833424E-05,6.16933975834399E-05,6.15593889961019E-05,0.000174708999111317,0.000817145162727684,0.00113657815381885,0.00125284411478788,0.00128140160813928,0.00130383542273194,0.0013162080431357,0.00132442126050591,0.00132802710868418,0.00132847228087485,0.00132518238388002,0.00131898489780724,0.00131252675782889,0.00130606663879007,0.00129695353098214,0.00128524878527969,0.00127555977087468,0.00126206548884511,0.00124880764633417,0.00123703619465232,0.00122541922610253,0.00121248012874275,0.00120288226753473,0.00119573145639151,0.00118897552601993,0.0011834193719551,0.00117812771350145,0.00117194291669875,0.00116510747466236,0.00115545187145472,0.00114356190897524,0.00113008765038103,0.00111949641723186,0.0011096578091383,0.00110272108577192,0.00109661242458969,0.00109165185131133,0.00108687696047127,0.00108150986488909,0.00107917957939208,0.00107618048787117,0.00107530923560262,0.00107919017318636,0.00108577974606305,0.00109546282328665,0.00110280397348106,0.00111054629087448,0.00111692456994206,0.00111689686309546,0.00110999017488211,0.000533746962901205,7.7307613537414E-06,-9999,-9999,-9999,-9999,-9999,-9999,-9999,-9999,-9999,-9999,-9999,-9999,-9999,-9999,-9999,-9999,-9999,-9999,-9999,-9999,-9999,-9999,-9999,-9999,-9999,-9999,-9999,-9999,-9999,-9999,-9999,-9999,5.9905978559982E-06,1.67412617884111E-05,0.000280023203231394,0.00076204352080822,0.000835552054923028,0.000833023921586573,0.000827487907372415,0.00082477816613391,0.000826529692858458,0.000827862008009106,0.000831210578326136,0.000833736266940832,0.000835905608255416,0.000834735692478716,0.000830986944492906,0.000820602639578283,0.000801278627477586,0.000730080297216773,0.000517317152116448,0.00023458746727556,4.70358791062608E-05,-9999,-9999,-9999,-9999,-9999,-9999,-9999,-9999,-9999,-9999,-9999,-9999,-9999,-9999,-9999,-9999,-9999
-9999,-9999,-9999,-9999,-9999,-9999,6.20520804659463E-05,7.75304506532848E-05,0.000290771597065032,0.000978841097094119,0.00119929923675954,0.00126378727145493,0.00128558941651136,0.00129521079361439,0.00130234402604401,0.00130827038083225,0.00131448218598962,0.00131802179384977,0.00131709652487189,0.00131060462445021,0.00130039220675826,0.00129217409994453,0.00128563144244254,0.00127564696595073,0.00126330589409918,0.00125304993707687,0.001239696983248,0.00122564635239542,0.0012138735037297,0.00120121112558991,0.00118542683776468,0.00117607763968408,0.00116608082316816,0.00115718925371766,0.00114611838944256,0.00114010355900973,0.00113759096711874,0.00113504903856665,0.00112822256051004,0.00112014054320753,0.00110430782660842,0.00109659193549305,0.00108618312515318,0.00107947329524904,0.00107491563539952,0.0010733911767602,0.00106864015106112,0.00106809625867754,0.00106416805647314,0.00106511299964041,0.00106344744563103,0.00106937752570957,0.00107772927731276,0.000884098233655095,0.00102523900568485,0.000879824336152524,2.41887482843595E-05,7.6006672315998E-06,7.63248408475192E-06,-9999,-9999,-9999,-9999,-9999,-9999,-9999,-9999,-9999,-9999,-9999,-9999,-9999,-9999,-9999,-9999,-9999,-9999,-9999,-9999,-9999,-9999,-9999,-9999,-9999,-9999,-9999,-9999,-9999,-9999,-9999,-9999,-9999,-9999,-9999,5.87050135436584E-06,5.80560936214169E-06,0.000115179835120216,0.000670197419822216,0.000812275917269289,0.00080872344551608,0.000802744529210031,0.000802432419732213,0.000805670337285846,0.000808294687885791,0.000811001867987216,0.000811164791230112,0.0008086814195849,0.000805287971161306,0.000797870336100459,0.000785868789535016,0.000740093062631786,0.000583688553888351,0.000245919800363481,6.26795372227207E-05,5.04099771205802E-05,3.94407543353736E-05,-9999,-9999,-9999,-9999,-9999,-9999,-9999,-9999,-9999,-9999,-9999,-9999,-9999,-9999,-9999
-9999,-9999,-9999,-9999,7.98560795374215E-05,8.82386229932308E-05,6.24471285846084E-05,0.000266889721387997,0.00103407620918006,0.001227967441082,0.00127617293037474,0.00128293165471405,0.00128339102957398,0.00128509104251862,0.00128853158093989,0.00129402300808579,0.00130069849546999,0.00130470399744809,0.00130319071467966,0.00129526760429144,0.0012832481879741,0.00127316964790225,0.00126975250896066,0.0012544133933261,0.00124255602713674,0.00123311602510512,0.00121691671665758,0.00121176824904978,0.00119883217848837,0.00118647050112486,0.00116812239866704,0.00115352426655591,0.00113975163549185,0.00113746884744614,0.00112082692794502,0.00112048769369721,0.00112117221578956,0.00111379392910749,0.00111692061182112,0.000152402179082856,0.000763924850616604,0.000623470754362643,0.00105992041062564,0.000753993808757514,0.000970615423284471,0.00105245865415782,0.00105437391903251,0.000560674292501062,0.000178955786395818,0.000506723707076162,7.12581604602747E-05,6.18123667663895E-05,7.30890906197601E-06,7.34064042262617E-06,-9999,-9999,-9999,-9999,-9999,-9999,-9999,-9999,-9999,-9999,-9999,-9999,-9999,-9999,-9999,-9999,-9999,-9999,-9999,-9999,-9999,-9999,-9999,-9999,-9999,-9999,-9999,-9999,-9999,-9999,-9999,-9999,-9999,-9999,-9999,-9999,-9999,-9999,-9999,-9999,-9999,3.81023642148648E-06,5.57600696993177E-06,0.000180600574822165,0.000746430829167366,0.000788174918852746,0.000781786686275154,0.000779829919338226,0.000784438103437424,0.000786604941822588,0.000787564204074442,0.000786163087468594,0.000782660150434822,0.000778921879827976,0.000774629123043269,0.000766520854085684,0.00073631462873891,0.00056153442710638,0.000197797198779881,3.82427824661136E-05,3.80637829948682E-05,2.72239522018936E-05,3.96309042116627E-05,-9999,-9999,-9999,-9999,-9999,-9999,-9999,-9999,-9999,-9999,-9999,-9999,-9999,-9999
-9999,-9999,-9999,-9999,6.37055054539815E-05,9.82452984317206E-05,0.000148532679304481,0.000983833568170667,0.00124469795264304,0.00128460535779595,0.00128497381228954,0.00127872510347515,0.00127426174003631,0.00127063377294689,0.00126985972747207,0.00127356662414968,0.00128072849474847,0.00129012344405055,0.00128928828053176,0.00100409705191851,1.33715293486603E-05,8.67126618686598E-06,8.61909938976169E-06,8.55389225762337E-06,8.48101899464382E-06,8.40386019262951E-06,4.00801836804021E-05,8.2297492554062E-06,3.09866154566407E-05,8.03153943707002E-06,0.000103054080682341,0.000813783844932914,0.00107737234793603,0.00104079535230994,0.00111052358988672,0.00108797091525048,0.00110445765312761,0.0010934853926301,0.000315263809170574,7.55969904275844E-06,7.48591673982446E-06,7.42503152650897E-06,7.37105938242166E-06,7.32679245629697E-06,7.28931308913161E-06,7.26303915143944E-06,7.24809206076316E-06,-9999,-9999,-9999,-9999,-9999,-9999,-9999,-9999,-9999,-9999,-9999,-9999,-9999,-9999,-9999,-9999,-9999,-9999,-9999,-9999,-9999,-9999,-9999,-9999,-9999,-9999,-9999,-9999,-9999,-9999,-9999,-9999,-9999,-9999,-9999,-9999,-9999,-9999,-9999,-9999,-9999,-9999,-9999,-9999,-9999,-9999,-9999,-9999,-9999,5.41757617611438E-06,3.6158729926683E-05,0.000647740205749869,0.0007622423581779,0.000761705043260008,0.000756857276428491,0.000760711147449911,0.000762538111303002,0.000762409414164722,0.000760635419283062,0.00075626780744642,0.000752193271182477,0.000748521415516734,0.000743038021028042,0.000722771976143122,0.000601971347350627,0.000303623644867912,0.000102392645203508,1.81709128810326E-05,6.18929043412209E-05,3.76116877305321E-05,-9999,-9999,-9999,-9999,-9999,-9999,-9999,-9999,-9999,-9999,-9999,-9999,-9999,-9999
-9999,-9999,-9999,-9999,-9999,6.23292653472163E-05,0.00071477546589449,0.00123478984460235,0.00128747092094272,0.00128923449665308,0.00127965852152556,0.00126879045274109,0.00126205524429679,0.00125269556883723,0.00124902068637311,0.00125646404922009,0.000756463792640716,8.66749815031653E-06,8.7060052464949E-06,8.71925112733152E-06,-9999,-9999,-9999,-9999,-9999,-9999,-9999,-9999,-9999,-9999,-9999,-9999,-9999,2.85686437564436E-05,8.3168015407864E-05,7.18378505553119E-05,9.553661220707E-05,7.60664170229575E-06,-9999,-9999,-9999,-9999,-9999,-9999,-9999,-9999,-9999,-9999,-9999,-9999,-9999,-9999,-9999,-9999,-9999,-9999,-9999,-9999,-9999,-9999,-9999,-9999,-9999,-9999,-9999,-9999,-9999,-9999,-9999,-9999,-9999,-9999,-9999,-9999,-9999,-9999,-9999,-9999,-9999,-9999,-9999,-9999,-9999,-9999,-9999,-9999,-9999,-9999,-9999,-9999,-9999,-9999,-9999,-9999,-9999,-9999,3.54281041836657E-06,5.16703903485904E-06,0.000549281598068774,0.000737005029805005,0.000738275004550815,0.000733467109967023,0.000738734321203083,0.000737317139282823,0.000736362300813198,0.000734488014131784,0.000731100619304925,0.000727443664800376,0.000722865341231227,0.00071851524990052,0.000709107785951346,0.000641045277006924,0.000417148257838562,0.000122380268294364,6.74804905429482E-05,4.1074712498812E-05,-9999,-9999,-9999,-9999,-9999,-9999,-9999,-9999,-9999,-9999,-9999,-9999,-9999,-9999,-9999
-9999,-9999,-9999,-9999,-9999,0.000246999552473426,0.00116002897266299,0.00128364143893123,0.00129522220231593,0.00128617696464062,0.00127312855329365,0.00125888292677701,0.00124544696882367,0.00123723456636071,0.00123193708714098,0.000141475320560858,8.57375289342599E-06,5.77212313146447E-06,-9999,-9999,-9999,-9999,-9999,-9999,-9999,-9999,-9999,-9999,-9999,-9999,-9999,-9999,-9999,-9999,-9999,-9999,-9999,-9999,-9999,-9999,-9999,-9999,-9999,-9999,-9999,-9999,-9999,-9999,-9999,-9999,-9999,-9999,-9999,-9999,-9999,-9999,-9999,-9999,-9999,-9999,-9999,-9999,-9999,-9999,-9999,-9999,-9999,-9999,-9999,-9999,-9999,-9999,-9999,-9999,-9999,-9999,-9999,-9999,-9999,-9999,-9999,-9999,-9999,-9999,-9999,-9999,-9999,-9999,-9999,-9999,-9999,-9999,-9999,-9999,-9999,-9999,-9999,4.97971450386103E-06,0.000414208217989653,0.000713373010512441,0.000714676280040294,0.000711333472281694,0.000715090252924711,0.000711711880285293,0.000709605636075139,0.000708157022017986,0.000706587685272098,0.000703786849044263,0.00070007232716307,0.000695768452715129,0.0006877516862005,0.000658934819512069,0.000474382657557726,0.000238288863329217,4.5777367631672E-05,3.31428127537947E-05,-9999,-9999,-9999,-9999,-9999,-9999,-9999,-9999,-9999,-9999,-9999,-9999,-9999,-9999,-9999
-9999,-9999,6.55702242511325E-05,6.48422064841725E-05,6.34660464129411E-05,0.000681079924106598,0.00126204406842589,0.00129512511193752,0.00129373429808766,0.00128022755961865,0.00126529554836452,0.00124909810256213,0.00123546447139233,0.00121625931933522,7.34808127162978E-05,8.49562184157548E-06,5.71596046938794E-06,-9999,-9999,-9999,-9999,-9999,-9999,-9999,-9999,-9999,-9999,-9999,-9999,-9999,-9999,-9999,-9999,-9999,-9999,-9999,-9999,-9999,-9999,-9999,-9999,-9999,-9999,-9999,-9999,-9999,-9999,-9999,-9999,-9999,-9999,-9999,-9999,-9999,-9999,-9999,-9999,-9999,-9999,-9999,-9999,-9999,-9999,-9999,-9999,-9999,-9999,-9999,-9999,-9999,-9999,-9999,-9999,-9999,-9999,-9999,-9999,-9999,-9999,-9999,-9999,-9999,-9999,-9999,-9999,-9999,-9999,-9999,-9999,-9999,-9999,-9999,-9999,-9999,-9999,-9999,-9999,4.82866471429588E-06,0.00023916298232507,0.000690349494107068,0.000693935027811676,0.00068850233219564,0.000687270832713693,0.000686680898070335,0.000682921672705561,0.000683515740092844,0.000683225400280207,0.000681304547470063,0.000677768606692553,0.00067348254378885,0.000667877087835222,0.000649317633360624,0.000570292002521455,0.000360241188900545,0.000192163803149015,4.34498906543013E-05,-9999,-9999,-9999,-9999,-9999,-9999,-9999,-9999,-9999,-9999,-9999,-9999,-9999,-9999,-9999
-9999,-9999,-9999,-9999,7.85839802119881E-05,0.00106769241392612,0.0012821308337152,0.00129695993382484,0.00128841237165034,0.00127121945843101,0.00125554634723812,0.00124086579307914,0.00122994079720229,0.000105734987300821,8.43890120449942E-06,5.67112829230609E-06,-9999,-9999,-9999,-9999,-9999,-9999,-9999,-9999,-9999,-9999,-9999,-9999,-9999,-9999,-9999,-9999,-9999,-9999,-9999,-9999,-9999,-9999,-9999,-9999,-9999,-9999,-9999,-9999,-9999,-9999,-9999,-9999,-9999,-9999,-9999,-9999,-9999,-9999,-9999,-9999,-9999,-9999,-9999,-9999,-9999,-9999,-9999,-9999,-9999,-9999,-9999,-9999,-9999,-9999,-9999,-9999,-9999,-9999,-9999,-9999,-9999,-9999,-9999,-9999,-9999,-9999,-9999,-9999,-9999,-9999,-9999,-9999,-9999,-9999,-9999,-9999,-9999,-9999,-9999,-9999,-9999,4.69573660666356E-06,0.000124381345813163,0.000665741274133325,0.000671206857077777,0.000668191176373512,0.000663914659526199,0.000663203187286854,0.000658730627037585,0.000660076038911939,0.000661807309370488,0.000659884652122855,0.000656081538181752,0.00065212365007028,0.000646101718302816,0.000635545875411481,0.000605730107054114,0.000524243398103863,0.000325005734339356,9.64381979429163E-05,-9999,-9999,-9999,-9999,-9999,-9999,-9999,-9999,-9999,-9999,-9999,-9999,-9999,-9999,-9999
-9999,-9999,-9999,-9999,0.000166553305462003,0.00116026704199612,0.00128693284932524,0.00129392091184855,0.00128189567476511,0.00126193161122501,0.00124689983204007,0.00123440776951611,0.000827333540655673,8.4061630332144E-06,5.63720141144586E-06,-9999,-9999,-9999,-9999,-9999,-9999,-9999,-9999,-9999,-9999,-9999,-9999,-9999,-9999,-9999,-9999,-9999,-9999,-9999,-9999,-9999,-9999,-9999,-9999,-9999,-9999,-9999,-9999,-9999,-9999,-9999,-9999,-9999,-9999,-9999,-9999,-9999,-9999,-9999,-9999,-9999,-9999,-9999,-9999,-9999,-9999,-9999,-9999,-9999,-9999,-9999,-9999,-9999,-9999,-9999,-9999,-9999,-9999,-9999,-9999,-9999,-9999,-9999,-9999,-9999,-9999,-9999,-9999,-9999,-9999,-9999,-9999,-9999,-9999,-9999,-9999,-9999,-9999,-9999,-9999,-9999,-9999,4.57560008726432E-06,4.95915082865395E-05,0.000638147233985364,0.000648059300146997,0.000648370943963528,0.000642391270957887,0.000639334670267999,0.000637227902188897,0.000636376033071429,0.000638594850897789,0.0006367476307787,0.000634349882602692,0.000630658876616508,0.000625631597358733,0.00061851873761043,0.000605060951784253,0.000576302758418024,0.000481597438920289,0.000258548941928893,3.51451453752816E-05,-9999,-9999,-9999,-9999,-9999,-9999,-9999,-9999,-9999,-9999,-9999,-9999,-9999,-9999
-9999,-9999,-9999,-9999,0.000134895904920995,0.00114253268111497,0.00128459034021944,0.00128871074412018,0.00127480935771018,0.00125490978825837,0.00124086544383317,0.00122877792455256,8.37581683299504E-06,5.61378692509606E-06,3.76801199308829E-06,-9999,-9999,-9999,-9999,-9999,-9999,-9999,-9999,-9999,-9999,-9999,-9999,-9999,-9999,-9999,-9999,-9999,-9999,-9999,-9999,-9999,-9999,-9999,-9999,-9999,-9999,-9999,-9999,-9999,-9999,-9999,-9999,-9999,-9999,-9999,-9999,-9999,-9999,-9999,-9999,-9999,-9999,-9999,-9999,-9999,-9999,-9999,-9999,-9999,-9999,-9999,-9999,-9999,-9999,-9999,-9999,-9999,-9999,-9999,-9999,-9999,-9999,-9999,-9999,-9999,-9999,-9999,-9999,-9999,-9999,-9999,-9999,-9999,-9999,-9999,-9999,-9999,-9999,-9999,-9999,-9999,-9999,2.96791108667094E-06,4.38271763414377E-06,0.000603468797635287,0.000627731904387474,0.000628286623395979,0.000623988977167755,0.000616920588072389,0.000616229081060737,0.000615458528045565,0.000614797987509519,0.000614236458204687,0.00061271560844034,0.000610197661444545,0.000605698209255934,0.000599130580667406,0.000591663701925427,0.000577651313506067,0.000533326820004731,0.000385428895242512,0.000119962554890662,2.72273282462265E-05,-9999,-9999,-9999,-9999,-9999,-9999,-9999,-9999,-9999,-9999,-9999,-9999,-9999
-9999,-9999,-9999,-9999,7.00657401466742E-05,0.00103897880762815,0.00127743359189481,0.0012837698450312,0.00127156788948923,0.0012520543532446,0.0012375763617456,0.00122235435992479,8.34729507914744E-06,5.5923869695107E-06,-9999,-9999,-9999,-9999,-9999,-9999,-9999,-9999,-9999,-9999,-9999,-9999,-9999,-9999,-9999,-9999,-9999,-9999,-9999,-9999,-9999,-9999,-9999,-9999,-9999,-9999,-9999,-9999,-9999,-9999,-9999,-9999,-9999,-9999,-9999,-9999,-9999,-9999,-9999,-9999,-9999,-9999,-9999,-9999,-9999,-9999,-9999,-9999,-9999,-9999,-9999,-9999,-9999,-9999,-9999,-9999,-9999,-9999,-9999,-9999,-9999,-9999,-9999,-9999,-9999,-9999,-9999,-9999,-9999,-9999,-9999,-9999,-9999,-9999,-9999,-9999,-9999,-9999,-9999,-9999,-9999,-9999,-9999,2.903447693825E-06,4.24789459430031E-06,0.000568731629755348,0.00060803274391219,0.000607838446740061,0.000606685294769704,0.000599336461164057,0.000595239864196628,0.000594630837440491,0.000594118027947843,0.000595496676396579,0.00059417902957648,0.000592118827626109,0.000587356626056135,0.000581255066208541,0.000575443147681653,0.000565588008612394,0.000537392334081233,0.000472910847747698,0.000277012644801289,5.18923188792542E-05,3.70336783817038E-05,3.77355900127441E-06,-9999,-9999,-9999,-9999,-9999,-9999,-9999,-9999,-9999,-9999,-9999
-9999,-9999,-9999,-9999,6.25456450507045E-05,0.000562504341360182,0.00125127483624965,0.00128029705956578,0.00127359700854868,0.00125920574646443,0.00124223297461867,0.00122773891780525,1.84801046998473E-05,8.31571924209129E-06,-9999,-9999,-9999,-9999,-9999,-9999,-9999,-9999,-9999,-9999,-9999,-9999,-9999,-9999,-9999,-9999,-9999,-9999,-9999,-9999,-9999,-9999,-9999,-9999,-9999,-9999,-9999,-9999,-9999,-9999,-9999,-9999,-9999,-9999,-9999,-9999,-9999,-9999,-9999,-9999,-9999,-9999,-9999,-9999,-9999,-9999,-9999,-9999,-9999,-9999,-9999,-9999,-9999,-9999,-9999,-9999,-9999,-9999,-9999,-9999,-9999,-9999,-9999,-9999,-9999,-9999,-9999,-9999,-9999,-9999,-9999,-9999,-9999,-9999,-9999,-9999,-9999,-9999,-9999,-9999,-9999,-9999,-9999,-9999,4.11521114074276E-06,0.000542213034350425,0.000589028699323535,0.000587931310292333,0.000590271956752986,0.00058348075253889,0.00057810713769868,0.000578037521336228,0.000578907842282206,0.000578356150072068,0.000577924016397446,0.000575137906707823,0.00057116273092106,0.000565785740036517,0.00056052760919556,0.000553396297618747,0.000533058948349208,0.000485716765979305,0.000365245912689716,8.56117039802484E-05,2.93120829155669E-05,-9999,-9999,-9999,-9999,-9999,-9999,-9999,-9999,-9999,-9999,-9999,-9999
-9999,-9999,-9999,-9999,6.25400207354687E-05,0.000245794974034652,0.00115834269672632,0.00127448420971632,0.0012727053835988,0.00126502942293882,0.00125139590818435,0.00123546866234392,0.000834265956655145,8.2994629337918E-06,-9999,-9999,-9999,-9999,-9999,-9999,-9999,-9999,-9999,-9999,-9999,-9999,-9999,-9999,-9999,-9999,-9999,-9999,-9999,-9999,-9999,-9999,-9999,-9999,-9999,-9999,-9999,-9999,-9999,-9999,-9999,-9999,-9999,-9999,-9999,-9999,-9999,-9999,-9999,-9999,-9999,-9999,-9999,-9999,-9999,-9999,-9999,-9999,-9999,-9999,-9999,-9999,-9999,-9999,-9999,-9999,-9999,-9999,-9999,-9999,-9999,-9999,-9999,-9999,-9999,-9999,-9999,-9999,-9999,-9999,-9999,-9999,-9999,-9999,-9999,-9999,-9999,-9999,-9999,-9999,-9999,-9999,-9999,-9999,4.01826127927052E-06,0.000485522934468463,0.0005731419660151,0.000572192831896245,0.000574270263314247,0.000572110118810087,0.000565373746212572,0.000560600310564041,0.000562506204005331,0.000561442284379154,0.000560621090698987,0.000558201281819493,0.000555625243578106,0.000551409437321126,0.000547009636647999,0.00053954089526087,0.000524511851835996,0.000486397853819653,0.000419786752900109,0.00015953098773025,2.87816565105459E-05,2.57233332376927E-05,2.5905361326295E-05,-9999,-9999,-9999,-9999,-9999,-9999,-9999,-9999,-9999,-9999
-9999,-9999,-9999,-9999,-9999,6.90444794599898E-05,0.00094529811758548,0.00126325385645032,0.00127061374951154,0.00126609636936337,0.00125630619004369,0.00123982818331569,0.00121950381435454,8.29061809781706E-06,-9999,-9999,-9999,-9999,-9999,-9999,-9999,-9999,-9999,-9999,-9999,-9999,-9999,-9999,-9999,-9999,-9999,-9999,-9999,-9999,-9999,-9999,-9999,-9999,-9999,-9999,-9999,-9999,-9999,-9999,-9999,-9999,-9999,-9999,-9999,-9999,-9999,-9999,-9999,-9999,-9999,-9999,-9999,-9999,-9999,-9999,-9999,-9999,-9999,-9999,-9999,-9999,-9999,-9999,-9999,-9999,-9999,-9999,-9999,-9999,-9999,-9999,-9999,-9999,-9999,-9999,-9999,-9999,-9999,-9999,-9999,-9999,-9999,-9999,-9999,-9999,-9999,-9999,-9999,-9999,-9999,-9999,-9999,-9999,3.94771041101194E-06,0.000383526610676199,0.000555144913960248,0.000559140229597688,0.000559653562959284,0.000558760832063854,0.000552073121070862,0.000545052520465106,0.00054711609845981,0.000545998918823898,0.000545548507943749,0.000542943482287228,0.000540921639185399,0.000537785701453686,0.000533849291969091,0.000527867290657014,0.00051805074326694,0.000499804911669344,0.000399332144297659,0.000242357287788764,9.00885279406793E-05,6.03428597969469E-05,3.56747914338484E-05,2.58921518252464E-05,-9999,-9999,-9999,-9999,-9999,-9999,-9999,-9999,-9999
-9999,-9999,-9999,-9999,-9999,1.40469310281333E-05,0.000666807580273598,0.00123618880752474,0.00126822374295443,0.00126619369257241,0.00125876301899552,0.0012426245957613,0.00122120243031532,8.29583404993173E-06,-9999,-9999,-9999,-9999,-9999,-9999,-9999,-9999,-9999,-9999,-9999,-9999,-9999,-9999,-9999,-9999,-9999,-9999,-9999,-9999,-9999,-9999,-9999,-9999,-9999,-9999,-9999,-9999,-9999,-9999,-9999,-9999,-9999,-9999,-9999,-9999,-9999,-9999,-9999,-9999,-9999,-9999,-9999,-9999,-9999,-9999,-9999,-9999,-9999,-9999,-9999,-9999,-9999,-9999,-9999,-9999,-9999,-9999,-9999,-9999,-9999,-9999,-9999,-9999,-9999,-9999,-9999,-9999,-9999,-9999,-9999,-9999,-9999,-9999,-9999,-9999,-9999,-9999,-9999,-9999,-9999,-9999,-9999,-9999,3.90245531889377E-06,0.000126875311252661,0.000534720136784017,0.000546708819456398,0.000546575407497585,0.000545289076399058,0.00053969828877598,0.000533408659975976,0.000533341022673994,0.000534015242010355,0.000532605859916657,0.000528897682670504,0.000526550225913525,0.000523848459124565,0.000520368746947497,0.000516656786203384,0.000509280478581786,0.000485653115902096,0.000410987762734294,0.000339516904205084,0.000266437011305243,0.000222226779442281,6.62672828184441E-05,2.53299858741229E-05,-9999,-9999,-9999,-9999,-9999,-9999,-9999,-9999,-9999
-9999,-9999,-9999,-9999,-9999,8.62896922626533E-06,0.00047938764328137,0.00123344152234495,0.00126585026737303,0.00126601243391633,0.0012599432375282,0.00124314252752811,0.0012093159602955,8.30595035949955E-06,-9999,-9999,-9999,-9999,-9999,-9999,-9999,-9999,-9999,-9999,-9999,-9999,-9999,-9999,-9999,-9999,-9999,-9999,-9999,-9999,-9999,-9999,-9999,-9999,-9999,-9999,-9999,-9999,-9999,-9999,-9999,-9999,-9999,-9999,-9999,-9999,-9999,-9999,-9999,-9999,-9999,-9999,-9999,-9999,-9999,-9999,-9999,-9999,-9999,-9999,-9999,-9999,-9999,-9999,-9999,-9999,-9999,-9999,-9999,-9999,-9999,-9999,-9999,-9999,-9999,-9999,-9999,-9999,-9999,-9999,-9999,-9999,-9999,-9999,-9999,-9999,-9999,-9999,-9999,-9999,-9999,-9999,-9999,-9999,-9999,3.76234356735949E-06,0.000517616746947169,0.000532541889697313,0.00053516571642831,0.000532947771716863,0.000527787487953901,0.000521257403306663,0.000520747271366417,0.000521818757988513,0.000519888533744961,0.000516848405823112,0.000513693259563297,0.000511278281919658,0.00050786294741556,0.000504705356433988,0.000500041409395635,0.000483045529108495,0.000462062278529629,0.00043346657184884,0.000369675952242687,0.000233103550272062,8.75922851264477E-05,2.46652798523428E-05,-9999,-9999,-9999,-9999,-9999,-9999,-9999,-9999,-9999
-9999,-9999,-9999,-9999,-9999,-9999,0.000290862692054361,0.00123548205010593,0.00126338808331639,0.00126551499124616,0.00125862448476255,0.00123904889915138,0.00122394307982177,-9999,-9999,-9999,-9999,-9999,-9999,-9999,-9999,-9999,-9999,-9999,-9999,-9999,-9999,-9999,-9999,-9999,-9999,-9999,-9999,-9999,-9999,-9999,-9999,-9999,-9999,-9999,-9999,-9999,-9999,-9999,-9999,-9999,-9999,-9999,-9999,-9999,-9999,-9999,-9999,-9999,-9999,-9999,-9999,-9999,-9999,-9999,-9999,-9999,-9999,-9999,-9999,-9999,-9999,-9999,-9999,-9999,-9999,-9999,-9999,-9999,-9999,-9999,-9999,-9999,-9999,-9999,-9999,-9999,-9999,-9999,-9999,-9999,-9999,-9999,-9999,-9999,-9999,-9999,-9999,-9999,-9999,-9999,-9999,-9999,-9999,3.68953624274582E-06,0.000479056005133316,0.000520274159498513,0.000525166105944663,0.00052334280917421,0.000518522632773966,0.000512812519446015,0.000510613550432026,0.000510462501551956,0.00050783553160727,0.000505268864799291,0.000502114824485034,0.000498871551826596,0.000495664135087281,0.00049266021233052,0.000490499194711447,0.000485664699226618,0.000475501554319635,0.000443268741946667,0.000384620652766898,0.00028667546575889,0.0001474799355492,2.98996237688698E-05,-9999,-9999,-9999,-9999,-9999,-9999,-9999,-9999,-9999
-9999,-9999,-9999,-9999,-9999,-9999,0.000218737492104992,0.00123530614655465,0.001264255377464,0.00126440706662834,0.00125369243323803,0.00123375374823809,0.00121171749196947,-9999,-9999,-9999,-9999,-9999,-9999,-9999,-9999,-9999,-9999,-9999,-9999,-9999,-9999,-9999,-9999,-9999,-9999,-9999,-9999,-9999,-9999,-9999,-9999,-9999,-9999,-9999,-9999,-9999,-9999,-9999,-9999,-9999,-9999,-9999,-9999,-9999,-9999,-9999,-9999,-9999,-9999,-9999,-9999,-9999,-9999,-9999,-9999,-9999,-9999,-9999,-9999,-9999,-9999,-9999,-9999,-9999,-9999,-9999,-9999,-9999,-9999,-9999,-9999,-9999,-9999,-9999,-9999,-9999,-9999,-9999,-9999,-9999,-9999,-9999,-9999,-9999,-9999,-9999,-9999,-9999,-9999,-9999,-9999,-9999,-9999,3.63363483302237E-06,0.000315243378281593,0.000511531601659954,0.000516106316354126,0.000513898266945034,0.000509127334225923,0.000504509778693318,0.00049993913853541,0.000500798516441137,0.000498031091410667,0.000495321583002806,0.000492027204018086,0.000488982885144651,0.000485563126858324,0.000482488074339926,0.000480339978821576,0.000477784691611305,0.00047103498945944,0.000454643188277259,0.000418277719290927,0.000321435276418924,0.000224351941142231,5.55570877622813E-05,2.87097518594237E-05,2.28739772865083E-05,-9999,-9999,-9999,-9999,-9999,-9999,-9999
-9999,-9999,-9999,-9999,-9999,-9999,0.000347535271430388,0.00125409138854593,0.00126735935918987,0.00126216793432832,0.0012474013492465,0.00122815510258079,0.00111134082544595,-9999,-9999,-9999,-9999,-9999,-9999,-9999,-9999,-9999,-9999,-9999,-9999,-9999,-9999,-9999,-9999,-9999,-9999,-9999,-9999,-9999,-9999,-9999,-9999,-9999,-9999,-9999,-9999,-9999,-9999,-9999,-9999,-9999,-9999,-9999,-9999,-9999,-9999,-9999,-9999,-9999,-9999,-9999,-9999,-9999,-9999,-9999,-9999,-9999,-9999,-9999,-9999,-9999,-9999,-9999,-9999,-9999,-9999,-9999,-9999,-9999,-9999,-9999,-9999,-9999,-9999,-9999,-9999,-9999,-9999,-9999,-9999,-9999,-9999,-9999,-9999,-9999,-9999,-9999,-9999,-9999,-9999,-9999,-9999,-9999,-9999,3.58922943632933E-06,2.11800088436576E-05,0.000504097028169781,0.000506627140566707,0.000504794472362846,0.000499316374771297,0.000494405103381723,0.000490628881379962,0.000490616133902222,0.000489653903059661,0.000486929027829319,0.000483025563880801,0.000479450565762818,0.000476431974675506,0.000473900756333023,0.000470909319119528,0.000469110207632184,0.000463440257590264,0.00045087601756677,0.000422282289946452,0.000370940484572202,0.000262299727182835,9.89972104434855E-05,4.87257239001337E-05,3.5078661312582E-05,2.22667222260498E-05,-9999,-9999,-9999,-9999,-9999,-9999
-9999,-9999,-9999,-9999,-9999,-9999,-9999,-9999,-9999,-9999,-9999,-9999,-9999,-9999,-9999,-9999,-9999,-9999,-9999,-9999,-9999,-9999,-9999,-9999,-9999,-9999,-9999,-9999,-9999,-9999,-9999,-9999,-9999,-9999,-9999,-9999,-9999,-9999,-9999,-9999,-9999,-9999,-9999,-9999,-9999,-9999,-9999,-9999,-9999,-9999,-9999,-9999,-9999,-9999,-9999,-9999,-9999,-9999,-9999,-9999,-9999,-9999,-9999,-9999,-9999,-9999,-9999,-9999,-9999,-9999,-9999,-9999,-9999,-9999,-9999,-9999,-9999,-9999,-9999,-9999,-9999,-9999,-9999,-9999,-9999,-9999,-9999,-9999,-9999,-9999,-9999,-9999,-9999,-9999,-9999,-9999,-9999,-9999,-9999,-9999,3.46799447470403E-06,0.000483522308059037,0.000497119326610118,0.000495803426019847,0.000491082901135087,0.000486147881019861,0.000482099130749702,0.00048217800213024,0.000482443487271667,0.000478679517982528,0.000474898115498945,0.000471398438094184,0.000467631791252643,0.000465377495856956,0.000462674535810947,0.000460516894236207,0.000457736226962879,0.000450286199338734,0.000432011118391529,0.000390037515899166,0.00028448470402509,0.000150299078086391,9.66459192568436E-05,7.18699957360514E-05,3.80669989681337E-05,2.15969776036218E-05,-9999,-9999,-9999,-9999,-9999
-9999,-9999,-9999,-9999,-9999,-9999,-9999,-9999,-9999,-9999,-9999,-9999,-9999,-9999,-9999,-9999,-9999,-9999,-9999,-9999,-9999,-9999,-9999,-9999,-9999,-9999,-9999,-9999,-9999,-9999,-9999,-9999,-9999,-9999,-9999,-9999,-9999,-9999,-9999,-9999,-9999,-9999,-9999,-9999,-9999,-9999,-9999,-9999,-9999,-9999,-9999,-9999,-9999,-9999,-9999,-9999,-9999,-9999,-9999,-9999,-9999,-9999,-9999,-9999,-9999,-9999,-9999,-9999,-9999,-9999,-9999,-9999,-9999,-9999,-9999,-9999,-9999,-9999,-9999,-9999,-9999,-9999,-9999,-9999,-9999,-9999,-9999,-9999,-9999,-9999,-9999,-9999,-9999,-9999,-9999,-9999,-9999,-9999,-9999,-9999,3.41347367793787E-06,0.000365622458048165,0.000490102916955948,0.000486898177769035,0.00048288400284946,0.000477679423056543,0.000473100430099294,0.000474530359497294,0.000474715750897303,0.000470910395961255,0.000466125668026507,0.000463072996353731,0.000459022936411202,0.000457158079370856,0.000455102504929528,0.000454428663942963,0.000452050793683156,0.000446960242697969,0.000427823222707957,0.000383158825570717,0.000292225711746141,0.00018513118266128,0.000135457201395184,7.80690897954628E-05,5.16027066623792E-05,2.37923268286977E-05,2.10075777431484E-05,-9999,-9999,-9999,-9999
-9999,-9999,-9999,-9999,-9999,-9999,-9999,-9999,-9999,-9999,-9999,-9999,-9999,-9999,-9999,-9999,-9999,-9999,-9999,-9999,-9999,-9999,-9999,-9999,-9999,-9999,-9999,-9999,-9999,-9999,-9999,-9999,-9999,-9999,-9999,-9999,-9999,-9999,-9999,-9999,-9999,-9999,-9999,-9999,-9999,-9999,-9999,-9999,-9999,-9999,-9999,-9999,-9999,-9999,-9999,-9999,-9999,-9999,-9999,-9999,-9999,-9999,-9999,-9999,-9999,-9999,-9999,-9999,-9999,-9999,-9999,-9999,-9999,-9999,-9999,-9999,-9999,-9999,-9999,-9999,-9999,-9999,-9999,-9999,-9999,-9999,-9999,-9999,-9999,-9999,-9999,-9999,-9999,-9999,-9999,-9999,-9999,-9999,-9999,-9999,3.37581877829507E-06,8.65134006744483E-06,0.000484319840325043,0.000479164737043902,0.000475360313430429,0.000469732709461823,0.000466167693957686,0.000467587378807366,0.000467367586679757,0.000463943812064826,0.000459016504464671,0.000455684959888458,0.000451526109827682,0.000449148355983198,0.000447909609647468,0.000447262398665771,0.000443177501438186,0.000436669506598264,0.000421749602537602,0.000376637006411329,0.00031076165032573,0.00023448582214769,0.000168596146977507,0.000102016987511888,5.6341403251281E-05,2.92291188088711E-05,2.07016782951541E-05,-9999,-9999,-9999,-9999
-9999,-9999,-9999,-9999,-9999,-9999,-9999,-9999,-9999,-9999,-9999,-9999,-9999,-9999,-9999,-9999,-9999,-9999,-9999,-9999,-9999,-9999,-9999,-9999,-9999,-9999,-9999,-9999,-9999,-9999,-9999,-9999,-9999,-9999,-9999,-9999,-9999,-9999,-9999,-9999,-9999,-9999,-9999,-9999,-9999,-9999,-9999,-9999,-9999,-9999,-9999,-9999,-9999,-9999,-9999,-9999,-9999,-9999,-9999,-9999,-9999,-9999,-9999,-9999,-9999,-9999,-9999,-9999,-9999,-9999,-9999,-9999,-9999,-9999,-9999,-9999,-9999,-9999,-9999,-9999,-9999,-9999,-9999,-9999,-9999,-9999,-9999,-9999,-9999,-9999,-9999,-9999,-9999,-9999,-9999,-9999,-9999,-9999,-9999,-9999,-9999,3.30108764501347E-06,0.000444879056885839,0.000471063598524779,0.000467725825728849,0.000462592113763094,0.000460132636362687,0.000460354494862258,0.000460291397757828,0.000457380374427885,0.000451979751233011,0.000448361126473173,0.000444277917267755,0.000441167270764709,0.000439620140241459,0.000439416355220601,0.000438828021287918,0.000435069261584431,0.000418420881032944,0.000377584103262052,0.000316496822051704,0.000269340409431607,0.000191263388842344,0.000100520548585337,6.13423326285556E-05,2.85775713564362E-05,1.99974929273594E-05,-9999,-9999,1.7091711924877E-05,1.70214007084724E-05
-9999,-9999,-9999,-9999,-9999,-9999,-9999,-9999,-9999,-9999,-9999,-9999,-9999,-9999,-9999,-9999,-9999,-9999,-9999,-9999,-9999,-9999,-9999,-9999,-9999,-9999,-9999,-9999,-9999,-9999,-9999,-9999,-9999,-9999,-9999,-9999,-9999,-9999,-9999,-9999,-9999,-9999,-9999,-9999,-9999,-9999,-9999,-9999,-9999,-9999,-9999,-9999,-9999,-9999,-9999,-9999,-9999,-9999,-9999,-9999,-9999,-9999,-9999,-9999,-9999,-9999,-9999,-9999,-9999,-9999,-9999,-9999,-9999,-9999,-9999,-9999,-9999,-9999,-9999,-9999,-9999,-9999,-9999,-9999,-9999,-9999,-9999,-9999,-9999,-9999,-9999,-9999,-9999,-9999,-9999,-9999,-9999,-9999,-9999,-9999,-9999,-9999,2.33070750255138E-05,0.000472321873530746,0.000462105730548501,0.000458071299362928,0.00045566979679279,0.000455589062767103,0.000454078108305112,0.000450133578851819,0.00044505053665489,0.000441303476691246,0.000437436101492494,0.000434533401858062,0.000432328175520524,0.000431558699347079,0.000430429092375562,0.000426140206400305,0.000409412139561027,0.000389259745134041,0.000349268317222595,0.000277487823041156,0.000188797537703067,0.000118226846097969,5.41439840162639E-05,3.08540838886984E-05,1.89819002116565E-05,1.79573526111199E-05,1.7424546967959E-05,1.70513121702243E-05,1.87272071343614E-05
-9999,-9999,-9999,-9999,-9999,-9999,-9999,-9999,-9999,-9999,-9999,-9999,-9999,-9999,-9999,-9999,-9999,-9999,-9999,-9999,-9999,-9999,-9999,-9999,-9999,-9999,-9999,-9999,-9999,-9999,-9999,-9999,-9999,-9999,-9999,-9999,-9999,-9999,-9999,-9999,-9999,-9999,-9999,-9999,-9999,-9999,-9999,-9999,-9999,-9999,-9999,-9999,-9999,-9999,-9999,-9999,-9999,-9999,-9999,-9999,-9999,-9999,-9999,-9999,-9999,-9999,-9999,-9999,-9999,-9999,-9999,-9999,-9999,-9999,-9999,-9999,-9999,-9999,-9999,-9999,-9999,-9999,-9999,-9999,-9999,-9999,-9999,-9999,-9999,-9999,-9999,-9999,-9999,-9999,-9999,-9999,-9999,-9999,-9999,-9999,-9999,-9999,-9999,0.000326339068124071,0.00046421802835539,0.000455188943305984,0.00045419781235978,0.000452322536148131,0.000450261461082846,0.00044518185313791,0.000439694238593802,0.000434928719187155,0.000431122840382159,0.000428317958721891,0.000426704384153709,0.000424348196247593,0.00042137858690694,0.000416942988522351,0.000403399171773344,0.00038841727655381,0.00035257893614471,0.000285391841316596,0.000211304082768038,9.70049004536122E-05,4.72595602332149E-05,2.64745140157174E-05,2.04132556973491E-05,1.76338107849006E-05,1.91239851119462E-05,2.07481934921816E-05,0.000168030092027038
-9999,-9999,-9999,-9999,-9999,-9999,-9999,-9999,-9999,-9999,-9999,-9999,-9999,-9999,-9999,-9999,-9999,-9999,-9999,-9999,-9999,-9999,-9999,-9999,-9999,-9999,-9999,-9999,-9999,-9999,-9999,-9999,-9999,-9999,-9999,-9999,-9999,-9999,-9999,-9999,-9999,-9999,-9999,-9999,-9999,-9999,-9999,-9999,-9999,-9999,-9999,-9999,-9999,-9999,-9999,-9999,-9999,-9999,-9999,-9999,-9999,-9999,-9999,-9999,-9999,-9999,-9999,-9999,-9999,-9999,-9999,-9999,-9999,-9999,-9999,-9999,-9999,-9999,-9999,-9999,-9999,-9999,-9999,-9999,-9999,-9999,-9999,-9999,-9999,-9999,-9999,-9999,-9999,-9999,-9999,-9999,-9999,-9999,-9999,-9999,-9999,-9999,-9999,3.17667513627384E-06,0.000325929169775918,0.000465832301415503,0.000456223293440416,0.000451904430519789,0.000448460021289065,0.000442894059233367,0.000437126844190061,0.000432362605351955,0.000428476050728932,0.000424835568992421,0.000421180244302377,0.000417957257013768,0.000412279303418472,0.000404485006583855,0.000398459611460567,0.000368556648027152,0.000323432206641883,0.000233968559768982,0.000125139325973578,3.78376389562618E-05,2.33449609368108E-05,2.25160165427951E-05,2.44200837187236E-05,2.37771291722311E-05,3.95594543078914E-05,0.00033891829662025,0.000342106766765937
-9999,-9999,-9999,-9999,-9999,-9999,-9999,-9999,-9999,-9999,-9999,-9999,-9999,-9999,-9999,-9999,-9999,-9999,-9999,-9999,-9999,-9999,-9999,-9999,-9999,-9999,-9999,-9999,-9999,-9999,-9999,-9999,-9999,-9999,-9999,-9999,-9999,-9999,-9999,-9999,-9999,-9999,-9999,-9999,-9999,-9999,-9999,-9999,-9999,-9999,-9999,-9999,-9999,-9999,-9999,-9999,-9999,-9999,-9999,-9999,-9999,-9999,-9999,-9999,-9999,-9999,-9999,-9999,-9999,-9999,-9999,-9999,-9999,-9999,-9999,-9999,-9999,-9999,-9999,-9999,-9999,-9999,-9999,-9999,-9999,-9999,-9999,-9999,-9999,-9999,-9999,-9999,-9999,-9999,-9999,-9999,-9999,-9999,-9999,-9999,-9999,-9999,-9999,-9999,3.15421652885561E-06,3.14662452183256E-06,0.000430391519330442,0.00045619739103131,0.000446404534159228,0.000441267096903175,0.000435762893175706,0.000431133172241971,0.000401988276280463,0.00033283224911429,0.000413982721511275,0.000399172713514417,0.000335551652824506,0.000278606312349439,0.000255874620052055,0.000218000946915708,0.000113061440060847,4.15651556977537E-05,2.09747377084568E-05,1.82412495632889E-05,3.06300753436517E-05,5.03091941936873E-05,0.000180850227479823,0.000340865837642923,0.000344204949215055,0.000344135129125789,0.000339023361448199
-9999,-9999,-9999,-9999,-9999,-9999,-9999,-9999,-9999,-9999,-9999,-9999,-9999,-9999,-9999,-9999,-9999,-9999,-9999,-9999,-9999,-9999,-9999,-9999,-9999,-9999,-9999,-9999,-9999,-9999,-9999,-9999,-9999,-9999,-9999,-9999,-9999,-9999,-9999,-9999,-9999,-9999,-9999,-9999,-9999,-9999,-9999,-9999,-9999,-9999,-9999,-9999,-9999,-9999,-9999,-9999,-9999,-9999,-9999,-9999,-9999,-9999,-9999,-9999,-9999,-9999,-9999,-9999,-9999,-9999,-9999,-9999,-9999,-9999,-9999,-9999,-9999,-9999,-9999,-9999,-9999,-9999,-9999,-9999,-9999,-9999,-9999,-9999,-9999,-9999,-9999,-9999,-9999,-9999,-9999,-9999,-9999,-9999,-9999,-9999,-9999,-9999,-9999,-9999,-9999,-9999,3.1097229111765E-06,1.55482648551697E-05,0.000452340638730675,0.000445348181528971,0.000436718692071736,0.000430948421126232,0.000407367188017815,0.000406221544835716,0.000384861457860097,0.000299066974548623,0.000216445856494829,0.000132477842271328,5.1539384003263E-05,7.57484158384614E-05,4.48132377641741E-05,5.890932152397E-05,0.000188812788110226,0.000353960378561169,0.000354435353074223,0.000353204319253564,0.000349991139955819,0.000344748288625851,0.00034043806954287,0.000325763394357637,0.000168794489582069
-9999,-9999,-9999,-9999,-9999,-9999,-9999,-9999,-9999,-9999,-9999,-9999,-9999,-9999,-9999,-9999,-9999,-9999,-9999,-9999,-9999,-9999,-9999,-9999,-9999,-9999,-9999,-9999,-9999,-9999,-9999,-9999,-9999,-9999,-9999,-9999,-9999,-9999,-9999,-9999,-9999,-9999,-9999,-9999,-9999,-9999,-9999,-9999,-9999,-9999,-9999,-9999,-9999,-9999,-9999,-9999,-9999,-9999,-9999,-9999,-9999,-9999,-9999,-9999,-9999,-9999,-9999,-9999,-9999,-9999,-9999,-9999,-9999,-9999,-9999,-9999,-9999,-9999,-9999,-9999,-9999,-9999,-9999,-9999,-9999,-9999,-9999,-9999,-9999,-9999,-9999,-9999,-9999,-9999,-9999,-9999,-9999,-9999,-9999,-9999,-9999,-9999,-9999,-9999,-9999,-9999,-9999,-9999,3.03656588585E-06,1.22548572107917E-05,0.000429257401265204,0.000438954273704439,0.000433744309702888,0.000428714178269729,0.000422706973040476,0.000416410737670958,0.000409332133131102,0.000402881065383554,0.000395395356463268,0.000387504318496212,0.000379267905373126,0.000372894661268219,0.000367148139048368,0.00036104180617258,0.00035476015182212,0.000349617504980415,0.000342371844453737,0.000318965845508501,0.000189483514986932,1.31084361782996E-05,-9999
-9999,-9999,-9999,-9999,-9999,-9999,-9999,-9999,-9999,-9999,-9999,-9999,-9999,-9999,-9999,-9999,-9999,-9999,-9999,-9999,-9999,-9999,-9999,-9999,-9999,-9999,-9999,-9999,-9999,-9999,-9999,-9999,-9999,-9999,-9999,-9999,-9999,-9999,-9999,-9999,-9999,-9999,-9999,-9999,-9999,-9999,-9999,-9999,-9999,-9999,-9999,-9999,-9999,-9999,-9999,-9999,-9999,-9999,-9999,-9999,-9999,-9999,-9999,-9999,-9999,-9999,-9999,-9999,-9999,-9999,-9999,-9999,-9999,-9999,-9999,-9999,-9999,-9999,-9999,-9999,-9999,-9999,-9999,-9999,-9999,-9999,-9999,-9999,-9999,-9999,-9999,-9999,-9999,-9999,-9999,-9999,-9999,-9999,-9999,-9999,-9999,-9999,-9999,-9999,-9999,-9999,-9999,-9999,-9999,-9999,2.97630231216317E-06,2.96327516480233E-06,2.94215101348527E-06,2.91274454866652E-06,1.19367068691645E-05,1.66501358762616E-05,2.79245887213619E-06,2.73363525593595E-06,2.67143741439213E-06,4.97253540743259E-06,1.55171892401995E-05,6.66791529511102E-05,0.000136277420097031,0.000148697305121459,3.38616227963939E-05,2.41077191276418E-06,2.39092992160295E-06,2.37944891523512E-06,-9999,-9999,-9999
-9999,-9999,-9999,-9999,-9999,-9999,-9999,-9999,-9999,-9999,-9999,-9999,-9999,-9999,-9999,-9999,-9999,-9999,-9999,-9999,-9999,-9999,-9999,-9999,-9999,-9999,-9999,-9999,-9999,-9999,-9999,-9999,-9999,-9999,-9999,-9999,-9999,-9999,-9999,-9999,-9999,-9999,-9999,-9999,-9999,-9999,-9999,-9999,-9999,-9999,-9999,-9999,-9999,-9999,-9999,-9999,-9999,-9999,-9999,-9999,-9999,-9999,-9999,-9999,-9999,-9999,-9999,-9999,-9999,-9999,-9999,-9999,-9999,-9999,-9999,-9999,-9999,-9999,-9999,-9999,-9999,-9999,-9999,-9999,-9999,-9999,-9999,-9999,-9999,-9999,-9999,-9999,-9999,-9999,-9999,-9999,-9999,-9999,-9999,-9999,-9999,-9999,-9999,-9999,-9999,-9999,-9999,-9999,-9999,-9999,-9999,-9999,-9999,-9999,-9999,-9999,-9999,-9999,-9999,-9999,-9999,-9999,-9999,-9999,-9999,-9999,-9999,-9999,-9999,-9999,-9999
-9999,-9999,-9999,-9999,-9999,-9999,-9999,-9999,-9999,-9999,-9999,-9999,-9999,-9999,-9999,-9999,-9999,-9999,-9999,-9999,-9999,-9999,-9999,-9999,-9999,-9999,-9999,-9999,-9999,-9999,-9999,-9999,-9999,-9999,-9999,-9999,-9999,-9999,-9999,-9999,-9999,-9999,-9999,-9999,-9999,-9999,-9999,-9999,-9999,-9999,-9999,-9999,-9999,-9999,-9999,-9999,-9999,-9999,-9999,-9999,-9999,-9999,-9999,-9999,-9999,-9999,-9999,-9999,-9999,-9999,-9999,-9999,-9999,-9999,-9999,-9999,-9999,-9999,-9999,-9999,-9999,-9999,-9999,-9999,-9999,-9999,-9999,-9999,-9999,-9999,-9999,-9999,-9999,-9999,-9999,-9999,-9999,-9999,-9999,-9999,-9999,-9999,-9999,-9999,-9999,-9999,-9999,-9999,-9999,-9999,-9999,-9999,-9999,-9999,-9999,-9999,-9999,-9999,-9999,-9999,-9999,-9999,-9999,-9999,-9999,-9999,-9999,-9999,-9999,-9999,-9999

Step,157
Year,13.08333
-9999,-9999,-9999,-9999,-9999,-9999,-9999,-9999,-9999,-9999,-9999,-9999,-9999,-9999,-9999,-9999,-9999,-9999,-9999,-9999,-9999,-9999,-9999,-9999,-9999,-9999,-9999,-9999,-9999,-9999,-9999,-9999,-9999,-9999,-9999,-9999,-9999,-9999,-9999,-9999,-9999,-9999,-9999,-9999,-9999,-9999,-9999,-9999,-9999,-9999,-9999,-9999,-9999,-9999,-9999,-9999,-9999,-9999,-9999,-9999,-9999,-9999,-9999,-9999,-9999,-9999,-9999,-9999,-9999,-9999,-9999,-9999,-9999,-9999,-9999,-9999,-9999,-9999,-9999,-9999,-9999,-9999,-9999,-9999,-9999,-9999,-9999,-9999,-9999,-9999,-9999,-9999,-9999,-9999,-9999,-9999,-9999,-9999,-9999,-9999,-9999,-9999,-9999,-9999,-9999,-9999,-9999,-9999,-9999,-9999,-9999,-9999,-9999,-9999,-9999,-9999,-9999,-9999,-9999,-9999,-9999,-9999,-9999,-9999,-9999,-9999,-9999,-9999,-9999,-9999,-9999
-9999,-9999,-9999,-9999,-9999,-9999,-9999,-9999,-9999,-9999,-9999,-9999,-9999,-9999,-9999,-9999,-9999,-9999,-9999,-9999,-9999,-9999,-9999,-9999,-9999,-9999,-9999,-9999,-9999,-9999,-9999,-9999,-9999,-9999,-9999,-9999,-9999,-9999,-9999,-9999,-9999,-9999,-9999,-9999,-9999,-9999,-9999,-9999,-9999,-9999,-9999,-9999,-9999,-9999,-9999,-9999,-9999,-9999,-9999,-9999,-9999,-9999,-9999,-9999,-9999,-9999,-9999,-9999,-9999,-9999,-9999,-9999,-9999,-9999,-9999,-9999,-9999,-9999,-9999,-9999,-9999,-9999,-9999,-9999,-9999,-9999,-9999,-9999,-9999,-9999,-9999,-9999,-9999,-9999,-9999,-9999,-9999,-9999,-9999,-9999,-9999,-9999,-9999,-9999,-9999,-9999,-9999,-9999,-9999,-9999,-9999,-9999,-9999,-9999,-9999,-9999,-9999,-9999,-9999,-9999,-9999,-9999,-9999,-9999,-9999,-9999,-9999,-9999,-9999,-9999,-9999
-9999,-9999,-9999,-9999,-9999,-9999,-9999,-9999,-9999,-9999,-9999,-9999,-9999,-9999,-9999,-9999,-9999,-9999,-9999,-9999,-9999,-9999,-9999,-9999,-9999,-9999,-9999,-9999,-9999,-9999,-9999,-9999,-9999,-9999,-9999,-9999,-9999,-9999,-9999,-9999,-9999,-9999,-9999,-9999,-9999,-9999,-9999,-9999,-9999,-9999,-9999,-9999,-9999,-9999,-9999,-9999,-9999,-9999,-9999,-9999,-9999,-9999,-9999,-9999,-9999,-9999,-9999,-9999,-9999,-9999,-9999,-9999,-9999,-9999,3.33502430294175E-06,4.96034817842883E-06,-9999,-9999,-9999,-9999,-9999,-9999,-9999,-9999,-9999,-9999,-9999,-9999,-9999,-9999,-9999,-9999,-9999,-9999,-9999,-9999,-9999,-9999,-9999,-9999,-9999,-9999,-9999,-9999,-9999,-9999,-9999,-9999,-9999,-9999,-9999,-9999,-9999,-9999,-9999,-9999,-9999,-9999,-9999,-9999,-9999,-9999,-9999,-9999,-9999,-9999,-9999,-9999,-9999,-9999,-9999
-9999,-9999,-9999,-9999,-9999,-9999,-9999,-9999,-9999,-9999,-9999,-9999,-9999,-9999,-9999,-9999,-9999,-9999,-9999,-9999,-9999,-9999,-9999,-9999,-9999,-9999,-9999,-9999,-9999,-9999,-9999,-9999,-9999,-9999,-9999,-9999,-9999,-9999,-9999,-9999,-9999,-9999,-9999,-9999,-9999,-9999,-9999,-9999,-9999,-9999,-9999,-9999,-9999,-9999,-9999,-9999,-9999,-9999,-9999,-9999,-9999,-9999,-9999,-9999,-9999,-9999,-9999,-9999,-9999,-9999,-9999,-9999,-9999,-9999,4.81903862237232E-06,7.13541658114991E-06,-9999,-9999,-9999,-9999,-9999,-9999,-9999,-9999,-9999,-9999,-9999,-9999,-9999,-9999,-9999,-9999,-9999,-9999,-9999,-9999,-9999,-9999,-9999,-9999,-9999,-9999,-9999,-9999,-9999,-9999,-9999,-9999,-9999,-9999,-9999,-9999,-9999,-9999,-9999,-9999,-9999,-9999,-9999,-9999,-9999,-9999,-9999,-9999,-9999,-9999,-9999,-9999,-9999,-9999,-9999
-9999,-9999,-9999,-9999,-9999,-9999,-9999,-9999,-9999,-9999,-9999,-9999,-9999,-9999,-9999,-9999,-9999,-9999,-9999,-9999,-9999,-9999,-9999,-9999,-9999,-9999,-9999,-9999,-9999,-9999,-9999,-9999,-9999,-9999,-9999,-9999,-9999,-9999,-9999,-9999,-9999,-9999,-9999,-9999,-9999,-9999,-9999,-9999,-9999,-9999,-9999,-9999,-9999,-9999,-9999,-9999,2.77818855920486E-07,4.05303524075862E-07,5.83026235290163E-07,8.3650530768864E-07,-9999,-9999,-9999,-9999,-9999,5.93722597841406E-06,5.74270052311476E-06,8.16885039967019E-06,7.95723099145107E-06,5.14398789164261E-06,7.3753635660978E-06,3.6921428545611E-05,4.95383937959559E-05,4.90534657728858E-05,6.91103969074902E-06,3.5503620892996E-05,4.59804905403871E-05,-9999,-9999,4.30289983341936E-05,6.65767001919448E-05,5.81783751840703E-05,5.89482478972059E-05,0.000151257656398229,0.000201002898393199,0.000183342155651189,0.000183507319889031,0.000111928129626904,5.26033109053969E-05,-9999,-9999,-9999,-9999,-9999,-9999,-9999,-9999,-9999,-9999,-9999,-9999,-9999,-9999,-9999,-9999,-9999,-9999,-9999,-9999,-9999,-9999,-9999,-9999,-9999,-9999,-9999,-9999,-9999,-9999,-9999,-9999,-9999,-9999,-9999,-9999,-9999,-9999,-9999,-9999,-9999,-9999
-9999,-9999,-9999,-9999,-9999,-9999,-9999,-9999,-9999,-9999,-9999,-9999,-9999,-9999,-9999,-9999,-9999,-9999,-9999,-9999,-9999,-9999,-9999,-9999,-9999,-9999,-9999,-9999,-9999,-9999,-9999,-9999,-9999,-9999,-9999,-9999,-9999,-9999,-9999,-9999,-9999,-9999,-9999,-9999,-9999,-9999,-9999,-9999,-9999,-9999,-9999,-9999,-9999,-9999,-9999,2.85625532114864E-07,4.19635568960075E-07,6.10357574259979E-07,8.70122050855571E-07,1.21304344702367E-06,1.68028191183112E-06,2.39154951486853E-06,-9999,9.75664625002537E-06,2.63493911916157E-05,8.87519763637101E-06,8.38109008327592E-06,6.27194749540649E-05,6.34748212178238E-05,7.46078603697242E-06,7.23616631148616E-06,8.37436018628068E-05,0.00010610613389872,9.41634789342061E-05,8.29167111078277E-05,8.16487736301497E-05,6.30981012363918E-05,6.99254014762118E-05,0.000116384631837718,0.000205907184863463,0.000489466008730233,0.000747399462852627,0.000827033771201968,0.000824264367111027,0.000828612654004246,0.000833739642985165,0.000839500105939806,0.000848672410938889,0.000816184969153255,0.000429968466050923,0.000182278279680759,-9999,-9999,-9999,-9999,-9999,-9999,-9999,-9999,-9999,-9999,-9999,-9999,-9999,-9999,-9999,-9999,-9999,-9999,-9999,-9999,-9999,-9999,-9999,-9999,-9999,-9999,-9999,-9999,-9999,-9999,-9999,-9999,-9999,-9999,-9999,-9999,-9999,-9999,-9999,-9999
-9999,-9999,-9999,-9999,-9999,-9999,-9999,-9999,-9999,-9999,-9999,-9999,-9999,-9999,-9999,-9999,-9999,-9999,-9999,-9999,-9999,-9999,-9999,-9999,-9999,-9999,-9999,-9999,-9999,-9999,-9999,-9999,-9999,-9999,-9999,-9999,-9999,-9999,-9999,-9999,-9999,-9999,-9999,-9999,-9999,-9999,-9999,-9999,-9999,-9999,-9999,-9999,-9999,-9999,-9999,4.28055756174217E-07,6.32452270110662E-07,9.27212340684491E-07,1.32214518089313E-06,1.826359266488E-06,2.4767011836957E-06,3.36463926942088E-06,4.64459571958287E-06,6.52852486382471E-06,9.19836929824669E-06,5.37074156454764E-05,9.36034048208967E-05,0.000237280270084739,0.000385021703550592,0.000555909238755703,0.000634844414889812,0.000566491158679128,0.000697619980201125,0.000778125540819019,0.000624115986283869,0.00061351025942713,0.000575879879761487,0.000615473254583776,0.000828442862257361,0.000844569352921098,0.000854454934597015,0.000858534127473831,0.000861480017192662,0.000861074484419078,0.000860424595884979,0.000861119478940964,0.000863474851939827,0.000865627313032746,0.000865331676322967,0.000860319065395743,0.000844522612169385,0.000700488220900297,0.000166497105965391,-9999,-9999,-9999,-9999,-9999,-9999,-9999,-9999,-9999,5.20534158567898E-05,5.20470639457926E-05,5.20995490660425E-05,-9999,-9999,-9999,-9999,-9999,-9999,-9999,-9999,-9999,-9999,-9999,-9999,-9999,-9999,-9999,-9999,-9999,-9999,-9999,-9999,-9999,-9999,-9999,-9999,-9999,-9999
-9999,-9999,-9999,-9999,-9999,-9999,-9999,-9999,-9999,-9999,-9999,-9999,-9999,-9999,-9999,-9999,-9999,-9999,-9999,-9999,-9999,-9999,-9999,-9999,-9999,-9999,-9999,-9999,-9999,-9999,-9999,2.48769993049791E-05,-9999,-9999,-9999,7.68868121667765E-05,-9999,-9999,-9999,-9999,-9999,-9999,-9999,-9999,-9999,-9999,-9999,-9999,-9999,-9999,-9999,-9999,-9999,-9999,-9999,-9999,-9999,6.2975038872537E-07,9.08325091586448E-07,1.29115403524338E-06,-9999,3.18610045724199E-06,4.54137625638396E-06,6.43630755803315E-06,9.07455705601024E-06,5.41423542017583E-05,9.7154152172152E-05,0.00013310689246282,8.27865878818557E-05,0.000456754089100286,0.000940043712034822,0.00098528724629432,0.000975066097453237,0.000961646088398993,0.000929867732338607,0.000903929176274687,0.000904573651496321,0.000902463798411191,0.000888577604200691,0.000878283637575805,0.00087092979811132,0.000867078197188675,0.00085826450958848,0.000852609518915415,0.000854326935950667,0.000856446917168796,0.000859999796375632,0.000864836503751576,0.000867793278302997,0.000867750379256904,0.000868113071192056,0.00085112766828388,0.000771665712818503,0.000201531322090887,-9999,-9999,-9999,-9999,-9999,-9999,-9999,-9999,7.08463339833543E-05,0.000109771979623474,7.15265268809162E-05,5.13067498104647E-05,5.16350228281226E-05,-9999,-9999,-9999,-9999,-9999,-9999,-9999,-9999,-9999,-9999,-9999,-9999,-9999,-9999,-9999,-9999,-9999,-9999,-9999,-9999,-9999,-9999,-9999,-9999
-9999,-9999,-9999,-9999,-9999,-9999,-9999,-9999,-9999,-9999,-9999,-9999,-9999,-9999,-9999,-9999,-9999,-9999,-9999,-9999,-9999,-9999,-9999,-9999,-9999,-9999,-9999,-9999,-9999,-9999,1.79461694642669E-05,3.41525628755335E-05,-9999,-9999,3.65291089110542E-05,6.18883350398391E-05,-9999,-9999,6.90230808686465E-05,0.000120412245451007,-9999,-9999,-9999,-9999,-9999,1.09363436422427E-05,-9999,-9999,-9999,-9999,-9999,-9999,-9999,-9999,-9999,-9999,-9999,-9999,-9999,-9999,-9999,4.60676073998911E-06,6.57562941341894E-06,9.40828067541588E-06,9.01865405467106E-06,5.23971066286322E-05,5.78420513193123E-05,5.56629202037584E-05,5.2846793550998E-05,0.000311087176669389,0.000952921574935317,0.00100554910022765,0.000996778369881213,0.000980193843133748,0.000959827681072056,0.000940434343647212,0.000923840387258679,0.000908566929865628,0.000895735807716846,0.000883919303305447,0.000872776028700173,0.000861601554788649,0.000848122523166239,0.000845793751068413,0.000846571405418217,0.00085220648907125,0.000856757047586143,0.000862460699863732,0.00086785398889333,0.000870732765179127,0.000872504781000316,0.000870826828759164,0.000856793078128248,0.00072280311724171,0.000202710478333756,-9999,-9999,-9999,-9999,-9999,8.33875092212111E-05,8.41468427097425E-05,0.000159974209964275,0.000236833948292769,0.000179625931195915,0.00012076944403816,7.93701692600735E-05,5.11678081238642E-05,-9999,-9999,-9999,-9999,-9999,-9999,-9999,-9999,-9999,-9999,-9999,-9999,-9999,-9999,-9999,-9999,-9999,-9999,-9999,-9999,-9999,-9999,-9999
-9999,-9999,-9999,-9999,-9999,-9999,-9999,-9999,-9999,-9999,-9999,-9999,-9999,-9999,-9999,-9999,-9999,-9999,-9999,-9999,-9999,-9999,-9999,4.19164571212605E-05,5.36630141141359E-05,-9999,-9999,-9999,-9999,4.48721475549974E-05,4.21619988628663E-05,1.67769940162543E-05,8.4512066678144E-05,8.93192463990999E-06,7.51856860006228E-05,0.000132051849504933,0.000237512431340292,0.000103128681075759,6.15796452620998E-05,-9999,6.32818482699804E-05,6.61737722111866E-05,-9999,-9999,0.000115354443551041,1.52608026837697E-05,9.17758188734297E-06,5.7030147218029E-06,-9999,-9999,-9999,-9999,-9999,-9999,-9999,-9999,-9999,2.26142510655336E-05,1.4311588529381E-05,-9999,-9999,-9999,9.44531166169327E-06,6.25969332759269E-05,6.03180487814825E-05,6.00471612415276E-05,5.80377854930703E-05,5.50501063116826E-05,7.26031285012141E-05,0.000450607534730807,0.000957277952693403,0.00100672675762326,0.000995783600956202,0.000979869742877781,0.000960358884185553,0.000940981495659798,0.00092391186626628,0.000907804875168949,0.000894228345714509,0.00088201678590849,0.000867238384671509,0.000823027221485972,0.000828652933705598,0.000838311621919274,0.000841320317704231,0.000844416674226522,0.000851604097988456,0.000859351537656039,0.000865920563228428,0.000869483570568264,0.00087145552970469,0.000871813273988664,0.000866621499881148,0.000828560849186033,0.000242206166149117,4.26066253567114E-05,6.16471152170561E-06,4.24906102125533E-06,6.48963259664015E-06,0.000202495706616901,0.000400396704208106,0.00052005797624588,0.000582265143748373,0.000498772598803043,0.000472813728265464,0.000359981786459684,0.000217111301026307,7.06247374182567E-05,5.12555197929032E-05,5.18369270139374E-05,-9999,-9999,-9999,-9999,-9999,-9999,-9999,-9999,-9999,-9999,-9999,-9999,-9999,-9999,-9999,-9999,-9999,-9999,-9999,-9999,-9999
-9999,-9999,-9999,-9999,-9999,-9999,-9999,-9999,-9999,-9999,-9999,-9999,-9999,-9999,-9999,-9999,-9999,-9999,-9999,-9999,-9999,-9999,6.30781505606137E-05,7.43272685213014E-05,5.04740310134366E-05,5.0989674491575E-05,5.63904650334734E-05,6.51955342618749E-05,0.000122609766549431,0.000184071890544146,0.00013827443763148,0.00032619692501612,0.000448327686171979,0.000483038980746642,0.000554687867406756,0.000479946320410818,0.000476092187454924,0.000433876382885501,0.000250105571467429,0.0001913284213515,6.17527912254445E-05,3.80204437533394E-05,3.18664824590087E-05,4.32292035839055E-05,1.20827180580818E-05,8.31450051919091E-06,7.95368487160886E-06,7.55549081077334E-06,4.85066539113177E-06,-9999,-9999,-9999,-9999,-9999,-9999,-9999,-9999,9.41457037697546E-05,8.50101205287501E-05,7.84896110417321E-05,-9999,-9999,6.13806987530552E-05,6.24409731244668E-05,6.20948339928873E-05,6.02358704782091E-05,5.71249620406888E-05,6.69957662466913E-05,0.000221106049139053,0.000630161142908037,0.000967163010500371,0.00100594095420092,0.000991849927231669,0.000975828268565238,0.000956560543272644,0.000936790078412741,0.000919144076760858,0.000903620035387576,0.000889475981239229,0.000878130667842925,0.000822486355900764,0.000426301005063578,0.000502858427353203,0.000696136092301458,0.000804907525889575,0.000837328669149429,0.000845244445372373,0.000854111625812948,0.000861300795804709,0.000864740402903408,0.000869301147758961,0.000872362405061722,0.000866178423166275,0.000809789111372083,0.000388128770282492,0.000313296710373834,2.54212482104776E-05,6.30756585451309E-06,0.000307929760310799,0.000716670998372138,0.000799877045210451,0.000851138902362436,0.000842280802316964,0.000816815358120948,0.000785878568422049,0.000646687753032893,0.000414641690440476,0.000215676045627333,7.84930598456413E-05,5.10699028382078E-05,-9999,-9999,-9999,-9999,-9999,-9999,-9999,-9999,-9999,-9999,-9999,-9999,-9999,-9999,-9999,-9999,-9999,-9999,-9999,-9999,-9999
-9999,-9999,-9999,-9999,-9999,-9999,-9999,-9999,-9999,-9999,-9999,-9999,-9999,-9999,-9999,-9999,-9999,-9999,-9999,-9999,-9999,-9999,6.30479626124725E-05,7.53284257370979E-05,6.37910634395666E-05,6.60826481180266E-05,0.000245162518694997,0.000488287187181413,0.000644872372504324,0.000567001348827034,0.000565158785320818,0.000454109947895631,0.000487992772832513,0.000559321662876755,0.000519926019478589,0.000591429998166859,0.00070040172431618,0.000696610833983868,0.000727469858247787,0.000646587344817817,0.000452946434961632,0.000291812233626842,0.000119772696052678,4.51310661446769E-05,2.20333931792993E-05,9.85011774901068E-06,9.8622886071098E-06,9.7623051260598E-06,6.49818866804708E-06,6.41678752799635E-06,6.41590668237768E-06,-9999,-9999,-9999,-9999,-9999,-9999,-9999,7.70724582253024E-05,6.94515692885034E-05,6.40005455352366E-05,5.90272939007264E-05,6.07944020885043E-05,6.14492819295265E-05,6.14273376413621E-05,5.90850686421618E-05,6.94808986736462E-05,0.000225279305595905,0.000608649046625942,0.000964316073805094,0.00101399410050362,0.000999697134830058,0.000983676640316844,0.000967623316682875,0.000948621949646622,0.000929013360291719,0.000912669114768505,0.000898734026122838,0.000885840738192201,0.000790247227996588,1.07889200080535E-05,5.85851876166998E-06,5.82211850996828E-06,5.7940947044699E-06,6.66911219013855E-05,0.000549512740690261,0.000819064793176949,0.00084603508003056,0.000854283338412642,0.000860938162077218,0.000867122202180326,0.000871723634190857,0.000868057424668223,0.000802027818281204,0.000819466484244913,0.000850782846100628,0.000752871565055102,0.000405981700168923,0.00082472077338025,0.000911088776774704,0.000927048444282264,0.00091876887017861,0.000895805307663977,0.00088238378521055,0.000863622408360243,0.000784144154749811,0.000586178794037551,0.000382846978027374,0.000118126343295444,4.96176035085227E-05,2.54445094469702E-05,-9999,-9999,-9999,-9999,-9999,-9999,-9999,-9999,-9999,-9999,-9999,-9999,-9999,-9999,-9999,-9999,-9999,-9999,-9999,-9999
-9999,-9999,-9999,-9999,-9999,-9999,-9999,-9999,-9999,-9999,-9999,-9999,-9999,-9999,-9999,-9999,-9999,-9999,-9999,-9999,-9999,-9999,6.19147322140634E-05,7.74754880694672E-05,0.000122089331853203,0.000560698157642037,0.000725713674910367,0.00080143881496042,0.000762096839025617,0.000605234294198453,0.000602243118919432,0.000675424817018211,0.000710421416442841,0.000744331511668861,0.000846655806526542,0.00084259663708508,0.000870887539349496,0.000897510501090437,0.000950314220972359,0.000888642272911966,0.000787026307079941,0.000491590762976557,0.000259186490438879,0.000149527579196729,0.000128922663861886,0.000144457735586911,0.00012666430848185,8.72478995006531E-05,8.80009883985622E-06,8.98065081855748E-06,9.06072909856448E-06,-9999,-9999,-9999,-9999,6.34806929156184E-05,6.44454994471744E-05,6.62046804791316E-05,6.74691254971549E-05,6.23528467258438E-05,7.06534556229599E-05,5.53298414160963E-05,4.76389031973667E-05,2.96142061415594E-05,8.30317512736656E-05,0.000275225203949958,0.000130735454149544,0.000734137953259051,0.0010335345286876,0.00102199893444777,0.00100605259649456,0.000989971100352705,0.000973629008512944,0.000957314507104456,0.000937244563829154,0.000920299731660634,0.000908778398297727,0.000850970158353448,6.01758347329451E-06,5.97240114075248E-06,5.93747108723619E-06,3.94939752368373E-06,3.92550418837345E-06,3.9068318073987E-06,5.80569803787512E-06,2.15957406908274E-05,0.000283265806501731,0.000745349156204611,0.000841201399452984,0.000855289690662175,0.000863203080371022,0.000868739385623485,0.000874770106747746,0.00088194222189486,0.000889603514224291,0.000897109275683761,0.000893517048098147,0.000900061568245292,0.000922914477996528,0.000941960257478058,0.000948374392464757,0.000941516773309559,0.000930404930841178,0.000920009857509285,0.000881107407622039,0.000845789676532149,0.000712662178557366,0.000553205085452646,0.000252841098699719,9.3562608526554E-05,1.11089620986604E-05,7.12562177795917E-06,-9999,-9999,-9999,-9999,-9999,-9999,-9999,-9999,-9999,-9999,-9999,-9999,-9999,-9999,-9999,-9999,-9999,-9999,-9999
-9999,-9999,-9999,-9999,-9999,-9999,-9999,-9999,-9999,-9999,-9999,-9999,-9999,-9999,-9999,-9999,-9999,-9999,-9999,-9999,-9999,5.68996292713564E-05,6.72863025101833E-05,0.000262374116573483,0.000718614843208343,0.000938034791033715,0.000937613018322736,0.000869448063895106,0.000757300469558686,0.000893591379281133,0.000888615264557302,0.000915769080165774,0.000912457704544067,0.000909091904759407,0.000963089405559003,0.00100928149186075,0.00102705613244325,0.0010212940396741,0.0010553146712482,0.00104870717041194,0.00102324597537518,0.000838391541037709,0.000325947272358462,0.000203725518076681,0.00025039934553206,0.000227177239139564,0.000204157375264913,0.000206050841370597,0.000204180920263752,0.000146531587233767,9.40424579312094E-05,6.32450537523255E-05,6.35658579994924E-05,6.46196131128818E-05,6.56191405141726E-05,6.01764404564165E-05,6.78598298691213E-05,6.03005282755475E-05,6.08564114372712E-05,6.94505724823102E-05,0.000286645779851824,0.00061010813806206,0.000296511658234522,8.25775259727379E-06,8.15272869658656E-06,7.88161014497746E-06,3.10083414660767E-05,0.000286222784779966,0.00103027117438614,0.0010147956199944,0.000999516458250582,0.000977340154349804,0.000959423370659351,0.000825480674393475,3.5039793147007E-05,6.26619021204533E-06,6.17220848653233E-06,6.10901588515844E-06,4.05122545998893E-06,4.01972283725627E-06,3.99453301724861E-06,2.65699804913311E-06,2.6429113404447E-06,2.63293713942403E-06,3.91606727134786E-06,5.82859092901344E-06,3.76831485482398E-05,0.000247881835093722,0.000680902623571455,0.000830601726192981,0.000854733982123435,0.000862624729052186,0.00086882634786889,0.000876249105203897,0.000886595516931266,0.000896490411832929,0.000905280117876828,0.00091483275173232,0.000926940992940217,0.000937634787987918,0.000940559955779463,0.000941343721933663,0.000939457211643457,0.000936548865865916,0.000921563361771405,0.000873713986948133,0.000821640191134065,0.000629358866717666,0.000373564340407029,0.000207557823159732,5.69987496419344E-05,6.99083602739847E-06,7.16347585694166E-06,1.36990965984296E-05,-9999,-9999,-9999,-9999,-9999,-9999,-9999,-9999,-9999,-9999,-9999,-9999,-9999,-9999,-9999,-9999,-9999
-9999,-9999,-9999,-9999,-9999,-9999,-9999,-9999,-9999,-9999,-9999,-9999,-9999,-9999,-9999,-9999,-9999,-9999,-9999,-9999,-9999,0.000112961897684727,0.000635888485703617,0.000932724098674953,0.00104694894980639,0.000993933063000441,0.000933214207179844,0.000897799269296229,0.000954777467995882,0.00102855055592954,0.0010861010523513,0.00108062732033432,0.00111187912989408,0.00113695662003011,0.00111875124275684,0.00116104155313224,0.00115498574450612,0.00113767688162625,0.00114838569425046,0.00114733877126127,0.00112235022243112,0.00109532009810209,0.00103309331461787,0.000928515568375587,0.000818823522422463,0.000654613773804158,0.000414545676903799,0.000225856827455573,0.000248080177698284,0.000203811447136104,0.000149935236549936,9.81401026365347E-05,8.80492370924912E-05,7.07183207850903E-05,7.05080747138709E-05,0.000108024207293056,9.61388141149655E-05,9.47433654800989E-05,0.000146056016092189,0.000642051338218153,0.00105895975138992,0.00115583278238773,0.00112596014514565,0.000356229138560593,7.85693464422366E-06,7.67225537856575E-06,7.4089898589591E-06,0.00104340899270028,0.00102713285014033,0.0010114818578586,0.000720090349204838,6.69004884912283E-06,6.59829493088182E-06,6.5471376728965E-06,-9999,-9999,-9999,-9999,-9999,-9999,-9999,1.77962306224799E-06,1.77454569438851E-06,2.64072832578677E-06,3.93107984564267E-06,5.85377711104229E-06,1.32627565108123E-05,8.09248303994536E-05,0.000324711436405778,0.000695572874974459,0.000834972190205008,0.000853525765705854,0.000860190135426819,0.000871385214850307,0.000881431507878006,0.000890837924089283,0.000900027749594301,0.000911082490347326,0.000920706952456385,0.000927789835259318,0.000930612673982978,0.000931739108636975,0.000935154093895108,0.000941524922382087,0.000935587740968913,0.00090881297364831,0.000849056814331561,0.000736217247322202,0.000563566572964191,0.000339879508828744,0.000185081793460995,5.94912053202279E-05,4.01133511331864E-05,3.2297528377967E-05,4.31753942393698E-05,-9999,-9999,-9999,-9999,-9999,-9999,-9999,-9999,-9999,-9999,-9999,-9999,-9999,-9999,-9999,-9999
-9999,-9999,-9999,-9999,-9999,-9999,-9999,-9999,-9999,-9999,-9999,-9999,-9999,-9999,-9999,-9999,-9999,-9999,-9999,5.9016325394623E-05,0.000160166804562323,0.00089113344438374,0.00106445827987045,0.00106586096808314,0.00104259815998375,0.00108708487823606,0.00106238690204918,0.00105714681558311,0.00112646550405771,0.00113297021016479,0.0011502051493153,0.00116516451817006,0.00115235708653927,0.00113753136247396,0.00116330839227885,0.00117420277092606,0.00116833229549229,0.00115337234456092,0.00115761032793671,0.00116263958625495,0.00116126658394933,0.00115127221215516,0.00114673271309584,0.00112350902054459,0.00109925901051611,0.0010431552072987,0.000975413946434855,0.000908383575733751,0.000706782913766801,0.000468810816528276,0.00019946473184973,0.000199064699700102,0.000218563131056726,0.000239057029830292,0.000311890355078503,0.000462312018498778,0.000697436393238604,0.000762724899686873,0.000944730301853269,0.00112247327342629,0.00115946924779564,0.00115857319906354,0.00115189305506647,0.00115185091271996,2.83351437246893E-05,0.00108478136826307,0.0010928459232673,0.00105552037712187,0.000814435188658535,1.76657795236679E-05,6.91247714712517E-06,-9999,-9999,-9999,-9999,-9999,-9999,-9999,-9999,-9999,-9999,-9999,-9999,1.77230515419069E-06,2.64140771832899E-06,3.9380720409099E-06,5.8687342061603E-06,4.04456259275321E-05,0.000164306387887336,0.00046192342415452,0.00075923022814095,0.000841555185616016,0.000854803656693548,0.000861085718497634,0.000869343581143767,0.000878604594618082,0.000888246460817754,0.000898322905413806,0.000906886358279735,0.000912761897780001,0.000916243006940931,0.00091764034004882,0.000918067817110568,0.000922722450923175,0.000924917752854526,0.000911672366783023,0.00088466377928853,0.000842313864268363,0.000757526897359639,0.000523494789376855,0.000284524488961324,0.000202072609681636,0.000126491460832767,4.90653219458181E-05,4.74410007882398E-05,-9999,-9999,-9999,-9999,-9999,-9999,-9999,-9999,-9999,-9999,-9999,-9999,-9999,-9999,-9999,-9999
-9999,-9999,-9999,-9999,-9999,-9999,-9999,-9999,-9999,-9999,-9999,-9999,-9999,-9999,-9999,-9999,-9999,-9999,0.000175644992850721,0.000443115539383143,0.00100689823739231,0.00113759725354612,0.00113882450386882,0.00116774369962513,0.00117919675540179,0.00116386881563812,0.00122021534480155,0.00123691221233457,0.00122287310659885,0.00120617588981986,0.00118944933637977,0.00116811692714691,0.00114789826329798,0.00117492186836898,0.00117021158803254,0.00118667935021222,0.00118171225767583,0.00118436035700142,0.00117410521488637,0.00117005361244082,0.00116608093958348,0.00116075831465423,0.00115762639325112,0.00115397316403687,0.00114679988473654,0.00113056076224893,0.00111139286309481,0.00107521167956293,0.00101760623510927,0.00088763766689226,0.000557596795260906,0.000309334427583963,0.000394760601921007,0.000718629802577198,0.000859182153362781,0.000928400491829962,0.000931567803490907,0.00101622252259403,0.00112172297667712,0.00114538380876184,0.00114484317600727,0.00113560631871223,0.00112751394044608,0.00112042482942343,0.00110553589183837,0.00108953868038952,0.00102855346631259,1.54669723997358E-05,-9999,-9999,-9999,-9999,-9999,-9999,-9999,-9999,-9999,-9999,-9999,-9999,-9999,-9999,-9999,-9999,-9999,3.94470043829642E-06,5.88175271332148E-06,1.76569501491031E-05,8.13592414488085E-05,0.000274071586318314,0.000602219020947814,0.000812868820503354,0.000845417380332947,0.000853431643918157,0.00085805804701522,0.000863689812831581,0.000871898490004241,0.000881084124557674,0.000888437149114907,0.000893237185664475,0.000895083008799702,0.000896308105438948,0.000898775353562087,0.000901431834790856,0.000905667897313833,0.000899828737601638,0.000874252466019243,0.000840504711959511,0.000797594722826034,0.000701415468938649,0.000457774323876947,0.000280908076092601,0.000111584340629634,5.39831635251176E-05,4.77768808195833E-05,-9999,-9999,-9999,-9999,-9999,-9999,-9999,-9999,-9999,-9999,-9999,-9999,-9999,-9999,-9999,-9999
-9999,-9999,-9999,-9999,-9999,-9999,-9999,-9999,-9999,-9999,-9999,-9999,8.78743412613403E-06,2.59918779192958E-05,-9999,6.01107312832028E-05,0.000127081613754854,0.000477076711831614,0.000884110922925174,0.00107550621032715,0.00120750954374671,0.00124289595987648,0.0012585676740855,0.00125934649258852,0.00125280919019133,0.0012569900136441,0.00125589687377214,0.00124618923291564,0.00124178687110543,0.00122877722606063,0.00121369061525911,0.00120361626613885,0.00120057608000934,0.00119971251115203,0.0011965447338298,0.0011961004929617,0.00119184132199734,0.00118690123781562,0.00117886578664184,0.00116967351641506,0.00116068357601762,0.00115184776950628,0.00114696798846126,0.00114481733180583,0.00114232592750341,0.00113771390169859,0.00113141047768295,0.00112140364944935,0.00110690330620855,0.00107771786861122,0.00100296910386533,0.000843080808408558,0.000737537164241076,0.000796999549493194,0.00085158582078293,0.000920461898203939,0.000991052365861833,0.00110136752482504,0.00112923188135028,0.00111954612657428,0.00111866928637028,0.00111587974242866,0.00111055816523731,0.00110347697045654,0.00109392509330064,0.00108990515582263,1.21348584798397E-05,-9999,-9999,-9999,-9999,-9999,-9999,-9999,-9999,-9999,-9999,-9999,-9999,-9999,-9999,-9999,-9999,-9999,-9999,-9999,3.94678090742673E-06,5.88233888265677E-06,2.88781848212238E-05,0.000129289328469895,0.000393142719985917,0.00071551272412762,0.000829386815894395,0.000844682450406253,0.000850627606268972,0.000850422016810626,0.000855084974318743,0.00086223689140752,0.000867525581270456,0.000871290802024305,0.000872218748554587,0.000870916526764631,0.000872345874086022,0.000878368213307112,0.000882516673300415,0.00088119029533118,0.000868775066919625,0.000844317895825952,0.000816498883068562,0.000751344137825072,0.000552189303562045,0.000296883867122233,0.000120202283142135,5.86023743380792E-05,4.6451146772597E-05,-9999,-9999,-9999,-9999,-9999,-9999,-9999,-9999,-9999,-9999,-9999,-9999,-9999,-9999,-9999,-9999
-9999,-9999,-9999,-9999,-9999,-9999,-9999,-9999,-9999,-9999,8.5879182734061E-06,8.58149724081159E-06,8.60010641190456E-06,9.60186953307129E-05,0.000233543236390688,0.000617559708189219,0.000938501616474241,0.00108971074223518,0.00119243818335235,0.00124716351274401,0.001268545165658,0.00127283879555762,0.00127251353114843,0.00127024471294135,0.00126665958669037,0.00125986500643194,0.00125319557264447,0.00124475406482816,0.00123480474576354,0.0012235272442922,0.00121201726142317,0.00120081915520132,0.0011923088459298,0.00118767761159688,0.00118361506611109,0.00118167547043413,0.00117823574692011,0.00117215013597161,0.00116391002666205,0.00115485233254731,0.00114529917482287,0.00113538757432252,0.00112815177999437,0.00112499273382127,0.00112255243584514,0.00111891294363886,0.0011145897442475,0.00110946001950651,0.00110349280294031,0.00109762547072023,0.00109101459383965,0.00108200800605118,0.00107462657615542,0.00107130932155997,0.00107725360430777,0.00109963270369917,0.00111156643833965,0.00111630046740174,0.00111608940642327,0.00110689457505941,0.000281556131085381,7.51232846596395E-06,7.52862888475647E-06,2.02632836590055E-05,0.000494842999614775,5.61388296773657E-05,-9999,-9999,-9999,-9999,-9999,-9999,-9999,-9999,-9999,-9999,-9999,-9999,-9999,-9999,-9999,-9999,-9999,-9999,-9999,-9999,-9999,3.94293738281704E-06,5.87184331379831E-06,3.00417250400642E-05,0.000154686000314541,0.000462918280391023,0.000764500582590699,0.000833862577565014,0.000839304586406797,0.000840857159346342,0.000839186075609177,0.000842207111418247,0.000845041940920055,0.000848729396238923,0.000848856696393341,0.000847556453663856,0.000846010050736368,0.000852344208396971,0.000858062936458737,0.000858884304761887,0.000851899618282914,0.000838912557810545,0.000808046315796673,0.000744862947613001,0.000607523950748146,0.000386273371987045,0.000142386881634593,6.33612435194664E-05,4.50132683909032E-05,-9999,-9999,-9999,-9999,-9999,-9999,-9999,-9999,-9999,-9999,-9999,-9999,-9999,-9999,-9999,-9999
-9999,-9999,-9999,-9999,-9999,-9999,-9999,-9999,5.83872351853643E-05,5.82766078878194E-05,1.37662937049754E-05,2.30526256927988E-05,0.00016822935140226,0.000757402158342302,0.0010307141346857,0.00112819066271186,0.00120045186486095,0.00124006508849561,0.00125459511764348,0.00126640393864363,0.00127054832410067,0.00126998533960432,0.00126810651272535,0.00126290263142437,0.0012563681229949,0.00124779844190925,0.00123748695477843,0.00122607173398137,0.00121491844765842,0.00120316061656922,0.00119149114470929,0.00118003820534796,0.00117082125507295,0.00116728490684181,0.00116313644684851,0.00116018566768616,0.00115495431236923,0.00114824390038848,0.00113981554750353,0.00112935330253094,0.00111806741915643,0.00110726919956505,0.00110037007834762,0.00109781604260206,0.00109497411176562,0.0010909226257354,0.00108641758561134,0.00108168227598071,0.00107660086359829,0.00107269559521228,0.00107085076160729,0.00107266381382942,0.0010772633831948,0.00108345970511436,0.00109100318513811,0.00109642371535301,0.00109952676575631,0.00110199779737741,0.00110144610516727,0.00109475117642432,0.00106410006992519,7.43631881050533E-06,-9999,-9999,-9999,-9999,-9999,-9999,-9999,-9999,-9999,-9999,-9999,-9999,-9999,-9999,-9999,-9999,-9999,-9999,-9999,-9999,-9999,-9999,-9999,-9999,-9999,-9999,3.93312166124815E-06,5.85475618208875E-06,1.04258988358197E-05,8.39186977827922E-05,0.000382245721993968,0.000738664472009987,0.000822914065793157,0.000830624077934772,0.000828134128823876,0.000824520597234368,0.000822881003841758,0.000825822644401342,0.000826669856905937,0.000826953793875873,0.000826374453026801,0.000827370677143335,0.000833043013699353,0.000835350540000945,0.000832459016237408,0.000824044342152774,0.000801260990556329,0.000755513436160982,0.000648010754957795,0.000424318219302222,0.000151797692524269,6.12934891250916E-05,4.35956389992498E-05,-9999,-9999,-9999,-9999,-9999,-9999,-9999,-9999,-9999,-9999,-9999,-9999,-9999,-9999,-9999,-9999
-9999,-9999,-9999,-9999,-9999,-9999,-9999,-9999,5.72699318581726E-05,6.51970331091434E-05,7.16899230610579E-05,0.000277027924312279,0.00101311353500932,0.00115952151827514,0.00119178940076381,0.00122083304449916,0.00124559132382274,0.00125862937420607,0.0012642873916775,0.00126492197159678,0.0012627795804292,0.00125979480799288,0.00125433597713709,0.0012470162473619,0.0012382548302412,0.00122800213284791,0.00121499842498451,0.00120057980529964,0.00118981162086129,0.00118051783647388,0.00117052276618779,0.00115997740067542,0.00115145603194833,0.00114558439236134,0.00114190322346985,0.00113794475328177,0.00113257206976414,0.0011248936643824,0.00111521338112652,0.0011033674236387,0.00109132542274892,0.00107995525468141,0.00107192329596728,0.00106779846828431,0.00106320739723742,0.00105840712785721,0.00105392921250314,0.00105053337756544,0.00104665069375187,0.00104354845825583,0.00104204728268087,0.00104573601856828,0.00105288019403815,0.00106186920311302,0.00107099616434425,0.0010773844551295,0.00108079484198242,0.00108094373717904,0.00108061416540295,0.00108017376624048,0.00103156990371644,7.40464065529522E-06,-9999,-9999,-9999,-9999,-9999,-9999,-9999,-9999,-9999,-9999,-9999,-9999,-9999,-9999,-9999,-9999,-9999,-9999,-9999,-9999,-9999,-9999,-9999,-9999,-9999,-9999,-9999,-9999,5.83083374294802E-06,5.81930453336099E-06,1.17971276267781E-05,0.00011797506158473,0.000578063947614282,0.000800635782070458,0.000815183448139578,0.000810822006314993,0.000805644958745688,0.000803971779532731,0.000804815848823637,0.000804515322670341,0.000805266841780394,0.000806314055807889,0.000809297256637365,0.000812265381682664,0.0008100526756607,0.000806807714980096,0.000791194499470294,0.000761268485803157,0.000688252504914999,0.000434316520113498,0.000160782830789685,5.2741052058991E-05,4.34008870797697E-05,-9999,-9999,-9999,-9999,-9999,-9999,-9999,-9999,-9999,-9999,-9999,-9999,-9999,-9999,-9999,-9999
-9999,-9999,-9999,-9999,-9999,-9999,5.94237390032504E-05,5.87141330470331E-05,5.85477755521424E-05,0.000165976598509587,0.00077548751141876,0.00107824301812798,0.00118811649736017,0.0012148340465501,0.00123584736138582,0.00124713778495789,0.00125452957581729,0.00125749909784645,0.00125753250904381,0.00125394330825657,0.00124743219930679,0.00124082353431731,0.00123444886412472,0.00122545729391277,0.00121393520385027,0.00120472942944616,0.0011917429510504,0.00117900455370545,0.00116802379488945,0.0011573638767004,0.00114535621833056,0.00113674020394683,0.0011302848579362,0.00112420099321753,0.00111922028008848,0.00111449859105051,0.00110881647560745,0.00110232341103256,0.0010928800329566,0.00108119356445968,0.00106812012381852,0.00105799455195665,0.00104856002144516,0.00104194798041135,0.00103618495631963,0.00103162217419595,0.00102717650588602,0.00102232105564326,0.00102058902848512,0.00101803068537265,0.00101741577964276,0.00102148286532611,0.00102817232254893,0.00103791442234069,0.00104548677336425,0.00105324748437852,0.00105958175845444,0.0010601858375594,0.00105424830690026,0.000507148448377848,7.35016055841697E-06,-9999,-9999,-9999,-9999,-9999,-9999,-9999,-9999,-9999,-9999,-9999,-9999,-9999,-9999,-9999,-9999,-9999,-9999,-9999,-9999,-9999,-9999,-9999,-9999,-9999,-9999,-9999,-9999,-9999,-9999,-9999,-9999,5.7174802350346E-06,1.59693136083661E-05,0.00026690456434153,0.000725744350347668,0.000794850697275251,0.000791666330769658,0.00078560650581494,0.000782167189754546,0.000782937102485448,0.000783339841291308,0.000785696669481695,0.000787471886724234,0.000789212470408529,0.000787569733802229,0.00078354321885854,0.000773479405324906,0.000755135784856975,0.000688141328282654,0.000487729703309014,0.00022134133905638,4.44430152128916E-05,-9999,-9999,-9999,-9999,-9999,-9999,-9999,-9999,-9999,-9999,-9999,-9999,-9999,-9999,-9999,-9999,-9999
-9999,-9999,-9999,-9999,-9999,-9999,5.90628224017564E-05,7.37339505576529E-05,0.000276235630735755,0.000929419184103608,0.00113816582597792,0.00119865778833628,0.00121901324018836,0.00122783635742962,0.00123429286759347,0.00123964878730476,0.00124521052930504,0.0012483618920669,0.00124700600281358,0.00124025822151452,0.00122983928304166,0.00122168147936463,0.00121548632159829,0.00120565469842404,0.00119347427971661,0.00118376244790852,0.00117089529521763,0.00115742674097419,0.00114661443512887,0.00113491504453123,0.00111979700159281,0.00111177447251976,0.00110284623224288,0.00109484686981887,0.00108464388176799,0.00107930670492351,0.00107715977355838,0.00107462366577238,0.00106777099426836,0.00105949921999127,0.00104402611032128,0.00103650358505547,0.00102667941246182,0.00102021638303995,0.00101595232263207,0.00101471901871264,0.00101034180261195,0.00100966333411634,0.00100655108690262,0.00100785691756755,0.00100655434653163,0.00101251271553338,0.00102080963551998,0.000837798463180661,0.000972071778960526,0.000834578415378928,2.29668148676865E-05,7.22185177437495E-06,7.25475865692715E-06,-9999,-9999,-9999,-9999,-9999,-9999,-9999,-9999,-9999,-9999,-9999,-9999,-9999,-9999,-9999,-9999,-9999,-9999,-9999,-9999,-9999,-9999,-9999,-9999,-9999,-9999,-9999,-9999,-9999,-9999,-9999,-9999,-9999,-9999,-9999,5.60027956453268E-06,5.53541303816019E-06,0.000109703723865096,0.00063765438972041,0.000772399653214961,0.000768344034440815,0.000761910690926015,0.000760786177124828,0.000763052783440799,0.000764789816457778,0.000766713405027986,0.000766312994528562,0.000763367279432714,0.000759687973186374,0.000752457068301737,0.000741068739444017,0.000697868526913226,0.000550615368410945,0.000232135935220867,5.92666401644237E-05,4.77393041364849E-05,3.738550003618E-05,-9999,-9999,-9999,-9999,-9999,-9999,-9999,-9999,-9999,-9999,-9999,-9999,-9999,-9999,-9999
-9999,-9999,-9999,-9999,7.61084302212112E-05,8.40365391923115E-05,5.94175326114055E-05,0.000253587262704968,0.00098188896663487,0.00116569676902145,0.00121089699678123,0.00121664267499,0.00121669203508645,0.00121800263877958,0.00122106296475977,0.00122615066356957,0.00123232521582395,0.00123599404469132,0.00123421743046492,0.00122626079246402,0.0012141561601311,0.0012043712195009,0.00120116211473942,0.00118635036051273,0.0011746984673664,0.0011657098075375,0.00115021574310958,0.00114498357288539,0.0011328220134601,0.00112158455885947,0.0011043434496969,0.00109108304604888,0.00107861298602074,0.00107691693119705,0.00106135231908411,0.00106134591624141,0.00106235593557358,0.00105527916457504,0.00105801969766617,0.000144317207741551,0.000722651602700353,0.000589712639339268,0.0010024334769696,0.000713094021193683,0.000917966826818883,0.000995514215901494,0.000997462891973555,0.000530496297869831,0.000169427177752368,0.00047980307135731,6.7528169893194E-05,5.85986927035265E-05,6.93228139425628E-06,6.96473534844699E-06,-9999,-9999,-9999,-9999,-9999,-9999,-9999,-9999,-9999,-9999,-9999,-9999,-9999,-9999,-9999,-9999,-9999,-9999,-9999,-9999,-9999,-9999,-9999,-9999,-9999,-9999,-9999,-9999,-9999,-9999,-9999,-9999,-9999,-9999,-9999,-9999,-9999,-9999,-9999,-9999,-9999,3.6331882711238E-06,5.31396244696225E-06,0.000171962092281319,0.000710371823515743,0.000749423517845571,0.00074262690031901,0.000740055693313479,0.000743670912925154,0.000744949968066067,0.000745121506042778,0.000743187556508929,0.000739182694815099,0.000735211651772261,0.000730935833416879,0.000723242876119912,0.000694760645274073,0.000529966258909553,0.000186803343240172,3.61773963959422E-05,3.60566700692289E-05,2.58072577707935E-05,3.75933377654292E-05,-9999,-9999,-9999,-9999,-9999,-9999,-9999,-9999,-9999,-9999,-9999,-9999,-9999,-9999
-9999,-9999,-9999,-9999,6.06972716923337E-05,9.35091375140473E-05,0.000141189215355553,0.000934198615141213,0.00118155137170106,0.00121908728033304,0.00121902988757938,0.00121262518223375,0.00120813318062574,0.00120440567843616,0.00120359461288899,0.00120717892423272,0.00121384765952826,0.00122260628268123,0.00122175901196897,0.000951369700487703,1.26694949358352E-05,8.21486537461169E-06,8.16412193671567E-06,8.10028814157704E-06,8.02950307843275E-06,7.95541927800514E-06,3.79370139853563E-05,7.7892436820548E-06,2.93295888695866E-05,7.60425655244035E-06,9.75903822109103E-05,0.00077058031456545,0.00102036911994219,0.000985906110145152,0.00105214188806713,0.00103094871155918,0.00104677677154541,0.0010364088229835,0.000298883998766541,7.16761132935062E-06,7.09486403138726E-06,7.03524256095989E-06,6.98312715030625E-06,6.94078653395991E-06,6.9052334765729E-06,6.88067302689888E-06,6.86686917106272E-06,-9999,-9999,-9999,-9999,-9999,-9999,-9999,-9999,-9999,-9999,-9999,-9999,-9999,-9999,-9999,-9999,-9999,-9999,-9999,-9999,-9999,-9999,-9999,-9999,-9999,-9999,-9999,-9999,-9999,-9999,-9999,-9999,-9999,-9999,-9999,-9999,-9999,-9999,-9999,-9999,-9999,-9999,-9999,-9999,-9999,-9999,-9999,-9999,-9999,5.16425598107162E-06,3.44446925737429E-05,0.000616576871834695,0.000725140154827386,0.000724017852917314,0.000718807219527662,0.000721755553968251,0.000722716853488237,0.000721858872566372,0.000719540170393884,0.000714772613719106,0.000710453256033361,0.000706732855178416,0.000701434095390141,0.000682370329741389,0.000568488612771034,0.000286989117739722,9.68817330431193E-05,1.72179788933136E-05,5.8681151131168E-05,3.5679287975654E-05,-9999,-9999,-9999,-9999,-9999,-9999,-9999,-9999,-9999,-9999,-9999,-9999,-9999,-9999
-9999,-9999,-9999,-9999,-9999,5.92629876337014E-05,0.000678841664921492,0.00117225525900722,0.00122197263408452,0.00122325867414474,0.00121378153562546,0.00120310590136796,0.00119684904348105,0.0011881017126143,0.0011846695560962,0.00119173747953027,0.000717458256985992,8.22483707452193E-06,8.26067298476119E-06,8.27246003609616E-06,-9999,-9999,-9999,-9999,-9999,-9999,-9999,-9999,-9999,-9999,-9999,-9999,-9999,2.710575790843E-05,7.89130208431743E-05,6.81719320709817E-05,9.0676148829516E-05,7.22031700206571E-06,-9999,-9999,-9999,-9999,-9999,-9999,-9999,-9999,-9999,-9999,-9999,-9999,-9999,-9999,-9999,-9999,-9999,-9999,-9999,-9999,-9999,-9999,-9999,-9999,-9999,-9999,-9999,-9999,-9999,-9999,-9999,-9999,-9999,-9999,-9999,-9999,-9999,-9999,-9999,-9999,-9999,-9999,-9999,-9999,-9999,-9999,-9999,-9999,-9999,-9999,-9999,-9999,-9999,-9999,-9999,-9999,-9999,-9999,3.37826736540592E-06,4.92540357299731E-06,0.000523129012435675,0.000701581418979913,0.000702199584338814,0.000697116833180189,0.000701431650668383,0.000699235592037439,0.000697548675816506,0.000695176888257265,0.000691415276378393,0.00068757135886699,0.000682887271977961,0.000678700103890151,0.00066989625338465,0.000605840352363884,0.000394523260183632,0.000115841270599049,6.39467762084678E-05,3.89498309232295E-05,-9999,-9999,-9999,-9999,-9999,-9999,-9999,-9999,-9999,-9999,-9999,-9999,-9999,-9999,-9999
-9999,-9999,-9999,-9999,-9999,0.00023467032588087,0.00110149418469518,0.0012183750513941,0.00122899049893022,0.00122008146718144,0.00120756658725441,0.0011939809191972,0.00118167581968009,0.00117422523908317,0.00116927386261523,0.000134342219098471,8.14379200164694E-06,5.48275693290634E-06,-9999,-9999,-9999,-9999,-9999,-9999,-9999,-9999,-9999,-9999,-9999,-9999,-9999,-9999,-9999,-9999,-9999,-9999,-9999,-9999,-9999,-9999,-9999,-9999,-9999,-9999,-9999,-9999,-9999,-9999,-9999,-9999,-9999,-9999,-9999,-9999,-9999,-9999,-9999,-9999,-9999,-9999,-9999,-9999,-9999,-9999,-9999,-9999,-9999,-9999,-9999,-9999,-9999,-9999,-9999,-9999,-9999,-9999,-9999,-9999,-9999,-9999,-9999,-9999,-9999,-9999,-9999,-9999,-9999,-9999,-9999,-9999,-9999,-9999,-9999,-9999,-9999,-9999,-9999,4.74873195344117E-06,0.000394714501453564,0.000679511402267963,0.000680233002640307,0.000676547759212554,0.000679450284224004,0.000675364979542792,0.000672536785714328,0.000670492358040065,0.000668609223794192,0.00066562055144459,0.000661828322336078,0.000657612108625472,0.000650145229883492,0.000623081577941775,0.000448830629466102,0.000225619674893096,4.33819041063543E-05,3.14291937684175E-05,-9999,-9999,-9999,-9999,-9999,-9999,-9999,-9999,-9999,-9999,-9999,-9999,-9999,-9999,-9999
-9999,-9999,6.24722961219959E-05,6.17487385170534E-05,6.03663465881255E-05,0.0006468819337897,0.00119822542183101,0.00122920318972319,0.00122748978901654,0.00121441902592778,0.00120037794113159,0.00118528807070106,0.00117283244617283,0.00115485850255936,6.9812303991057E-05,8.07517881185049E-06,5.43348915016395E-06,-9999,-9999,-9999,-9999,-9999,-9999,-9999,-9999,-9999,-9999,-9999,-9999,-9999,-9999,-9999,-9999,-9999,-9999,-9999,-9999,-9999,-9999,-9999,-9999,-9999,-9999,-9999,-9999,-9999,-9999,-9999,-9999,-9999,-9999,-9999,-9999,-9999,-9999,-9999,-9999,-9999,-9999,-9999,-9999,-9999,-9999,-9999,-9999,-9999,-9999,-9999,-9999,-9999,-9999,-9999,-9999,-9999,-9999,-9999,-9999,-9999,-9999,-9999,-9999,-9999,-9999,-9999,-9999,-9999,-9999,-9999,-9999,-9999,-9999,-9999,-9999,-9999,-9999,-9999,-9999,4.60687761005829E-06,0.000228039134526625,0.000658035511150956,0.00066104024881497,0.000655312091112137,0.000653433729894459,0.000651990820188075,0.00064754905179143,0.00064744520932436,0.000646854343358427,0.000644854560960084,0.000641271180938929,0.000637012009974569,0.000631805974990129,0.000614271790254861,0.000539731176104397,0.000341135601047426,0.000182093353942037,4.120051744394E-05,-9999,-9999,-9999,-9999,-9999,-9999,-9999,-9999,-9999,-9999,-9999,-9999,-9999,-9999,-9999
-9999,-9999,-9999,-9999,7.47039885027334E-05,0.00101390271447599,0.00121711182873696,0.00123073835857213,0.00122233782894909,0.00120587972924113,0.0011913925409317,0.00117799348663539,0.00116806209553033,0.000100480414403137,8.02424801804591E-06,5.39348093298031E-06,-9999,-9999,-9999,-9999,-9999,-9999,-9999,-9999,-9999,-9999,-9999,-9999,-9999,-9999,-9999,-9999,-9999,-9999,-9999,-9999,-9999,-9999,-9999,-9999,-9999,-9999,-9999,-9999,-9999,-9999,-9999,-9999,-9999,-9999,-9999,-9999,-9999,-9999,-9999,-9999,-9999,-9999,-9999,-9999,-9999,-9999,-9999,-9999,-9999,-9999,-9999,-9999,-9999,-9999,-9999,-9999,-9999,-9999,-9999,-9999,-9999,-9999,-9999,-9999,-9999,-9999,-9999,-9999,-9999,-9999,-9999,-9999,-9999,-9999,-9999,-9999,-9999,-9999,-9999,-9999,-9999,4.48220271209721E-06,0.00011866504792124,0.00063508958555758,0.00063984643202275,0.000636426091659814,0.000631665694527328,0.000630164751783013,0.000625032116658986,0.000625597313046455,0.000626972643658519,0.000625018030405045,0.000621219864115119,0.000617204001173377,0.000611404480878264,0.00060150638455525,0.000573499593883753,0.000496530439704657,0.000307947222609073,9.1423346020747E-05,-9999,-9999,-9999,-9999,-9999,-9999,-9999,-9999,-9999,-9999,-9999,-9999,-9999,-9999,-9999
-9999,-9999,-9999,-9999,0.000158295006258413,0.00110195903107524,0.00122175179421902,0.00122792203910649,0.00121616316027939,0.00119702366646379,0.00118331052362919,0.0011721266200766,0.000785866053774953,7.99357530922862E-06,5.36299648956629E-06,-9999,-9999,-9999,-9999,-9999,-9999,-9999,-9999,-9999,-9999,-9999,-9999,-9999,-9999,-9999,-9999,-9999,-9999,-9999,-9999,-9999,-9999,-9999,-9999,-9999,-9999,-9999,-9999,-9999,-9999,-9999,-9999,-9999,-9999,-9999,-9999,-9999,-9999,-9999,-9999,-9999,-9999,-9999,-9999,-9999,-9999,-9999,-9999,-9999,-9999,-9999,-9999,-9999,-9999,-9999,-9999,-9999,-9999,-9999,-9999,-9999,-9999,-9999,-9999,-9999,-9999,-9999,-9999,-9999,-9999,-9999,-9999,-9999,-9999,-9999,-9999,-9999,-9999,-9999,-9999,-9999,-9999,4.36945083492901E-06,4.73366089863703E-05,0.000609079550486058,0.000618142541497946,0.000617917452473193,0.000611576368100941,0.000607917318120599,0.000605158100370318,0.000603682768996805,0.000605370383709669,0.000603367458097637,0.000600949337240309,0.000597205827943981,0.000592304277233779,0.00058564031496644,0.000573002907913178,0.000545932620298117,0.000456334877526388,0.000245094153797254,3.33423740812577E-05,-9999,-9999,-9999,-9999,-9999,-9999,-9999,-9999,-9999,-9999,-9999,-9999,-9999,-9999
-9999,-9999,-9999,-9999,0.000128220446640626,0.00108522165101022,0.0012197297764942,0.0012230162974447,0.00120932259596884,0.00119031826034188,0.00117762468289584,0.00116693554446101,7.96372842160054E-06,5.34136233909521E-06,3.58602505912131E-06,-9999,-9999,-9999,-9999,-9999,-9999,-9999,-9999,-9999,-9999,-9999,-9999,-9999,-9999,-9999,-9999,-9999,-9999,-9999,-9999,-9999,-9999,-9999,-9999,-9999,-9999,-9999,-9999,-9999,-9999,-9999,-9999,-9999,-9999,-9999,-9999,-9999,-9999,-9999,-9999,-9999,-9999,-9999,-9999,-9999,-9999,-9999,-9999,-9999,-9999,-9999,-9999,-9999,-9999,-9999,-9999,-9999,-9999,-9999,-9999,-9999,-9999,-9999,-9999,-9999,-9999,-9999,-9999,-9999,-9999,-9999,-9999,-9999,-9999,-9999,-9999,-9999,-9999,-9999,-9999,-9999,-9999,2.83580288851226E-06,4.1863586375257E-06,0.000576084770727903,0.000599030870944262,0.000599105434957892,0.000594412907958031,0.000586955167818815,0.000585496600251645,0.000584095250815153,0.000583039654884487,0.000582256005145609,0.000580612570047379,0.000578103354200721,0.000573636556509882,0.000567367707844824,0.000560408225283027,0.000547313829883933,0.00050543766701594,0.000365399842849001,0.000113803609565366,2.58463551290333E-05,-9999,-9999,-9999,-9999,-9999,-9999,-9999,-9999,-9999,-9999,-9999,-9999,-9999
-9999,-9999,-9999,-9999,6.66332562104799E-05,0.00098707596771419,0.00121309841051698,0.00121860962826759,0.00120642851106822,0.00118772382847965,0.00117459346074611,0.00116096739657223,7.93932758824667E-06,5.32261128682876E-06,-9999,-9999,-9999,-9999,-9999,-9999,-9999,-9999,-9999,-9999,-9999,-9999,-9999,-9999,-9999,-9999,-9999,-9999,-9999,-9999,-9999,-9999,-9999,-9999,-9999,-9999,-9999,-9999,-9999,-9999,-9999,-9999,-9999,-9999,-9999,-9999,-9999,-9999,-9999,-9999,-9999,-9999,-9999,-9999,-9999,-9999,-9999,-9999,-9999,-9999,-9999,-9999,-9999,-9999,-9999,-9999,-9999,-9999,-9999,-9999,-9999,-9999,-9999,-9999,-9999,-9999,-9999,-9999,-9999,-9999,-9999,-9999,-9999,-9999,-9999,-9999,-9999,-9999,-9999,-9999,-9999,-9999,-9999,2.77513549917785E-06,4.05944092563004E-06,0.000543137080967426,0.000580503430683166,0.000579908140935004,0.000578238978050649,0.000570541364140809,0.00056583370314911,0.000564527930691838,0.000563569890800864,0.000564810179639608,0.00056336639681831,0.000561227439902723,0.000556435901671648,0.000550558674149215,0.000545134302228689,0.000535967119503766,0.000509378442075104,0.000448381208116189,0.000262767920503393,4.92668004881125E-05,3.51811613654718E-05,3.58741044692579E-06,-9999,-9999,-9999,-9999,-9999,-9999,-9999,-9999,-9999,-9999,-9999
-9999,-9999,-9999,-9999,5.94936063862406E-05,0.000534535851329565,0.00118858658242971,0.00121587095782161,0.00120919826440513,0.00119542586617172,0.00117950979620218,0.00116628198884428,1.75781751750037E-05,7.91602451499784E-06,-9999,-9999,-9999,-9999,-9999,-9999,-9999,-9999,-9999,-9999,-9999,-9999,-9999,-9999,-9999,-9999,-9999,-9999,-9999,-9999,-9999,-9999,-9999,-9999,-9999,-9999,-9999,-9999,-9999,-9999,-9999,-9999,-9999,-9999,-9999,-9999,-9999,-9999,-9999,-9999,-9999,-9999,-9999,-9999,-9999,-9999,-9999,-9999,-9999,-9999,-9999,-9999,-9999,-9999,-9999,-9999,-9999,-9999,-9999,-9999,-9999,-9999,-9999,-9999,-9999,-9999,-9999,-9999,-9999,-9999,-9999,-9999,-9999,-9999,-9999,-9999,-9999,-9999,-9999,-9999,-9999,-9999,-9999,-9999,3.93405161958071E-06,0.000518026354257017,0.000562613538932055,0.000561237335205078,0.000562945439014584,0.000555831647943705,0.000549969088751823,0.000549348769709468,0.000549671065527946,0.00054878561059013,0.000548148294910789,0.00054529367480427,0.000541303830686957,0.000536051811650395,0.000531146535649896,0.000524473958648741,0.000505367061123252,0.000460583949461579,0.000346462795278057,8.12607177067548E-05,2.78427378361812E-05,-9999,-9999,-9999,-9999,-9999,-9999,-9999,-9999,-9999,-9999,-9999,-9999
-9999,-9999,-9999,-9999,5.95065248489846E-05,0.000233688988373615,0.00110074551776052,0.00121096824295819,0.00120920897461474,0.00120183196850121,0.00118888530414551,0.00117397063877434,0.000793146202340722,7.90043213783065E-06,-9999,-9999,-9999,-9999,-9999,-9999,-9999,-9999,-9999,-9999,-9999,-9999,-9999,-9999,-9999,-9999,-9999,-9999,-9999,-9999,-9999,-9999,-9999,-9999,-9999,-9999,-9999,-9999,-9999,-9999,-9999,-9999,-9999,-9999,-9999,-9999,-9999,-9999,-9999,-9999,-9999,-9999,-9999,-9999,-9999,-9999,-9999,-9999,-9999,-9999,-9999,-9999,-9999,-9999,-9999,-9999,-9999,-9999,-9999,-9999,-9999,-9999,-9999,-9999,-9999,-9999,-9999,-9999,-9999,-9999,-9999,-9999,-9999,-9999,-9999,-9999,-9999,-9999,-9999,-9999,-9999,-9999,-9999,-9999,3.84256782126613E-06,0.000464025826659054,0.000547631643712521,0.000546400842722505,0.000547937233932316,0.000545290880836546,0.000538213585969061,0.000533062382601202,0.000534310704097152,0.000532725593075156,0.000531773548573256,0.000529257056768984,0.000526727875694633,0.000522615970112383,0.000518402899615467,0.000511443766299635,0.000497310305945575,0.000461236806586385,0.000398208358092234,0.000151399013702758,2.73401856247801E-05,2.44483508140547E-05,2.46349445660599E-05,-9999,-9999,-9999,-9999,-9999,-9999,-9999,-9999,-9999,-9999
-9999,-9999,-9999,-9999,-9999,6.57030032016337E-05,0.000898762431461364,0.00120076013263315,0.00120754144154489,0.00120343407616019,0.00119399558752775,0.00117817684076726,0.00115926575381309,7.89269324741326E-06,-9999,-9999,-9999,-9999,-9999,-9999,-9999,-9999,-9999,-9999,-9999,-9999,-9999,-9999,-9999,-9999,-9999,-9999,-9999,-9999,-9999,-9999,-9999,-9999,-9999,-9999,-9999,-9999,-9999,-9999,-9999,-9999,-9999,-9999,-9999,-9999,-9999,-9999,-9999,-9999,-9999,-9999,-9999,-9999,-9999,-9999,-9999,-9999,-9999,-9999,-9999,-9999,-9999,-9999,-9999,-9999,-9999,-9999,-9999,-9999,-9999,-9999,-9999,-9999,-9999,-9999,-9999,-9999,-9999,-9999,-9999,-9999,-9999,-9999,-9999,-9999,-9999,-9999,-9999,-9999,-9999,-9999,-9999,-9999,3.77598735212814E-06,0.000366633728845045,0.000530600838828832,0.000534162158146501,0.000534192018676549,0.000532698584720492,0.000525767158251256,0.000518460990861058,0.000519850465934724,0.000518200860824436,0.000517643347848207,0.000514974817633629,0.000512936094310135,0.000509877339936793,0.000506049720570445,0.00050044892122969,0.000491249724291265,0.000474043394206092,0.00037885265192017,0.000230023986659944,8.55431135278195E-05,5.73226170672569E-05,3.39136240654625E-05,2.46299150603591E-05,-9999,-9999,-9999,-9999,-9999,-9999,-9999,-9999,-9999
-9999,-9999,-9999,-9999,-9999,1.3373491128732E-05,0.000634337717201561,0.00117559637874365,0.00120584212709218,0.00120402860920876,0.00119679409544915,0.00118132552597672,0.00116135028656572,7.89962723501958E-06,-9999,-9999,-9999,-9999,-9999,-9999,-9999,-9999,-9999,-9999,-9999,-9999,-9999,-9999,-9999,-9999,-9999,-9999,-9999,-9999,-9999,-9999,-9999,-9999,-9999,-9999,-9999,-9999,-9999,-9999,-9999,-9999,-9999,-9999,-9999,-9999,-9999,-9999,-9999,-9999,-9999,-9999,-9999,-9999,-9999,-9999,-9999,-9999,-9999,-9999,-9999,-9999,-9999,-9999,-9999,-9999,-9999,-9999,-9999,-9999,-9999,-9999,-9999,-9999,-9999,-9999,-9999,-9999,-9999,-9999,-9999,-9999,-9999,-9999,-9999,-9999,-9999,-9999,-9999,-9999,-9999,-9999,-9999,-9999,3.73333364223072E-06,0.000121329787361901,0.000511355872731656,0.000522568938322365,0.000521847046911716,0.000519887602422386,0.000514085404574871,0.000507531978655607,0.000506939366459846,0.000507087097503245,0.000505476491525769,0.000501742528285831,0.000499394431244582,0.000496735679917037,0.00049338664393872,0.000489871483296156,0.000482943520182744,0.000460667681181803,0.000389951193938032,0.000322221167152748,0.00025289217592217,0.000210967715247534,6.29722853773274E-05,2.40862591454061E-05,-9999,-9999,-9999,-9999,-9999,-9999,-9999,-9999,-9999
-9999,-9999,-9999,-9999,-9999,8.21829416963737E-06,0.000456274341559038,0.00117344898171723,0.00120391615200788,0.00120411033276469,0.00119842623826116,0.00118260877206922,0.00115085439756513,7.91129787103273E-06,-9999,-9999,-9999,-9999,-9999,-9999,-9999,-9999,-9999,-9999,-9999,-9999,-9999,-9999,-9999,-9999,-9999,-9999,-9999,-9999,-9999,-9999,-9999,-9999,-9999,-9999,-9999,-9999,-9999,-9999,-9999,-9999,-9999,-9999,-9999,-9999,-9999,-9999,-9999,-9999,-9999,-9999,-9999,-9999,-9999,-9999,-9999,-9999,-9999,-9999,-9999,-9999,-9999,-9999,-9999,-9999,-9999,-9999,-9999,-9999,-9999,-9999,-9999,-9999,-9999,-9999,-9999,-9999,-9999,-9999,-9999,-9999,-9999,-9999,-9999,-9999,-9999,-9999,-9999,-9999,-9999,-9999,-9999,-9999,-9999,3.59982414011029E-06,0.000495117041282356,0.000509150559082627,0.000511064892634749,0.000508217257447541,0.000502826820593327,0.000495991436764598,0.000495149462949485,0.000495693413540721,0.000493535015266389,0.000490405887831002,0.00048727952525951,0.000484878662973642,0.000481566297821701,0.000478530477266759,0.000474241154734045,0.000458263442851603,0.000438498624134809,0.000411362329032272,0.000350969174178317,0.000221353882807307,8.3237755461596E-05,2.34510716836667E-05,-9999,-9999,-9999,-9999,-9999,-9999,-9999,-9999,-9999
-9999,-9999,-9999,-9999,-9999,-9999,0.000276967271929607,0.00117577391210943,0.00120210309978575,0.00120397156570107,0.00119751738384366,0.00117916835006326,0.00116527534555644,-9999,-9999,-9999,-9999,-9999,-9999,-9999,-9999,-9999,-9999,-9999,-9999,-9999,-9999,-9999,-9999,-9999,-9999,-9999,-9999,-9999,-9999,-9999,-9999,-9999,-9999,-9999,-9999,-9999,-9999,-9999,-9999,-9999,-9999,-9999,-9999,-9999,-9999,-9999,-9999,-9999,-9999,-9999,-9999,-9999,-9999,-9999,-9999,-9999,-9999,-9999,-9999,-9999,-9999,-9999,-9999,-9999,-9999,-9999,-9999,-9999,-9999,-9999,-9999,-9999,-9999,-9999,-9999,-9999,-9999,-9999,-9999,-9999,-9999,-9999,-9999,-9999,-9999,-9999,-9999,-9999,-9999,-9999,-9999,-9999,-9999,3.53078621628811E-06,0.000458276976132765,0.000497475615702569,0.00050161947729066,0.000499236630275846,0.000494202016852796,0.00048820863594301,0.000485673343064263,0.0004850352415815,0.000482163013657555,0.000479425420053303,0.000476283661555499,0.000473150139441714,0.000470032711746171,0.000467155507067218,0.000465269928099588,0.000460801413282752,0.000451314961537719,0.000420781783759594,0.000365232757758349,0.000272362609393895,0.000140178512083367,2.84423913399223E-05,-9999,-9999,-9999,-9999,-9999,-9999,-9999,-9999,-9999
-9999,-9999,-9999,-9999,-9999,-9999,0.000208334473427385,0.00117583083920181,0.00120324373710901,0.00120320392306894,0.00119311863090843,0.00117457250598818,0.00115407595876604,-9999,-9999,-9999,-9999,-9999,-9999,-9999,-9999,-9999,-9999,-9999,-9999,-9999,-9999,-9999,-9999,-9999,-9999,-9999,-9999,-9999,-9999,-9999,-9999,-9999,-9999,-9999,-9999,-9999,-9999,-9999,-9999,-9999,-9999,-9999,-9999,-9999,-9999,-9999,-9999,-9999,-9999,-9999,-9999,-9999,-9999,-9999,-9999,-9999,-9999,-9999,-9999,-9999,-9999,-9999,-9999,-9999,-9999,-9999,-9999,-9999,-9999,-9999,-9999,-9999,-9999,-9999,-9999,-9999,-9999,-9999,-9999,-9999,-9999,-9999,-9999,-9999,-9999,-9999,-9999,-9999,-9999,-9999,-9999,-9999,-9999,3.47735999639553E-06,0.000301570544252172,0.000489104946609586,0.000493106083013117,0.000490417412947863,0.000485336116980761,0.000480411079479381,0.000475621607620269,0.000475958280730993,0.000472950021503493,0.000470054364996031,0.000466754660010338,0.000463813630631194,0.000460518116597086,0.000457586487755179,0.000455712201073766,0.000453447864856571,0.000447186437668279,0.00043176396866329,0.000397320603951812,0.00030549440998584,0.000213340899790637,5.28853561263531E-05,2.73664518317673E-05,2.18227560253581E-05,-9999,-9999,-9999,-9999,-9999,-9999,-9999
-9999,-9999,-9999,-9999,-9999,-9999,0.000331041723256931,0.00119416858069599,0.00120650208555162,0.00120130134746432,0.00118752522394061,0.00116959435399622,0.00105901819188148,-9999,-9999,-9999,-9999,-9999,-9999,-9999,-9999,-9999,-9999,-9999,-9999,-9999,-9999,-9999,-9999,-9999,-9999,-9999,-9999,-9999,-9999,-9999,-9999,-9999,-9999,-9999,-9999,-9999,-9999,-9999,-9999,-9999,-9999,-9999,-9999,-9999,-9999,-9999,-9999,-9999,-9999,-9999,-9999,-9999,-9999,-9999,-9999,-9999,-9999,-9999,-9999,-9999,-9999,-9999,-9999,-9999,-9999,-9999,-9999,-9999,-9999,-9999,-9999,-9999,-9999,-9999,-9999,-9999,-9999,-9999,-9999,-9999,-9999,-9999,-9999,-9999,-9999,-9999,-9999,-9999,-9999,-9999,-9999,-9999,-9999,3.43445981343393E-06,2.02590199478436E-05,0.000481856579426676,0.000483861396787688,0.000481691851746291,0.000475971959531307,0.000470792059786618,0.000466748228063807,0.000466312485514209,0.000464980257675052,0.000462094001704827,0.000458249181974679,0.000454810331575572,0.000451946427347139,0.000449545041192323,0.000446890975581482,0.000445360608864576,0.000440141157014295,0.000428365339757875,0.000401369848987088,0.00035276185371913,0.000249573262408376,9.43048580666073E-05,4.64628865302075E-05,3.34766809828579E-05,2.12664945138386E-05,-9999,-9999,-9999,-9999,-9999,-9999
-9999,-9999,-9999,-9999,-9999,-9999,-9999,-9999,-9999,-9999,-9999,-9999,-9999,-9999,-9999,-9999,-9999,-9999,-9999,-9999,-9999,-9999,-9999,-9999,-9999,-9999,-9999,-9999,-9999,-9999,-9999,-9999,-9999,-9999,-9999,-9999,-9999,-9999,-9999,-9999,-9999,-9999,-9999,-9999,-9999,-9999,-9999,-9999,-9999,-9999,-9999,-9999,-9999,-9999,-9999,-9999,-9999,-9999,-9999,-9999,-9999,-9999,-9999,-9999,-9999,-9999,-9999,-9999,-9999,-9999,-9999,-9999,-9999,-9999,-9999,-9999,-9999,-9999,-9999,-9999,-9999,-9999,-9999,-9999,-9999,-9999,-9999,-9999,-9999,-9999,-9999,-9999,-9999,-9999,-9999,-9999,-9999,-9999,-9999,-9999,3.31623868987663E-06,0.000462073658127338,0.000474644417408854,0.000473027903353795,0.000468081329017878,0.000462920288555324,0.000458572991192341,0.000458253431133926,0.000458144320873544,0.000454335793619975,0.000450627674581483,0.000447308353614062,0.000443747238023207,0.000441638840129599,0.000439226714661345,0.000437392009189352,0.000434930494520813,0.000428067782195285,0.000410869921324775,0.000371206493582577,0.00027086041518487,0.000143251643748954,9.21946266316809E-05,6.86072744429111E-05,3.63649378414266E-05,2.06419827009086E-05,-9999,-9999,-9999,-9999,-9999
-9999,-9999,-9999,-9999,-9999,-9999,-9999,-9999,-9999,-9999,-9999,-9999,-9999,-9999,-9999,-9999,-9999,-9999,-9999,-9999,-9999,-9999,-9999,-9999,-9999,-9999,-9999,-9999,-9999,-9999,-9999,-9999,-9999,-9999,-9999,-9999,-9999,-9999,-9999,-9999,-9999,-9999,-9999,-9999,-9999,-9999,-9999,-9999,-9999,-9999,-9999,-9999,-9999,-9999,-9999,-9999,-9999,-9999,-9999,-9999,-9999,-9999,-9999,-9999,-9999,-9999,-9999,-9999,-9999,-9999,-9999,-9999,-9999,-9999,-9999,-9999,-9999,-9999,-9999,-9999,-9999,-9999,-9999,-9999,-9999,-9999,-9999,-9999,-9999,-9999,-9999,-9999,-9999,-9999,-9999,-9999,-9999,-9999,-9999,-9999,3.26331382893841E-06,0.000349317997461185,0.000467763224150985,0.000464405224192888,0.000460211391327903,0.00045481271808967,0.000449932849733159,0.000450934167020023,0.000450830266345292,0.000447079975856468,0.000442425953224301,0.000439504161477089,0.000435669790022075,0.000433999579399824,0.000432235858170316,0.000431825988925993,0.000429785635787994,0.000425153994001448,0.000407094223191962,0.000364816922228783,0.000278394523775205,0.000176522313267924,0.000129250722238794,7.45437282603234E-05,4.93031839141622E-05,2.2746517061023E-05,2.00931608560495E-05,-9999,-9999,-9999,-9999
-9999,-9999,-9999,-9999,-9999,-9999,-9999,-9999,-9999,-9999,-9999,-9999,-9999,-9999,-9999,-9999,-9999,-9999,-9999,-9999,-9999,-9999,-9999,-9999,-9999,-9999,-9999,-9999,-9999,-9999,-9999,-9999,-9999,-9999,-9999,-9999,-9999,-9999,-9999,-9999,-9999,-9999,-9999,-9999,-9999,-9999,-9999,-9999,-9999,-9999,-9999,-9999,-9999,-9999,-9999,-9999,-9999,-9999,-9999,-9999,-9999,-9999,-9999,-9999,-9999,-9999,-9999,-9999,-9999,-9999,-9999,-9999,-9999,-9999,-9999,-9999,-9999,-9999,-9999,-9999,-9999,-9999,-9999,-9999,-9999,-9999,-9999,-9999,-9999,-9999,-9999,-9999,-9999,-9999,-9999,-9999,-9999,-9999,-9999,-9999,3.22665118801524E-06,8.26290943223285E-06,0.000461970339529216,0.000456845184089616,0.000452898762887344,0.000447118392912671,0.000443243043264374,0.000444272183813155,0.000443847413407639,0.000440487521700561,0.000435750873293728,0.000432587141403928,0.000428661209298298,0.000426553742727265,0.000425601057941094,0.000425220583565533,0.000421539763920009,0.000415540271205828,0.000401580793550238,0.000358809105819091,0.000296224694466218,0.000223671479034238,0.000160917072207667,9.74294234765694E-05,5.3841507906327E-05,2.79513060377212E-05,1.98056495719356E-05,-9999,-9999,-9999,-9999
-9999,-9999,-9999,-9999,-9999,-9999,-9999,-9999,-9999,-9999,-9999,-9999,-9999,-9999,-9999,-9999,-9999,-9999,-9999,-9999,-9999,-9999,-9999,-9999,-9999,-9999,-9999,-9999,-9999,-9999,-9999,-9999,-9999,-9999,-9999,-9999,-9999,-9999,-9999,-9999,-9999,-9999,-9999,-9999,-9999,-9999,-9999,-9999,-9999,-9999,-9999,-9999,-9999,-9999,-9999,-9999,-9999,-9999,-9999,-9999,-9999,-9999,-9999,-9999,-9999,-9999,-9999,-9999,-9999,-9999,-9999,-9999,-9999,-9999,-9999,-9999,-9999,-9999,-9999,-9999,-9999,-9999,-9999,-9999,-9999,-9999,-9999,-9999,-9999,-9999,-9999,-9999,-9999,-9999,-9999,-9999,-9999,-9999,-9999,-9999,-9999,3.15156876240508E-06,0.000424195954110473,0.000448918697657064,0.00044544247793965,0.000440141942817718,0.000437361741205677,0.000437290960690007,0.000437065376900136,0.000434217363363132,0.000429015373811126,0.000425573583925143,0.000421769567765296,0.000418997078668326,0.000417791481595486,0.000417887640651315,0.000417582632508129,0.000414231180911884,0.000398605829104781,0.000359894474968314,0.000301812018733472,0.000256988947512582,0.000182592892087996,9.60191391641274E-05,5.86338974244427E-05,2.73379300779197E-05,1.91423550859326E-05,-9999,-9999,1.64370721904561E-05,1.63709864864359E-05
-9999,-9999,-9999,-9999,-9999,-9999,-9999,-9999,-9999,-9999,-9999,-9999,-9999,-9999,-9999,-9999,-9999,-9999,-9999,-9999,-9999,-9999,-9999,-9999,-9999,-9999,-9999,-9999,-9999,-9999,-9999,-9999,-9999,-9999,-9999,-9999,-9999,-9999,-9999,-9999,-9999,-9999,-9999,-9999,-9999,-9999,-9999,-9999,-9999,-9999,-9999,-9999,-9999,-9999,-9999,-9999,-9999,-9999,-9999,-9999,-9999,-9999,-9999,-9999,-9999,-9999,-9999,-9999,-9999,-9999,-9999,-9999,-9999,-9999,-9999,-9999,-9999,-9999,-9999,-9999,-9999,-9999,-9999,-9999,-9999,-9999,-9999,-9999,-9999,-9999,-9999,-9999,-9999,-9999,-9999,-9999,-9999,-9999,-9999,-9999,-9999,-9999,2.22208855120698E-05,0.000449874671176076,0.000439899129560217,0.000435669062426314,0.000433030421845615,0.000432711967732757,0.000431113119702786,0.0004272346268408,0.000422317330958322,0.000418785697547719,0.000415260146837682,0.000412720779422671,0.000410908833146095,0.000410487817134708,0.000409708067309111,0.00040588848059997,0.000390177709050477,0.000371143163647503,0.000333169824443758,0.000264821428572759,0.000180276401806623,0.000112957000965253,5.17724147357512E-05,2.95328773063375E-05,1.8191271010437E-05,1.72358049894683E-05,1.67426460393472E-05,1.63956465257797E-05,1.80125662154751E-05
-9999,-9999,-9999,-9999,-9999,-9999,-9999,-9999,-9999,-9999,-9999,-9999,-9999,-9999,-9999,-9999,-9999,-9999,-9999,-9999,-9999,-9999,-9999,-9999,-9999,-9999,-9999,-9999,-9999,-9999,-9999,-9999,-9999,-9999,-9999,-9999,-9999,-9999,-9999,-9999,-9999,-9999,-9999,-9999,-9999,-9999,-9999,-9999,-9999,-9999,-9999,-9999,-9999,-9999,-9999,-9999,-9999,-9999,-9999,-9999,-9999,-9999,-9999,-9999,-9999,-9999,-9999,-9999,-9999,-9999,-9999,-9999,-9999,-9999,-9999,-9999,-9999,-9999,-9999,-9999,-9999,-9999,-9999,-9999,-9999,-9999,-9999,-9999,-9999,-9999,-9999,-9999,-9999,-9999,-9999,-9999,-9999,-9999,-9999,-9999,-9999,-9999,-9999,0.000310724222799763,0.000441732117906213,0.000432827742770314,0.000431607651989907,0.000429549138061702,0.000427485792897642,0.000422466488089412,0.000417168892454356,0.000412696885177866,0.000409271626267582,0.000406863953685388,0.00040563999209553,0.000403724261559546,0.000401210534619167,0.000397256808355451,0.00038456404581666,0.000370451976777986,0.000336408498696983,0.000272430304903537,0.000201799892238341,9.27057699300349E-05,4.5210872485768E-05,2.53603193414165E-05,1.95795619220007E-05,1.69333743542666E-05,1.83814645424718E-05,1.99540045286994E-05,0.000161660485900939
-9999,-9999,-9999,-9999,-9999,-9999,-9999,-9999,-9999,-9999,-9999,-9999,-9999,-9999,-9999,-9999,-9999,-9999,-9999,-9999,-9999,-9999,-9999,-9999,-9999,-9999,-9999,-9999,-9999,-9999,-9999,-9999,-9999,-9999,-9999,-9999,-9999,-9999,-9999,-9999,-9999,-9999,-9999,-9999,-9999,-9999,-9999,-9999,-9999,-9999,-9999,-9999,-9999,-9999,-9999,-9999,-9999,-9999,-9999,-9999,-9999,-9999,-9999,-9999,-9999,-9999,-9999,-9999,-9999,-9999,-9999,-9999,-9999,-9999,-9999,-9999,-9999,-9999,-9999,-9999,-9999,-9999,-9999,-9999,-9999,-9999,-9999,-9999,-9999,-9999,-9999,-9999,-9999,-9999,-9999,-9999,-9999,-9999,-9999,-9999,-9999,-9999,-9999,3.02491412185191E-06,0.000310040486510843,0.000442906515672803,0.000433602690463886,0.000429333478678018,0.000425868609454483,0.000420403957832605,0.000414865702623501,0.000410405860748142,0.000406919687520713,0.000403725251089782,0.000400568475015461,0.000397772731957957,0.000392624788219109,0.000385456311050802,0.000379928620532155,0.000351606111507863,0.000308691669488326,0.000223399678361602,0.000119546792120673,3.61892707587685E-05,2.23617425945122E-05,2.15943819057429E-05,2.34472227020888E-05,2.28486915148096E-05,3.80403253075201E-05,0.000325990607962012,0.000329085625708103
-9999,-9999,-9999,-9999,-9999,-9999,-9999,-9999,-9999,-9999,-9999,-9999,-9999,-9999,-9999,-9999,-9999,-9999,-9999,-9999,-9999,-9999,-9999,-9999,-9999,-9999,-9999,-9999,-9999,-9999,-9999,-9999,-9999,-9999,-9999,-9999,-9999,-9999,-9999,-9999,-9999,-9999,-9999,-9999,-9999,-9999,-9999,-9999,-9999,-9999,-9999,-9999,-9999,-9999,-9999,-9999,-9999,-9999,-9999,-9999,-9999,-9999,-9999,-9999,-9999,-9999,-9999,-9999,-9999,-9999,-9999,-9999,-9999,-9999,-9999,-9999,-9999,-9999,-9999,-9999,-9999,-9999,-9999,-9999,-9999,-9999,-9999,-9999,-9999,-9999,-9999,-9999,-9999,-9999,-9999,-9999,-9999,-9999,-9999,-9999,-9999,-9999,-9999,-9999,3.001453478646E-06,2.99301154882414E-06,0.000409060070523992,0.000433455919846892,0.000423987512476742,0.000418990268371999,0.000413718982599676,0.000409484520787373,0.000382063706638291,0.000316558871418238,0.000393955473555252,0.000380051147658378,0.000319660844979808,0.000265598704572767,0.00024406447482761,0.000208058510906994,0.000107971929537598,3.97318945033476E-05,2.00716549443314E-05,1.74747983692214E-05,2.9383960281848E-05,4.83119729324244E-05,0.000173819047631696,0.00032770266989246,0.000330995855620131,0.000330999988364056,0.000326120847603306
-9999,-9999,-9999,-9999,-9999,-9999,-9999,-9999,-9999,-9999,-9999,-9999,-9999,-9999,-9999,-9999,-9999,-9999,-9999,-9999,-9999,-9999,-9999,-9999,-9999,-9999,-9999,-9999,-9999,-9999,-9999,-9999,-9999,-9999,-9999,-9999,-9999,-9999,-9999,-9999,-9999,-9999,-9999,-9999,-9999,-9999,-9999,-9999,-9999,-9999,-9999,-9999,-9999,-9999,-9999,-9999,-9999,-9999,-9999,-9999,-9999,-9999,-9999,-9999,-9999,-9999,-9999,-9999,-9999,-9999,-9999,-9999,-9999,-9999,-9999,-9999,-9999,-9999,-9999,-9999,-9999,-9999,-9999,-9999,-9999,-9999,-9999,-9999,-9999,-9999,-9999,-9999,-9999,-9999,-9999,-9999,-9999,-9999,-9999,-9999,-9999,-9999,-9999,-9999,-9999,-9999,2.95679933515203E-06,1.47775372170145E-05,0.000429705891292542,0.000423019810114056,0.000414847570937127,0.000409521686378866,0.000387332809623331,0.000386486994102597,0.000366342166671529,0.000284826994175091,0.000206248485483229,0.00012631737627089,4.91852006234694E-05,7.23423218005337E-05,4.28373132308479E-05,5.63864123250823E-05,0.000180997798452154,0.000339512655045837,0.000340167200192809,0.000339199672453105,0.000336299533955753,0.000331410090439022,0.000327370507875457,0.000313325203023851,0.000162373456987552
-9999,-9999,-9999,-9999,-9999,-9999,-9999,-9999,-9999,-9999,-9999,-9999,-9999,-9999,-9999,-9999,-9999,-9999,-9999,-9999,-9999,-9999,-9999,-9999,-9999,-9999,-9999,-9999,-9999,-9999,-9999,-9999,-9999,-9999,-9999,-9999,-9999,-9999,-9999,-9999,-9999,-9999,-9999,-9999,-9999,-9999,-9999,-9999,-9999,-9999,-9999,-9999,-9999,-9999,-9999,-9999,-9999,-9999,-9999,-9999,-9999,-9999,-9999,-9999,-9999,-9999,-9999,-9999,-9999,-9999,-9999,-9999,-9999,-9999,-9999,-9999,-9999,-9999,-9999,-9999,-9999,-9999,-9999,-9999,-9999,-9999,-9999,-9999,-9999,-9999,-9999,-9999,-9999,-9999,-9999,-9999,-9999,-9999,-9999,-9999,-9999,-9999,-9999,-9999,-9999,-9999,-9999,-9999,2.88644491774903E-06,1.16482769954018E-05,0.000407934305258095,0.000417255621869117,0.000412485707784072,0.000407942075980827,0.000402380275772884,0.000396565708797425,0.000389915541745722,0.000384062848752365,0.000377257994841784,0.00037009475636296,0.000362613936886191,0.000356956908944994,0.00035190416383557,0.000346333457855508,0.000340520084137097,0.000335781835019588,0.000328991940477863,0.000306615751469508,0.000182196090463549,1.26102377180359E-05,-9999
-9999,-9999,-9999,-9999,-9999,-9999,-9999,-9999,-9999,-9999,-9999,-9999,-9999,-9999,-9999,-9999,-9999,-9999,-9999,-9999,-9999,-9999,-9999,-9999,-9999,-9999,-9999,-9999,-9999,-9999,-9999,-9999,-9999,-9999,-9999,-9999,-9999,-9999,-9999,-9999,-9999,-9999,-9999,-9999,-9999,-9999,-9999,-9999,-9999,-9999,-9999,-9999,-9999,-9999,-9999,-9999,-9999,-9999,-9999,-9999,-9999,-9999,-9999,-9999,-9999,-9999,-9999,-9999,-9999,-9999,-9999,-9999,-9999,-9999,-9999,-9999,-9999,-9999,-9999,-9999,-9999,-9999,-9999,-9999,-9999,-9999,-9999,-9999,-9999,-9999,-9999,-9999,-9999,-9999,-9999,-9999,-9999,-9999,-9999,-9999,-9999,-9999,-9999,-9999,-9999,-9999,-9999,-9999,-9999,-9999,2.83143208434922E-06,2.81923757938785E-06,2.80000676866621E-06,2.77327012554451E-06,1.13708092612796E-05,1.58645780174993E-05,2.66240908786131E-06,2.60838032772881E-06,2.55148052019649E-06,4.75505157737643E-06,1.48553981489385E-05,6.38954807072878E-05,0.00013067563122604,0.000142641103593633,3.24987995554693E-05,2.31553826779418E-06,2.29766305892554E-06,2.28729072659917E-06,-9999,-9999,-9999
-9999,-9999,-9999,-9999,-9999,-9999,-9999,-9999,-9999,-9999,-9999,-9999,-9999,-9999,-9999,-9999,-9999,-9999,-9999,-9999,-9999,-9999,-9999,-9999,-9999,-9999,-9999,-9999,-9999,-9999,-9999,-9999,-9999,-9999,-9999,-9999,-9999,-9999,-9999,-9999,-9999,-9999,-9999,-9999,-9999,-9999,-9999,-9999,-9999,-9999,-9999,-9999,-9999,-9999,-9999,-9999,-9999,-9999,-9999,-9999,-9999,-9999,-9999,-9999,-9999,-9999,-9999,-9999,-9999,-9999,-9999,-9999,-9999,-9999,-9999,-9999,-9999,-9999,-9999,-9999,-9999,-9999,-9999,-9999,-9999,-9999,-9999,-9999,-9999,-9999,-9999,-9999,-9999,-9999,-9999,-9999,-9999,-9999,-9999,-9999,-9999,-9999,-9999,-9999,-9999,-9999,-9999,-9999,-9999,-9999,-9999,-9999,-9999,-9999,-9999,-9999,-9999,-9999,-9999,-9999,-9999,-9999,-9999,-9999,-9999,-9999,-9999,-9999,-9999,-9999,-9999
-9999,-9999,-9999,-9999,-9999,-9999,-9999,-9999,-9999,-9999,-9999,-9999,-9999,-9999,-9999,-9999,-9999,-9999,-9999,-9999,-9999,-9999,-9999,-9999,-9999,-9999,-9999,-9999,-9999,-9999,-9999,-9999,-9999,-9999,-9999,-9999,-9999,-9999,-9999,-9999,-9999,-9999,-9999,-9999,-9999,-9999,-9999,-9999,-9999,-9999,-9999,-9999,-9999,-9999,-9999,-9999,-9999,-9999,-9999,-9999,-9999,-9999,-9999,-9999,-9999,-9999,-9999,-9999,-9999,-9999,-9999,-9999,-9999,-9999,-9999,-9999,-9999,-9999,-9999,-9999,-9999,-9999,-9999,-9999,-9999,-9999,-9999,-9999,-9999,-9999,-9999,-9999,-9999,-9999,-9999,-9999,-9999,-9999,-9999,-9999,-9999,-9999,-9999,-9999,-9999,-9999,-9999,-9999,-9999,-9999,-9999,-9999,-9999,-9999,-9999,-9999,-9999,-9999,-9999,-9999,-9999,-9999,-9999,-9999,-9999,-9999,-9999,-9999,-9999,-9999,-9999

Step,169
Year,14.08333
-9999,-9999,-9999,-9999,-9999,-9999,-9999,-9999,-9999,-9999,-9999,-9999,-9999,-9999,-9999,-9999,-9999,-9999,-9999,-9999,-9999,-9999,-9999,-9999,-9999,-9999,-9999,-9999,-9999,-9999,-9999,-9999,-9999,-9999,-9999,-9999,-9999,-9999,-9999,-9999,-9999,-9999,-9999,-9999,-9999,-9999,-9999,-9999,-9999,-9999,-9999,-9999,-9999,-9999,-9999,-9999,-9999,-9999,-9999,-9999,-9999,-9999,-9999,-9999,-9999,-9999,-9999,-9999,-9999,-9999,-9999,-9999,-9999,-9999,-9999,-9999,-9999,-9999,-9999,-9999,-9999,-9999,-9999,-9999,-9999,-9999,-9999,-9999,-9999,-9999,-9999,-9999,-9999,-9999,-9999,-9999,-9999,-9999,-9999,-9999,-9999,-9999,-9999,-9999,-9999,-9999,-9999,-9999,-9999,-9999,-9999,-9999,-9999,-9999,-9999,-9999,-9999,-9999,-9999,-9999,-9999,-9999,-9999,-9999,-9999,-9999,-9999,-9999,-9999,-9999,-9999
-9999,-9999,-9999,-9999,-9999,-9999,-9999,-9999,-9999,-9999,-9999,-9999,-9999,-9999,-9999,-9999,-9999,-9999,-9999,-9999,-9999,-9999,-9999,-9999,-9999,-9999,-9999,-9999,-9999,-9999,-9999,-9999,-9999,-9999,-9999,-9999,-9999,-9999,-9999,-9999,-9999,-9999,-9999,-9999,-9999,-9999,-9999,-9999,-9999,-9999,-9999,-9999,-9999,-9999,-9999,-9999,-9999,-9999,-9999,-9999,-9999,-9999,-9999,-9999,-9999,-9999,-9999,-9999,-9999,-9999,-9999,-9999,-9999,-9999,-9999,-9999,-9999,-9999,-9999,-9999,-9999,-9999,-9999,-9999,-9999,-9999,-9999,-9999,-9999,-9999,-9999,-9999,-9999,-9999,-9999,-9999,-9999,-9999,-9999,-9999,-9999,-9999,-9999,-9999,-9999,-9999,-9999,-9999,-9999,-9999,-9999,-9999,-9999,-9999,-9999,-9999,-9999,-9999,-9999,-9999,-9999,-9999,-9999,-9999,-9999,-9999,-9999,-9999,-9999,-9999,-9999
-9999,-9999,-9999,-9999,-9999,-9999,-9999,-9999,-9999,-9999,-9999,-9999,-9999,-9999,-9999,-9999,-9999,-9999,-9999,-9999,-9999,-9999,-9999,-9999,-9999,-9999,-9999,-9999,-9999,-9999,-9999,-9999,-9999,-9999,-9999,-9999,-9999,-9999,-9999,-9999,-9999,-9999,-9999,-9999,-9999,-9999,-9999,-9999,-9999,-9999,-9999,-9999,-9999,-9999,-9999,-9999,-9999,-9999,-9999,-9999,-9999,-9999,-9999,-9999,-9999,-9999,-9999,-9999,-9999,-9999,-9999,-9999,-9999,-9999,3.12658698931045E-06,4.65008542960277E-06,-9999,-9999,-9999,-9999,-9999,-9999,-9999,-9999,-9999,-9999,-9999,-9999,-9999,-9999,-9999,-9999,-9999,-9999,-9999,-9999,-9999,-9999,-9999,-9999,-9999,-9999,-9999,-9999,-9999,-9999,-9999,-9999,-9999,-9999,-9999,-9999,-9999,-9999,-9999,-9999,-9999,-9999,-9999,-9999,-9999,-9999,-9999,-9999,-9999,-9999,-9999,-9999,-9999,-9999,-9999
-9999,-9999,-9999,-9999,-9999,-9999,-9999,-9999,-9999,-9999,-9999,-9999,-9999,-9999,-9999,-9999,-9999,-9999,-9999,-9999,-9999,-9999,-9999,-9999,-9999,-9999,-9999,-9999,-9999,-9999,-9999,-9999,-9999,-9999,-9999,-9999,-9999,-9999,-9999,-9999,-9999,-9999,-9999,-9999,-9999,-9999,-9999,-9999,-9999,-9999,-9999,-9999,-9999,-9999,-9999,-9999,-9999,-9999,-9999,-9999,-9999,-9999,-9999,-9999,-9999,-9999,-9999,-9999,-9999,-9999,-9999,-9999,-9999,-9999,4.50870174972806E-06,6.67335461912444E-06,-9999,-9999,-9999,-9999,-9999,-9999,-9999,-9999,-9999,-9999,-9999,-9999,-9999,-9999,-9999,-9999,-9999,-9999,-9999,-9999,-9999,-9999,-9999,-9999,-9999,-9999,-9999,-9999,-9999,-9999,-9999,-9999,-9999,-9999,-9999,-9999,-9999,-9999,-9999,-9999,-9999,-9999,-9999,-9999,-9999,-9999,-9999,-9999,-9999,-9999,-9999,-9999,-9999,-9999,-9999
-9999,-9999,-9999,-9999,-9999,-9999,-9999,-9999,-9999,-9999,-9999,-9999,-9999,-9999,-9999,-9999,-9999,-9999,-9999,-9999,-9999,-9999,-9999,-9999,-9999,-9999,-9999,-9999,-9999,-9999,-9999,-9999,-9999,-9999,-9999,-9999,-9999,-9999,-9999,-9999,-9999,-9999,-9999,-9999,-9999,-9999,-9999,-9999,-9999,-9999,-9999,-9999,-9999,-9999,-9999,-9999,2.65979707592123E-07,3.87789327760402E-07,5.57302371362312E-07,7.98801977452968E-07,-9999,-9999,-9999,-9999,-9999,5.59991758564138E-06,5.40890778211178E-06,7.67676647228654E-06,7.4669287641882E-06,4.81846609545755E-06,6.8953836489527E-06,3.44646614394151E-05,4.62215866718907E-05,4.57559544884134E-05,6.44471356281429E-06,3.30687107634731E-05,4.28038219979499E-05,-9999,-9999,3.99548589484766E-05,6.18132180534303E-05,5.40102773811668E-05,5.47165436728392E-05,0.000140374409966171,0.000186565506737679,0.000170214800164104,0.000170418454217725,0.000104002028820105,4.8910307668848E-05,-9999,-9999,-9999,-9999,-9999,-9999,-9999,-9999,-9999,-9999,-9999,-9999,-9999,-9999,-9999,-9999,-9999,-9999,-9999,-9999,-9999,-9999,-9999,-9999,-9999,-9999,-9999,-9999,-9999,-9999,-9999,-9999,-9999,-9999,-9999,-9999,-9999,-9999,-9999,-9999,-9999,-9999
-9999,-9999,-9999,-9999,-9999,-9999,-9999,-9999,-9999,-9999,-9999,-9999,-9999,-9999,-9999,-9999,-9999,-9999,-9999,-9999,-9999,-9999,-9999,-9999,-9999,-9999,-9999,-9999,-9999,-9999,-9999,-9999,-9999,-9999,-9999,-9999,-9999,-9999,-9999,-9999,-9999,-9999,-9999,-9999,-9999,-9999,-9999,-9999,-9999,-9999,-9999,-9999,-9999,-9999,-9999,2.73632679181901E-07,4.0182371208175E-07,5.8398740065968E-07,8.31530996947549E-07,1.15720911253447E-06,1.59957642154041E-06,2.27350801651482E-06,-9999,9.23488823900698E-06,2.49231361522106E-05,8.36933577375021E-06,7.88441866461653E-06,5.87957692914642E-05,5.94252524024341E-05,6.97154655426857E-06,6.7504138314689E-06,7.79485562816262E-05,9.87166276900098E-05,8.75461118994281E-05,7.70128463045694E-05,7.58111564209685E-05,5.855638301E-05,6.48116474621929E-05,0.000107800631667487,0.000190729086170904,0.000453419343102723,0.00069232564419508,0.000766105251386762,0.000763651682063937,0.000767913938034326,0.000772888888604939,0.000778639921918511,0.000787627592217177,0.000757925794459879,0.000399544514948502,0.000169498889590614,-9999,-9999,-9999,-9999,-9999,-9999,-9999,-9999,-9999,-9999,-9999,-9999,-9999,-9999,-9999,-9999,-9999,-9999,-9999,-9999,-9999,-9999,-9999,-9999,-9999,-9999,-9999,-9999,-9999,-9999,-9999,-9999,-9999,-9999,-9999,-9999,-9999,-9999,-9999,-9999
-9999,-9999,-9999,-9999,-9999,-9999,-9999,-9999,-9999,-9999,-9999,-9999,-9999,-9999,-9999,-9999,-9999,-9999,-9999,-9999,-9999,-9999,-9999,-9999,-9999,-9999,-9999,-9999,-9999,-9999,-9999,-9999,-9999,-9999,-9999,-9999,-9999,-9999,-9999,-9999,-9999,-9999,-9999,-9999,-9999,-9999,-9999,-9999,-9999,-9999,-9999,-9999,-9999,-9999,-9999,4.10096276937111E-07,6.05654406626854E-07,8.87239707481058E-07,1.26361328511848E-06,1.7420773019694E-06,2.35662832892558E-06,3.19384753311169E-06,4.40052644989919E-06,6.17523164692102E-06,8.68364986672532E-06,5.05045645695645E-05,8.78568680491298E-05,0.000222106638830155,0.000359387311618775,0.000517431471962482,0.000589863921049982,0.000525672105140984,0.000646742002572864,0.000720768643077463,0.000577641651034355,0.000567467010114342,0.000532361154910177,0.00056882482022047,0.000765631964895874,0.000780861533712596,0.000790391059126705,0.0007945517427288,0.000797452812548727,0.000797302986029536,0.000796918640844524,0.000797851011157036,0.000800424837507308,0.00080298149259761,0.000803294766228646,0.000799294793978333,0.000785108364652842,0.000651696522254497,0.000155023008119315,-9999,-9999,-9999,-9999,-9999,-9999,-9999,-9999,-9999,4.87580909975804E-05,4.8756835894892E-05,4.88292280351743E-05,-9999,-9999,-9999,-9999,-9999,-9999,-9999,-9999,-9999,-9999,-9999,-9999,-9999,-9999,-9999,-9999,-9999,-9999,-9999,-9999,-9999,-9999,-9999,-9999,-9999,-9999
-9999,-9999,-9999,-9999,-9999,-9999,-9999,-9999,-9999,-9999,-9999,-9999,-9999,-9999,-9999,-9999,-9999,-9999,-9999,-9999,-9999,-9999,-9999,-9999,-9999,-9999,-9999,-9999,-9999,-9999,-9999,2.34354683925631E-05,-9999,-9999,-9999,7.22781260265037E-05,-9999,-9999,-9999,-9999,-9999,-9999,-9999,-9999,-9999,-9999,-9999,-9999,-9999,-9999,-9999,-9999,-9999,-9999,-9999,-9999,-9999,6.02600152888044E-07,8.68421352606674E-07,1.23290044484747E-06,-9999,3.01959516946226E-06,4.29888723374461E-06,6.08338177698897E-06,8.55956932355184E-06,5.09164128743578E-05,9.12069663172588E-05,0.000124657701235265,7.72794664953835E-05,0.000424538040533662,0.000871961936354637,0.000912964052986354,0.000902815721929073,0.00088955758837983,0.000859355262946337,0.00083480984903872,0.000835045357234776,0.000832857913337648,0.000820203917101026,0.000811103847809136,0.000804769690148532,0.000801656569819897,0.00079394766362384,0.000789145065937191,0.000791057478636503,0.0007932442240417,0.000796937849372625,0.000801996560767293,0.000805345713160932,0.000805942981969565,0.000806853000540286,0.000791741884313524,0.000718298077117652,0.000187760146218352,-9999,-9999,-9999,-9999,-9999,-9999,-9999,-9999,6.62708189338446E-05,0.000102673591754865,6.68976717861369E-05,4.7987236030167E-05,4.82982068206184E-05,-9999,-9999,-9999,-9999,-9999,-9999,-9999,-9999,-9999,-9999,-9999,-9999,-9999,-9999,-9999,-9999,-9999,-9999,-9999,-9999,-9999,-9999,-9999,-9999
-9999,-9999,-9999,-9999,-9999,-9999,-9999,-9999,-9999,-9999,-9999,-9999,-9999,-9999,-9999,-9999,-9999,-9999,-9999,-9999,-9999,-9999,-9999,-9999,-9999,-9999,-9999,-9999,-9999,-9999,1.68595579452813E-05,3.21205407090019E-05,-9999,-9999,3.42487874149811E-05,5.80598425585777E-05,-9999,-9999,6.49481808068231E-05,0.000113572132249828,-9999,-9999,-9999,-9999,-9999,1.04431701402063E-05,-9999,-9999,-9999,-9999,-9999,-9999,-9999,-9999,-9999,-9999,-9999,-9999,-9999,-9999,-9999,4.3615955291898E-06,6.21626668362296E-06,8.88528757059248E-06,8.50519063533284E-06,4.92722283524927E-05,5.42846537427977E-05,5.20851281180512E-05,4.92645631311461E-05,0.000288632931187749,0.000882709340658039,0.000930551672354341,0.000921631173696369,0.000905486231204122,0.000885893066879362,0.000867272028699517,0.000851561489980668,0.000837281055282801,0.000825521885417402,0.00081521226093173,0.000805601943284273,0.000796112639363855,0.000784472504165024,0.000782933318987489,0.000784034724347293,0.000789500190876424,0.000794036779552698,0.00079980946611613,0.000805266085080802,0.00080851191887632,0.000810838479083031,0.000809917401056737,0.000797507062088698,0.000673350994475186,0.000189025144209154,-9999,-9999,-9999,-9999,-9999,7.779761654092E-05,7.84996736911125E-05,0.000149284896906465,0.00022103323135525,0.0001676252722973,0.000112714951683301,7.41381227271631E-05,4.78082147310488E-05,-9999,-9999,-9999,-9999,-9999,-9999,-9999,-9999,-9999,-9999,-9999,-9999,-9999,-9999,-9999,-9999,-9999,-9999,-9999,-9999,-9999,-9999,-9999
-9999,-9999,-9999,-9999,-9999,-9999,-9999,-9999,-9999,-9999,-9999,-9999,-9999,-9999,-9999,-9999,-9999,-9999,-9999,-9999,-9999,-9999,-9999,3.93731534131803E-05,5.03877090523019E-05,-9999,-9999,-9999,-9999,4.19207754021045E-05,3.94110138586257E-05,1.56930382217979E-05,7.88115648902021E-05,8.33415379020153E-06,7.02127872500569E-05,0.000123273392091505,0.000221504713408649,9.62453268584795E-05,5.76134552829899E-05,-9999,5.91427924518939E-05,6.18911653873511E-05,-9999,-9999,0.000110304550617002,1.45547992360662E-05,8.72506097948644E-06,5.40865448783734E-06,-9999,-9999,-9999,-9999,-9999,-9999,-9999,-9999,-9999,2.15415129787289E-05,1.36266389745288E-05,-9999,-9999,-9999,8.91291256266413E-06,5.90061208640691E-05,5.68074428883847E-05,5.64425972697791E-05,5.44046342838556E-05,5.14130770170595E-05,6.7495864641387E-05,0.000417324888985604,0.000885536428540945,0.000930416106712073,0.000919457466807216,0.000903902109712362,0.000884929904714227,0.000866339658387005,0.000850255601108074,0.000835356011521071,0.000823029899038374,0.000812479935120791,0.000799918954726309,0.000760290771722794,0.000766488316003233,0.000776182045228779,0.000779493188019842,0.000782715971581638,0.000789636396802962,0.000797110435087234,0.000803527364041656,0.000807157717645168,0.000809586141258478,0.000810655998066068,0.000806525291409343,0.000771652616094798,0.000225807365495712,3.97585972677916E-05,5.7562351685192E-06,3.96677478420315E-06,6.05325158176129E-06,0.00018868841289077,0.000373005634173751,0.00048443375271745,0.000542393419891596,0.000464661396108568,0.000440498522948474,0.000335442571667954,0.000202377035748214,6.59270226606168E-05,4.79118643852416E-05,4.85137825307902E-05,-9999,-9999,-9999,-9999,-9999,-9999,-9999,-9999,-9999,-9999,-9999,-9999,-9999,-9999,-9999,-9999,-9999,-9999,-9999,-9999,-9999
-9999,-9999,-9999,-9999,-9999,-9999,-9999,-9999,-9999,-9999,-9999,-9999,-9999,-9999,-9999,-9999,-9999,-9999,-9999,-9999,-9999,-9999,5.91591997363139E-05,6.96932766004466E-05,4.72835490654688E-05,4.76556597277522E-05,5.26162366440985E-05,6.07713118370157E-05,0.000114226706500631,0.000171490828506649,0.00012880408030469,0.000303751032333821,0.000417370931245387,0.000449627492344007,0.000516352767590433,0.000446788384579122,0.00044321731547825,0.000403801968786865,0.000232736696489155,0.000177969151991419,5.75414414925035E-05,3.54711519321427E-05,2.97627520922106E-05,4.04637103201821E-05,1.14295307866996E-05,7.87516091804719E-06,7.52457071939716E-06,7.13482495484641E-06,4.57274836662691E-06,-9999,-9999,-9999,-9999,-9999,-9999,-9999,-9999,8.95529665285721E-05,8.07416581665166E-05,7.44568314985372E-05,-9999,-9999,5.78151993977372E-05,5.88026668992825E-05,5.84162335144356E-05,5.65323571208864E-05,5.3424922953127E-05,6.23573650955223E-05,0.000204818468773738,0.000582734239287674,0.000893546326551586,0.000928489782381803,0.000914552714675665,0.000898870581295341,0.000880179344676435,0.00086121098138392,0.000844579481054097,0.000830286648124456,0.000817631545942277,0.000807976408395916,0.000758067064452916,0.000393724767491221,0.000465196004370227,0.000644726795144379,0.000746056553907692,0.000776621571276337,0.000784300267696381,0.000792702718172222,0.000799469242338091,0.000802848255261779,0.000807549804449081,0.000810972007457167,0.000805914285592735,0.00075398909393698,0.000361726619303226,0.00029209311469458,2.37103849940468E-05,5.88218972552568E-06,0.000286893482552841,0.000667478598188609,0.00074472714914009,0.000792303297203034,0.00078404851956293,0.000760342751163989,0.000731556909158826,0.000601964653469622,0.000386068219086155,0.00020095327636227,7.32738189981319E-05,4.77570538350847E-05,-9999,-9999,-9999,-9999,-9999,-9999,-9999,-9999,-9999,-9999,-9999,-9999,-9999,-9999,-9999,-9999,-9999,-9999,-9999,-9999,-9999
-9999,-9999,-9999,-9999,-9999,-9999,-9999,-9999,-9999,-9999,-9999,-9999,-9999,-9999,-9999,-9999,-9999,-9999,-9999,-9999,-9999,-9999,5.90249801462051E-05,7.04505946487188E-05,5.95793899265118E-05,6.16006072959863E-05,0.000228091288590804,0.00045409461017698,0.00059955264441669,0.000527154188603163,0.000525605457369238,0.000422360782977194,0.000453834712971002,0.000520120491273701,0.000483571697259322,0.000549927703104913,0.0006510786479339,0.000647324020974338,0.000675740418955684,0.000600493804086,0.000420660275267437,0.000271185592282563,0.000111425812065136,4.20928990934044E-05,2.06142649403773E-05,9.24168034543982E-06,9.2575764938374E-06,9.16187946131686E-06,6.09759854341974E-06,6.01659667154308E-06,6.01643023401266E-06,-9999,-9999,-9999,-9999,-9999,-9999,-9999,7.29409221094102E-05,6.56372722005472E-05,6.02894615440164E-05,5.54949365323409E-05,5.71546770515852E-05,5.77726641495246E-05,5.7671273680171E-05,5.53201971342787E-05,6.47800115984865E-05,0.000208794721402228,0.000562797067686915,0.000890716619323939,0.000935746997129172,0.00092169939307496,0.00090592005290091,0.000890141178388149,0.000871731375809759,0.00085299793863669,0.000837658124510199,0.000824906746856868,0.000813526043202728,0.000726355705410242,9.9476974355639E-06,5.41878853255184E-06,5.39641905561439E-06,5.37705864189775E-06,6.19055062998086E-05,0.000510115642100573,0.000760597933549434,0.000785835087299347,0.000793526065535843,0.000799794681370258,0.000805837742518634,0.000810496683698148,0.000807546661235392,0.000746496487408876,0.000763224845286459,0.000792558188550174,0.00070132955443114,0.000378134136553854,0.000767949735745788,0.000848193885758519,0.000862787361256778,0.000854822981636971,0.000833377474918962,0.000820875691715628,0.000803377537522465,0.000729416264221072,0.00054536119569093,0.000356380682205781,0.000110092652903404,4.63361102447379E-05,2.3798345864634E-05,-9999,-9999,-9999,-9999,-9999,-9999,-9999,-9999,-9999,-9999,-9999,-9999,-9999,-9999,-9999,-9999,-9999,-9999,-9999,-9999
-9999,-9999,-9999,-9999,-9999,-9999,-9999,-9999,-9999,-9999,-9999,-9999,-9999,-9999,-9999,-9999,-9999,-9999,-9999,-9999,-9999,-9999,5.77942300878931E-05,7.2239592554979E-05,0.000113614740257617,0.00052096217405051,0.00067422806750983,0.0007444869261235,0.000707905506715178,0.000562076806090772,0.000559358217287809,0.000627272296696901,0.000659557990729809,0.000691051187459379,0.000786119606345892,0.000782189192250371,0.000808365934062749,0.000832949881441891,0.000881911371834576,0.000824544869828969,0.000730204919818789,0.000456275185570121,0.000240668974583969,0.000138949602842331,0.000119894502859097,0.000134404108393937,0.000117908210086171,8.12745347502641E-05,8.21754838398192E-06,8.39370659377892E-06,8.47523733682465E-06,-9999,-9999,-9999,-9999,5.95838901062962E-05,6.05174573138356E-05,6.22147927060723E-05,6.35146934655495E-05,5.86355199629907E-05,6.62537931930274E-05,5.18245396960992E-05,4.46084995928686E-05,2.77694871329004E-05,7.77644672780298E-05,0.000256960047408938,0.000121601420687512,0.000679106044117361,0.000954926887061447,0.000943330000154674,0.000927654909901321,0.00091187993530184,0.000895854842383415,0.000879979925230145,0.000860684202052653,0.000844569352921098,0.000833778874948621,0.000780797679908574,5.53444078832399E-06,5.50483946426539E-06,5.48686102774809E-06,3.66113454219885E-06,3.6471944895311E-06,3.63485537491215E-06,5.4038641792431E-06,2.00879039766733E-05,0.00026339094620198,0.000692995556164533,0.000782224233262241,0.000795403670053929,0.000802853552158922,0.000808069307822734,0.000813786871731281,0.00082065025344491,0.000828045536763966,0.000835200538858771,0.00083183660171926,0.000837721396237612,0.000858845422044396,0.000876361620612442,0.000882127322256565,0.000875477853696793,0.000865100184455514,0.000855391728691757,0.000819138716906309,0.000786319316830486,0.0006626708782278,0.000514583836775273,0.0002353753807256,8.71974334586412E-05,1.03795628092485E-05,6.66772939439397E-06,-9999,-9999,-9999,-9999,-9999,-9999,-9999,-9999,-9999,-9999,-9999,-9999,-9999,-9999,-9999,-9999,-9999,-9999,-9999
-9999,-9999,-9999,-9999,-9999,-9999,-9999,-9999,-9999,-9999,-9999,-9999,-9999,-9999,-9999,-9999,-9999,-9999,-9999,-9999,-9999,5.29411736351904E-05,6.26136315986514E-05,0.000243805203353986,0.000667454092763364,0.000870872871018946,0.000870327581651509,0.000806969706900418,0.000702843652106822,0.000829075463116169,0.000824222166556865,0.00084930140292272,0.000846077164169401,0.000842990004457533,0.000893116695806384,0.000935922027565539,0.000952251488342881,0.000946816522628069,0.000978251919150352,0.000971969915553927,0.000948240980505943,0.000777013949118555,0.000302220287267119,0.000188999780220911,0.000232398379012011,0.000210980128031224,0.00018973316764459,0.000191603248822503,0.000189976679394022,0.000136432659928687,8.76607155078091E-05,5.90116542298347E-05,5.93520926486235E-05,6.03787157160696E-05,6.13554075243883E-05,5.63336398045067E-05,6.35576507193036E-05,5.64722213312052E-05,5.69714247831143E-05,6.4869258494582E-05,0.000266677292529494,0.000567138486076146,0.000275619211606681,7.69733287597774E-06,7.60319562687073E-06,7.34075592845329E-06,2.87868206214625E-05,0.000264593021711335,0.000951303401961923,0.000936285126954317,0.000921351893339306,0.000900031242053956,0.000882801949046552,0.000759093090891838,3.22048690577503E-05,5.75684362047468E-06,5.6704884627834E-06,5.61548768018838E-06,3.73180660062644E-06,3.71178180103016E-06,3.69801546185045E-06,2.46916465584945E-06,2.46199078901554E-06,2.45699061451887E-06,3.65652545042394E-06,5.43894202564843E-06,3.51155831594951E-05,0.000230893507250585,0.000634146563243121,0.000773611303884536,0.000796033884398639,0.000803123984951526,0.000808675307780504,0.000815383275039494,0.000824923045001924,0.000834170146845281,0.000842328474391252,0.000850997632369399,0.000862104818224907,0.000871796975843608,0.000874407705850899,0.000874824181664735,0.00087295105913654,0.000870183750521392,0.000856272177770734,0.000811918405815959,0.000763640913646668,0.000585130881518126,0.000347529567079619,0.000193260697415099,5.31552614120301E-05,6.53839879305451E-06,6.71490306558553E-06,1.28659230540507E-05,-9999,-9999,-9999,-9999,-9999,-9999,-9999,-9999,-9999,-9999,-9999,-9999,-9999,-9999,-9999,-9999,-9999
-9999,-9999,-9999,-9999,-9999,-9999,-9999,-9999,-9999,-9999,-9999,-9999,-9999,-9999,-9999,-9999,-9999,-9999,-9999,-9999,-9999,0.000104964507045224,0.000590434239711612,0.000865678186528385,0.000971610017586499,0.000922270293813199,0.00086562242358923,0.000832465884741396,0.000885037588886917,0.000953167676925659,0.00100617401767522,0.00100092706270516,0.00102977582719177,0.00105303747113794,0.00103624875191599,0.00107535358984023,0.00106964737642556,0.00105355586856604,0.00106329331174493,0.00106218503788114,0.00103888532612473,0.00101382646244019,0.000956273404881358,0.000859670399222523,0.000758362992201,0.000606591231189668,0.000384405313525349,0.000209639983950183,0.000230439720326103,0.000189463928109035,0.000139499548822641,9.13996700546704E-05,8.20408167783171E-05,6.59300130791962E-05,6.57431737636216E-05,0.000100704957731068,8.96388446562923E-05,8.82776221260428E-05,0.000135878042783588,0.000596137542743236,0.000982749043032527,0.00107232830487192,0.00104415754321963,0.000330158829456195,7.29471184968133E-06,7.12128939994727E-06,6.86468320054701E-06,0.000963841448538005,0.000948538014199585,0.000933539879042655,0.000664297782350332,6.16641909800819E-06,6.07777519689989E-06,6.02816362516023E-06,-9999,-9999,-9999,-9999,-9999,-9999,-9999,1.6595731722191E-06,1.65701999321755E-06,2.47043044510065E-06,3.67915276910935E-06,5.47596982869436E-06,1.23918753160979E-05,7.55527071305551E-05,0.000303034845273942,0.000648928165901452,0.000778791902121156,0.000795715895947069,0.000801421643700451,0.000811235746368766,0.000820118701085448,0.000828538089990616,0.000836933148093522,0.000846994109451771,0.000855785387102515,0.000862209009937942,0.000864759320393205,0.000865398207679391,0.000868420873302966,0.000874330580700189,0.000868799339514226,0.000844019465148449,0.0007886205567047,0.000684122962411493,0.000524009403306991,0.000316243356792256,0.000172446758369915,5.55441511096433E-05,3.75532181351446E-05,3.03140586765949E-05,4.05726059398148E-05,-9999,-9999,-9999,-9999,-9999,-9999,-9999,-9999,-9999,-9999,-9999,-9999,-9999,-9999,-9999,-9999
-9999,-9999,-9999,-9999,-9999,-9999,-9999,-9999,-9999,-9999,-9999,-9999,-9999,-9999,-9999,-9999,-9999,-9999,-9999,5.48445495951455E-05,0.00014875216584187,0.000827349780593067,0.00098788901232183,0.000988805899396539,0.000966835708823055,0.00100783247034997,0.000984521699137986,0.000979223055765033,0.00104306580033153,0.00104860705323517,0.00106417550705373,0.001077875145711,0.00106602697633207,0.00105230323970318,0.00107609655242413,0.00108612445183098,0.00108067295514047,0.00106671254616231,0.00107060349546373,0.00107497093267739,0.00107357511296868,0.00106422195676714,0.0010600567329675,0.00103889126330614,0.00101684045512229,0.000965328945312649,0.000903004081919789,0.000841177417896688,0.000654989562463015,0.000434713758295402,0.000185157841769978,0.000184894175617956,0.000203071176656522,0.000222115981159732,0.000289772287942469,0.000429441628511995,0.000647595908958465,0.000707999861333519,0.00087652524234727,0.00104099418967962,0.00107482308521867,0.00107340503018349,0.00106665852945298,0.0010659818071872,2.62123539869208E-05,0.00100274267606437,0.00101020280271769,0.000975499860942364,0.000752825406379998,1.63270178745734E-05,6.38723622614634E-06,-9999,-9999,-9999,-9999,-9999,-9999,-9999,-9999,-9999,-9999,-9999,-9999,1.66152767633321E-06,2.47666889663378E-06,3.69250710718916E-06,5.49810783923022E-06,3.78405238734558E-05,0.000153638378833421,0.000431723135989159,0.000709227228071541,0.000785560230724514,0.000797295710071921,0.000802369439043105,0.000809244636911899,0.000817240914329886,0.000825772993266582,0.000834819744341075,0.000842527486383915,0.000847580784466118,0.000850441458169371,0.000851468183100224,0.000851858465466648,0.000856126600410789,0.000858372310176492,0.000846199051011354,0.000821342691779137,0.000782375747803599,0.000703946279827505,0.000486818462377414,0.000264984468230978,0.000188532649190165,0.000118304189527407,4.60309565823991E-05,4.45818586740643E-05,-9999,-9999,-9999,-9999,-9999,-9999,-9999,-9999,-9999,-9999,-9999,-9999,-9999,-9999,-9999,-9999
-9999,-9999,-9999,-9999,-9999,-9999,-9999,-9999,-9999,-9999,-9999,-9999,-9999,-9999,-9999,-9999,-9999,-9999,0.000163180011441,0.000411499757319689,0.00093449791893363,0.00105551781598479,0.00105615868233144,0.00108245678711683,0.00109254592098296,0.00107789936009794,0.00112945749424398,0.00114433246199042,0.00113079929724336,0.00111493840813637,0.00109909230377525,0.00107916514389217,0.00106046872679144,0.00108530628494918,0.00108096585609019,0.00109627959318459,0.00109163706656545,0.00109411729499698,0.00108439708128572,0.00108040263876319,0.00107661902438849,0.00107150326948613,0.00106863956898451,0.00106549612246454,0.00105938641354442,0.00104488187935203,0.00102742447052151,0.000994364731013775,0.000941517704632133,0.000821491528768092,0.000516297528520226,0.000286683847662061,0.000366066407877952,0.000666555308271199,0.00079710700083524,0.000861375883687288,0.000864108384121209,0.000942362123169005,0.0010399364400655,0.00106145069003105,0.00106049352325499,0.00105129030998796,0.00104320421814919,0.00103623140603304,0.0010222087148577,0.00100739183835685,0.000951107183936983,1.43064789881464E-05,-9999,-9999,-9999,-9999,-9999,-9999,-9999,-9999,-9999,-9999,-9999,-9999,-9999,-9999,-9999,-9999,-9999,3.70354155165842E-06,5.51938956050435E-06,1.65493966051145E-05,7.61908013373613E-05,0.000256475410424173,0.000563093752134591,0.000759590009693056,0.000789420970249921,0.000796095060650259,0.00079943920718506,0.000803788774646819,0.000810666941106319,0.000818575557786971,0.000824873161036521,0.000828925403766334,0.000830123550258577,0.000830943579785526,0.000833243946544826,0.000835674989502877,0.000839879910927266,0.000834773643873632,0.000811500067356974,0.000780409842263907,0.000740840099751949,0.000651994952932,0.000426139682531357,0.000261957698967308,0.000104298036603723,5.06123069499154E-05,4.48665050498676E-05,-9999,-9999,-9999,-9999,-9999,-9999,-9999,-9999,-9999,-9999,-9999,-9999,-9999,-9999,-9999,-9999
-9999,-9999,-9999,-9999,-9999,-9999,-9999,-9999,-9999,-9999,-9999,-9999,8.20814511826029E-06,2.4257440600195E-05,-9999,5.59380277991295E-05,0.000118177216791082,0.000443292083218694,0.000821023830212653,0.000998191302642226,0.0011201404267922,0.00115228851791471,0.00116611807607114,0.00116610841359943,0.00115945376455784,0.0011626782361418,0.00116118264850229,0.00115157675463706,0.00114677927922457,0.00113413739018142,0.00111979630310088,0.00111024780198932,0.00110741949174553,0.00110645452514291,0.00110355298966169,0.00110337545629591,0.00109951198101044,0.00109495793003589,0.00108741805888712,0.00107865466270596,0.00107021036092192,0.00106185500044376,0.00105722935404629,0.00105550198350102,0.00105362909380347,0.00104990822728723,0.00104434206150472,0.00103559286799282,0.00102256413083524,0.000995900947600603,0.000926998443901539,0.0007797263097018,0.000682708981912583,0.000738254515454173,0.000789175974205136,0.00085321074584499,0.000918549951165915,0.00102061626967043,0.00104623986408114,0.00103698146995157,0.00103597622364759,0.00103275501169264,0.00102714577224106,0.00102037179749459,0.00101178872864693,0.00100811838638037,1.12287525553256E-05,-9999,-9999,-9999,-9999,-9999,-9999,-9999,-9999,-9999,-9999,-9999,-9999,-9999,-9999,-9999,-9999,-9999,-9999,-9999,3.70754833056708E-06,5.52198434888851E-06,2.70751261268742E-05,0.000121098266390618,0.000367888947948813,0.00066920300014317,0.000775291759055108,0.000788846518844366,0.000793376006186008,0.00079208193346858,0.000795331201516092,0.000801012793090194,0.000805111543741077,0.000807936303317547,0.000808290729764849,0.000806706724688411,0.000808057491667569,0.000813766673672944,0.000817963213194162,0.000817155698314309,0.000806072726845741,0.000783550087362528,0.000758058333303779,0.000698115327395499,0.000513801409397274,0.000276680599199608,0.000112268651719205,5.49033684364986E-05,4.3591448047664E-05,-9999,-9999,-9999,-9999,-9999,-9999,-9999,-9999,-9999,-9999,-9999,-9999,-9999,-9999,-9999,-9999
-9999,-9999,-9999,-9999,-9999,-9999,-9999,-9999,-9999,-9999,8.03127932158532E-06,8.01457827037666E-06,8.02267095423304E-06,8.94033219083212E-05,0.000217285851249471,0.000574210076592863,0.000872197095304728,0.00101218745112419,0.00110683171078563,0.00115685747005045,0.00117594702169299,0.00117914914153516,0.00117793318349868,0.00117494200821966,0.00117088912520558,0.00116370467003435,0.00115696026477963,0.00114845845382661,0.00113872042857111,0.00112755852751434,0.00111659034155309,0.00110596884042025,0.00109800335485488,0.00109364441595972,0.00109001609962434,0.00108846451621503,0.00108555098995566,0.00107981346081942,0.00107201689388603,0.00106333068106323,0.00105441082268953,0.00104494602419436,0.00103816599585116,0.00103544921148568,0.0010335932020098,0.00103066128212959,0.00102704053279012,0.00102266459725797,0.00101760891266167,0.00101266044657677,0.00100688228849322,0.000999095384031534,0.000993021531030536,0.000990712083876133,0.000996806542389095,0.001017956295982,0.00102915032766759,0.00103361951187253,0.00103348959237337,0.00102506601251662,0.000260849192272872,6.96085180607042E-06,6.97264931659447E-06,1.87636960617965E-05,0.000458321621408686,5.1997816626681E-05,-9999,-9999,-9999,-9999,-9999,-9999,-9999,-9999,-9999,-9999,-9999,-9999,-9999,-9999,-9999,-9999,-9999,-9999,-9999,-9999,-9999,3.70468592336692E-06,5.512592906598E-06,2.81638440355891E-05,0.000144857011036947,0.000433295324910432,0.000715369998943061,0.000779620662797242,0.000783588620834053,0.000783821742516011,0.00078098225640133,0.000782551651354879,0.000784133153501898,0.000786796445026994,0.000786301796324551,0.000784658070188016,0.000783109804615378,0.000789086800068617,0.000794877007137984,0.000796079926658422,0.000789893558248878,0.000778229616116732,0.000750050763599575,0.00069194781826809,0.000564929039683193,0.000359711761120707,0.000132902830955572,5.9329679061193E-05,4.22286611865275E-05,-9999,-9999,-9999,-9999,-9999,-9999,-9999,-9999,-9999,-9999,-9999,-9999,-9999,-9999,-9999,-9999
-9999,-9999,-9999,-9999,-9999,-9999,-9999,-9999,5.47292474948335E-05,5.45910043001641E-05,1.28675737869344E-05,2.1491327061085E-05,0.000156540787429549,0.000704418460372835,0.000958360848017037,0.00104856106918305,0.00111510732676834,0.00115130143240094,0.00116392958443612,0.00117384525947273,0.00117671035695821,0.00117515039164573,0.00117244990542531,0.00116644450463355,0.00115957658272237,0.00115083786658943,0.00114050204865634,0.00112923339474946,0.00111843121703714,0.00110705534461886,0.00109589449129999,0.00108508393168449,0.00107652647420764,0.00107348314486444,0.00106982933357358,0.00106736109592021,0.00106269598472863,0.00105646345764399,0.00104842707514763,0.00103844562545419,0.00102769723162055,0.00101740518584847,0.00101097871083766,0.00100884039420635,0.00100651127286255,0.00100311741698533,0.000999311334453523,0.000995256239548326,0.000991000095382333,0.000987881445325911,0.000986678525805473,0.000989022431895137,0.000994017813354731,0.00100057304371148,0.00100828381255269,0.00101386941969395,0.00101710529997945,0.00101973011624068,0.00101960997562855,0.00101382366847247,0.000986017636023462,6.89594617142575E-06,-9999,-9999,-9999,-9999,-9999,-9999,-9999,-9999,-9999,-9999,-9999,-9999,-9999,-9999,-9999,-9999,-9999,-9999,-9999,-9999,-9999,-9999,-9999,-9999,-9999,-9999,3.695439090734E-06,5.49625974599621E-06,9.77888339548372E-06,7.86309828981757E-05,0.00035792647395283,0.000691008113790303,0.000768789206631482,0.000774824235122651,0.0007711824728176,0.000766444485634565,0.000763688352890313,0.000765570090152323,0.000765664794016629,0.000765421544201672,0.00076455163070932,0.000765568402130157,0.000771262915804982,0.000773895881138742,0.000771501392591745,0.000764199823606759,0.000743722310289741,0.00070173991844058,0.000602419895585626,0.000395008537452668,0.000141616212204099,5.73691177123692E-05,4.08917694585398E-05,-9999,-9999,-9999,-9999,-9999,-9999,-9999,-9999,-9999,-9999,-9999,-9999,-9999,-9999,-9999,-9999
-9999,-9999,-9999,-9999,-9999,-9999,-9999,-9999,5.36125990038272E-05,6.09399357927032E-05,6.68499924358912E-05,0.000257742707617581,0.00094184186309576,0.00107774359639734,0.00110741646494716,0.00113398220855743,0.00115623825695366,0.00116747512947768,0.00117160903755575,0.00117114256136119,0.00116823497228324,0.00116433319635689,0.00115830125287175,0.00115045183338225,0.00114136072807014,0.00113099243026227,0.00111805240157992,0.00110397266689688,0.00109359144698828,0.00108464760705829,0.00107523216865957,0.00106540054548532,0.00105756358243525,0.00105241010896862,0.00104929553344846,0.00104592833667994,0.0010411033872515,0.0010339745786041,0.00102478172630072,0.00101342692505568,0.00100195268169045,0.000991131993941963,0.000983608304522932,0.000979897216893733,0.000975887582171708,0.000971737841609865,0.000967938045505434,0.000965153332799673,0.000962050107773393,0.000959690078161657,0.000958826800342649,0.000962895748671144,0.000970322464127094,0.000979515258222818,0.000988788902759552,0.000995357404462993,0.000999121810309589,0.000999866053462029,0.00100019387900829,0.00100035883951932,0.000955885276198387,6.86861176291131E-06,-9999,-9999,-9999,-9999,-9999,-9999,-9999,-9999,-9999,-9999,-9999,-9999,-9999,-9999,-9999,-9999,-9999,-9999,-9999,-9999,-9999,-9999,-9999,-9999,-9999,-9999,-9999,-9999,5.47407626072527E-06,5.4593706408923E-06,1.10547898657387E-05,0.000110395296360366,0.000540206034202129,0.000747229438275099,0.00075955071952194,0.00075421470683068,0.000748201564420015,0.00074566516559571,0.000745669764000922,0.000744798395317048,0.000745102355722338,0.000745973782613873,0.000749086495488882,0.000752301362808794,0.000750569917727262,0.000748090911656618,0.000734189816284925,0.00070695043541491,0.000639651960227638,0.000404177349992096,0.000149921048432589,4.9350259359926E-05,4.06999133701902E-05,-9999,-9999,-9999,-9999,-9999,-9999,-9999,-9999,-9999,-9999,-9999,-9999,-9999,-9999,-9999,-9999
-9999,-9999,-9999,-9999,-9999,-9999,5.57152925466653E-05,5.49710093764588E-05,5.47218878637068E-05,0.000154714827658609,0.000721599906682968,0.00100249424576759,0.00110397837124765,0.00112838856875896,0.00114754331298172,0.00115749437827617,0.00116367998998612,0.0011655370471999,0.00116429687477648,0.00115983746945858,0.00115277653094381,0.00114561570808291,0.00113876722753048,0.00112935691140592,0.0011176997795701,0.00110832578502595,0.00109549518674612,0.00108302675653249,0.00107241293881088,0.0010623624548316,0.001051165163517,0.00104329222813249,0.00103747518733144,0.00103214429691434,0.00102788105141371,0.00102382153272629,0.00101872417144477,0.00101264240220189,0.00100365071557462,0.000992355402559042,0.000979854608885944,0.000970251450780779,0.000961413665208966,0.000955325842369348,0.000950146466493607,0.000946148298680782,0.000942350190598518,0.000938294862862676,0.000937282398808748,0.000935501651838422,0.000935474003199488,0.000939883524551988,0.00094683445058763,0.000956743489950895,0.000964631384704262,0.000972539361100644,0.000979242729954422,0.000980695593170822,0.000975882809143513,0.000469717604573816,6.8129970713926E-06,-9999,-9999,-9999,-9999,-9999,-9999,-9999,-9999,-9999,-9999,-9999,-9999,-9999,-9999,-9999,-9999,-9999,-9999,-9999,-9999,-9999,-9999,-9999,-9999,-9999,-9999,-9999,-9999,-9999,-9999,-9999,-9999,5.35185790795367E-06,1.49294828588609E-05,0.000249102537054569,0.000676367140840739,0.000739710696507245,0.000735771027393639,0.000729201186913997,0.000725203019101173,0.00072525127325207,0.000725134159438312,0.000727093080058694,0.000728880811948329,0.00073090591467917,0.0007297124247998,0.000726482132449746,0.000717631250154227,0.000701103708706796,0.000639452715404332,0.00045382310054265,0.000206303433515131,4.15485446865205E-05,-9999,-9999,-9999,-9999,-9999,-9999,-9999,-9999,-9999,-9999,-9999,-9999,-9999,-9999,-9999,-9999,-9999
-9999,-9999,-9999,-9999,-9999,-9999,5.53282661712728E-05,6.89275402692147E-05,0.000257528881775215,0.000865088077262044,0.00105854915454984,0.00111376470886171,0.00113196624442935,0.0011395193869248,0.0011449585435912,0.00114939373452216,0.00115396839100868,0.00115604780148715,0.00115383102092892,0.00114647229202092,0.00113571609836072,0.00112718343734741,0.00112060818355531,0.00111054989974946,0.00109828391578048,0.00108846148941666,0.00107578001916409,0.00106264522764832,0.00105220824480057,0.00104125309735537,0.0010271571809426,0.0010200027609244,0.00101204577367753,0.00100500881671906,0.000995929003693163,0.000991353415884078,0.000989585649222136,0.000987186213023961,0.000980550772510469,0.000972271722275764,0.000957468640990555,0.000950243789702654,0.000941072008572519,0.000935080810450017,0.000931227928958833,0.00093027635011822,0.000926568289287388,0.000926370092201978,0.000924201973248273,0.000926039705518633,0.000925457279663533,0.000931570190005004,0.000939960067626089,0.000772200874052942,0.000896749261301011,0.00077036878792569,2.12255654332694E-05,6.68340362608433E-06,6.71868428980815E-06,-9999,-9999,-9999,-9999,-9999,-9999,-9999,-9999,-9999,-9999,-9999,-9999,-9999,-9999,-9999,-9999,-9999,-9999,-9999,-9999,-9999,-9999,-9999,-9999,-9999,-9999,-9999,-9999,-9999,-9999,-9999,-9999,-9999,-9999,-9999,5.23756170878187E-06,5.17054559168173E-06,0.000102243859146256,0.000593499687965959,0.000718395807780325,0.000713872548658401,0.000707106839399785,0.000705339072737843,0.000706900027580559,0.000708139734342694,0.000709849700797349,0.000709628337062895,0.000707138678990304,0.000704131089150906,0.000697883835528046,0.000687878171447664,0.000648402899969369,0.000512135389726609,0.000216329775867052,5.54587895749137E-05,4.48401078756433E-05,3.51990711351391E-05,-9999,-9999,-9999,-9999,-9999,-9999,-9999,-9999,-9999,-9999,-9999,-9999,-9999,-9999,-9999
-9999,-9999,-9999,-9999,7.15325149940327E-05,7.88561010267586E-05,5.56161976419389E-05,0.000236574036534876,0.000914593401830643,0.0010847399244085,0.00112575828097761,0.00112989346962422,0.00112903828267008,0.00112950126640499,0.00113176414743066,0.00113596767187119,0.00114128203131258,0.00114411453250796,0.00114179553929716,0.00113348418381065,0.00112107477616519,0.00111118506174535,0.00110748084262013,0.00109294860158116,0.00108125631231815,0.00107212364673615,0.00105702201835811,0.00105138961225748,0.00103962165303528,0.00102910317946225,0.00101311737671494,0.00100110948551446,0.000989946071058512,0.000988777377642691,0.000974704860709608,0.000975051603745669,0.000976298179011792,0.000969816406723112,0.000972161768004298,0.000132495610159822,0.000662787817418575,0.000540723849553615,0.00091898551909253,0.0006537128938362,0.000841597793623805,0.000912858813535422,0.000914858770556748,0.000486743054352701,0.000155589397763833,0.000440911739133298,6.21126455371268E-05,5.39346219738945E-05,6.3874449551804E-06,6.42194709143951E-06,-9999,-9999,-9999,-9999,-9999,-9999,-9999,-9999,-9999,-9999,-9999,-9999,-9999,-9999,-9999,-9999,-9999,-9999,-9999,-9999,-9999,-9999,-9999,-9999,-9999,-9999,-9999,-9999,-9999,-9999,-9999,-9999,-9999,-9999,-9999,-9999,-9999,-9999,-9999,-9999,-9999,3.39485995937139E-06,4.95910262543475E-06,0.000160195995704271,0.00066134543158114,0.00069706083741039,0.000689969107042998,0.000686850922647864,0.000689577776938677,0.000690287095494568,0.000690169399604201,0.000688238360453397,0.000684647937305272,0.000681254197843373,0.000677756150253117,0.000671215762849897,0.000645406369585544,0.000492883904371411,0.000174068860360421,3.38548161380459E-05,3.38685858878307E-05,2.43173290073173E-05,3.549479515641E-05,-9999,-9999,-9999,-9999,-9999,-9999,-9999,-9999,-9999,-9999,-9999,-9999,-9999,-9999
-9999,-9999,-9999,-9999,5.70119991607498E-05,8.7617569079157E-05,0.000131900116684847,0.000870626070536673,0.00110016262624413,0.00113399839028716,0.00113267672713846,0.00112555583473295,0.00112046930007637,0.00111628021113575,0.00111506716348231,0.00111805961932987,0.00112389610148966,0.00113172212149948,0.00113064527977258,0.00088010192848742,1.17115596367512E-05,7.58811393097858E-06,7.53583572077332E-06,7.47074591345154E-06,7.39917049941141E-06,7.32492480892688E-06,3.49019246641546E-05,7.1608533289691E-06,2.69466072495561E-05,6.98411759003648E-06,8.95980047062039E-05,0.000707452301867306,0.000936936412472278,0.000905509165022522,0.000966579944361001,0.000947362568695098,0.000962150865234435,0.000952696253079921,0.000274768332019448,6.58747057968867E-06,6.51709206067608E-06,6.45986574454582E-06,6.41057431494119E-06,6.37122502666898E-06,6.33883973932825E-06,6.31701550446451E-06,6.3050842982193E-06,-9999,-9999,-9999,-9999,-9999,-9999,-9999,-9999,-9999,-9999,-9999,-9999,-9999,-9999,-9999,-9999,-9999,-9999,-9999,-9999,-9999,-9999,-9999,-9999,-9999,-9999,-9999,-9999,-9999,-9999,-9999,-9999,-9999,-9999,-9999,-9999,-9999,-9999,-9999,-9999,-9999,-9999,-9999,-9999,-9999,-9999,-9999,-9999,-9999,4.8225683713099E-06,3.21187144436408E-05,0.000574448436964303,0.000675123592372984,0.000673398200888187,0.000667861313559115,0.000669920351356268,0.000670150679070503,0.000668860680889338,0.000666423758957535,0.000662033970002085,0.000658196106087416,0.000655187119264156,0.000650863104965538,0.000633782241493464,0.00052863237215206,0.000267334835371003,9.04782718862407E-05,1.61574243975338E-05,5.52817946299911E-05,3.3676882594591E-05,-9999,-9999,-9999,-9999,-9999,-9999,-9999,-9999,-9999,-9999,-9999,-9999,-9999,-9999
-9999,-9999,-9999,-9999,-9999,5.53855534235481E-05,0.000632990035228431,0.0010919290361926,0.00113719957880676,0.00113725941628218,0.00112719985190779,0.00111616845242679,0.00110972533002496,0.0011011870810762,0.00109780777711421,0.00110412365756929,0.00066459970548749,7.62230092732352E-06,7.65423646953423E-06,7.66398625273723E-06,-9999,-9999,-9999,-9999,-9999,-9999,-9999,-9999,-9999,-9999,-9999,-9999,-9999,2.49310414801585E-05,7.25909194443375E-05,6.27224289928563E-05,8.34446836961433E-05,6.64543267703266E-06,-9999,-9999,-9999,-9999,-9999,-9999,-9999,-9999,-9999,-9999,-9999,-9999,-9999,-9999,-9999,-9999,-9999,-9999,-9999,-9999,-9999,-9999,-9999,-9999,-9999,-9999,-9999,-9999,-9999,-9999,-9999,-9999,-9999,-9999,-9999,-9999,-9999,-9999,-9999,-9999,-9999,-9999,-9999,-9999,-9999,-9999,-9999,-9999,-9999,-9999,-9999,-9999,-9999,-9999,-9999,-9999,-9999,-9999,3.15741067424824E-06,4.59977445643744E-06,0.000487852579681203,0.000653895724099129,0.00065382884349674,0.000648401794023812,0.000651665322948247,0.000648815999738872,0.000646568834781647,0.000643982843030244,0.00064041354926303,0.000637010904029012,0.000633020885288715,0.0006297203944996,0.00062223122222349,0.000563350331503898,0.000367357395589352,0.000108135267510079,5.98787373746745E-05,3.65760424756445E-05,-9999,-9999,-9999,-9999,-9999,-9999,-9999,-9999,-9999,-9999,-9999,-9999,-9999,-9999,-9999
-9999,-9999,-9999,-9999,-9999,0.000218922825297341,0.00102652504574507,0.00113458815030754,0.00114333198871464,0.00113380153197795,0.00112096488010138,0.00110751949250698,0.00109580880962312,0.00108880293555558,0.00108409370295703,0.000124576763482764,7.55599830881692E-06,5.08770017404458E-06,-9999,-9999,-9999,-9999,-9999,-9999,-9999,-9999,-9999,-9999,-9999,-9999,-9999,-9999,-9999,-9999,-9999,-9999,-9999,-9999,-9999,-9999,-9999,-9999,-9999,-9999,-9999,-9999,-9999,-9999,-9999,-9999,-9999,-9999,-9999,-9999,-9999,-9999,-9999,-9999,-9999,-9999,-9999,-9999,-9999,-9999,-9999,-9999,-9999,-9999,-9999,-9999,-9999,-9999,-9999,-9999,-9999,-9999,-9999,-9999,-9999,-9999,-9999,-9999,-9999,-9999,-9999,-9999,-9999,-9999,-9999,-9999,-9999,-9999,-9999,-9999,-9999,-9999,-9999,4.43903809355106E-06,0.000368496723240241,0.000634067109785974,0.000634136493317783,0.000629956950433552,0.00063178304117173,0.000627048779278994,0.000623632920905948,0.00062123587122187,0.000619397615082562,0.000616813369560987,0.000613598560448736,0.000610162038356066,0.000603865832090378,0.000579348881728947,0.000417861039750278,0.000210386264370754,4.05673163186293E-05,2.94464462058386E-05,-9999,-9999,-9999,-9999,-9999,-9999,-9999,-9999,-9999,-9999,-9999,-9999,-9999,-9999,-9999
-9999,-9999,5.8756453654496E-05,5.79736988584045E-05,5.64796137041412E-05,0.000603158609010279,0.00111632270272821,0.00114425725769252,0.00114141870290041,0.00112807715777308,0.00111411325633526,0.00109963596332818,0.0010880446061492,0.00107133598066866,6.47857013973407E-05,7.49964783608448E-06,5.04762465425301E-06,-9999,-9999,-9999,-9999,-9999,-9999,-9999,-9999,-9999,-9999,-9999,-9999,-9999,-9999,-9999,-9999,-9999,-9999,-9999,-9999,-9999,-9999,-9999,-9999,-9999,-9999,-9999,-9999,-9999,-9999,-9999,-9999,-9999,-9999,-9999,-9999,-9999,-9999,-9999,-9999,-9999,-9999,-9999,-9999,-9999,-9999,-9999,-9999,-9999,-9999,-9999,-9999,-9999,-9999,-9999,-9999,-9999,-9999,-9999,-9999,-9999,-9999,-9999,-9999,-9999,-9999,-9999,-9999,-9999,-9999,-9999,-9999,-9999,-9999,-9999,-9999,-9999,-9999,-9999,-9999,4.31117450716556E-06,0.000213148829061538,0.000614812131971121,0.000617055920884013,0.000610898598097265,0.000608188915066421,0.000605791865382344,0.000600757368374616,0.000600113009568304,0.000599419756326824,0.00059772637905553,0.000594698707573116,0.000591130985412747,0.000586828216910362,0.000571105803828686,0.000502364302519709,0.000317972793709487,0.000169931940035895,3.85160928999539E-05,-9999,-9999,-9999,-9999,-9999,-9999,-9999,-9999,-9999,-9999,-9999,-9999,-9999,-9999,-9999
-9999,-9999,-9999,-9999,6.97654540999793E-05,0.000945047941058874,0.00113364378921688,0.00114538974594325,0.00113627081736922,0.00111977464985102,0.00110571889672428,0.001093132304959,0.00108404934871942,9.32878101593815E-05,7.45728993933881E-06,5.01462727697799E-06,-9999,-9999,-9999,-9999,-9999,-9999,-9999,-9999,-9999,-9999,-9999,-9999,-9999,-9999,-9999,-9999,-9999,-9999,-9999,-9999,-9999,-9999,-9999,-9999,-9999,-9999,-9999,-9999,-9999,-9999,-9999,-9999,-9999,-9999,-9999,-9999,-9999,-9999,-9999,-9999,-9999,-9999,-9999,-9999,-9999,-9999,-9999,-9999,-9999,-9999,-9999,-9999,-9999,-9999,-9999,-9999,-9999,-9999,-9999,-9999,-9999,-9999,-9999,-9999,-9999,-9999,-9999,-9999,-9999,-9999,-9999,-9999,-9999,-9999,-9999,-9999,-9999,-9999,-9999,-9999,-9999,4.19916068494786E-06,0.000111051347630564,0.000594155862927437,0.000598014914430678,0.000593975419178605,0.000588526949286461,0.000586062495131046,0.000580299703869969,0.00058018957497552,0.000581266358494759,0.000579579034820199,0.000576292746700346,0.000572841556277126,0.000567866722121835,0.00055919133592397,0.000533729384187609,0.00046261673560366,0.00028721839771606,8.53502133395523E-05,-9999,-9999,-9999,-9999,-9999,-9999,-9999,-9999,-9999,-9999,-9999,-9999,-9999,-9999,-9999
-9999,-9999,-9999,-9999,0.000147704558912665,0.00102677126415074,0.00113765196874738,0.00114238169044256,0.00113018997944891,0.001111323479563,0.00109814363531768,0.00108788465149701,0.000729492865502834,7.43022201277199E-06,4.98973577123252E-06,-9999,-9999,-9999,-9999,-9999,-9999,-9999,-9999,-9999,-9999,-9999,-9999,-9999,-9999,-9999,-9999,-9999,-9999,-9999,-9999,-9999,-9999,-9999,-9999,-9999,-9999,-9999,-9999,-9999,-9999,-9999,-9999,-9999,-9999,-9999,-9999,-9999,-9999,-9999,-9999,-9999,-9999,-9999,-9999,-9999,-9999,-9999,-9999,-9999,-9999,-9999,-9999,-9999,-9999,-9999,-9999,-9999,-9999,-9999,-9999,-9999,-9999,-9999,-9999,-9999,-9999,-9999,-9999,-9999,-9999,-9999,-9999,-9999,-9999,-9999,-9999,-9999,-9999,-9999,-9999,-9999,-9999,4.09751828556182E-06,4.43449862359557E-05,0.000570384203456342,0.000578329141717404,0.000577297119889408,0.00057038216618821,0.000565909198485315,0.000562362489290535,0.000560307526029646,0.000561537977773696,0.000559668813366443,0.000557601742912084,0.000554369878955185,0.000550157390534878,0.000544437731150538,0.000533225829713047,0.000508530647493899,0.00042553071398288,0.000228712524403818,3.11463627440389E-05,-9999,-9999,-9999,-9999,-9999,-9999,-9999,-9999,-9999,-9999,-9999,-9999,-9999,-9999
-9999,-9999,-9999,-9999,0.000119643358630128,0.00101129629183561,0.00113571679685265,0.00113773939665407,0.00112367328256369,0.00110498676076531,0.00109291367698461,0.00108319905120879,7.40076393412892E-06,4.96990332976566E-06,3.33917569150799E-06,-9999,-9999,-9999,-9999,-9999,-9999,-9999,-9999,-9999,-9999,-9999,-9999,-9999,-9999,-9999,-9999,-9999,-9999,-9999,-9999,-9999,-9999,-9999,-9999,-9999,-9999,-9999,-9999,-9999,-9999,-9999,-9999,-9999,-9999,-9999,-9999,-9999,-9999,-9999,-9999,-9999,-9999,-9999,-9999,-9999,-9999,-9999,-9999,-9999,-9999,-9999,-9999,-9999,-9999,-9999,-9999,-9999,-9999,-9999,-9999,-9999,-9999,-9999,-9999,-9999,-9999,-9999,-9999,-9999,-9999,-9999,-9999,-9999,-9999,-9999,-9999,-9999,-9999,-9999,-9999,-9999,-9999,2.66240999735601E-06,3.92730589737766E-06,0.000539822271093726,0.000560916028916836,0.000560242682695389,0.000554904283490032,0.000546895258594304,0.000544542097486556,0.000542482361197472,0.000541094690561295,0.000540264241863042,0.000538835069164634,0.000536724284756929,0.000532835198100656,0.000527350057382137,0.000521365145687014,0.000509686826262623,0.000471202132757753,0.000340912083629519,0.000106280189356767,2.41736997850239E-05,-9999,-9999,-9999,-9999,-9999,-9999,-9999,-9999,-9999,-9999,-9999,-9999,-9999
-9999,-9999,-9999,-9999,6.22040824964643E-05,0.000919977319426835,0.00112983828876168,0.00113375845830888,0.00112110795453191,0.00110270513687283,0.00109022355172783,0.00107779924292117,7.38079506845679E-06,4.95370932185324E-06,-9999,-9999,-9999,-9999,-9999,-9999,-9999,-9999,-9999,-9999,-9999,-9999,-9999,-9999,-9999,-9999,-9999,-9999,-9999,-9999,-9999,-9999,-9999,-9999,-9999,-9999,-9999,-9999,-9999,-9999,-9999,-9999,-9999,-9999,-9999,-9999,-9999,-9999,-9999,-9999,-9999,-9999,-9999,-9999,-9999,-9999,-9999,-9999,-9999,-9999,-9999,-9999,-9999,-9999,-9999,-9999,-9999,-9999,-9999,-9999,-9999,-9999,-9999,-9999,-9999,-9999,-9999,-9999,-9999,-9999,-9999,-9999,-9999,-9999,-9999,-9999,-9999,-9999,-9999,-9999,-9999,-9999,-9999,2.60714455180278E-06,3.81146242034447E-06,0.000509313773363829,0.000544011301826686,0.000542780908290297,0.000540309527423233,0.0005320924683474,0.000526696734596044,0.000524678966030478,0.000523291993886232,0.000524327158927917,0.000522990478202701,0.000521079695317894,0.000516786822117865,0.00051160401199013,0.000507004733663052,0.000499002810101956,0.000474729109555483,0.000418237206758931,0.000245331932092085,4.60729970654938E-05,3.2941377867246E-05,3.36428274749778E-06,-9999,-9999,-9999,-9999,-9999,-9999,-9999,-9999,-9999,-9999,-9999
-9999,-9999,-9999,-9999,5.55517690372653E-05,0.00049831677461043,0.0011068950407207,0.00113147054798901,0.00112414453178644,0.00111039564944804,0.00109518959652632,0.00108296133112162,1.63401655299822E-05,7.36704350856598E-06,-9999,-9999,-9999,-9999,-9999,-9999,-9999,-9999,-9999,-9999,-9999,-9999,-9999,-9999,-9999,-9999,-9999,-9999,-9999,-9999,-9999,-9999,-9999,-9999,-9999,-9999,-9999,-9999,-9999,-9999,-9999,-9999,-9999,-9999,-9999,-9999,-9999,-9999,-9999,-9999,-9999,-9999,-9999,-9999,-9999,-9999,-9999,-9999,-9999,-9999,-9999,-9999,-9999,-9999,-9999,-9999,-9999,-9999,-9999,-9999,-9999,-9999,-9999,-9999,-9999,-9999,-9999,-9999,-9999,-9999,-9999,-9999,-9999,-9999,-9999,-9999,-9999,-9999,-9999,-9999,-9999,-9999,-9999,-9999,3.69589815818472E-06,0.000486134260427207,0.000527686555869877,0.000525800976902246,0.000526540214195848,0.000518904416821897,0.000512454134877771,0.000511082180310041,0.000510809477418661,0.000509650388266891,0.000508993281982839,0.000506337615661323,0.000502741546370089,0.000498089066240937,0.000493887637276202,0.000488206977024674,0.000470883620437235,0.000429545674705878,0.000323399610351771,7.59574759285897E-05,2.60640863416484E-05,-9999,-9999,-9999,-9999,-9999,-9999,-9999,-9999,-9999,-9999,-9999,-9999
-9999,-9999,-9999,-9999,5.55794285901356E-05,0.000217951193917543,0.00102533493191004,0.00112727575469762,0.00112463289406151,0.00111707614269108,0.00110453518573195,0.00109051307663321,0.000737027789000422,7.35139110474847E-06,-9999,-9999,-9999,-9999,-9999,-9999,-9999,-9999,-9999,-9999,-9999,-9999,-9999,-9999,-9999,-9999,-9999,-9999,-9999,-9999,-9999,-9999,-9999,-9999,-9999,-9999,-9999,-9999,-9999,-9999,-9999,-9999,-9999,-9999,-9999,-9999,-9999,-9999,-9999,-9999,-9999,-9999,-9999,-9999,-9999,-9999,-9999,-9999,-9999,-9999,-9999,-9999,-9999,-9999,-9999,-9999,-9999,-9999,-9999,-9999,-9999,-9999,-9999,-9999,-9999,-9999,-9999,-9999,-9999,-9999,-9999,-9999,-9999,-9999,-9999,-9999,-9999,-9999,-9999,-9999,-9999,-9999,-9999,-9999,3.61224192602094E-06,0.000435775466030464,0.000514046521857381,0.000512335798703134,0.000512962054926902,0.0005095234955661,0.000501949805766344,0.000496316701173782,0.000496820313856006,0.000494868843816221,0.000493835366796702,0.000491445069201291,0.000489194178953767,0.000485614378703758,0.000482028321130201,0.000476010143756866,0.000463297474198043,0.000430080981459469,0.000371620437363163,0.000141425975016318,2.55882241617655E-05,2.29199285968207E-05,2.31172634812538E-05,-9999,-9999,-9999,-9999,-9999,-9999,-9999,-9999,-9999,-9999
-9999,-9999,-9999,-9999,-9999,6.13070806139149E-05,0.000837545900139958,0.00111829768866301,0.00112396792974323,0.00111935567110777,0.0011099788825959,0.00109493313357234,0.00107757397927344,7.34546711100847E-06,-9999,-9999,-9999,-9999,-9999,-9999,-9999,-9999,-9999,-9999,-9999,-9999,-9999,-9999,-9999,-9999,-9999,-9999,-9999,-9999,-9999,-9999,-9999,-9999,-9999,-9999,-9999,-9999,-9999,-9999,-9999,-9999,-9999,-9999,-9999,-9999,-9999,-9999,-9999,-9999,-9999,-9999,-9999,-9999,-9999,-9999,-9999,-9999,-9999,-9999,-9999,-9999,-9999,-9999,-9999,-9999,-9999,-9999,-9999,-9999,-9999,-9999,-9999,-9999,-9999,-9999,-9999,-9999,-9999,-9999,-9999,-9999,-9999,-9999,-9999,-9999,-9999,-9999,-9999,-9999,-9999,-9999,-9999,-9999,3.55175279764808E-06,0.000344536150805652,0.000498479523230344,0.000501321977935731,0.000500514637678862,0.000498112931381911,0.000490687845740467,0.000483029638417065,0.000483613053802401,0.000481535738799721,0.000480841845273972,0.000478309957543388,0.000476475688628852,0.000473835010780022,0.00047052584704943,0.000465710705611855,0.000457582442322746,0.000441936950664967,0.000353536801412702,0.000214840823900886,8.00086636445485E-05,5.36964325874578E-05,3.18080674333032E-05,2.312526521564E-05,-9999,-9999,-9999,-9999,-9999,-9999,-9999,-9999,-9999
-9999,-9999,-9999,-9999,-9999,1.24853204397368E-05,0.000591464166063815,0.00109541788697243,0.00112303136847913,0.00112058990634978,0.00111334433313459,0.00109860324300826,0.00108021125197411,7.35532512408099E-06,-9999,-9999,-9999,-9999,-9999,-9999,-9999,-9999,-9999,-9999,-9999,-9999,-9999,-9999,-9999,-9999,-9999,-9999,-9999,-9999,-9999,-9999,-9999,-9999,-9999,-9999,-9999,-9999,-9999,-9999,-9999,-9999,-9999,-9999,-9999,-9999,-9999,-9999,-9999,-9999,-9999,-9999,-9999,-9999,-9999,-9999,-9999,-9999,-9999,-9999,-9999,-9999,-9999,-9999,-9999,-9999,-9999,-9999,-9999,-9999,-9999,-9999,-9999,-9999,-9999,-9999,-9999,-9999,-9999,-9999,-9999,-9999,-9999,-9999,-9999,-9999,-9999,-9999,-9999,-9999,-9999,-9999,-9999,-9999,3.5133152778144E-06,0.000114113296149299,0.000480910879559815,0.000490948732476681,0.000489332771394402,0.000486428441945463,0.000480074319057167,0.000473111984319985,0.000471869134344161,0.00047147081932053,0.000469689926831052,0.000466099998448044,0.000463933072751388,0.000461593677755445,0.000458719267044216,0.000455787725513801,0.000449790037237108,0.000429438863648102,0.000363914121408015,0.000300978688756004,0.000236461884924211,0.00019743203301914,5.89877490710933E-05,2.26003649004269E-05,-9999,-9999,-9999,-9999,-9999,-9999,-9999,-9999,-9999
-9999,-9999,-9999,-9999,-9999,7.67560140957357E-06,0.000425627047661692,0.00109383440576494,0.00112181424628943,0.00112142227590084,0.00111566949635744,0.00110076123382896,0.0010714529780671,7.36978927307064E-06,-9999,-9999,-9999,-9999,-9999,-9999,-9999,-9999,-9999,-9999,-9999,-9999,-9999,-9999,-9999,-9999,-9999,-9999,-9999,-9999,-9999,-9999,-9999,-9999,-9999,-9999,-9999,-9999,-9999,-9999,-9999,-9999,-9999,-9999,-9999,-9999,-9999,-9999,-9999,-9999,-9999,-9999,-9999,-9999,-9999,-9999,-9999,-9999,-9999,-9999,-9999,-9999,-9999,-9999,-9999,-9999,-9999,-9999,-9999,-9999,-9999,-9999,-9999,-9999,-9999,-9999,-9999,-9999,-9999,-9999,-9999,-9999,-9999,-9999,-9999,-9999,-9999,-9999,-9999,-9999,-9999,-9999,-9999,-9999,-9999,3.39068424182187E-06,0.000466012832475826,0.000478710338938981,0.000479552254546434,0.000475803622975945,0.000469833088573068,0.000462588097434491,0.000461143034044653,0.000461091578472406,0.00045876030344516,0.000455642701126635,0.000452689069788903,0.00045054973452352,0.000447675090981647,0.000445166748249903,0.000441619864432141,0.000427216727985069,0.000409204687457532,0.000384226877940819,0.000328074267599732,0.000207106670131907,7.79568290454336E-05,2.20004185393918E-05,-9999,-9999,-9999,-9999,-9999,-9999,-9999,-9999,-9999
-9999,-9999,-9999,-9999,-9999,-9999,0.000258450483670458,0.00109626934863627,0.00112042366527021,0.0011218135477975,0.00111546425614506,0.00109841907396913,0.00108580710366368,-9999,-9999,-9999,-9999,-9999,-9999,-9999,-9999,-9999,-9999,-9999,-9999,-9999,-9999,-9999,-9999,-9999,-9999,-9999,-9999,-9999,-9999,-9999,-9999,-9999,-9999,-9999,-9999,-9999,-9999,-9999,-9999,-9999,-9999,-9999,-9999,-9999,-9999,-9999,-9999,-9999,-9999,-9999,-9999,-9999,-9999,-9999,-9999,-9999,-9999,-9999,-9999,-9999,-9999,-9999,-9999,-9999,-9999,-9999,-9999,-9999,-9999,-9999,-9999,-9999,-9999,-9999,-9999,-9999,-9999,-9999,-9999,-9999,-9999,-9999,-9999,-9999,-9999,-9999,-9999,-9999,-9999,-9999,-9999,-9999,-9999,3.32820400217315E-06,0.000431543739978224,0.000467946258140728,0.000470945989945903,0.000467687350464985,0.000462074385723099,0.000455638160929084,0.000452592445071787,0.000451398314908147,0.000448314909590408,0.000445488665718585,0.00044248643098399,0.000439641735283658,0.000436901114881039,0.000434545276220888,0.00043325056321919,0.000429578532930464,0.000421201024437323,0.000393112044548616,0.000341541599482298,0.000254877930274233,0.000131325316033326,2.66883944277652E-05,-9999,-9999,-9999,-9999,-9999,-9999,-9999,-9999,-9999
-9999,-9999,-9999,-9999,-9999,-9999,0.000194457345060073,0.00109669857192785,0.00112178560812026,0.00112147838808596,0.00111192453186959,0.00109484163112938,0.00107615464366972,-9999,-9999,-9999,-9999,-9999,-9999,-9999,-9999,-9999,-9999,-9999,-9999,-9999,-9999,-9999,-9999,-9999,-9999,-9999,-9999,-9999,-9999,-9999,-9999,-9999,-9999,-9999,-9999,-9999,-9999,-9999,-9999,-9999,-9999,-9999,-9999,-9999,-9999,-9999,-9999,-9999,-9999,-9999,-9999,-9999,-9999,-9999,-9999,-9999,-9999,-9999,-9999,-9999,-9999,-9999,-9999,-9999,-9999,-9999,-9999,-9999,-9999,-9999,-9999,-9999,-9999,-9999,-9999,-9999,-9999,-9999,-9999,-9999,-9999,-9999,-9999,-9999,-9999,-9999,-9999,-9999,-9999,-9999,-9999,-9999,-9999,3.27878933603643E-06,0.000284024979919195,0.00046007742639631,0.000463102711364627,0.000459634407889098,0.000453981600003317,0.000448562670499086,0.000443414901383221,0.000443116994574666,0.000439862400526181,0.000436865317169577,0.000433686247561127,0.000430995045462623,0.000428094004746526,0.000425663689384237,0.000424379715695977,0.000422796059865505,0.000417470786487684,0.000403536367230117,0.000371767848264426,0.000286164053250104,0.000200078982743435,4.97060027555563E-05,2.57926185440738E-05,2.06035638257163E-05,-9999,-9999,-9999,-9999,-9999,-9999,-9999
-9999,-9999,-9999,-9999,-9999,-9999,0.000309035618556663,0.00111397949513048,0.00112515431828797,0.00112001108936965,0.0011071462649852,0.00109070260077715,0.000988099141977727,-9999,-9999,-9999,-9999,-9999,-9999,-9999,-9999,-9999,-9999,-9999,-9999,-9999,-9999,-9999,-9999,-9999,-9999,-9999,-9999,-9999,-9999,-9999,-9999,-9999,-9999,-9999,-9999,-9999,-9999,-9999,-9999,-9999,-9999,-9999,-9999,-9999,-9999,-9999,-9999,-9999,-9999,-9999,-9999,-9999,-9999,-9999,-9999,-9999,-9999,-9999,-9999,-9999,-9999,-9999,-9999,-9999,-9999,-9999,-9999,-9999,-9999,-9999,-9999,-9999,-9999,-9999,-9999,-9999,-9999,-9999,-9999,-9999,-9999,-9999,-9999,-9999,-9999,-9999,-9999,-9999,-9999,-9999,-9999,-9999,-9999,3.2381328765041E-06,1.90772370842751E-05,0.000452998850960284,0.00045425069401972,0.000451434403657913,0.000445262936409563,0.000439663621364161,0.000435203721281141,0.000434240675531328,0.000432536791777238,0.000429542444180697,0.000425852602347732,0.000422719400376081,0.000420233787735924,0.000418304378399625,0.000416322000091895,0.000415420916397125,0.000411087326938286,0.000400568969780579,0.00037578004412353,0.000330692826537415,0.000234286169870757,8.87169735506177E-05,4.38165043306071E-05,3.16270561597776E-05,2.01184629986528E-05,-9999,-9999,-9999,-9999,-9999,-9999
-9999,-9999,-9999,-9999,-9999,-9999,-9999,-9999,-9999,-9999,-9999,-9999,-9999,-9999,-9999,-9999,-9999,-9999,-9999,-9999,-9999,-9999,-9999,-9999,-9999,-9999,-9999,-9999,-9999,-9999,-9999,-9999,-9999,-9999,-9999,-9999,-9999,-9999,-9999,-9999,-9999,-9999,-9999,-9999,-9999,-9999,-9999,-9999,-9999,-9999,-9999,-9999,-9999,-9999,-9999,-9999,-9999,-9999,-9999,-9999,-9999,-9999,-9999,-9999,-9999,-9999,-9999,-9999,-9999,-9999,-9999,-9999,-9999,-9999,-9999,-9999,-9999,-9999,-9999,-9999,-9999,-9999,-9999,-9999,-9999,-9999,-9999,-9999,-9999,-9999,-9999,-9999,-9999,-9999,-9999,-9999,-9999,-9999,-9999,-9999,3.12069278152194E-06,0.000434160901932046,0.000445359299192205,0.000443171913502738,0.000437819282524288,0.000432288332376629,0.000427571649197489,0.000426753947976977,0.000426242128014565,0.000422444252762944,0.000418895710026845,0.000415877904742956,0.000412749970564619,0.00041111369500868,0.000409353408031166,0.000408190884627402,0.000406477687647566,0.000400594406528398,0.000385005754651502,0.000348313595168293,0.000254577520536259,0.000134902104036883,8.69965442689136E-05,6.48428685963154E-05,3.4418553696014E-05,1.95624852494802E-05,-9999,-9999,-9999,-9999,-9999
-9999,-9999,-9999,-9999,-9999,-9999,-9999,-9999,-9999,-9999,-9999,-9999,-9999,-9999,-9999,-9999,-9999,-9999,-9999,-9999,-9999,-9999,-9999,-9999,-9999,-9999,-9999,-9999,-9999,-9999,-9999,-9999,-9999,-9999,-9999,-9999,-9999,-9999,-9999,-9999,-9999,-9999,-9999,-9999,-9999,-9999,-9999,-9999,-9999,-9999,-9999,-9999,-9999,-9999,-9999,-9999,-9999,-9999,-9999,-9999,-9999,-9999,-9999,-9999,-9999,-9999,-9999,-9999,-9999,-9999,-9999,-9999,-9999,-9999,-9999,-9999,-9999,-9999,-9999,-9999,-9999,-9999,-9999,-9999,-9999,-9999,-9999,-9999,-9999,-9999,-9999,-9999,-9999,-9999,-9999,-9999,-9999,-9999,-9999,-9999,3.06915308101452E-06,0.000328038702718914,0.000438545946963131,0.000434853020124137,0.000430328538641334,0.000424656987888739,0.000419481104472652,0.000419928575865924,0.000419480114942417,0.000415799644542858,0.000411402143072337,0.000408759107813239,0.000405378319555894,0.00040417120908387,0.000403046229621395,0.000403246405767277,0.000401962257456034,0.000398211734136567,0.000381817924790084,0.000342666608048603,0.000261900800978765,0.000166349331266247,0.000122000012197532,7.04713893355802E-05,4.66782330477145E-05,2.1567968360614E-05,1.90717128134565E-05,-9999,-9999,-9999,-9999
-9999,-9999,-9999,-9999,-9999,-9999,-9999,-9999,-9999,-9999,-9999,-9999,-9999,-9999,-9999,-9999,-9999,-9999,-9999,-9999,-9999,-9999,-9999,-9999,-9999,-9999,-9999,-9999,-9999,-9999,-9999,-9999,-9999,-9999,-9999,-9999,-9999,-9999,-9999,-9999,-9999,-9999,-9999,-9999,-9999,-9999,-9999,-9999,-9999,-9999,-9999,-9999,-9999,-9999,-9999,-9999,-9999,-9999,-9999,-9999,-9999,-9999,-9999,-9999,-9999,-9999,-9999,-9999,-9999,-9999,-9999,-9999,-9999,-9999,-9999,-9999,-9999,-9999,-9999,-9999,-9999,-9999,-9999,-9999,-9999,-9999,-9999,-9999,-9999,-9999,-9999,-9999,-9999,-9999,-9999,-9999,-9999,-9999,-9999,-9999,3.03329579764977E-06,7.7542063081637E-06,0.000432592234574258,0.0004274417005945,0.000423270277678967,0.000417304632719606,0.000413117930293083,0.000413656845921651,0.00041298390715383,0.000409723201300949,0.000405259488616139,0.000402395729906857,0.000398953154217452,0.000397372059524059,0.000397030496969819,0.000397295691072941,0.000394505681470037,0.000389512744732201,0.000376966025214642,0.00033729407005012,0.000278874824289232,0.000210881611565128,0.000151927524711937,9.212113218382E-05,5.09830424562097E-05,2.65084854618181E-05,1.88023677765159E-05,-9999,-9999,-9999,-9999
-9999,-9999,-9999,-9999,-9999,-9999,-9999,-9999,-9999,-9999,-9999,-9999,-9999,-9999,-9999,-9999,-9999,-9999,-9999,-9999,-9999,-9999,-9999,-9999,-9999,-9999,-9999,-9999,-9999,-9999,-9999,-9999,-9999,-9999,-9999,-9999,-9999,-9999,-9999,-9999,-9999,-9999,-9999,-9999,-9999,-9999,-9999,-9999,-9999,-9999,-9999,-9999,-9999,-9999,-9999,-9999,-9999,-9999,-9999,-9999,-9999,-9999,-9999,-9999,-9999,-9999,-9999,-9999,-9999,-9999,-9999,-9999,-9999,-9999,-9999,-9999,-9999,-9999,-9999,-9999,-9999,-9999,-9999,-9999,-9999,-9999,-9999,-9999,-9999,-9999,-9999,-9999,-9999,-9999,-9999,-9999,-9999,-9999,-9999,-9999,-9999,2.95476797873562E-06,0.000396931718569249,0.000419698772020638,0.000416037568356842,0.000410582288168371,0.000407490937504917,0.000407060084398836,0.000406615959946066,0.000403822137741372,0.000398937350837514,0.000395828043110669,0.000392532616388053,0.00039036656380631,0.000389805674785748,0.000390567147405818,0.00039096298860386,0.000388477026717737,0.000374371709767729,0.000338487880071625,0.000284259323962033,0.00024235135060735,0.00017240502347704,9.07910143723711E-05,5.55240949324798E-05,2.59319203905761E-05,1.81800969585311E-05,-9999,-9999,1.57042777573224E-05,1.56422775035026E-05
-9999,-9999,-9999,-9999,-9999,-9999,-9999,-9999,-9999,-9999,-9999,-9999,-9999,-9999,-9999,-9999,-9999,-9999,-9999,-9999,-9999,-9999,-9999,-9999,-9999,-9999,-9999,-9999,-9999,-9999,-9999,-9999,-9999,-9999,-9999,-9999,-9999,-9999,-9999,-9999,-9999,-9999,-9999,-9999,-9999,-9999,-9999,-9999,-9999,-9999,-9999,-9999,-9999,-9999,-9999,-9999,-9999,-9999,-9999,-9999,-9999,-9999,-9999,-9999,-9999,-9999,-9999,-9999,-9999,-9999,-9999,-9999,-9999,-9999,-9999,-9999,-9999,-9999,-9999,-9999,-9999,-9999,-9999,-9999,-9999,-9999,-9999,-9999,-9999,-9999,-9999,-9999,-9999,-9999,-9999,-9999,-9999,-9999,-9999,-9999,-9999,-9999,2.07807515835157E-05,0.000420225813286379,0.000410605018259957,0.000406247156206518,0.000403366517275572,0.00040274066850543,0.000401048455387354,0.000397262861952186,0.000392640591599047,0.000389458029530942,0.000386460218578577,0.000384545535780489,0.000383434060495347,0.000383709848392755,0.000383666978450492,0.000380753714125603,0.000366571010090411,0.000349166512023658,0.000313840690068901,0.000249751028604805,0.000170228013303131,0.000106803570815828,4.9034981202567E-05,2.8022906917613E-05,1.72930231201462E-05,1.64151770150056E-05,1.5966401406331E-05,1.56505466293311E-05,1.7198733985424E-05
-9999,-9999,-9999,-9999,-9999,-9999,-9999,-9999,-9999,-9999,-9999,-9999,-9999,-9999,-9999,-9999,-9999,-9999,-9999,-9999,-9999,-9999,-9999,-9999,-9999,-9999,-9999,-9999,-9999,-9999,-9999,-9999,-9999,-9999,-9999,-9999,-9999,-9999,-9999,-9999,-9999,-9999,-9999,-9999,-9999,-9999,-9999,-9999,-9999,-9999,-9999,-9999,-9999,-9999,-9999,-9999,-9999,-9999,-9999,-9999,-9999,-9999,-9999,-9999,-9999,-9999,-9999,-9999,-9999,-9999,-9999,-9999,-9999,-9999,-9999,-9999,-9999,-9999,-9999,-9999,-9999,-9999,-9999,-9999,-9999,-9999,-9999,-9999,-9999,-9999,-9999,-9999,-9999,-9999,-9999,-9999,-9999,-9999,-9999,-9999,-9999,-9999,-9999,0.000290088239125907,0.000412103778216988,0.000403479702072218,0.000402034376747906,0.000399821117753163,0.000397704949136823,0.00039284725789912,0.000387864536605775,0.000383831531507894,0.000380963232601061,0.000379192060790956,0.000378635566448793,0.000377494929125533,0.000375797622837126,0.000372727517969906,0.000361375859938562,0.000348565488820896,0.000316911260597408,0.000256934727076441,0.000190537146409042,8.76578487805091E-05,4.2828032746911E-05,2.40719164139591E-05,1.86177694558864E-05,1.61248153744964E-05,1.75212990143336E-05,1.9029668692383E-05,0.000154180554090999
-9999,-9999,-9999,-9999,-9999,-9999,-9999,-9999,-9999,-9999,-9999,-9999,-9999,-9999,-9999,-9999,-9999,-9999,-9999,-9999,-9999,-9999,-9999,-9999,-9999,-9999,-9999,-9999,-9999,-9999,-9999,-9999,-9999,-9999,-9999,-9999,-9999,-9999,-9999,-9999,-9999,-9999,-9999,-9999,-9999,-9999,-9999,-9999,-9999,-9999,-9999,-9999,-9999,-9999,-9999,-9999,-9999,-9999,-9999,-9999,-9999,-9999,-9999,-9999,-9999,-9999,-9999,-9999,-9999,-9999,-9999,-9999,-9999,-9999,-9999,-9999,-9999,-9999,-9999,-9999,-9999,-9999,-9999,-9999,-9999,-9999,-9999,-9999,-9999,-9999,-9999,-9999,-9999,-9999,-9999,-9999,-9999,-9999,-9999,-9999,-9999,-9999,-9999,2.823637032634E-06,0.000289125746348873,0.000412822730140761,0.000403976941015571,0.000399797747377306,0.000396351184463128,0.000391090288758278,0.000385889201425016,0.000381900870706886,0.000378994736820459,0.0003764777793549,0.000374085997464135,0.00037204846739769,0.00036780655500479,0.000361669954145327,0.000357016891939566,0.000330849754391238,0.000290810770820826,0.000210695347050205,0.000112877009087242,3.42333696607966E-05,2.11976912396494E-05,2.05062551685842E-05,2.22976996155921E-05,2.17491833609529E-05,3.62337195838336E-05,0.000310583563987166,0.000313610245939344
-9999,-9999,-9999,-9999,-9999,-9999,-9999,-9999,-9999,-9999,-9999,-9999,-9999,-9999,-9999,-9999,-9999,-9999,-9999,-9999,-9999,-9999,-9999,-9999,-9999,-9999,-9999,-9999,-9999,-9999,-9999,-9999,-9999,-9999,-9999,-9999,-9999,-9999,-9999,-9999,-9999,-9999,-9999,-9999,-9999,-9999,-9999,-9999,-9999,-9999,-9999,-9999,-9999,-9999,-9999,-9999,-9999,-9999,-9999,-9999,-9999,-9999,-9999,-9999,-9999,-9999,-9999,-9999,-9999,-9999,-9999,-9999,-9999,-9999,-9999,-9999,-9999,-9999,-9999,-9999,-9999,-9999,-9999,-9999,-9999,-9999,-9999,-9999,-9999,-9999,-9999,-9999,-9999,-9999,-9999,-9999,-9999,-9999,-9999,-9999,-9999,-9999,-9999,-9999,2.79993946605828E-06,2.79088180832332E-06,0.000381150515750051,0.000403725716751069,0.00039474357618019,0.000389981869375333,0.000385078164981678,0.000381338264560327,0.000356122880475596,0.000295440724585205,0.000368147681001574,0.000355585070792586,0.000299482111586258,0.000249234290095046,0.000229357654461637,0.000195758053450845,0.000101717203506269,3.74870032828767E-05,1.8971517420141E-05,1.65450128406519E-05,2.78695988527033E-05,4.58861177321523E-05,0.000165271922014654,0.000311753625283018,0.000315051438519731,0.000315230223350227,0.000310679606627673
-9999,-9999,-9999,-9999,-9999,-9999,-9999,-9999,-9999,-9999,-9999,-9999,-9999,-9999,-9999,-9999,-9999,-9999,-9999,-9999,-9999,-9999,-9999,-9999,-9999,-9999,-9999,-9999,-9999,-9999,-9999,-9999,-9999,-9999,-9999,-9999,-9999,-9999,-9999,-9999,-9999,-9999,-9999,-9999,-9999,-9999,-9999,-9999,-9999,-9999,-9999,-9999,-9999,-9999,-9999,-9999,-9999,-9999,-9999,-9999,-9999,-9999,-9999,-9999,-9999,-9999,-9999,-9999,-9999,-9999,-9999,-9999,-9999,-9999,-9999,-9999,-9999,-9999,-9999,-9999,-9999,-9999,-9999,-9999,-9999,-9999,-9999,-9999,-9999,-9999,-9999,-9999,-9999,-9999,-9999,-9999,-9999,-9999,-9999,-9999,-9999,-9999,-9999,-9999,-9999,-9999,2.75661250270787E-06,1.37691513373284E-05,0.000400190328946337,0.00039394260966219,0.000386423693271354,0.000381691323127598,0.000361354643246159,0.000360951438779011,0.000342461658874527,0.000266529037617147,0.000193197061889805,0.000118460731755476,4.6197725168895E-05,6.80416997056454E-05,4.0356295357924E-05,5.32258200109936E-05,0.000171229941770434,0.000321565865306184,0.000322518637403846,0.000321955711115152,0.000319537299219519,0.000315159413730726,0.000311520096147433,0.000298311002552509,0.000154645313159563
-9999,-9999,-9999,-9999,-9999,-9999,-9999,-9999,-9999,-9999,-9999,-9999,-9999,-9999,-9999,-9999,-9999,-9999,-9999,-9999,-9999,-9999,-9999,-9999,-9999,-9999,-9999,-9999,-9999,-9999,-9999,-9999,-9999,-9999,-9999,-9999,-9999,-9999,-9999,-9999,-9999,-9999,-9999,-9999,-9999,-9999,-9999,-9999,-9999,-9999,-9999,-9999,-9999,-9999,-9999,-9999,-9999,-9999,-9999,-9999,-9999,-9999,-9999,-9999,-9999,-9999,-9999,-9999,-9999,-9999,-9999,-9999,-9999,-9999,-9999,-9999,-9999,-9999,-9999,-9999,-9999,-9999,-9999,-9999,-9999,-9999,-9999,-9999,-9999,-9999,-9999,-9999,-9999,-9999,-9999,-9999,-9999,-9999,-9999,-9999,-9999,-9999,-9999,-9999,-9999,-9999,-9999,-9999,2.69015254161786E-06,1.08558197098318E-05,0.00038022713852115,0.000389101565815508,0.000384961895179003,0.000381067482521757,0.000376193493138999,0.000371063622878864,0.000365098268957809,0.000359966274118051,0.000354029005393386,0.000347805296769366,0.000341372593538836,0.000336752942530438,0.00033268571132794,0.000327927846228704,0.000322824082104489,0.000318685517413542,0.000312540563754737,0.00029149471083656,0.000173305175849237,1.20040822366718E-05,-9999
-9999,-9999,-9999,-9999,-9999,-9999,-9999,-9999,-9999,-9999,-9999,-9999,-9999,-9999,-9999,-9999,-9999,-9999,-9999,-9999,-9999,-9999,-9999,-9999,-9999,-9999,-9999,-9999,-9999,-9999,-9999,-9999,-9999,-9999,-9999,-9999,-9999,-9999,-9999,-9999,-9999,-9999,-9999,-9999,-9999,-9999,-9999,-9999,-9999,-9999,-9999,-9999,-9999,-9999,-9999,-9999,-9999,-9999,-9999,-9999,-9999,-9999,-9999,-9999,-9999,-9999,-9999,-9999,-9999,-9999,-9999,-9999,-9999,-9999,-9999,-9999,-9999,-9999,-9999,-9999,-9999,-9999,-9999,-9999,-9999,-9999,-9999,-9999,-9999,-9999,-9999,-9999,-9999,-9999,-9999,-9999,-9999,-9999,-9999,-9999,-9999,-9999,-9999,-9999,-9999,-9999,-9999,-9999,-9999,-9999,2.64282562056906E-06,2.63212518802902E-06,2.6157747470279E-06,2.5928807190212E-06,1.06408369902056E-05,1.48522785821115E-05,2.49469371738087E-06,2.44662123805028E-06,2.396509898972E-06,4.47462070951588E-06,1.40067168103997E-05,6.03534426772967E-05,0.000123594421893358,0.000135018985019997,3.07911323034205E-05,2.19718594962615E-06,2.18246191252547E-06,2.1738728719356E-06,-9999,-9999,-9999
-9999,-9999,-9999,-9999,-9999,-9999,-9999,-9999,-9999,-9999,-9999,-9999,-9999,-9999,-9999,-9999,-9999,-9999,-9999,-9999,-9999,-9999,-9999,-9999,-9999,-9999,-9999,-9999,-9999,-9999,-9999,-9999,-9999,-9999,-9999,-9999,-9999,-9999,-9999,-9999,-9999,-9999,-9999,-9999,-9999,-9999,-9999,-9999,-9999,-9999,-9999,-9999,-9999,-9999,-9999,-9999,-9999,-9999,-9999,-9999,-9999,-9999,-9999,-9999,-9999,-9999,-9999,-9999,-9999,-9999,-9999,-9999,-9999,-9999,-9999,-9999,-9999,-9999,-9999,-9999,-9999,-9999,-9999,-9999,-9999,-9999,-9999,-9999,-9999,-9999,-9999,-9999,-9999,-9999,-9999,-9999,-9999,-9999,-9999,-9999,-9999,-9999,-9999,-9999,-9999,-9999,-9999,-9999,-9999,-9999,-9999,-9999,-9999,-9999,-9999,-9999,-9999,-9999,-9999,-9999,-9999,-9999,-9999,-9999,-9999,-9999,-9999,-9999,-9999,-9999,-9999
-9999,-9999,-9999,-9999,-9999,-9999,-9999,-9999,-9999,-9999,-9999,-9999,-9999,-9999,-9999,-9999,-9999,-9999,-9999,-9999,-9999,-9999,-9999,-9999,-9999,-9999,-9999,-9999,-9999,-9999,-9999,-9999,-9999,-9999,-9999,-9999,-9999,-9999,-9999,-9999,-9999,-9999,-9999,-9999,-9999,-9999,-9999,-9999,-9999,-9999,-9999,-9999,-9999,-9999,-9999,-9999,-9999,-9999,-9999,-9999,-9999,-9999,-9999,-9999,-9999,-9999,-9999,-9999,-9999,-9999,-9999,-9999,-9999,-9999,-9999,-9999,-9999,-9999,-9999,-9999,-9999,-9999,-9999,-9999,-9999,-9999,-9999,-9999,-9999,-9999,-9999,-9999,-9999,-9999,-9999,-9999,-9999,-9999,-9999,-9999,-9999,-9999,-9999,-9999,-9999,-9999,-9999,-9999,-9999,-9999,-9999,-9999,-9999,-9999,-9999,-9999,-9999,-9999,-9999,-9999,-9999,-9999,-9999,-9999,-9999,-9999,-9999,-9999,-9999,-9999,-9999

Step,181
Year,15.08333
-9999,-9999,-9999,-9999,-9999,-9999,-9999,-9999,-9999,-9999,-9999,-9999,-9999,-9999,-9999,-9999,-9999,-9999,-9999,-9999,-9999,-9999,-9999,-9999,-9999,-9999,-9999,-9999,-9999,-9999,-9999,-9999,-9999,-9999,-9999,-9999,-9999,-9999,-9999,-9999,-9999,-9999,-9999,-9999,-9999,-9999,-9999,-9999,-9999,-9999,-9999,-9999,-9999,-9999,-9999,-9999,-9999,-9999,-9999,-9999,-9999,-9999,-9999,-9999,-9999,-9999,-9999,-9999,-9999,-9999,-9999,-9999,-9999,-9999,-9999,-9999,-9999,-9999,-9999,-9999,-9999,-9999,-9999,-9999,-9999,-9999,-9999,-9999,-9999,-9999,-9999,-9999,-9999,-9999,-9999,-9999,-9999,-9999,-9999,-9999,-9999,-9999,-9999,-9999,-9999,-9999,-9999,-9999,-9999,-9999,-9999,-9999,-9999,-9999,-9999,-9999,-9999,-9999,-9999,-9999,-9999,-9999,-9999,-9999,-9999,-9999,-9999,-9999,-9999,-9999,-9999
-9999,-9999,-9999,-9999,-9999,-9999,-9999,-9999,-9999,-9999,-9999,-9999,-9999,-9999,-9999,-9999,-9999,-9999,-9999,-9999,-9999,-9999,-9999,-9999,-9999,-9999,-9999,-9999,-9999,-9999,-9999,-9999,-9999,-9999,-9999,-9999,-9999,-9999,-9999,-9999,-9999,-9999,-9999,-9999,-9999,-9999,-9999,-9999,-9999,-9999,-9999,-9999,-9999,-9999,-9999,-9999,-9999,-9999,-9999,-9999,-9999,-9999,-9999,-9999,-9999,-9999,-9999,-9999,-9999,-9999,-9999,-9999,-9999,-9999,-9999,-9999,-9999,-9999,-9999,-9999,-9999,-9999,-9999,-9999,-9999,-9999,-9999,-9999,-9999,-9999,-9999,-9999,-9999,-9999,-9999,-9999,-9999,-9999,-9999,-9999,-9999,-9999,-9999,-9999,-9999,-9999,-9999,-9999,-9999,-9999,-9999,-9999,-9999,-9999,-9999,-9999,-9999,-9999,-9999,-9999,-9999,-9999,-9999,-9999,-9999,-9999,-9999,-9999,-9999,-9999,-9999
-9999,-9999,-9999,-9999,-9999,-9999,-9999,-9999,-9999,-9999,-9999,-9999,-9999,-9999,-9999,-9999,-9999,-9999,-9999,-9999,-9999,-9999,-9999,-9999,-9999,-9999,-9999,-9999,-9999,-9999,-9999,-9999,-9999,-9999,-9999,-9999,-9999,-9999,-9999,-9999,-9999,-9999,-9999,-9999,-9999,-9999,-9999,-9999,-9999,-9999,-9999,-9999,-9999,-9999,-9999,-9999,-9999,-9999,-9999,-9999,-9999,-9999,-9999,-9999,-9999,-9999,-9999,-9999,-9999,-9999,-9999,-9999,-9999,-9999,2.88777164314524E-06,4.29533747592359E-06,-9999,-9999,-9999,-9999,-9999,-9999,-9999,-9999,-9999,-9999,-9999,-9999,-9999,-9999,-9999,-9999,-9999,-9999,-9999,-9999,-9999,-9999,-9999,-9999,-9999,-9999,-9999,-9999,-9999,-9999,-9999,-9999,-9999,-9999,-9999,-9999,-9999,-9999,-9999,-9999,-9999,-9999,-9999,-9999,-9999,-9999,-9999,-9999,-9999,-9999,-9999,-9999,-9999,-9999,-9999
-9999,-9999,-9999,-9999,-9999,-9999,-9999,-9999,-9999,-9999,-9999,-9999,-9999,-9999,-9999,-9999,-9999,-9999,-9999,-9999,-9999,-9999,-9999,-9999,-9999,-9999,-9999,-9999,-9999,-9999,-9999,-9999,-9999,-9999,-9999,-9999,-9999,-9999,-9999,-9999,-9999,-9999,-9999,-9999,-9999,-9999,-9999,-9999,-9999,-9999,-9999,-9999,-9999,-9999,-9999,-9999,-9999,-9999,-9999,-9999,-9999,-9999,-9999,-9999,-9999,-9999,-9999,-9999,-9999,-9999,-9999,-9999,-9999,-9999,4.15890326621593E-06,6.15516728430521E-06,-9999,-9999,-9999,-9999,-9999,-9999,-9999,-9999,-9999,-9999,-9999,-9999,-9999,-9999,-9999,-9999,-9999,-9999,-9999,-9999,-9999,-9999,-9999,-9999,-9999,-9999,-9999,-9999,-9999,-9999,-9999,-9999,-9999,-9999,-9999,-9999,-9999,-9999,-9999,-9999,-9999,-9999,-9999,-9999,-9999,-9999,-9999,-9999,-9999,-9999,-9999,-9999,-9999,-9999,-9999
-9999,-9999,-9999,-9999,-9999,-9999,-9999,-9999,-9999,-9999,-9999,-9999,-9999,-9999,-9999,-9999,-9999,-9999,-9999,-9999,-9999,-9999,-9999,-9999,-9999,-9999,-9999,-9999,-9999,-9999,-9999,-9999,-9999,-9999,-9999,-9999,-9999,-9999,-9999,-9999,-9999,-9999,-9999,-9999,-9999,-9999,-9999,-9999,-9999,-9999,-9999,-9999,-9999,-9999,-9999,-9999,2.5363812028445E-07,3.69441352177091E-07,5.30142528987199E-07,7.58737826345168E-07,-9999,-9999,-9999,-9999,-9999,5.20365438205772E-06,5.01830390930991E-06,7.10838321538176E-06,6.90720708007575E-06,4.45027535533882E-06,6.35889091427089E-06,3.17422782245558E-05,4.25605576310772E-05,4.21283148170915E-05,5.93356935496558E-06,3.04315562971169E-05,3.93799200537615E-05,-9999,-9999,3.67656321031973E-05,5.68924951949157E-05,4.97254150104709E-05,5.0395043217577E-05,0.000129350359202363,0.000171960607985966,0.000156951020471752,0.000157200847752392,9.59673925535753E-05,4.5147658966016E-05,-9999,-9999,-9999,-9999,-9999,-9999,-9999,-9999,-9999,-9999,-9999,-9999,-9999,-9999,-9999,-9999,-9999,-9999,-9999,-9999,-9999,-9999,-9999,-9999,-9999,-9999,-9999,-9999,-9999,-9999,-9999,-9999,-9999,-9999,-9999,-9999,-9999,-9999,-9999,-9999,-9999,-9999
-9999,-9999,-9999,-9999,-9999,-9999,-9999,-9999,-9999,-9999,-9999,-9999,-9999,-9999,-9999,-9999,-9999,-9999,-9999,-9999,-9999,-9999,-9999,-9999,-9999,-9999,-9999,-9999,-9999,-9999,-9999,-9999,-9999,-9999,-9999,-9999,-9999,-9999,-9999,-9999,-9999,-9999,-9999,-9999,-9999,-9999,-9999,-9999,-9999,-9999,-9999,-9999,-9999,-9999,-9999,2.61210743701668E-07,3.83306598905619E-07,5.56411350771668E-07,7.90732997302257E-07,1.09728648567398E-06,1.51110725710168E-06,2.14217084248958E-06,-9999,8.61376156535698E-06,2.32182628678856E-05,7.77788409322966E-06,7.30969486539834E-06,5.43546411790885E-05,5.49041214981116E-05,6.43190969640273E-06,6.21972958469996E-06,7.17288785381243E-05,9.08104339032434E-05,8.05166782811284E-05,7.08024672348984E-05,6.9687346694991E-05,5.38219464942813E-05,5.95603596593719E-05,9.90838598227128E-05,0.000175377674167976,0.00041706275078468,0.000637118529994041,0.000705296522937715,0.000703434343449771,0.000707574421539903,0.00071259489050135,0.000718186725862324,0.000726740399841219,0.000699558295309544,0.000368876993888989,0.000156536436406896,-9999,-9999,-9999,-9999,-9999,-9999,-9999,-9999,-9999,-9999,-9999,-9999,-9999,-9999,-9999,-9999,-9999,-9999,-9999,-9999,-9999,-9999,-9999,-9999,-9999,-9999,-9999,-9999,-9999,-9999,-9999,-9999,-9999,-9999,-9999,-9999,-9999,-9999,-9999,-9999
-9999,-9999,-9999,-9999,-9999,-9999,-9999,-9999,-9999,-9999,-9999,-9999,-9999,-9999,-9999,-9999,-9999,-9999,-9999,-9999,-9999,-9999,-9999,-9999,-9999,-9999,-9999,-9999,-9999,-9999,-9999,-9999,-9999,-9999,-9999,-9999,-9999,-9999,-9999,-9999,-9999,-9999,-9999,-9999,-9999,-9999,-9999,-9999,-9999,-9999,-9999,-9999,-9999,-9999,-9999,3.91515669662112E-07,5.77861101191957E-07,8.45610827582277E-07,1.20196978059539E-06,1.65185599598772E-06,2.22448602471559E-06,3.00007900477794E-06,4.11721475757076E-06,5.76181855649338E-06,8.08423283160664E-06,4.68743673991412E-05,8.13623191788793E-05,0.000205274787731469,0.000331543968059123,0.000476528832223266,0.000542760011740029,0.000483419687952846,0.000594496261328459,0.000662315404042602,0.000530610443092883,0.000521143956575543,0.00048890570178628,0.000522399554029107,0.000703349825926125,0.000717615650501102,0.000726792670320719,0.000731096370145679,0.000734235451091081,0.000734482542611659,0.000734521192498505,0.000735695823095739,0.000738363014534116,0.000741057330742478,0.000741642201319337,0.000738059403374791,0.000725282414350659,0.000602201325818896,0.000143293727887794,-9999,-9999,-9999,-9999,-9999,-9999,-9999,-9999,-9999,4.52273234259337E-05,4.52171298093162E-05,4.52733584097587E-05,-9999,-9999,-9999,-9999,-9999,-9999,-9999,-9999,-9999,-9999,-9999,-9999,-9999,-9999,-9999,-9999,-9999,-9999,-9999,-9999,-9999,-9999,-9999,-9999,-9999,-9999
-9999,-9999,-9999,-9999,-9999,-9999,-9999,-9999,-9999,-9999,-9999,-9999,-9999,-9999,-9999,-9999,-9999,-9999,-9999,-9999,-9999,-9999,-9999,-9999,-9999,-9999,-9999,-9999,-9999,-9999,-9999,2.19209487113403E-05,-9999,-9999,-9999,6.74778639222495E-05,-9999,-9999,-9999,-9999,-9999,-9999,-9999,-9999,-9999,-9999,-9999,-9999,-9999,-9999,-9999,-9999,-9999,-9999,-9999,-9999,-9999,5.74430600863707E-07,8.26694986244547E-07,1.17154615963955E-06,-9999,2.82703376797144E-06,4.01590295950882E-06,5.67142114960006E-06,7.96380936662899E-06,4.72391002404038E-05,8.44649548525922E-05,0.000115256421850063,7.13012414053082E-05,0.000390691624488682,0.000802179565653205,0.000839472922962159,0.000829763419460505,0.000817213673144579,0.00078924058470875,0.000766524753998965,0.000766656303312629,0.000764712516684085,0.000753351836465299,0.00074526941170916,0.000739931710995734,0.000737621798180044,0.000731101259589195,0.000727189180906862,0.000729328545276076,0.000731702719349414,0.000735416077077389,0.000740375486202538,0.000743752985727042,0.000744485878385603,0.00074557721382007,0.000731776817701757,0.000664178456645459,0.000173647305928171,-9999,-9999,-9999,-9999,-9999,-9999,-9999,-9999,6.14132804912515E-05,9.51216934481636E-05,6.19905767962337E-05,4.44598736066837E-05,4.47517959401011E-05,-9999,-9999,-9999,-9999,-9999,-9999,-9999,-9999,-9999,-9999,-9999,-9999,-9999,-9999,-9999,-9999,-9999,-9999,-9999,-9999,-9999,-9999,-9999,-9999
-9999,-9999,-9999,-9999,-9999,-9999,-9999,-9999,-9999,-9999,-9999,-9999,-9999,-9999,-9999,-9999,-9999,-9999,-9999,-9999,-9999,-9999,-9999,-9999,-9999,-9999,-9999,-9999,-9999,-9999,1.56976893777028E-05,2.99689654639224E-05,-9999,-9999,3.18333550239913E-05,5.40273576916661E-05,-9999,-9999,6.04675915383268E-05,0.000106007348222192,-9999,-9999,-9999,-9999,-9999,9.91118395177182E-06,-9999,-9999,-9999,-9999,-9999,-9999,-9999,-9999,-9999,-9999,-9999,-9999,-9999,-9999,-9999,4.07463858209667E-06,5.79409879719606E-06,8.26871382741956E-06,7.90442391007673E-06,4.56985035270918E-05,5.02787224831991E-05,4.81532442790922E-05,4.54375003755558E-05,0.00026554090436548,0.000811749079730362,0.000855490623507649,0.000847038114443421,0.000831831537652761,0.000813432561699301,0.000796182896010578,0.000781706417910755,0.000768666563089937,0.000758198089897633,0.000749084982089698,0.000740763905923814,0.000732696440536529,0.000722674420103431,0.000721824180800468,0.000723263830877841,0.000728646409697831,0.000733112392481416,0.000738702365197241,0.000744002580177039,0.000747137877624482,0.000749469152651727,0.00074876903090626,0.00073751516174525,0.000622795661911368,0.000174894579686224,-9999,-9999,-9999,-9999,-9999,7.20005700713955E-05,7.26616126485169E-05,0.000138192233862355,0.000204618059797212,0.000155197354615666,0.000104371458292007,6.8658497184515E-05,4.4285745389061E-05,-9999,-9999,-9999,-9999,-9999,-9999,-9999,-9999,-9999,-9999,-9999,-9999,-9999,-9999,-9999,-9999,-9999,-9999,-9999,-9999,-9999,-9999,-9999
-9999,-9999,-9999,-9999,-9999,-9999,-9999,-9999,-9999,-9999,-9999,-9999,-9999,-9999,-9999,-9999,-9999,-9999,-9999,-9999,-9999,-9999,-9999,3.65318082913291E-05,4.67175741505343E-05,-9999,-9999,-9999,-9999,3.87720720027573E-05,3.64940678991843E-05,1.45479652928771E-05,7.28622981114313E-05,7.7054182838765E-06,6.49582361802459E-05,0.000114010901597794,0.000204562369617634,8.88960203155875E-05,5.3348281653598E-05,-9999,5.45778057130519E-05,5.71434356970713E-05,-9999,-9999,0.000104672988527454,1.37764609462465E-05,8.22279253043234E-06,5.08120683662128E-06,-9999,-9999,-9999,-9999,-9999,-9999,-9999,-9999,-9999,2.03650633920915E-05,1.28712117657415E-05,-9999,-9999,-9999,8.28572137834271E-06,5.47945237485692E-05,5.27244810655247E-05,5.2332688937895E-05,5.03663650306407E-05,4.74972875963431E-05,6.21948784100823E-05,0.000383796374080703,0.000814175349660218,0.000855193007737398,0.000844832509756088,0.000830168719403446,0.000812427955679595,0.000795140105765313,0.000780337199103087,0.000766668643336743,0.00075573957292363,0.000746481935493648,0.000735614215955138,0.00069994293153286,0.000706380058545619,0.000715956964995712,0.000719514908269048,0.000722869648598135,0.000729540421161801,0.000736666668672115,0.000742763571906835,0.000746250385418534,0.000748585385736078,0.00074967258842662,0.00074601307278499,0.000713918183464557,0.000208975208806805,3.68131186405662E-05,5.33112597622676E-06,3.6733274555445E-06,5.6031071835605E-06,0.000174591390532441,0.00034509992110543,0.000448123464593664,0.000501698756124824,0.000429842708399519,0.000407607469242066,0.000310310686472803,0.000187347584869713,6.10379502177238E-05,4.4384734792402E-05,4.4951699237572E-05,-9999,-9999,-9999,-9999,-9999,-9999,-9999,-9999,-9999,-9999,-9999,-9999,-9999,-9999,-9999,-9999,-9999,-9999,-9999,-9999,-9999
-9999,-9999,-9999,-9999,-9999,-9999,-9999,-9999,-9999,-9999,-9999,-9999,-9999,-9999,-9999,-9999,-9999,-9999,-9999,-9999,-9999,-9999,5.48410207557026E-05,6.45501131657511E-05,4.37642847828101E-05,4.40175608673599E-05,4.8545090976404E-05,5.60408152523451E-05,0.000105337414424866,0.000158186347107403,0.000118873598694336,0.000280315201962367,0.000385065097361803,0.000414714653743431,0.000476252607768402,0.000412135268561542,0.000408724386943504,0.000372273847460747,0.000214546598726884,0.000163974240422249,5.30349134351127E-05,3.27203524648212E-05,2.75102829618845E-05,3.75028612324968E-05,1.07152845885139E-05,7.39334836907801E-06,7.04947251506383E-06,6.66760752210394E-06,4.26195674663177E-06,-9999,-9999,-9999,-9999,-9999,-9999,-9999,-9999,8.45442191348411E-05,7.60353723308071E-05,7.00159071129747E-05,-9999,-9999,5.36999796167947E-05,5.45939765288495E-05,5.41877307114191E-05,5.23794478795025E-05,4.94094238092657E-05,5.75300655327737E-05,0.000188501158845611,0.000535806058906019,0.000821425870526582,0.000853245437610894,0.000840057851746678,0.000825372466351837,0.000807941018138081,0.000790309277363122,0.000775023770984262,0.000761927803978324,0.000750626611988991,0.000742222589906305,0.000697072362527251,0.000362526654498652,0.000428852858021855,0.000594953715335578,0.000688985688611865,0.000717705930583179,0.000725133751984686,0.000733091495931149,0.000739463837817311,0.00074267404852435,0.000747079437132925,0.000750329927541316,0.000745782512240112,0.000697832729201764,0.000334849552018568,0.000270433898549527,2.19530338654295E-05,5.4454949349747E-06,0.000265483249677345,0.000617564655840397,0.000689031323418021,0.000732953660190105,0.000725146324839443,0.000703098834492266,0.000676415802445263,0.000556802027858794,0.000357153039658442,0.000185883851372637,6.78427459206432E-05,4.42269556515384E-05,-9999,-9999,-9999,-9999,-9999,-9999,-9999,-9999,-9999,-9999,-9999,-9999,-9999,-9999,-9999,-9999,-9999,-9999,-9999,-9999,-9999
-9999,-9999,-9999,-9999,-9999,-9999,-9999,-9999,-9999,-9999,-9999,-9999,-9999,-9999,-9999,-9999,-9999,-9999,-9999,-9999,-9999,-9999,5.46354494872503E-05,6.51422888040543E-05,5.50374679733068E-05,5.68339492019732E-05,0.000210243975743651,0.000418293406255543,0.000552534242160618,0.000485726894112304,0.000484350370243192,0.000389271328458562,0.000418352079577744,0.000479403301142156,0.000445606739958748,0.000506767712067813,0.000599969469476491,0.000596303085330874,0.000622190884314477,0.000552650017198175,0.000387126405257732,0.000249550852458924,0.000102652840723749,3.88624757761136E-05,1.90853315871209E-05,8.57830946188187E-06,8.594789505878E-06,8.50102514959872E-06,5.65269783692202E-06,5.57048770133406E-06,5.570304892899E-06,-9999,-9999,-9999,-9999,-9999,-9999,-9999,6.84042242937721E-05,6.14618911640719E-05,5.62319219170604E-05,5.1608971261885E-05,5.30791294295341E-05,5.36102888872847E-05,5.34445134690031E-05,5.12039914610796E-05,5.98322221776471E-05,0.000192294901353307,0.000517777923960239,0.000819038192275912,0.000860133557580411,0.000846883398480713,0.000832099351100624,0.00081732717808336,0.000800169131252915,0.000782797287683934,0.000768677971791476,0.000757031491957605,0.000746782228816301,0.000667065847665071,9.14816246222472E-06,4.99168027090491E-06,4.97796827403363E-06,4.9658206080494E-06,5.72244316572323E-05,0.000471780396765098,0.000703715835697949,0.000727306993212551,0.000734515953809023,0.000740363844670355,0.000745983677916229,0.000750354258343577,0.000747685611713678,0.000691165856551379,0.000706613704096526,0.000733730441424996,0.000649253895971924,0.000349986192304641,0.000710682361386716,0.000784803298301995,0.000798111315816641,0.000790704216342419,0.000770733400713652,0.000758958340156823,0.000742688658647239,0.000674413109663874,0.000504283467307687,0.000329506554407999,0.000101877405541018,4.28956554969773E-05,2.20388119487325E-05,-9999,-9999,-9999,-9999,-9999,-9999,-9999,-9999,-9999,-9999,-9999,-9999,-9999,-9999,-9999,-9999,-9999,-9999,-9999,-9999
-9999,-9999,-9999,-9999,-9999,-9999,-9999,-9999,-9999,-9999,-9999,-9999,-9999,-9999,-9999,-9999,-9999,-9999,-9999,-9999,-9999,-9999,5.33713173354045E-05,6.66582345729694E-05,0.000104749924503267,0.000479885988170281,0.000621052109636366,0.000685810635332018,0.000652022252324969,0.00051769451238215,0.000515174411702901,0.000577739323489368,0.000607508234679699,0.000636358163319528,0.000723849458154291,0.000720207288395613,0.000744341290555894,0.000766765384469181,0.000811572419479489,0.00075850886059925,0.000671640271320939,0.00041962243267335,0.000221383423195221,0.000127845967654139,0.000110326327558141,0.000123672682093456,0.000108510175778065,7.48243255657144E-05,7.57978250476299E-06,7.75017269916134E-06,7.82854112912901E-06,-9999,-9999,-9999,-9999,5.52764613530599E-05,5.61976848985069E-05,5.78671242692508E-05,5.92258766118903E-05,5.46310584468301E-05,6.15589742665179E-05,4.80680537293665E-05,4.13409834436607E-05,2.57286046689842E-05,7.19772433512844E-05,0.000237643776927143,0.000112231384264305,0.000625125481747091,0.000878495920915157,0.000867453520186245,0.000852752011269331,0.000837942701764405,0.000822958536446095,0.000808112148661166,0.000790063990280032,0.00077517848694697,0.000765243836212903,0.000716682407073677,5.08356106365682E-06,5.06053220306057E-06,5.04971330883563E-06,3.3750907277863E-06,3.36716516358138E-06,3.35997560796386E-06,5.00026590088964E-06,1.8595703295432E-05,0.000243892034632154,0.000641873804852366,0.000724672863725573,0.000736927438993007,0.000743795244488865,0.000748609949368984,0.000753854401409626,0.000760091003030539,0.000766817363910377,0.000773328472860157,0.000770118902437389,0.000775432970840484,0.000794880499597639,0.000810904486570507,0.000815986306406558,0.000809713441412896,0.000799916451796889,0.000790730118751526,0.000757136032916605,0.000726837490219623,0.000612559611909091,0.000475710054161027,0.000217668566619977,8.06469834060408E-05,9.60747456701938E-06,6.17359228272107E-06,-9999,-9999,-9999,-9999,-9999,-9999,-9999,-9999,-9999,-9999,-9999,-9999,-9999,-9999,-9999,-9999,-9999,-9999,-9999
-9999,-9999,-9999,-9999,-9999,-9999,-9999,-9999,-9999,-9999,-9999,-9999,-9999,-9999,-9999,-9999,-9999,-9999,-9999,-9999,-9999,4.87798097310588E-05,5.77086611883715E-05,0.000224545685341582,0.000614468241110444,0.000801807967945933,0.000801336078438908,0.000742900476325303,0.000646942527964711,0.000763034564442933,0.000758539128582925,0.000781727023422718,0.000778760644607246,0.000775698223151267,0.00082174054114148,0.000861064530909061,0.000876034609973431,0.000870938180014491,0.000899655395187438,0.000893694639671594,0.00087174162035808,0.000714166322723031,0.000277745362836868,0.000173685315530747,0.000213554376387037,0.000193886153283529,0.00017437913629692,0.000176104775164276,0.00017459734226577,0.000125487116747536,8.07001197244972E-05,5.43518763151951E-05,5.47023410035763E-05,5.56936684006359E-05,5.66671114938799E-05,5.21328765898943E-05,5.88796101510525E-05,5.23500129929744E-05,5.28366581420414E-05,6.00865860178601E-05,0.000246384530328214,0.000523605267517269,0.000254436046816409,7.11092479832587E-06,7.02122224538471E-06,6.77415982863749E-06,2.653644514794E-05,0.000243485294049606,0.000875187397468835,0.000861124135553837,0.000847133516799659,0.000827280106022954,0.000811277364846319,0.000697459676302969,2.95782265311573E-05,5.2860050345771E-06,5.20657249580836E-06,5.15705505677033E-06,3.42954081133939E-06,3.41427039529663E-06,3.40549058819306E-06,2.27838449973206E-06,2.27524242291111E-06,2.2738536245015E-06,3.38752761308569E-06,5.04109357279958E-06,3.25489199894946E-05,0.000214053317904472,0.000587993825320154,0.000717386545147747,0.0007381581235677,0.000744597928132862,0.000749549304600805,0.000755530898459256,0.000764161697588861,0.000772525614593178,0.000779994006734341,0.000787783355917782,0.000797895481809974,0.000806584488600492,0.000808765937108546,0.000809019547887146,0.000807131465990096,0.000804381619673222,0.00079137907596305,0.00075032195309177,0.00070562754990533,0.000540687353350222,0.000321155996061862,0.000178607951966114,4.91376194986515E-05,6.05284640187165E-06,6.22247171122581E-06,1.19286487461068E-05,-9999,-9999,-9999,-9999,-9999,-9999,-9999,-9999,-9999,-9999,-9999,-9999,-9999,-9999,-9999,-9999,-9999
-9999,-9999,-9999,-9999,-9999,-9999,-9999,-9999,-9999,-9999,-9999,-9999,-9999,-9999,-9999,-9999,-9999,-9999,-9999,-9999,-9999,9.66277802945115E-05,0.000543470028787851,0.000796945008914918,0.000894335913471878,0.000848956580739468,0.000796631502453238,0.000765985401812941,0.000814150087535381,0.000876719306688756,0.000925374799408019,0.000920508755370975,0.000947031832765788,0.000968288048170507,0.000952767441049218,0.000988761661574244,0.000983392237685621,0.000968438922427595,0.000977190909907222,0.000975872506387532,0.000954343879129738,0.000931064540054649,0.00087798765162006,0.000789167999755591,0.000696206232532859,0.000556886894628406,0.00035294791450724,0.000192527470062487,0.00021165625366848,0.000174076660186984,0.00012824973964598,8.40724824229255E-05,7.5519121310208E-05,6.0726968513336E-05,6.06094290560577E-05,9.28926165215671E-05,8.2729005953297E-05,8.14949889900163E-05,0.000125397462397814,0.000549822754692286,0.000906386529095471,0.000989018590189517,0.000962880032602698,0.000304496585158631,6.73026352160377E-06,6.56818883726373E-06,6.32667888567084E-06,0.00088742224033922,0.000872908625751734,0.000858855899423361,0.000611055293120444,5.67007282370469E-06,5.58728652322316E-06,5.54094185645226E-06,-9999,-9999,-9999,-9999,-9999,-9999,-9999,1.53378709910612E-06,1.53293069615756E-06,2.28890189646336E-06,3.41179111273959E-06,5.08041694047279E-06,1.14981094156974E-05,7.01109602232464E-05,0.000281228101812303,0.00060225639026612,0.000722754164598882,0.000738320522941649,0.000743357697501779,0.000752116087824106,0.000759997754357755,0.000767498859204352,0.000775076274294406,0.000784106669016182,0.000791941129136831,0.000797595595940948,0.000799582630861551,0.000800008827354759,0.000802705937530845,0.000807931995950639,0.000802687834948301,0.000779825728386641,0.00072858325438574,0.0006320551619865,0.000484109885292128,0.000292218173854053,0.000159384391736239,5.13879786012694E-05,3.47737004631199E-05,2.80881213257089E-05,3.75971139874309E-05,-9999,-9999,-9999,-9999,-9999,-9999,-9999,-9999,-9999,-9999,-9999,-9999,-9999,-9999,-9999,-9999
-9999,-9999,-9999,-9999,-9999,-9999,-9999,-9999,-9999,-9999,-9999,-9999,-9999,-9999,-9999,-9999,-9999,-9999,-9999,5.0500293582445E-05,0.000136929113068618,0.000761377334129065,0.000909169088117778,0.000910046335775405,0.000889732211362571,0.000927236687857658,0.000905642111320049,0.000900545332115144,0.00095900654559955,0.000963947852142155,0.000978074967861176,0.000990537577308714,0.000979674980044365,0.000967019877862185,0.000988872488960624,0.000998027506284416,0.000992899062111974,0.00097988115157932,0.000983143574558198,0.000986945582553744,0.000985391205176711,0.000976711162365973,0.000972854788415134,0.000953422160819173,0.000933218223508447,0.000885953602846712,0.000828732328955084,0.000772129336837679,0.000601224775891751,0.000399103213567287,0.000170083716511726,0.000169919439940713,0.000186727964319289,0.000204318232135847,0.000266611343249679,0.000395238341297954,0.000596267054788768,0.000652039365377277,0.000807564880233258,0.000959473894909024,0.000990867963992059,0.000989631516858935,0.000983422389253974,0.00098275241907686,2.4169918106054E-05,0.000924827880226076,0.000931198475882411,0.000898474012501538,0.000693149340804666,1.50283585753641E-05,5.87819158681668E-06,-9999,-9999,-9999,-9999,-9999,-9999,-9999,-9999,-9999,-9999,-9999,-9999,1.54122403728252E-06,2.29861348088889E-06,3.42921111951E-06,5.10690369992517E-06,3.51450253219809E-05,0.000142694669193588,0.000400962249841541,0.000658637552987784,0.000729379069525748,0.000740017276257277,0.000744334072805941,0.000750242208596319,0.000757279922254384,0.000764833181165159,0.000772847211919725,0.000779619615059346,0.000783935887739062,0.000786289980169386,0.000787105760537088,0.000787164317443967,0.000791010796092451,0.000793018145486712,0.00078161311103031,0.000758608046453446,0.000722637458238751,0.000650279922410846,0.000449845741968602,0.000244877039222047,0.000174321117810905,0.000109458793303929,4.26208389399108E-05,4.12875597248785E-05,-9999,-9999,-9999,-9999,-9999,-9999,-9999,-9999,-9999,-9999,-9999,-9999,-9999,-9999,-9999,-9999
-9999,-9999,-9999,-9999,-9999,-9999,-9999,-9999,-9999,-9999,-9999,-9999,-9999,-9999,-9999,-9999,-9999,-9999,0.000150300213135779,0.000378884578822181,0.000860251777339727,0.000971457688137889,0.000972048554103822,0.000996066723018885,0.00100512884091586,0.000991450157016516,0.00103861233219504,0.00105199764948338,0.00103918032255024,0.00102444237563759,0.00100961816497147,0.000991087406873703,0.000973908638115972,0.000996701652184129,0.000992679386399686,0.00100664584897459,0.00100234185811132,0.0010044511873275,0.000995262758806348,0.00099138671066612,0.000987679930403829,0.000982999335974455,0.000980333774350584,0.000977541669271886,0.000972018286120147,0.000958750781137496,0.000942858285270631,0.000912585470359772,0.000864094763528556,0.000754025124479085,0.000474008469609544,0.000263334339251742,0.000336400000378489,0.000612856936641037,0.000733081775251776,0.000792508770246059,0.000795453845057636,0.000867797003593296,0.000957959447987378,0.00097816635388881,0.000977447954937816,0.000969068147242069,0.000961675134021789,0.000955322524532676,0.000942486221902072,0.000928960973396897,0.000876972859259695,1.31856659209006E-05,-9999,-9999,-9999,-9999,-9999,-9999,-9999,-9999,-9999,-9999,-9999,-9999,-9999,-9999,-9999,-9999,-9999,3.44194836543465E-06,5.13030136062298E-06,1.53812798089348E-05,7.08073712303303E-05,0.000238331878790632,0.00052318221423775,0.000705620681401342,0.000733101856894791,0.00073893356602639,0.000741549534723163,0.000745093391742557,0.000750990293454379,0.000757846515625715,0.000763228046707809,0.000766594428569078,0.000767419289331883,0.000767864577937871,0.000769693520851433,0.000772015249822289,0.000775794323999435,0.000770859769545496,0.00074935716111213,0.00072071811882779,0.000684270809870213,0.000602281768806279,0.000393721973523498,0.000242055422859266,9.64727005339228E-05,4.68511607323308E-05,4.15452304878272E-05,-9999,-9999,-9999,-9999,-9999,-9999,-9999,-9999,-9999,-9999,-9999,-9999,-9999,-9999,-9999,-9999
-9999,-9999,-9999,-9999,-9999,-9999,-9999,-9999,-9999,-9999,-9999,-9999,7.58759006203036E-06,2.2411495592678E-05,-9999,5.15872343385126E-05,0.000108947140688542,0.00040848832577467,0.000756388530135155,0.000919307349249721,0.00103125348687172,0.00106069527100772,0.00107327476143837,0.00107289815787226,0.00106654083356261,0.00106910290196538,0.00106729590333998,0.00105817383155227,0.00105345319025218,0.00104154518339783,0.00102816533762962,0.00101911276578903,0.001016378053464,0.00101544661447406,0.00101275858469307,0.00101255311165005,0.00100899930112064,0.00100462324917316,0.000997418770566583,0.000989281572401524,0.000981268123723567,0.000973636866547167,0.000969414890278131,0.000967927509918809,0.000966249732300639,0.000962948077358305,0.000957995012868196,0.000950151064898819,0.000938287179451436,0.000913892174139619,0.000850891403388232,0.000715999456588179,0.000627201749011874,0.000678598473314196,0.000725685502402484,0.000784880772698671,0.000845376402139664,0.000939648714847863,0.000963622122071683,0.00095542089547962,0.000954852788709104,0.000952023081481457,0.000946853018831462,0.000940760830417275,0.000933031260501593,0.000929785193875432,1.03561551441089E-05,-9999,-9999,-9999,-9999,-9999,-9999,-9999,-9999,-9999,-9999,-9999,-9999,-9999,-9999,-9999,-9999,-9999,-9999,-9999,3.44804402629961E-06,5.13538452651119E-06,2.51742039836245E-05,0.000112575959064998,0.000341930193826556,0.00062186922878027,0.000720262469258159,0.000732530665118247,0.00073628214886412,0.000734541972633451,0.000736977031920105,0.00074168638093397,0.000745003344491124,0.000747195328585804,0.000747116457205266,0.00074527645483613,0.000746229430660605,0.000751536921598017,0.000755280198063701,0.000754313776269555,0.000744087737984955,0.000723409932106733,0.000700064469128847,0.000644870568066835,0.000474675529403612,0.000255710328929126,0.000103837781352922,5.08219054609071E-05,4.03747253585607E-05,-9999,-9999,-9999,-9999,-9999,-9999,-9999,-9999,-9999,-9999,-9999,-9999,-9999,-9999,-9999,-9999
-9999,-9999,-9999,-9999,-9999,-9999,-9999,-9999,-9999,-9999,7.42771499062655E-06,7.40806626708945E-06,7.41078883947921E-06,8.25170136522502E-05,0.000200475900783204,0.000529595010448247,0.00080416799755767,0.000932917348109186,0.00101997912861407,0.00106551439967006,0.00108278449624777,0.0010853853309527,0.00108396308496594,0.00108084047678858,0.0010765534825623,0.00106973072979599,0.00106305000372231,0.0010548954596743,0.00104570097755641,0.00103507237508893,0.00102482503280044,0.00101471389643848,0.00100720545742661,0.00100312661379576,0.000999748939648271,0.000998359057120979,0.000995593494735658,0.000990213011391461,0.000982918776571751,0.000974887050688267,0.000966485647950321,0.00095780281117186,0.000951581867411733,0.000949236506130546,0.000947640684898943,0.000945063366089016,0.000941847218200564,0.000938042066991329,0.000933512405026704,0.000929145084228367,0.000924138119444251,0.000917449593544006,0.000912333198357373,0.000910579925402999,0.000916526827495545,0.000936376512981951,0.000947078864555806,0.000951569760218263,0.000951772148255259,0.000944287574384362,0.00024040623975452,6.41787482891232E-06,6.42988516119658E-06,1.73066127899801E-05,0.000422794080805033,4.79703048767988E-05,-9999,-9999,-9999,-9999,-9999,-9999,-9999,-9999,-9999,-9999,-9999,-9999,-9999,-9999,-9999,-9999,-9999,-9999,-9999,-9999,-9999,3.44672162100323E-06,5.12804581376258E-06,2.61906006926438E-05,0.000134669142425992,0.000402735167881474,0.000664757972117513,0.000724177807569504,0.000727441103663296,0.000727135222405195,0.000723897130228579,0.00072473956970498,0.000725627120118588,0.000727628474123776,0.000726723170373589,0.000724793993867934,0.000723070930689573,0.000728537328541279,0.000733788765501231,0.000734774919692427,0.000729087914805859,0.00071835849666968,0.000692585599608719,0.00063915055943653,0.000521883135661483,0.000332383497152478,0.000122889614431188,5.49283977306914E-05,3.91223475162406E-05,-9999,-9999,-9999,-9999,-9999,-9999,-9999,-9999,-9999,-9999,-9999,-9999,-9999,-9999,-9999,-9999
-9999,-9999,-9999,-9999,-9999,-9999,-9999,-9999,5.0672944780672E-05,5.05299540236592E-05,1.18969883260434E-05,1.98545221792301E-05,0.000144520163303241,0.000650099769700319,0.000884255394339561,0.000967295607551932,0.00102831225376576,0.00106129155028611,0.00107264041434973,0.0010812891414389,0.00108347041532397,0.00108157901559025,0.00107865699101239,0.0010729004861787,0.00106608890928328,0.00105764553882182,0.00104762695264071,0.00103687064256519,0.00102660327684134,0.00101579143665731,0.0010053109144792,0.000995159382000566,0.000987093430012465,0.000984210171736777,0.000980895827524364,0.000978653668425977,0.000974314752966166,0.000968473730608821,0.000961024954449385,0.000951788446400315,0.000941803853493184,0.000932334980461746,0.000926445296499878,0.000924561987631023,0.000922556035220623,0.000919607875403017,0.000916255812626332,0.000912730291020125,0.00090899143833667,0.000906343921087682,0.000905490014702082,0.000908026064280421,0.000913105555810034,0.000919564685318619,0.000927163811866194,0.000932691036723554,0.000936010794248432,0.000938807788770646,0.00093905976973474,0.000934096344280988,0.00090885889949277,6.35852802588488E-06,-9999,-9999,-9999,-9999,-9999,-9999,-9999,-9999,-9999,-9999,-9999,-9999,-9999,-9999,-9999,-9999,-9999,-9999,-9999,-9999,-9999,-9999,-9999,-9999,-9999,-9999,3.43864940077765E-06,5.11314055984258E-06,9.09456321096513E-06,7.30997344362549E-05,0.000332639348926023,0.000641927879769355,0.000713805027771741,0.000718936033081263,0.000714996247552335,0.000709980842657387,0.0007068274426274,0.000708066625520587,0.00070771505124867,0.000707070110365748,0.00070598250022158,0.000706719583831728,0.000711884640622884,0.000714287220034748,0.000712054606992751,0.000705362530425191,0.000686636776663363,0.000648082525003701,0.000556424201931804,0.000364914070814848,0.000130955930217169,5.31058321939781E-05,3.78763252228964E-05,-9999,-9999,-9999,-9999,-9999,-9999,-9999,-9999,-9999,-9999,-9999,-9999,-9999,-9999,-9999,-9999
-9999,-9999,-9999,-9999,-9999,-9999,-9999,-9999,4.96250358992256E-05,5.63726462132763E-05,6.17842888459563E-05,0.000238038424868137,0.000869558658450842,0.000994834816083312,0.00102197390515357,0.00104630878195167,0.00106654968112707,0.00107645825482905,0.00107993953861296,0.00107892649248242,0.00107580691110343,0.00107162049971521,0.00106557295657694,0.00105786882340908,0.00104906759224832,0.00103909114841372,0.00102670944761485,0.00101331889163703,0.00100337888579816,0.000994901289232075,0.000986042432487011,0.00097682501655072,0.000969465589150786,0.000964683422353119,0.00096181855769828,0.000958762830123305,0.000954275426920503,0.000947666761931032,0.000939157442189753,0.000928647990804166,0.000918020203243941,0.000908065005205572,0.000901202380191535,0.00089790194761008,0.000894340337254107,0.000890675641130656,0.000887368340045214,0.000885022629518062,0.000882394553627819,0.000880475679878145,0.000879971659742296,0.000884082750417292,0.000891315517947078,0.000900239159818739,0.000909233756829053,0.00091566180344671,0.000919521262403578,0.000920613238122314,0.00092127633979544,0.000921752944123,0.000881115265656263,6.33356830803677E-06,-9999,-9999,-9999,-9999,-9999,-9999,-9999,-9999,-9999,-9999,-9999,-9999,-9999,-9999,-9999,-9999,-9999,-9999,-9999,-9999,-9999,-9999,-9999,-9999,-9999,-9999,-9999,-9999,5.09200663145748E-06,5.07681443195906E-06,1.02749563666293E-05,0.000102546844573226,0.000501533620990813,0.000693349749781191,0.000704299658536911,0.000698798103258014,0.000692645495291799,0.000689815555233508,0.000689380336552858,0.000688165135215968,0.000688133761286736,0.000688701111357659,0.000691407069098204,0.000694376416504383,0.000692739267833531,0.000690487446263433,0.000677724892739207,0.000652772898320109,0.000590740062762052,0.000373325048713014,0.000138594579766504,4.56823399872519E-05,3.77050309907645E-05,-9999,-9999,-9999,-9999,-9999,-9999,-9999,-9999,-9999,-9999,-9999,-9999,-9999,-9999,-9999,-9999
-9999,-9999,-9999,-9999,-9999,-9999,5.16322324983776E-05,5.09149722347502E-05,5.06398646393791E-05,0.00014303918578662,0.000666680396534503,0.000925946398638189,0.00101943477056921,0.00104182178620249,0.00105926929973066,0.00106823770329356,0.00107351702172309,0.00107480841688812,0.00107333797495812,0.00106864888221025,0.00106149958446622,0.00105440279003233,0.00104759423993528,0.00103842781390995,0.0010272009531036,0.00101813825313002,0.00100584363099188,0.000993928639218211,0.000983815873041749,0.000974302063696086,0.000963803322520107,0.000956404604949057,0.000950958929024637,0.000946025014854968,0.000942089478485286,0.000938356854021549,0.000933672359678894,0.000928079127334058,0.000919741578400135,0.000909274211153388,0.000897728081326932,0.00088888593018055,0.000880857347510755,0.000875376863405108,0.000870741321705282,0.000867245835252106,0.000863959139678627,0.000860462081618607,0.000859817315358669,0.000858468643855304,0.000858751707710326,0.000863137480337173,0.000869913550559431,0.000879438244737685,0.00088713044533506,0.000894766999408603,0.000901345279999077,0.000903161417227238,0.000899049162399024,0.000432852131780237,6.28030056759599E-06,-9999,-9999,-9999,-9999,-9999,-9999,-9999,-9999,-9999,-9999,-9999,-9999,-9999,-9999,-9999,-9999,-9999,-9999,-9999,-9999,-9999,-9999,-9999,-9999,-9999,-9999,-9999,-9999,-9999,-9999,-9999,-9999,4.97084511152934E-06,1.38593895826489E-05,0.000231096928473562,0.00062711734790355,0.000685441773384809,0.000681342673487961,0.000674796872772276,0.000670675712171942,0.000670333160087466,0.000669896719045937,0.000671417976263911,0.000672912807203829,0.000674697279464453,0.000673539761919528,0.000670574838295579,0.000662437581922859,0.000647305510938168,0.000590514740906656,0.000419194926507771,0.000190701553947292,3.84588893211912E-05,-9999,-9999,-9999,-9999,-9999,-9999,-9999,-9999,-9999,-9999,-9999,-9999,-9999,-9999,-9999,-9999,-9999
-9999,-9999,-9999,-9999,-9999,-9999,5.12571205035783E-05,6.38133642496541E-05,0.000238210312090814,0.000799883622676134,0.000978347030468285,0.00102908804547042,0.00104550190735608,0.00105238286778331,0.0010571115417406,0.00106086151208729,0.00106471485923976,0.00106619496364146,0.00106373208109289,0.00105644157156348,0.0010458747856319,0.00103751290589571,0.00103097944520414,0.00102123571559787,0.00100945821031928,0.000999954994767904,0.000987818697467446,0.000975297240074724,0.000965329876635224,0.000954947259742767,0.000941787497140467,0.00093507207930088,0.00092769815819338,0.000921216793358326,0.000912891584448516,0.000908714428078383,0.000907104578800499,0.000904894899576902,0.000898731639608741,0.000890950963366777,0.000877338985446841,0.000870730436872691,0.000862430664710701,0.000857016770169139,0.000853608769830316,0.000852899451274425,0.000849698903039098,0.000849799369461834,0.000848119438160211,0.000850115902721882,0.000849876436404884,0.000855785852763802,0.000863870140165091,0.000710043997969478,0.000824922055471689,0.000708848237991333,1.95382781384978E-05,6.15555791227962E-06,6.18996682533179E-06,-9999,-9999,-9999,-9999,-9999,-9999,-9999,-9999,-9999,-9999,-9999,-9999,-9999,-9999,-9999,-9999,-9999,-9999,-9999,-9999,-9999,-9999,-9999,-9999,-9999,-9999,-9999,-9999,-9999,-9999,-9999,-9999,-9999,-9999,-9999,4.86172939417884E-06,4.79718437418342E-06,9.47867010836489E-05,0.000549943535588682,0.000665417697746307,0.000660861260257661,0.000654220231808722,0.00065221858676523,0.000653335824608803,0.000654201372526586,0.000655572453979403,0.000655206444207579,0.000652796006761491,0.000650040688924491,0.000644301355350763,0.000635143485851586,0.000598871905822307,0.000473151390906423,0.000199979651370086,5.1366034313105E-05,4.16115435655229E-05,3.2707099308027E-05,-9999,-9999,-9999,-9999,-9999,-9999,-9999,-9999,-9999,-9999,-9999,-9999,-9999,-9999,-9999
-9999,-9999,-9999,-9999,6.63594764773734E-05,7.31230247765779E-05,5.1523522415664E-05,0.000218940374907106,0.000846114591695368,0.00100321625359356,0.00104071537498385,0.00104429014027119,0.00104314112104475,0.00104332319460809,0.0010450795525685,0.00104865303728729,0.00105318997520953,0.00105545134283602,0.00105288415215909,0.00104467652272433,0.00103256164584309,0.0010229735635221,0.00101915537379682,0.00100534851662815,0.000994122005067766,0.000985239516012371,0.000970889406744391,0.00096524617401883,0.000953980721533298,0.000944011204410344,0.00092904461780563,0.000917961006052792,0.000907686073333025,0.000906636472791433,0.000893700344022363,0.00089405762264505,0.000895279110409319,0.000889340764842927,0.000891415169462562,0.000121459510410205,0.000607535825110972,0.000495661224704236,0.00084248767234385,0.000599356542807072,0.000771740393247455,0.000837221334222704,0.000839191256090999,0.000446585181634873,0.000142810662509874,0.000404856895329431,5.70493029954378E-05,4.95498934469651E-05,5.87103568250313E-06,5.90467607253231E-06,-9999,-9999,-9999,-9999,-9999,-9999,-9999,-9999,-9999,-9999,-9999,-9999,-9999,-9999,-9999,-9999,-9999,-9999,-9999,-9999,-9999,-9999,-9999,-9999,-9999,-9999,-9999,-9999,-9999,-9999,-9999,-9999,-9999,-9999,-9999,-9999,-9999,-9999,-9999,-9999,-9999,3.14949556923239E-06,4.59857574242051E-06,0.00014846226258669,0.000612754782196134,0.000645602296572179,0.000638681696727872,0.000635434000287205,0.000637636578176171,0.000637995079159737,0.000637648976407945,0.000635662931017578,0.000632248120382428,0.000629081972874701,0.000625811459030956,0.000619785103481263,0.000596131780184805,0.000455379922641441,0.000160902927746065,3.13571836159099E-05,3.14337412419263E-05,2.2607482605963E-05,3.30410111928359E-05,-9999,-9999,-9999,-9999,-9999,-9999,-9999,-9999,-9999,-9999,-9999,-9999,-9999,-9999
-9999,-9999,-9999,-9999,5.28784294147044E-05,8.12101206975058E-05,0.000122158206067979,0.000805839139502496,0.00101802428252995,0.00104904756881297,0.00104748841840774,0.00104053353425115,0.0010355063714087,0.00103138387203217,0.00102998223155737,0.00103244045749307,0.0010374776320532,0.00104429258499295,0.00104301131796092,0.000811657053418458,1.07931255115545E-05,6.98864096193574E-06,6.93698348186444E-06,6.87377314534388E-06,6.80457605994889E-06,6.73293106956407E-06,3.20650833600666E-05,6.57555256111664E-06,2.47321149799973E-05,6.40785265204613E-06,8.2177015428897E-05,0.000648854533210397,0.000859330000821501,0.000830516684800386,0.000886535970494151,0.000868936011102051,0.000882536522112787,0.000873872078955173,0.000252017518505454,6.04076058152714E-06,5.975670319458E-06,5.92319020142895E-06,5.87836166232591E-06,5.84283043281175E-06,5.81384892939241E-06,5.79454899707343E-06,5.78415665586363E-06,-9999,-9999,-9999,-9999,-9999,-9999,-9999,-9999,-9999,-9999,-9999,-9999,-9999,-9999,-9999,-9999,-9999,-9999,-9999,-9999,-9999,-9999,-9999,-9999,-9999,-9999,-9999,-9999,-9999,-9999,-9999,-9999,-9999,-9999,-9999,-9999,-9999,-9999,-9999,-9999,-9999,-9999,-9999,-9999,-9999,-9999,-9999,-9999,-9999,4.47264255853952E-06,2.97756887448486E-05,0.000532446429133415,0.000625586719252169,0.000623684143647552,0.000618212972767651,0.000619786966126412,0.000619679398369044,0.000618197664152831,0.000615728029515594,0.000611466588452458,0.00060787977417931,0.000605079578235745,0.00060115079395473,0.000585541944019496,0.000488515303004533,0.000247114920057356,8.37295810924843E-05,1.49911493281252E-05,5.13915656483732E-05,3.13369419018272E-05,-9999,-9999,-9999,-9999,-9999,-9999,-9999,-9999,-9999,-9999,-9999,-9999,-9999,-9999
-9999,-9999,-9999,-9999,-9999,5.13071463501547E-05,0.000586064823437482,0.0010109682334587,0.00105259590782225,0.00105231627821922,0.00104266370180994,0.00103217666037381,0.00102597754448652,0.00101792335044593,0.00101457862183452,0.00102011882700026,0.000613875687122345,7.03825207892805E-06,7.06475566403242E-06,7.0721325755585E-06,-9999,-9999,-9999,-9999,-9999,-9999,-9999,-9999,-9999,-9999,-9999,-9999,-9999,2.28708286158508E-05,6.65931875118986E-05,5.75413287151605E-05,7.65538861742243E-05,6.09672224527458E-06,-9999,-9999,-9999,-9999,-9999,-9999,-9999,-9999,-9999,-9999,-9999,-9999,-9999,-9999,-9999,-9999,-9999,-9999,-9999,-9999,-9999,-9999,-9999,-9999,-9999,-9999,-9999,-9999,-9999,-9999,-9999,-9999,-9999,-9999,-9999,-9999,-9999,-9999,-9999,-9999,-9999,-9999,-9999,-9999,-9999,-9999,-9999,-9999,-9999,-9999,-9999,-9999,-9999,-9999,-9999,-9999,-9999,-9999,2.9292009458004E-06,4.26687711296836E-06,0.000452398060588166,0.00060625042533502,0.000605921901296824,0.000600548519287258,0.000603224674705416,0.000600243802182376,0.000597854261286557,0.000595205230638385,0.000591696763876826,0.000588477530982345,0.000584765220992267,0.000581743603106588,0.00057489046594128,0.00052064738702029,0.000339633144903928,0.000100059944088571,5.54883845325094E-05,3.3951822842937E-05,-9999,-9999,-9999,-9999,-9999,-9999,-9999,-9999,-9999,-9999,-9999,-9999,-9999,-9999,-9999
-9999,-9999,-9999,-9999,-9999,0.000202740528038703,0.000950573536101729,0.00105049170088023,0.00105844135396183,0.00104927259963006,0.00103717565070838,0.00102452607825398,0.00101359270047396,0.0010070166317746,0.00100248237140477,0.000115169706987217,6.98439498592052E-06,4.70133545604767E-06,-9999,-9999,-9999,-9999,-9999,-9999,-9999,-9999,-9999,-9999,-9999,-9999,-9999,-9999,-9999,-9999,-9999,-9999,-9999,-9999,-9999,-9999,-9999,-9999,-9999,-9999,-9999,-9999,-9999,-9999,-9999,-9999,-9999,-9999,-9999,-9999,-9999,-9999,-9999,-9999,-9999,-9999,-9999,-9999,-9999,-9999,-9999,-9999,-9999,-9999,-9999,-9999,-9999,-9999,-9999,-9999,-9999,-9999,-9999,-9999,-9999,-9999,-9999,-9999,-9999,-9999,-9999,-9999,-9999,-9999,-9999,-9999,-9999,-9999,-9999,-9999,-9999,-9999,-9999,4.11998871641117E-06,0.000341901904903352,0.000588235561735928,0.000588075374253094,0.000583883724175394,0.000585195841267705,0.000580422522034496,0.000576919643208385,0.000574430741835386,0.000572525605093688,0.000570007192436606,0.000567012175451964,0.000563856563530862,0.00055805203737691,0.000535465311259031,0.000386389001505449,0.000194633175851777,3.75741474272218E-05,2.73059831670253E-05,-9999,-9999,-9999,-9999,-9999,-9999,-9999,-9999,-9999,-9999,-9999,-9999,-9999,-9999,-9999
-9999,-9999,5.45318252989091E-05,5.37756495759822E-05,5.23500857525505E-05,0.000558647618163377,0.00103383488021791,0.00105959456413984,0.00105674518272281,0.00104418466798961,0.00103114556986839,0.00101762847043574,0.00100691709667444,0.000991369714029133,5.99412269366439E-05,6.93828405928798E-06,4.66880010208115E-06,-9999,-9999,-9999,-9999,-9999,-9999,-9999,-9999,-9999,-9999,-9999,-9999,-9999,-9999,-9999,-9999,-9999,-9999,-9999,-9999,-9999,-9999,-9999,-9999,-9999,-9999,-9999,-9999,-9999,-9999,-9999,-9999,-9999,-9999,-9999,-9999,-9999,-9999,-9999,-9999,-9999,-9999,-9999,-9999,-9999,-9999,-9999,-9999,-9999,-9999,-9999,-9999,-9999,-9999,-9999,-9999,-9999,-9999,-9999,-9999,-9999,-9999,-9999,-9999,-9999,-9999,-9999,-9999,-9999,-9999,-9999,-9999,-9999,-9999,-9999,-9999,-9999,-9999,-9999,-9999,4.00374801756698E-06,0.000197889341507107,0.000570775126107037,0.000572664430364966,0.000566633010748774,0.000563731591682881,0.000561114982701838,0.000556065060663968,0.00055515265557915,0.000554281286895275,0.000552626384887844,0.000549769843928516,0.00054642092436552,0.000542443478479981,0.000528043194208294,0.000464666693005711,0.000294192344881594,0.000157308124471456,3.56869786628522E-05,-9999,-9999,-9999,-9999,-9999,-9999,-9999,-9999,-9999,-9999,-9999,-9999,-9999,-9999,-9999
-9999,-9999,-9999,-9999,6.46398766548373E-05,0.000875366618856788,0.00105008890386671,0.00106081319972873,0.00105213490314782,0.00103670638054609,0.00102365703787655,0.001012037624605,0.0010037065949291,8.63654495333321E-05,6.90413253323641E-06,4.64194909000071E-06,-9999,-9999,-9999,-9999,-9999,-9999,-9999,-9999,-9999,-9999,-9999,-9999,-9999,-9999,-9999,-9999,-9999,-9999,-9999,-9999,-9999,-9999,-9999,-9999,-9999,-9999,-9999,-9999,-9999,-9999,-9999,-9999,-9999,-9999,-9999,-9999,-9999,-9999,-9999,-9999,-9999,-9999,-9999,-9999,-9999,-9999,-9999,-9999,-9999,-9999,-9999,-9999,-9999,-9999,-9999,-9999,-9999,-9999,-9999,-9999,-9999,-9999,-9999,-9999,-9999,-9999,-9999,-9999,-9999,-9999,-9999,-9999,-9999,-9999,-9999,-9999,-9999,-9999,-9999,-9999,-9999,3.90220566259813E-06,0.000103169448266272,0.000552017823792994,0.000555429258383811,0.000551371544133872,0.000545923365280032,0.000543213449418545,0.000537467305548489,0.000537015439476818,0.000537779123988003,0.000536087900400162,0.000532945326995105,0.000529700075276196,0.000525095209013671,0.000517155509442091,0.000493730418384075,0.000428081024438143,0.000265879731159657,7.90452322689816E-05,-9999,-9999,-9999,-9999,-9999,-9999,-9999,-9999,-9999,-9999,-9999,-9999,-9999,-9999,-9999
-9999,-9999,-9999,-9999,0.000136835413286462,0.000951156252995133,0.00105396984145045,0.00105820235330611,0.00104664964601398,0.00102905021049082,0.00101687165442854,0.00100751779973507,0.000675634597428143,6.88282261762652E-06,4.62245907328906E-06,-9999,-9999,-9999,-9999,-9999,-9999,-9999,-9999,-9999,-9999,-9999,-9999,-9999,-9999,-9999,-9999,-9999,-9999,-9999,-9999,-9999,-9999,-9999,-9999,-9999,-9999,-9999,-9999,-9999,-9999,-9999,-9999,-9999,-9999,-9999,-9999,-9999,-9999,-9999,-9999,-9999,-9999,-9999,-9999,-9999,-9999,-9999,-9999,-9999,-9999,-9999,-9999,-9999,-9999,-9999,-9999,-9999,-9999,-9999,-9999,-9999,-9999,-9999,-9999,-9999,-9999,-9999,-9999,-9999,-9999,-9999,-9999,-9999,-9999,-9999,-9999,-9999,-9999,-9999,-9999,-9999,-9999,3.81008794647641E-06,4.12238950957544E-05,0.000530326331499964,0.000537556537892669,0.000536307925358415,0.00052949832752347,0.000524913135450333,0.000521201291121542,0.000518914661370218,0.000519809895195067,0.000517908483743668,0.000515883089974523,0.000512830156367272,0.000508871395140886,0.000503621471580118,0.000493350147735327,0.000470619590487331,0.000393918337067589,0.000211799851967953,2.88594856101554E-05,-9999,-9999,-9999,-9999,-9999,-9999,-9999,-9999,-9999,-9999,-9999,-9999,-9999,-9999
-9999,-9999,-9999,-9999,0.000110844244773034,0.000936726049985737,0.00105215259827673,0.00105390185490251,0.00104067497886717,0.0010233239736408,0.00101223797537386,0.00100345991086215,6.85776240061386E-06,4.60617593489587E-06,3.09472648041265E-06,-9999,-9999,-9999,-9999,-9999,-9999,-9999,-9999,-9999,-9999,-9999,-9999,-9999,-9999,-9999,-9999,-9999,-9999,-9999,-9999,-9999,-9999,-9999,-9999,-9999,-9999,-9999,-9999,-9999,-9999,-9999,-9999,-9999,-9999,-9999,-9999,-9999,-9999,-9999,-9999,-9999,-9999,-9999,-9999,-9999,-9999,-9999,-9999,-9999,-9999,-9999,-9999,-9999,-9999,-9999,-9999,-9999,-9999,-9999,-9999,-9999,-9999,-9999,-9999,-9999,-9999,-9999,-9999,-9999,-9999,-9999,-9999,-9999,-9999,-9999,-9999,-9999,-9999,-9999,-9999,-9999,-9999,2.47766729444265E-06,3.65448204320273E-06,0.000502259412314743,0.000521752168424428,0.000520860601682216,0.000515527441166341,0.000507658871356398,0.000505024450831115,0.000502728973515332,0.000501151429489255,0.000500209454912692,0.00049874687101692,0.000496697379276156,0.000492988096084446,0.000487921322928742,0.000482489500427619,0.000471768958959728,0.000436276139225811,0.000315772835165262,9.84905636869371E-05,2.24188934225822E-05,-9999,-9999,-9999,-9999,-9999,-9999,-9999,-9999,-9999,-9999,-9999,-9999,-9999
-9999,-9999,-9999,-9999,5.76472739339806E-05,0.000852357421535999,0.00104677292983979,0.00105028843972832,0.00103844795376062,0.00102140160743147,0.0010099426144734,0.000998669303953648,6.84142378304387E-06,4.59286411569337E-06,-9999,-9999,-9999,-9999,-9999,-9999,-9999,-9999,-9999,-9999,-9999,-9999,-9999,-9999,-9999,-9999,-9999,-9999,-9999,-9999,-9999,-9999,-9999,-9999,-9999,-9999,-9999,-9999,-9999,-9999,-9999,-9999,-9999,-9999,-9999,-9999,-9999,-9999,-9999,-9999,-9999,-9999,-9999,-9999,-9999,-9999,-9999,-9999,-9999,-9999,-9999,-9999,-9999,-9999,-9999,-9999,-9999,-9999,-9999,-9999,-9999,-9999,-9999,-9999,-9999,-9999,-9999,-9999,-9999,-9999,-9999,-9999,-9999,-9999,-9999,-9999,-9999,-9999,-9999,-9999,-9999,-9999,-9999,2.42751002588193E-06,3.54927169610164E-06,0.000474193715490401,0.000506380514707416,0.000504991912748665,0.000502337468788028,0.000494265404995531,0.000488798075821251,0.000486533215735108,0.00048494094517082,0.000485690921777859,0.000484306510770693,0.000482428877148777,0.000478335277875885,0.00047352333785966,0.000469319056719542,0.000461988325696439,0.000439662835560739,0.000387499312637374,0.000227385724429041,4.27346785727423E-05,3.05792236758862E-05,3.1249328458216E-06,-9999,-9999,-9999,-9999,-9999,-9999,-9999,-9999,-9999,-9999,-9999
-9999,-9999,-9999,-9999,5.14941639266908E-05,0.000461790739791468,0.00102595787029713,0.00104840099811554,0.00104158581234515,0.00102880201302469,0.00101475487463176,0.00100360042415559,1.51492222357774E-05,6.83213784213876E-06,-9999,-9999,-9999,-9999,-9999,-9999,-9999,-9999,-9999,-9999,-9999,-9999,-9999,-9999,-9999,-9999,-9999,-9999,-9999,-9999,-9999,-9999,-9999,-9999,-9999,-9999,-9999,-9999,-9999,-9999,-9999,-9999,-9999,-9999,-9999,-9999,-9999,-9999,-9999,-9999,-9999,-9999,-9999,-9999,-9999,-9999,-9999,-9999,-9999,-9999,-9999,-9999,-9999,-9999,-9999,-9999,-9999,-9999,-9999,-9999,-9999,-9999,-9999,-9999,-9999,-9999,-9999,-9999,-9999,-9999,-9999,-9999,-9999,-9999,-9999,-9999,-9999,-9999,-9999,-9999,-9999,-9999,-9999,-9999,3.44393652085273E-06,0.00045289087574929,0.000491501996293664,0.000489528407342732,0.000489882717374712,0.000482363975606859,0.000475924578495324,0.000474230444524437,0.000473638530820608,0.000472320039989427,0.000471536186523736,0.000468934857053682,0.000465487973997369,0.00046116195153445,0.000457334943348542,0.000452126580057666,0.000436206115409732,0.000398066506022587,0.000299795035971329,7.04554622643627E-05,2.41995039687026E-05,-9999,-9999,-9999,-9999,-9999,-9999,-9999,-9999,-9999,-9999,-9999,-9999
-9999,-9999,-9999,-9999,5.15253595949616E-05,0.000202008974156342,0.000950527144595981,0.00104474858380854,0.0010423077037558,0.00103523419238627,0.00102365773636848,0.00101080676540732,0.000683400197885931,6.81845631333999E-06,-9999,-9999,-9999,-9999,-9999,-9999,-9999,-9999,-9999,-9999,-9999,-9999,-9999,-9999,-9999,-9999,-9999,-9999,-9999,-9999,-9999,-9999,-9999,-9999,-9999,-9999,-9999,-9999,-9999,-9999,-9999,-9999,-9999,-9999,-9999,-9999,-9999,-9999,-9999,-9999,-9999,-9999,-9999,-9999,-9999,-9999,-9999,-9999,-9999,-9999,-9999,-9999,-9999,-9999,-9999,-9999,-9999,-9999,-9999,-9999,-9999,-9999,-9999,-9999,-9999,-9999,-9999,-9999,-9999,-9999,-9999,-9999,-9999,-9999,-9999,-9999,-9999,-9999,-9999,-9999,-9999,-9999,-9999,-9999,3.36780499310407E-06,0.000406188744818792,0.000479067239211872,0.000477276742458344,0.000477550638606772,0.000473951426101848,0.000466460594907403,0.000460793176898733,0.000460892042610794,0.00045878766104579,0.000457638612715527,0.000455286441138014,0.000453114218544215,0.000449767103418708,0.000446441437816247,0.000440955453086644,0.000429296545917168,0.00039865798316896,0.000344572035828605,0.000131197564769536,2.37612875935156E-05,2.13049570447765E-05,2.15064555959543E-05,-9999,-9999,-9999,-9999,-9999,-9999,-9999,-9999,-9999,-9999
-9999,-9999,-9999,-9999,-9999,5.68346295040101E-05,0.000776295026298612,0.00103654584381729,0.00104171689599752,0.00103747891262174,0.00102888524997979,0.00101509655360132,0.000999281997792423,6.81365918353549E-06,-9999,-9999,-9999,-9999,-9999,-9999,-9999,-9999,-9999,-9999,-9999,-9999,-9999,-9999,-9999,-9999,-9999,-9999,-9999,-9999,-9999,-9999,-9999,-9999,-9999,-9999,-9999,-9999,-9999,-9999,-9999,-9999,-9999,-9999,-9999,-9999,-9999,-9999,-9999,-9999,-9999,-9999,-9999,-9999,-9999,-9999,-9999,-9999,-9999,-9999,-9999,-9999,-9999,-9999,-9999,-9999,-9999,-9999,-9999,-9999,-9999,-9999,-9999,-9999,-9999,-9999,-9999,-9999,-9999,-9999,-9999,-9999,-9999,-9999,-9999,-9999,-9999,-9999,-9999,-9999,-9999,-9999,-9999,-9999,3.312776925668E-06,0.00032127441954799,0.000464787124656141,0.000467267032945529,0.000466217199573293,0.000463589065475389,0.000456245586974546,0.000448691163910553,0.00044884262024425,0.000446593156084418,0.000445744954049587,0.000443247612565756,0.000441469310317189,0.00043897467548959,0.000435935740824789,0.000431560998549685,0.000424136116635054,0.000409775355365127,0.000327951071085408,0.000199388596229255,7.4306306487415E-05,4.99049929203466E-05,2.95935751637444E-05,2.15328436752316E-05,-9999,-9999,-9999,-9999,-9999,-9999,-9999,-9999,-9999
-9999,-9999,-9999,-9999,-9999,1.15753691716236E-05,0.000548199692275375,0.00101534847635776,0.00104093307163566,0.00103875179775059,0.00103217200376093,0.00101862486917526,0.00100182113237679,6.82342260915902E-06,-9999,-9999,-9999,-9999,-9999,-9999,-9999,-9999,-9999,-9999,-9999,-9999,-9999,-9999,-9999,-9999,-9999,-9999,-9999,-9999,-9999,-9999,-9999,-9999,-9999,-9999,-9999,-9999,-9999,-9999,-9999,-9999,-9999,-9999,-9999,-9999,-9999,-9999,-9999,-9999,-9999,-9999,-9999,-9999,-9999,-9999,-9999,-9999,-9999,-9999,-9999,-9999,-9999,-9999,-9999,-9999,-9999,-9999,-9999,-9999,-9999,-9999,-9999,-9999,-9999,-9999,-9999,-9999,-9999,-9999,-9999,-9999,-9999,-9999,-9999,-9999,-9999,-9999,-9999,-9999,-9999,-9999,-9999,-9999,3.27781754094758E-06,0.00010645086877048,0.000448616629000753,0.00045781847438775,0.000456008740002289,0.000452914799097925,0.000446579942945391,0.000439670315245166,0.000438125745858997,0.000437416776549071,0.00043555095908232,0.000432056287536398,0.000429977109888569,0.00042775270412676,0.000425109901698306,0.000422476790845394,0.000417049013776705,0.000398343079723418,0.000337700854288414,0.000279428873909637,0.000219682144233957,0.000183579657459632,5.48970274394378E-05,2.1045190806035E-05,-9999,-9999,-9999,-9999,-9999,-9999,-9999,-9999,-9999
-9999,-9999,-9999,-9999,-9999,7.11631628291798E-06,0.000394483417039737,0.00101379828993231,0.00103981338907033,0.00103962712455541,0.00103438075166196,0.00102073070593178,0.000993812223896384,6.83734106132761E-06,-9999,-9999,-9999,-9999,-9999,-9999,-9999,-9999,-9999,-9999,-9999,-9999,-9999,-9999,-9999,-9999,-9999,-9999,-9999,-9999,-9999,-9999,-9999,-9999,-9999,-9999,-9999,-9999,-9999,-9999,-9999,-9999,-9999,-9999,-9999,-9999,-9999,-9999,-9999,-9999,-9999,-9999,-9999,-9999,-9999,-9999,-9999,-9999,-9999,-9999,-9999,-9999,-9999,-9999,-9999,-9999,-9999,-9999,-9999,-9999,-9999,-9999,-9999,-9999,-9999,-9999,-9999,-9999,-9999,-9999,-9999,-9999,-9999,-9999,-9999,-9999,-9999,-9999,-9999,-9999,-9999,-9999,-9999,-9999,-9999,3.16486011797679E-06,0.00043487103539519,0.000446562800789252,0.000447050639195368,0.0004431790439412,0.000437213107943535,0.000430045707616955,0.000428308238042518,0.000427932071033865,0.000425539794377983,0.000422497949330136,0.000419677584432065,0.000417645263951272,0.000415013899328187,0.000412773690186441,0.000409636326367036,0.000396393676055595,0.000379882549168542,0.00035691584344022,0.000304923742078245,0.000192568157217465,7.25341815268621E-05,2.04894222406438E-05,-9999,-9999,-9999,-9999,-9999,-9999,-9999,-9999,-9999
-9999,-9999,-9999,-9999,-9999,-9999,0.000239552216953598,0.00101612915750593,0.00103856227360666,0.00104000035207719,0.00103425502311438,0.00101867062039673,0.0010072304867208,-9999,-9999,-9999,-9999,-9999,-9999,-9999,-9999,-9999,-9999,-9999,-9999,-9999,-9999,-9999,-9999,-9999,-9999,-9999,-9999,-9999,-9999,-9999,-9999,-9999,-9999,-9999,-9999,-9999,-9999,-9999,-9999,-9999,-9999,-9999,-9999,-9999,-9999,-9999,-9999,-9999,-9999,-9999,-9999,-9999,-9999,-9999,-9999,-9999,-9999,-9999,-9999,-9999,-9999,-9999,-9999,-9999,-9999,-9999,-9999,-9999,-9999,-9999,-9999,-9999,-9999,-9999,-9999,-9999,-9999,-9999,-9999,-9999,-9999,-9999,-9999,-9999,-9999,-9999,-9999,-9999,-9999,-9999,-9999,-9999,-9999,3.10749942400435E-06,0.000402788486098871,0.000436609261669219,0.000439129857113585,0.000435736321378499,0.000430122599937022,0.000423727091401815,0.000420511874835938,0.000419098883867264,0.000415972666814923,0.000413177331211045,0.000410300330258906,0.000407633982831612,0.000405141967348754,0.00040304590947926,0.000402010889956728,0.000398756877984852,0.000391196052078158,0.000365293934009969,0.00031753521761857,0.000237137166550383,0.000122245764941908,2.48682645178633E-05,-9999,-9999,-9999,-9999,-9999,-9999,-9999,-9999,-9999
-9999,-9999,-9999,-9999,-9999,-9999,0.00018023706797976,0.00101656303741038,0.00103990733623505,0.00103972747456282,0.00103101937565953,0.00101540912874043,0.00099834892898798,-9999,-9999,-9999,-9999,-9999,-9999,-9999,-9999,-9999,-9999,-9999,-9999,-9999,-9999,-9999,-9999,-9999,-9999,-9999,-9999,-9999,-9999,-9999,-9999,-9999,-9999,-9999,-9999,-9999,-9999,-9999,-9999,-9999,-9999,-9999,-9999,-9999,-9999,-9999,-9999,-9999,-9999,-9999,-9999,-9999,-9999,-9999,-9999,-9999,-9999,-9999,-9999,-9999,-9999,-9999,-9999,-9999,-9999,-9999,-9999,-9999,-9999,-9999,-9999,-9999,-9999,-9999,-9999,-9999,-9999,-9999,-9999,-9999,-9999,-9999,-9999,-9999,-9999,-9999,-9999,-9999,-9999,-9999,-9999,-9999,-9999,3.06173046737968E-06,0.000265118957031518,0.000429274165071547,0.000431860913522542,0.000428300001658499,0.000422665529185906,0.000417235540226102,0.000412073888583109,0.000411484477808699,0.000408211082685739,0.00040525896474719,0.000402216392103583,0.000399722077418119,0.000397087424062192,0.000394943228457123,0.00039391647442244,0.00039264460792765,0.000387900858186185,0.000375175470253453,0.000345809326972812,0.000266364339040592,0.000186352146556601,4.63665528513957E-05,2.41122070292477E-05,1.92880543181673E-05,-9999,-9999,-9999,-9999,-9999,-9999,-9999
-9999,-9999,-9999,-9999,-9999,-9999,0.000286436057649553,0.001032619853504,0.00104308035224676,0.00103839195799083,0.00102662341669202,0.00101160421036184,0.000916688703000546,-9999,-9999,-9999,-9999,-9999,-9999,-9999,-9999,-9999,-9999,-9999,-9999,-9999,-9999,-9999,-9999,-9999,-9999,-9999,-9999,-9999,-9999,-9999,-9999,-9999,-9999,-9999,-9999,-9999,-9999,-9999,-9999,-9999,-9999,-9999,-9999,-9999,-9999,-9999,-9999,-9999,-9999,-9999,-9999,-9999,-9999,-9999,-9999,-9999,-9999,-9999,-9999,-9999,-9999,-9999,-9999,-9999,-9999,-9999,-9999,-9999,-9999,-9999,-9999,-9999,-9999,-9999,-9999,-9999,-9999,-9999,-9999,-9999,-9999,-9999,-9999,-9999,-9999,-9999,-9999,-9999,-9999,-9999,-9999,-9999,-9999,3.02370222016179E-06,1.78065292857355E-05,0.00042259055771865,0.000423559249611571,0.000420651602325961,0.000414561771322042,0.000408982887165621,0.000404497084673494,0.000403293845010921,0.000401472963858396,0.00039853755151853,0.000395036622649059,0.000392140238545835,0.000389905355405062,0.000388247572118416,0.000386576866731048,0.000385972496587783,0.000382169790100306,0.000372634269297123,0.000349785957951099,0.000308041868265718,0.000218426837818697,8.28338088467717E-05,4.09864478569943E-05,2.96277466986794E-05,1.88678550330224E-05,-9999,-9999,-9999,-9999,-9999,-9999
-9999,-9999,-9999,-9999,-9999,-9999,-9999,-9999,-9999,-9999,-9999,-9999,-9999,-9999,-9999,-9999,-9999,-9999,-9999,-9999,-9999,-9999,-9999,-9999,-9999,-9999,-9999,-9999,-9999,-9999,-9999,-9999,-9999,-9999,-9999,-9999,-9999,-9999,-9999,-9999,-9999,-9999,-9999,-9999,-9999,-9999,-9999,-9999,-9999,-9999,-9999,-9999,-9999,-9999,-9999,-9999,-9999,-9999,-9999,-9999,-9999,-9999,-9999,-9999,-9999,-9999,-9999,-9999,-9999,-9999,-9999,-9999,-9999,-9999,-9999,-9999,-9999,-9999,-9999,-9999,-9999,-9999,-9999,-9999,-9999,-9999,-9999,-9999,-9999,-9999,-9999,-9999,-9999,-9999,-9999,-9999,-9999,-9999,-9999,-9999,2.91210562863853E-06,0.000404938706196845,0.000415189453633502,0.000412899680668488,0.000407605955842882,0.000402121018851176,0.00039741164073348,0.000396354123950005,0.000395662151277065,0.000392021174775437,0.000388675689464435,0.000385905033908784,0.000383092556148767,0.000381718389689922,0.00038026412948966,0.000379437726223841,0.000378097407519817,0.000372914510080591,0.000358662015059963,0.000324750260915607,0.000237540865782648,0.000126061611808836,8.14174054539762E-05,6.07678848609794E-05,3.22927407978568E-05,1.83727279363666E-05,-9999,-9999,-9999,-9999,-9999
-9999,-9999,-9999,-9999,-9999,-9999,-9999,-9999,-9999,-9999,-9999,-9999,-9999,-9999,-9999,-9999,-9999,-9999,-9999,-9999,-9999,-9999,-9999,-9999,-9999,-9999,-9999,-9999,-9999,-9999,-9999,-9999,-9999,-9999,-9999,-9999,-9999,-9999,-9999,-9999,-9999,-9999,-9999,-9999,-9999,-9999,-9999,-9999,-9999,-9999,-9999,-9999,-9999,-9999,-9999,-9999,-9999,-9999,-9999,-9999,-9999,-9999,-9999,-9999,-9999,-9999,-9999,-9999,-9999,-9999,-9999,-9999,-9999,-9999,-9999,-9999,-9999,-9999,-9999,-9999,-9999,-9999,-9999,-9999,-9999,-9999,-9999,-9999,-9999,-9999,-9999,-9999,-9999,-9999,-9999,-9999,-9999,-9999,-9999,-9999,2.86339059130114E-06,0.00030589837115258,0.000408713152864948,0.00040505695505999,0.000400574819650501,0.000394994538510218,0.000389869586797431,0.000390033441362903,0.000389439199352637,0.000385913968784735,0.00038180808769539,0.000379392557078972,0.000376353127649054,0.0003754002682399,0.000374559604097158,0.000375034287571907,0.000374113995349035,0.000370907568139955,0.000355914235115051,0.000319680897518992,0.000244568538619205,0.000155549743794836,0.00011422201350797,6.60629011690617E-05,4.38060560554732E-05,2.02665141841862E-05,1.79371108970372E-05,-9999,-9999,-9999,-9999
-9999,-9999,-9999,-9999,-9999,-9999,-9999,-9999,-9999,-9999,-9999,-9999,-9999,-9999,-9999,-9999,-9999,-9999,-9999,-9999,-9999,-9999,-9999,-9999,-9999,-9999,-9999,-9999,-9999,-9999,-9999,-9999,-9999,-9999,-9999,-9999,-9999,-9999,-9999,-9999,-9999,-9999,-9999,-9999,-9999,-9999,-9999,-9999,-9999,-9999,-9999,-9999,-9999,-9999,-9999,-9999,-9999,-9999,-9999,-9999,-9999,-9999,-9999,-9999,-9999,-9999,-9999,-9999,-9999,-9999,-9999,-9999,-9999,-9999,-9999,-9999,-9999,-9999,-9999,-9999,-9999,-9999,-9999,-9999,-9999,-9999,-9999,-9999,-9999,-9999,-9999,-9999,-9999,-9999,-9999,-9999,-9999,-9999,-9999,-9999,2.82942869489489E-06,7.22881486581173E-06,0.000402981560910121,0.000398025556933135,0.000393911497667432,0.000388086744351313,0.00038391406997107,0.0003841906436719,0.000383435195544735,0.000380331242922693,0.00037617061752826,0.000373569782823324,0.000370490772183985,0.000369217188563198,0.000369142362615094,0.000369664368918166,0.000367369735613465,0.000363021768862382,0.000351614318788052,0.00031488377135247,0.000260603905189782,0.000197280111024156,0.000142284785397351,8.63734894664958E-05,4.78595575259533E-05,2.49181302933721E-05,1.76906778506236E-05,-9999,-9999,-9999,-9999
-9999,-9999,-9999,-9999,-9999,-9999,-9999,-9999,-9999,-9999,-9999,-9999,-9999,-9999,-9999,-9999,-9999,-9999,-9999,-9999,-9999,-9999,-9999,-9999,-9999,-9999,-9999,-9999,-9999,-9999,-9999,-9999,-9999,-9999,-9999,-9999,-9999,-9999,-9999,-9999,-9999,-9999,-9999,-9999,-9999,-9999,-9999,-9999,-9999,-9999,-9999,-9999,-9999,-9999,-9999,-9999,-9999,-9999,-9999,-9999,-9999,-9999,-9999,-9999,-9999,-9999,-9999,-9999,-9999,-9999,-9999,-9999,-9999,-9999,-9999,-9999,-9999,-9999,-9999,-9999,-9999,-9999,-9999,-9999,-9999,-9999,-9999,-9999,-9999,-9999,-9999,-9999,-9999,-9999,-9999,-9999,-9999,-9999,-9999,-9999,-9999,2.75357865575643E-06,0.000369654764654115,0.00039068260230124,0.000387073087040335,0.000381760008167475,0.000378631229978055,0.000378037628252059,0.000377502030460164,0.00037486499059014,0.000370339199434966,0.000367530738003552,0.000364612555131316,0.000362820399459451,0.000362565071554855,0.000363554281648248,0.000364234641892835,0.000362240913091227,0.000349393871147186,0.000316164165269583,0.000265754788415506,0.000226791016757488,0.000161494986969046,8.51434451760724E-05,5.21384354215115E-05,2.43889135163045E-05,1.71197389136069E-05,-9999,-9999,1.49127517943271E-05,1.48563076436403E-05
-9999,-9999,-9999,-9999,-9999,-9999,-9999,-9999,-9999,-9999,-9999,-9999,-9999,-9999,-9999,-9999,-9999,-9999,-9999,-9999,-9999,-9999,-9999,-9999,-9999,-9999,-9999,-9999,-9999,-9999,-9999,-9999,-9999,-9999,-9999,-9999,-9999,-9999,-9999,-9999,-9999,-9999,-9999,-9999,-9999,-9999,-9999,-9999,-9999,-9999,-9999,-9999,-9999,-9999,-9999,-9999,-9999,-9999,-9999,-9999,-9999,-9999,-9999,-9999,-9999,-9999,-9999,-9999,-9999,-9999,-9999,-9999,-9999,-9999,-9999,-9999,-9999,-9999,-9999,-9999,-9999,-9999,-9999,-9999,-9999,-9999,-9999,-9999,-9999,-9999,-9999,-9999,-9999,-9999,-9999,-9999,-9999,-9999,-9999,-9999,-9999,-9999,1.93458126886981E-05,0.000391007342841476,0.000381900696083903,0.000377638585632667,0.000374751631170511,0.000374001159798354,0.000372318929294124,0.000368785724276677,0.000364509993232787,0.000361644895747304,0.000359033118002117,0.000357492303010076,0.000356732867658138,0.000357288517989218,0.00035756966099143,0.000355171738192439,0.000342229439411312,0.00032626127358526,0.000293509947368875,0.000233785394812003,0.000159494782565162,0.000100182776805013,4.60667288280092E-05,2.637734360178E-05,1.63141030498082E-05,1.55277775775176E-05,1.51328167703468E-05,1.48537174027297E-05,1.63320037245285E-05
-9999,-9999,-9999,-9999,-9999,-9999,-9999,-9999,-9999,-9999,-9999,-9999,-9999,-9999,-9999,-9999,-9999,-9999,-9999,-9999,-9999,-9999,-9999,-9999,-9999,-9999,-9999,-9999,-9999,-9999,-9999,-9999,-9999,-9999,-9999,-9999,-9999,-9999,-9999,-9999,-9999,-9999,-9999,-9999,-9999,-9999,-9999,-9999,-9999,-9999,-9999,-9999,-9999,-9999,-9999,-9999,-9999,-9999,-9999,-9999,-9999,-9999,-9999,-9999,-9999,-9999,-9999,-9999,-9999,-9999,-9999,-9999,-9999,-9999,-9999,-9999,-9999,-9999,-9999,-9999,-9999,-9999,-9999,-9999,-9999,-9999,-9999,-9999,-9999,-9999,-9999,-9999,-9999,-9999,-9999,-9999,-9999,-9999,-9999,-9999,-9999,-9999,-9999,0.000269844749709591,0.000383194274036214,0.000375010422430933,0.000373482092982158,0.000371296016965061,0.000369247631169856,0.000364703533705324,0.000360106991138309,0.000356473552528769,0.000353995565092191,0.000352592149283737,0.000352349336026236,0.000351588678313419,0.000350323680322617,0.000347772293025628,0.000337470730300993,0.000325793167576194,0.000296452344628051,0.000240558307268657,0.00017854871111922,8.22495348984376E-05,4.02619989472441E-05,2.26839110837318E-05,1.7585280147614E-05,1.52626089402474E-05,1.66122499649646E-05,1.80618608283112E-05,0.000146428370499052
-9999,-9999,-9999,-9999,-9999,-9999,-9999,-9999,-9999,-9999,-9999,-9999,-9999,-9999,-9999,-9999,-9999,-9999,-9999,-9999,-9999,-9999,-9999,-9999,-9999,-9999,-9999,-9999,-9999,-9999,-9999,-9999,-9999,-9999,-9999,-9999,-9999,-9999,-9999,-9999,-9999,-9999,-9999,-9999,-9999,-9999,-9999,-9999,-9999,-9999,-9999,-9999,-9999,-9999,-9999,-9999,-9999,-9999,-9999,-9999,-9999,-9999,-9999,-9999,-9999,-9999,-9999,-9999,-9999,-9999,-9999,-9999,-9999,-9999,-9999,-9999,-9999,-9999,-9999,-9999,-9999,-9999,-9999,-9999,-9999,-9999,-9999,-9999,-9999,-9999,-9999,-9999,-9999,-9999,-9999,-9999,-9999,-9999,-9999,-9999,-9999,-9999,-9999,2.62600519818079E-06,0.000268774194410071,0.000383640406653285,0.00037528810207732,0.000371316156815737,0.000368056207662448,0.000363134720828384,0.000358356541255489,0.000354754010913894,0.000352231087163091,0.000350140413502231,0.000348183268215507,0.000346571410773322,0.000342928542522714,0.000337524630594999,0.000333478732500225,0.000309303635731339,0.000272096716798842,0.000197307497728616,0.000105809769593179,3.21562692988664E-05,1.99651640286902E-05,1.93582563952077E-05,2.10931830224581E-05,2.06053100555437E-05,3.43727588187903E-05,0.000294855650281534,0.000297789985779673
-9999,-9999,-9999,-9999,-9999,-9999,-9999,-9999,-9999,-9999,-9999,-9999,-9999,-9999,-9999,-9999,-9999,-9999,-9999,-9999,-9999,-9999,-9999,-9999,-9999,-9999,-9999,-9999,-9999,-9999,-9999,-9999,-9999,-9999,-9999,-9999,-9999,-9999,-9999,-9999,-9999,-9999,-9999,-9999,-9999,-9999,-9999,-9999,-9999,-9999,-9999,-9999,-9999,-9999,-9999,-9999,-9999,-9999,-9999,-9999,-9999,-9999,-9999,-9999,-9999,-9999,-9999,-9999,-9999,-9999,-9999,-9999,-9999,-9999,-9999,-9999,-9999,-9999,-9999,-9999,-9999,-9999,-9999,-9999,-9999,-9999,-9999,-9999,-9999,-9999,-9999,-9999,-9999,-9999,-9999,-9999,-9999,-9999,-9999,-9999,-9999,-9999,-9999,-9999,2.60247793448798E-06,2.59345779340947E-06,0.000354066520230845,0.000374994007870555,0.000366612570360303,0.000362197519280016,0.000357695942511782,0.000354309187969193,0.000331064802594483,0.000274841848295182,0.000342740211635828,0.000331280723912641,0.000279264902928844,0.000232623860938475,0.000214278014027514,0.000183060401468538,9.5224182587117E-05,3.51597191183828E-05,1.78307509486331E-05,1.55822854139842E-05,2.63115507550538E-05,4.34055473306216E-05,0.000156587295350619,0.000295591133181006,0.000298902654321864,0.000299215782433748,0.000294975005090237
-9999,-9999,-9999,-9999,-9999,-9999,-9999,-9999,-9999,-9999,-9999,-9999,-9999,-9999,-9999,-9999,-9999,-9999,-9999,-9999,-9999,-9999,-9999,-9999,-9999,-9999,-9999,-9999,-9999,-9999,-9999,-9999,-9999,-9999,-9999,-9999,-9999,-9999,-9999,-9999,-9999,-9999,-9999,-9999,-9999,-9999,-9999,-9999,-9999,-9999,-9999,-9999,-9999,-9999,-9999,-9999,-9999,-9999,-9999,-9999,-9999,-9999,-9999,-9999,-9999,-9999,-9999,-9999,-9999,-9999,-9999,-9999,-9999,-9999,-9999,-9999,-9999,-9999,-9999,-9999,-9999,-9999,-9999,-9999,-9999,-9999,-9999,-9999,-9999,-9999,-9999,-9999,-9999,-9999,-9999,-9999,-9999,-9999,-9999,-9999,-9999,-9999,-9999,-9999,-9999,-9999,2.5608849227865E-06,1.2789817446901E-05,0.000371720496332273,0.000365944724762812,0.000359057943569496,0.000354770309058949,0.000336048047756776,0.000335875811288133,0.000318892620271072,0.000248380063567311,0.000180197341251187,0.00011060647375416,4.31993394158781E-05,6.37158591416664E-05,3.78542390535586E-05,5.00464084325358E-05,0.000161441828822717,0.000303600099869072,0.00030484382295981,0.000304661894915625,0.000302671396639198,0.000298765720799565,0.000295505888061598,0.000283113622572273,0.000146811653394252
-9999,-9999,-9999,-9999,-9999,-9999,-9999,-9999,-9999,-9999,-9999,-9999,-9999,-9999,-9999,-9999,-9999,-9999,-9999,-9999,-9999,-9999,-9999,-9999,-9999,-9999,-9999,-9999,-9999,-9999,-9999,-9999,-9999,-9999,-9999,-9999,-9999,-9999,-9999,-9999,-9999,-9999,-9999,-9999,-9999,-9999,-9999,-9999,-9999,-9999,-9999,-9999,-9999,-9999,-9999,-9999,-9999,-9999,-9999,-9999,-9999,-9999,-9999,-9999,-9999,-9999,-9999,-9999,-9999,-9999,-9999,-9999,-9999,-9999,-9999,-9999,-9999,-9999,-9999,-9999,-9999,-9999,-9999,-9999,-9999,-9999,-9999,-9999,-9999,-9999,-9999,-9999,-9999,-9999,-9999,-9999,-9999,-9999,-9999,-9999,-9999,-9999,-9999,-9999,-9999,-9999,-9999,-9999,2.49930553763988E-06,1.00872794064344E-05,0.000353416166035458,0.000361761165549979,0.000358085875632241,0.000354668009094894,0.000350371061358601,0.000345907494192943,0.000340701197274029,0.000336364406393841,0.000331357790855691,0.000326090957969427,0.000320635415846482,0.000316895282594487,0.00031362078152597,0.000309567898511887,0.000305125606246293,0.000301552790915594,0.000296015292406082,0.00027627480449155,0.000164342476637103,1.13894620881183E-05,-9999
-9999,-9999,-9999,-9999,-9999,-9999,-9999,-9999,-9999,-9999,-9999,-9999,-9999,-9999,-9999,-9999,-9999,-9999,-9999,-9999,-9999,-9999,-9999,-9999,-9999,-9999,-9999,-9999,-9999,-9999,-9999,-9999,-9999,-9999,-9999,-9999,-9999,-9999,-9999,-9999,-9999,-9999,-9999,-9999,-9999,-9999,-9999,-9999,-9999,-9999,-9999,-9999,-9999,-9999,-9999,-9999,-9999,-9999,-9999,-9999,-9999,-9999,-9999,-9999,-9999,-9999,-9999,-9999,-9999,-9999,-9999,-9999,-9999,-9999,-9999,-9999,-9999,-9999,-9999,-9999,-9999,-9999,-9999,-9999,-9999,-9999,-9999,-9999,-9999,-9999,-9999,-9999,-9999,-9999,-9999,-9999,-9999,-9999,-9999,-9999,-9999,-9999,-9999,-9999,-9999,-9999,-9999,-9999,-9999,-9999,2.45754677052901E-06,2.44800321524963E-06,2.43380213760247E-06,2.41395355260465E-06,9.9145627245889E-06,1.38451414386509E-05,2.32849606618402E-06,2.28696012527507E-06,2.24407699533913E-06,4.19930302086868E-06,1.31718206830556E-05,5.68516807106789E-05,0.000116556846478488,0.000127422114019282,2.90834923362127E-05,2.07821176445577E-06,2.06627805710013E-06,2.0592831333488E-06,-9999,-9999,-9999
-9999,-9999,-9999,-9999,-9999,-9999,-9999,-9999,-9999,-9999,-9999,-9999,-9999,-9999,-9999,-9999,-9999,-9999,-9999,-9999,-9999,-9999,-9999,-9999,-9999,-9999,-9999,-9999,-9999,-9999,-9999,-9999,-9999,-9999,-9999,-9999,-9999,-9999,-9999,-9999,-9999,-9999,-9999,-9999,-9999,-9999,-9999,-9999,-9999,-9999,-9999,-9999,-9999,-9999,-9999,-9999,-9999,-9999,-9999,-9999,-9999,-9999,-9999,-9999,-9999,-9999,-9999,-9999,-9999,-9999,-9999,-9999,-9999,-9999,-9999,-9999,-9999,-9999,-9999,-9999,-9999,-9999,-9999,-9999,-9999,-9999,-9999,-9999,-9999,-9999,-9999,-9999,-9999,-9999,-9999,-9999,-9999,-9999,-9999,-9999,-9999,-9999,-9999,-9999,-9999,-9999,-9999,-9999,-9999,-9999,-9999,-9999,-9999,-9999,-9999,-9999,-9999,-9999,-9999,-9999,-9999,-9999,-9999,-9999,-9999,-9999,-9999,-9999,-9999,-9999,-9999
-9999,-9999,-9999,-9999,-9999,-9999,-9999,-9999,-9999,-9999,-9999,-9999,-9999,-9999,-9999,-9999,-9999,-9999,-9999,-9999,-9999,-9999,-9999,-9999,-9999,-9999,-9999,-9999,-9999,-9999,-9999,-9999,-9999,-9999,-9999,-9999,-9999,-9999,-9999,-9999,-9999,-9999,-9999,-9999,-9999,-9999,-9999,-9999,-9999,-9999,-9999,-9999,-9999,-9999,-9999,-9999,-9999,-9999,-9999,-9999,-9999,-9999,-9999,-9999,-9999,-9999,-9999,-9999,-9999,-9999,-9999,-9999,-9999,-9999,-9999,-9999,-9999,-9999,-9999,-9999,-9999,-9999,-9999,-9999,-9999,-9999,-9999,-9999,-9999,-9999,-9999,-9999,-9999,-9999,-9999,-9999,-9999,-9999,-9999,-9999,-9999,-9999,-9999,-9999,-9999,-9999,-9999,-9999,-9999,-9999,-9999,-9999,-9999,-9999,-9999,-9999,-9999,-9999,-9999,-9999,-9999,-9999,-9999,-9999,-9999,-9999,-9999,-9999,-9999,-9999,-9999

Step,193
Year,16.08333
-9999,-9999,-9999,-9999,-9999,-9999,-9999,-9999,-9999,-9999,-9999,-9999,-9999,-9999,-9999,-9999,-9999,-9999,-9999,-9999,-9999,-9999,-9999,-9999,-9999,-9999,-9999,-9999,-9999,-9999,-9999,-9999,-9999,-9999,-9999,-9999,-9999,-9999,-9999,-9999,-9999,-9999,-9999,-9999,-9999,-9999,-9999,-9999,-9999,-9999,-9999,-9999,-9999,-9999,-9999,-9999,-9999,-9999,-9999,-9999,-9999,-9999,-9999,-9999,-9999,-9999,-9999,-9999,-9999,-9999,-9999,-9999,-9999,-9999,-9999,-9999,-9999,-9999,-9999,-9999,-9999,-9999,-9999,-9999,-9999,-9999,-9999,-9999,-9999,-9999,-9999,-9999,-9999,-9999,-9999,-9999,-9999,-9999,-9999,-9999,-9999,-9999,-9999,-9999,-9999,-9999,-9999,-9999,-9999,-9999,-9999,-9999,-9999,-9999,-9999,-9999,-9999,-9999,-9999,-9999,-9999,-9999,-9999,-9999,-9999,-9999,-9999,-9999,-9999,-9999,-9999
-9999,-9999,-9999,-9999,-9999,-9999,-9999,-9999,-9999,-9999,-9999,-9999,-9999,-9999,-9999,-9999,-9999,-9999,-9999,-9999,-9999,-9999,-9999,-9999,-9999,-9999,-9999,-9999,-9999,-9999,-9999,-9999,-9999,-9999,-9999,-9999,-9999,-9999,-9999,-9999,-9999,-9999,-9999,-9999,-9999,-9999,-9999,-9999,-9999,-9999,-9999,-9999,-9999,-9999,-9999,-9999,-9999,-9999,-9999,-9999,-9999,-9999,-9999,-9999,-9999,-9999,-9999,-9999,-9999,-9999,-9999,-9999,-9999,-9999,-9999,-9999,-9999,-9999,-9999,-9999,-9999,-9999,-9999,-9999,-9999,-9999,-9999,-9999,-9999,-9999,-9999,-9999,-9999,-9999,-9999,-9999,-9999,-9999,-9999,-9999,-9999,-9999,-9999,-9999,-9999,-9999,-9999,-9999,-9999,-9999,-9999,-9999,-9999,-9999,-9999,-9999,-9999,-9999,-9999,-9999,-9999,-9999,-9999,-9999,-9999,-9999,-9999,-9999,-9999,-9999,-9999
-9999,-9999,-9999,-9999,-9999,-9999,-9999,-9999,-9999,-9999,-9999,-9999,-9999,-9999,-9999,-9999,-9999,-9999,-9999,-9999,-9999,-9999,-9999,-9999,-9999,-9999,-9999,-9999,-9999,-9999,-9999,-9999,-9999,-9999,-9999,-9999,-9999,-9999,-9999,-9999,-9999,-9999,-9999,-9999,-9999,-9999,-9999,-9999,-9999,-9999,-9999,-9999,-9999,-9999,-9999,-9999,-9999,-9999,-9999,-9999,-9999,-9999,-9999,-9999,-9999,-9999,-9999,-9999,-9999,-9999,-9999,-9999,-9999,-9999,2.67519635599456E-06,3.97912617700058E-06,-9999,-9999,-9999,-9999,-9999,-9999,-9999,-9999,-9999,-9999,-9999,-9999,-9999,-9999,-9999,-9999,-9999,-9999,-9999,-9999,-9999,-9999,-9999,-9999,-9999,-9999,-9999,-9999,-9999,-9999,-9999,-9999,-9999,-9999,-9999,-9999,-9999,-9999,-9999,-9999,-9999,-9999,-9999,-9999,-9999,-9999,-9999,-9999,-9999,-9999,-9999,-9999,-9999,-9999,-9999
-9999,-9999,-9999,-9999,-9999,-9999,-9999,-9999,-9999,-9999,-9999,-9999,-9999,-9999,-9999,-9999,-9999,-9999,-9999,-9999,-9999,-9999,-9999,-9999,-9999,-9999,-9999,-9999,-9999,-9999,-9999,-9999,-9999,-9999,-9999,-9999,-9999,-9999,-9999,-9999,-9999,-9999,-9999,-9999,-9999,-9999,-9999,-9999,-9999,-9999,-9999,-9999,-9999,-9999,-9999,-9999,-9999,-9999,-9999,-9999,-9999,-9999,-9999,-9999,-9999,-9999,-9999,-9999,-9999,-9999,-9999,-9999,-9999,-9999,3.85118073609192E-06,5.69902613278828E-06,-9999,-9999,-9999,-9999,-9999,-9999,-9999,-9999,-9999,-9999,-9999,-9999,-9999,-9999,-9999,-9999,-9999,-9999,-9999,-9999,-9999,-9999,-9999,-9999,-9999,-9999,-9999,-9999,-9999,-9999,-9999,-9999,-9999,-9999,-9999,-9999,-9999,-9999,-9999,-9999,-9999,-9999,-9999,-9999,-9999,-9999,-9999,-9999,-9999,-9999,-9999,-9999,-9999,-9999,-9999
-9999,-9999,-9999,-9999,-9999,-9999,-9999,-9999,-9999,-9999,-9999,-9999,-9999,-9999,-9999,-9999,-9999,-9999,-9999,-9999,-9999,-9999,-9999,-9999,-9999,-9999,-9999,-9999,-9999,-9999,-9999,-9999,-9999,-9999,-9999,-9999,-9999,-9999,-9999,-9999,-9999,-9999,-9999,-9999,-9999,-9999,-9999,-9999,-9999,-9999,-9999,-9999,-9999,-9999,-9999,-9999,2.41037213299933E-07,3.50795204440146E-07,5.02745592712017E-07,7.1867265205583E-07,-9999,-9999,-9999,-9999,-9999,4.84518841403769E-06,4.66950768895913E-06,6.60624709780677E-06,6.41464066575281E-06,4.12875670008361E-06,5.89343608226045E-06,2.93916964437813E-05,3.94010567106307E-05,3.89953347621486E-05,5.49021478946088E-06,2.81448537862161E-05,3.6412264307728E-05,-9999,-9999,3.39690159307793E-05,5.25679897691589E-05,4.59514812973794E-05,4.65845951111987E-05,0.000119608666864224,0.000159073359100148,0.000145237980177626,0.00014549920160789,8.88420108822174E-05,4.18059389630798E-05,-9999,-9999,-9999,-9999,-9999,-9999,-9999,-9999,-9999,-9999,-9999,-9999,-9999,-9999,-9999,-9999,-9999,-9999,-9999,-9999,-9999,-9999,-9999,-9999,-9999,-9999,-9999,-9999,-9999,-9999,-9999,-9999,-9999,-9999,-9999,-9999,-9999,-9999,-9999,-9999,-9999,-9999
-9999,-9999,-9999,-9999,-9999,-9999,-9999,-9999,-9999,-9999,-9999,-9999,-9999,-9999,-9999,-9999,-9999,-9999,-9999,-9999,-9999,-9999,-9999,-9999,-9999,-9999,-9999,-9999,-9999,-9999,-9999,-9999,-9999,-9999,-9999,-9999,-9999,-9999,-9999,-9999,-9999,-9999,-9999,-9999,-9999,-9999,-9999,-9999,-9999,-9999,-9999,-9999,-9999,-9999,-9999,2.48485378051555E-07,3.64410226438849E-07,5.28458940607379E-07,7.49791468024341E-07,1.03806746665214E-06,1.42505291478301E-06,2.01575494429562E-06,-9999,8.04815863375552E-06,2.16792614082806E-05,7.24536903362605E-06,6.79826553096063E-06,5.04515846841969E-05,5.09341807628516E-05,5.96110703554587E-06,5.75987542106304E-06,6.63594109937549E-05,8.39925342006609E-05,7.44567369110882E-05,6.54483010293916E-05,6.43998719169758E-05,4.97280416311696E-05,5.50085314898752E-05,9.14997217478231E-05,0.000161956602823921,0.000385180581361055,0.000588526949286461,0.00065179355442524,0.000650310714263469,0.000654520641546696,0.000659398967400193,0.000664844759739935,0.000672836205922067,0.000647751672659069,0.000341562670655549,0.000144946432556026,-9999,-9999,-9999,-9999,-9999,-9999,-9999,-9999,-9999,-9999,-9999,-9999,-9999,-9999,-9999,-9999,-9999,-9999,-9999,-9999,-9999,-9999,-9999,-9999,-9999,-9999,-9999,-9999,-9999,-9999,-9999,-9999,-9999,-9999,-9999,-9999,-9999,-9999,-9999,-9999
-9999,-9999,-9999,-9999,-9999,-9999,-9999,-9999,-9999,-9999,-9999,-9999,-9999,-9999,-9999,-9999,-9999,-9999,-9999,-9999,-9999,-9999,-9999,-9999,-9999,-9999,-9999,-9999,-9999,-9999,-9999,-9999,-9999,-9999,-9999,-9999,-9999,-9999,-9999,-9999,-9999,-9999,-9999,-9999,-9999,-9999,-9999,-9999,-9999,-9999,-9999,-9999,-9999,-9999,-9999,3.72493133227181E-07,5.49538867744559E-07,8.03538966920314E-07,1.14037402454414E-06,1.56328928824223E-06,2.09688164432009E-06,2.81620623354684E-06,3.85247039957903E-06,5.38039012099034E-06,7.53632230043877E-06,4.35858237324283E-05,7.55863220547326E-05,0.000190430233487859,0.000307190814055502,0.000440955569501966,0.000501934089697897,0.000446906866272911,0.000549375195987523,0.000611950235906988,0.000490057282149792,0.000481208087876439,0.000451357569545507,0.000482236675452441,0.000649294466711581,0.00066256511490792,0.000671146437525749,0.000675273593515158,0.000678444455843419,0.000678977172356099,0.000679352786391973,0.0006807996542193,0.000683511490933597,0.000686176295857877,0.000686820887494832,0.000683638849295676,0.000671835849061608,0.000557824736461043,0.000132747169118375,-9999,-9999,-9999,-9999,-9999,-9999,-9999,-9999,-9999,4.21203258156311E-05,4.21189797634725E-05,4.21727236243896E-05,-9999,-9999,-9999,-9999,-9999,-9999,-9999,-9999,-9999,-9999,-9999,-9999,-9999,-9999,-9999,-9999,-9999,-9999,-9999,-9999,-9999,-9999,-9999,-9999,-9999,-9999
-9999,-9999,-9999,-9999,-9999,-9999,-9999,-9999,-9999,-9999,-9999,-9999,-9999,-9999,-9999,-9999,-9999,-9999,-9999,-9999,-9999,-9999,-9999,-9999,-9999,-9999,-9999,-9999,-9999,-9999,-9999,2.03462786885211E-05,-9999,-9999,-9999,6.25932370894589E-05,-9999,-9999,-9999,-9999,-9999,-9999,-9999,-9999,-9999,-9999,-9999,-9999,-9999,-9999,-9999,-9999,-9999,-9999,-9999,-9999,-9999,5.46040155313676E-07,7.84992494118342E-07,1.11098245270114E-06,-9999,2.64694881479954E-06,3.75368585991964E-06,5.29219005329651E-06,7.41965232009534E-06,4.39278046542313E-05,7.84887670306489E-05,0.000106977713585366,6.60727528156713E-05,0.000361366430297494,0.000741476425901055,0.000775847467593849,0.000766647048294544,0.00075488502625376,0.000728798273485154,0.000707607890944928,0.000707638333551586,0.000705826911143959,0.000695404887665063,0.000688026309944689,0.0006832045619376,0.000681280856952071,0.000675484538078308,0.000672130496241152,0.000674436509143561,0.000676990195643157,0.000680705648846924,0.000685526407323778,0.000688838073983788,0.000689668522682041,0.000690753804519773,0.000678012205753475,0.000615429831668735,0.000160917537868954,-9999,-9999,-9999,-9999,-9999,-9999,-9999,-9999,5.71299824514426E-05,8.84892142494209E-05,5.76886814087629E-05,4.13792149629444E-05,4.16688671975862E-05,-9999,-9999,-9999,-9999,-9999,-9999,-9999,-9999,-9999,-9999,-9999,-9999,-9999,-9999,-9999,-9999,-9999,-9999,-9999,-9999,-9999,-9999,-9999,-9999
-9999,-9999,-9999,-9999,-9999,-9999,-9999,-9999,-9999,-9999,-9999,-9999,-9999,-9999,-9999,-9999,-9999,-9999,-9999,-9999,-9999,-9999,-9999,-9999,-9999,-9999,-9999,-9999,-9999,-9999,1.45314279507147E-05,2.77806266240077E-05,-9999,-9999,2.94693290925352E-05,5.00368951179553E-05,-9999,-9999,5.61777160328347E-05,9.86982340691611E-05,-9999,-9999,-9999,-9999,-9999,9.40337667998392E-06,-9999,-9999,-9999,-9999,-9999,-9999,-9999,-9999,-9999,-9999,-9999,-9999,-9999,-9999,-9999,3.80962251256278E-06,5.40911150892498E-06,7.70893893786706E-06,7.36169204174075E-06,4.24979225499555E-05,4.67094941996038E-05,4.46724479843397E-05,4.20848482463043E-05,0.000245464063482359,0.000750033708754927,0.000790269637946039,0.000782275979872793,0.00076800852548331,0.000750906066969037,0.000734763685613871,0.000721397169400007,0.000709350453689694,0.000699724827427417,0.000691364984959364,0.000683903170283884,0.000676634255796671,0.000667623244225979,0.000667107640765607,0.000668745255097747,0.000674073467962444,0.000678533397149295,0.000683966325595975,0.000689122767653316,0.00069223454920575,0.000694428046699613,0.000693910813424736,0.000683568767271936,0.000577267550397664,0.000162134834681638,-9999,-9999,-9999,-9999,-9999,6.68420689180493E-05,6.74664916004986E-05,0.000128379600937478,0.000190101534826681,0.000144265432027169,9.70303881331347E-05,6.3863983086776E-05,4.12187437177636E-05,-9999,-9999,-9999,-9999,-9999,-9999,-9999,-9999,-9999,-9999,-9999,-9999,-9999,-9999,-9999,-9999,-9999,-9999,-9999,-9999,-9999,-9999,-9999
-9999,-9999,-9999,-9999,-9999,-9999,-9999,-9999,-9999,-9999,-9999,-9999,-9999,-9999,-9999,-9999,-9999,-9999,-9999,-9999,-9999,-9999,-9999,3.37627316184808E-05,4.31836961070076E-05,-9999,-9999,-9999,-9999,3.58120887540281E-05,3.3715052268235E-05,1.34475285449298E-05,6.73053582431749E-05,7.11944312570267E-06,6.00608327658847E-05,0.000105395753053017,0.000189031445188448,8.21899666334502E-05,4.93911356898025E-05,-9999,5.0542745157145E-05,5.29412354808301E-05,-9999,-9999,9.9397795565892E-05,1.30431717479951E-05,7.75276566855609E-06,4.77644061902538E-06,-9999,-9999,-9999,-9999,-9999,-9999,-9999,-9999,-9999,1.92169354704674E-05,1.21382918223389E-05,-9999,-9999,-9999,7.72647763369605E-06,5.10631034558173E-05,4.90878592245281E-05,4.86662902403623E-05,4.67683967144694E-05,4.40302901552059E-05,5.75448102608789E-05,0.000354580348357558,0.000752000545617193,0.000789718411397189,0.000779969908762723,0.000766251760069281,0.000749776372686028,0.000733688997570425,0.000719905772712082,0.000707341067027301,0.000697227602358907,0.00068882544292137,0.00067894795211032,0.00064629566622898,0.000652533839456737,0.000661714293528348,0.000665327010210603,0.000668745895382017,0.000675221206620336,0.000682121550198644,0.00068811303935945,0.000691513239871711,0.000693810638040304,0.00069491018075496,0.00069161324063316,0.000661808531731367,0.000193746644072235,3.41404738719575E-05,4.94535015604924E-06,3.40779979524086E-06,5.19836385137751E-06,0.000161992793437093,0.0003202268271707,0.000415886112023145,0.000465684832306579,0.00039900784031488,0.000378330936655402,0.000288122915662825,0.000174016386154108,5.67524439247791E-05,4.12810186389834E-05,4.18216477555688E-05,-9999,-9999,-9999,-9999,-9999,-9999,-9999,-9999,-9999,-9999,-9999,-9999,-9999,-9999,-9999,-9999,-9999,-9999,-9999,-9999,-9999
-9999,-9999,-9999,-9999,-9999,-9999,-9999,-9999,-9999,-9999,-9999,-9999,-9999,-9999,-9999,-9999,-9999,-9999,-9999,-9999,-9999,-9999,5.06975156895351E-05,5.96611826040316E-05,4.04390229959972E-05,4.06536601076368E-05,4.48099308414385E-05,5.17230328114238E-05,9.72101406659931E-05,0.000146041915286332,0.000109753818833269,0.000258842570474371,0.000355767493601888,0.000383404665626585,0.000440325296949595,0.000380974088329822,0.000377743039280176,0.000343925814377144,0.000198195644770749,0.000151476648170501,4.90497623104602E-05,3.02850967273116E-05,2.54898095590761E-05,3.48292705893982E-05,1.00592460512416E-05,6.94714344717795E-06,6.61115700495429E-06,6.23658070253441E-06,3.97619487557677E-06,-9999,-9999,-9999,-9999,-9999,-9999,-9999,-9999,7.96913009253331E-05,7.15814239811152E-05,6.58740245853551E-05,-9999,-9999,5.0023718358716E-05,5.08470438944642E-05,5.04204072058201E-05,4.86730168631766E-05,4.58351896668319E-05,5.32598278368823E-05,0.000174210028490052,0.000494933337904513,0.000758545589633286,0.000787782075349241,0.000775409047491848,0.000761625473387539,0.000745379249565303,0.000729056890122592,0.000714841240551323,0.000702750287018716,0.000692376692313701,0.000684732862282544,0.000643250532448292,0.000334697659127414,0.000396163581172004,0.000549939984921366,0.000637193617876619,0.000664110528305173,0.000671289977617562,0.000678930256981403,0.00068511872086674,0.00068834371631965,0.000692579080350697,0.000695609604008496,0.000691428023856133,0.000647027976810932,0.000310492148855701,0.000250800570938736,2.03606814466184E-05,5.05076241097413E-06,0.00024623837089166,0.000572841265238822,0.000639071513433009,0.000680021708831191,0.000672975205816329,0.00065259076654911,0.000627871253527701,0.000516737985890359,0.000331432995153591,0.000172596584889106,6.30355498287827E-05,4.11217915825546E-05,-9999,-9999,-9999,-9999,-9999,-9999,-9999,-9999,-9999,-9999,-9999,-9999,-9999,-9999,-9999,-9999,-9999,-9999,-9999,-9999,-9999
-9999,-9999,-9999,-9999,-9999,-9999,-9999,-9999,-9999,-9999,-9999,-9999,-9999,-9999,-9999,-9999,-9999,-9999,-9999,-9999,-9999,-9999,5.05032985529397E-05,6.01965912210289E-05,5.08384946442675E-05,5.24792994838208E-05,0.000194055915926583,0.000386143859941512,0.000509952893480659,0.000448504753876477,0.000447265832917765,0.000359557918272913,0.000386486324714497,0.000443030701717362,0.000411790766520426,0.000468248763354495,0.000554166850633919,0.000550764088984579,0.000574649951886386,0.000510407902766019,0.000357541663106531,0.000230483448831365,9.48591477936134E-05,3.59841033059638E-05,1.77227739186492E-05,7.9821284089121E-06,7.99558983999304E-06,7.90097783465171E-06,5.25008545082528E-06,5.16758382218541E-06,5.16495174451848E-06,-9999,-9999,-9999,-9999,-9999,-9999,-9999,6.41937876935117E-05,5.76190432184376E-05,5.25425966770854E-05,4.81176030007191E-05,4.94303094455972E-05,4.98963599966373E-05,4.96853026561439E-05,4.75234955956694E-05,5.54259386262856E-05,0.000177782858372666,0.000478315341752023,0.000756419089157134,0.000794189691077918,0.000781762646511197,0.000767898396588862,0.000754067383240908,0.000738097354769707,0.000721983786206692,0.000708840962033719,0.000698101241141558,0.000688698550220579,0.000615182507317513,8.4381772467168E-06,4.60731416751514E-06,4.59798184238025E-06,4.59021566712181E-06,5.29406534042209E-05,0.000436717789852992,0.000651667593047023,0.000673771603032947,0.000680685276165605,0.000686320010572672,0.000691671099048108,0.000695776310749352,0.000693328445777297,0.00064099911833182,0.000655334733892232,0.000680529628880322,0.000602083571720868,0.000324576569255441,0.000659061945043504,0.000727823586203158,0.000740224786568433,0.000733460474293679,0.000715047062840313,0.000704138132277876,0.000689045176841319,0.000625591666903347,0.000467780628241599,0.000305779976770282,9.4577313575428E-05,3.98593365389388E-05,2.04885855055181E-05,-9999,-9999,-9999,-9999,-9999,-9999,-9999,-9999,-9999,-9999,-9999,-9999,-9999,-9999,-9999,-9999,-9999,-9999,-9999,-9999
-9999,-9999,-9999,-9999,-9999,-9999,-9999,-9999,-9999,-9999,-9999,-9999,-9999,-9999,-9999,-9999,-9999,-9999,-9999,-9999,-9999,-9999,4.93138686579186E-05,6.15728276898153E-05,9.67379164649174E-05,0.00044318099389784,0.000573480618186295,0.000633337418548763,0.000601995212491602,0.000478017958812416,0.000475729320896789,0.000533387938048691,0.000560966145712882,0.000587814254686236,0.000668664870318025,0.000665134459268302,0.000687319552525878,0.000708043517079204,0.000749326136428863,0.000700319011230022,0.00062006723601371,0.00038739203591831,0.000204402997042052,0.000118065378046595,0.000101893150713295,0.000114206188300159,0.000100209152151365,6.91144305164926E-05,7.0134706220415E-06,7.17538432581932E-06,7.24614756109077E-06,-9999,-9999,-9999,-9999,5.14301791554317E-05,5.2335271902848E-05,5.39494030817878E-05,5.53269346710294E-05,5.09971869178116E-05,5.7332308642799E-05,4.47115780843887E-05,3.84280428988859E-05,2.39161545323441E-05,6.68343564029783E-05,0.00022029597312212,0.000103930993645918,0.000577956612687558,0.000811621197499335,0.000801168032921851,0.000787323049735278,0.000773469859268516,0.000759462884161621,0.000745550962164998,0.000728716957382858,0.000714788970071822,0.00070552749093622,0.000660724064800888,4.68596272185096E-06,4.66553956357529E-06,4.65730545329279E-06,3.11532676278148E-06,3.11060171043209E-06,3.10661016555969E-06,4.62715433968697E-06,1.72183572431095E-05,0.000225922820391133,0.000594858371187001,0.000671812682412565,0.000683321442920715,0.000689818523824215,0.000694371992722154,0.000699307362083346,0.000705093785654753,0.000711279339157045,0.000717215414624661,0.000714191177394241,0.000719136674888432,0.000737152295187116,0.000752016960177571,0.000756788300350308,0.000750908278860152,0.000741928466595709,0.000733483408112079,0.000702305231243372,0.000674112001433969,0.000568167713936418,0.000441258889622986,0.000201962495339103,7.49110913602635E-05,8.92967909749132E-06,5.74476371184574E-06,-9999,-9999,-9999,-9999,-9999,-9999,-9999,-9999,-9999,-9999,-9999,-9999,-9999,-9999,-9999,-9999,-9999,-9999,-9999
-9999,-9999,-9999,-9999,-9999,-9999,-9999,-9999,-9999,-9999,-9999,-9999,-9999,-9999,-9999,-9999,-9999,-9999,-9999,-9999,-9999,4.50587504019495E-05,5.32934791408479E-05,0.000207307413802482,0.000567311188206077,0.000740440736990422,0.000739994109608233,0.000686062092427164,0.000597269157879055,0.000704496284015477,0.000700467848218977,0.000721780175808817,0.000718932191375643,0.000716272392310202,0.000758796231821179,0.000795023515820503,0.000808670185506344,0.000803979288320988,0.000830407021567225,0.00082486099563539,0.00080445664934814,0.000659012817777693,0.00025628024013713,0.000160257521201856,0.000197050394490361,0.000178903341293335,0.000160895811859518,0.000162534284754656,0.00016116451297421,0.000115836301119998,7.45345241739415E-05,5.02236362081021E-05,5.05722637171857E-05,5.1537987019401E-05,5.25006398675032E-05,4.83892326883506E-05,5.47001909581013E-05,4.86715907754842E-05,4.91405080538243E-05,5.58190622541588E-05,0.000228299279115163,0.000484956661239266,0.000235601881286129,6.59189936413895E-06,6.50978472549468E-06,6.27396957497695E-06,2.45440005528508E-05,0.000225003226660192,0.000808458717074245,0.000795244646724313,0.000782125862315297,0.000763583462685347,0.000748648657463491,0.000643481791485101,2.72747147391783E-05,4.87233273815946E-06,4.79823665955337E-06,4.75242677566712E-06,3.16078080686566E-06,3.14760109176859E-06,3.14102294396434E-06,2.10361281460791E-06,2.10262919608795E-06,2.10337702810648E-06,3.13624423142755E-06,4.66980736746336E-06,3.01632662740303E-05,0.000198432084289379,0.000545271206647158,0.000665408268105239,0.000684768543578684,0.000690796819981188,0.000695452908985317,0.000700987584423274,0.000708932522684336,0.000716579728759825,0.000723390723578632,0.000730608007870615,0.000739827286452055,0.000747911049984396,0.000749921542592347,0.000750124803744256,0.000748359365388751,0.00074595573823899,0.000733910594135523,0.000695842842105776,0.000654474075417966,0.000501534435898066,0.000297980092000216,0.000165824982104823,4.56504421890713E-05,5.63309322387795E-06,5.79957350055338E-06,1.11318431663676E-05,-9999,-9999,-9999,-9999,-9999,-9999,-9999,-9999,-9999,-9999,-9999,-9999,-9999,-9999,-9999,-9999,-9999
-9999,-9999,-9999,-9999,-9999,-9999,-9999,-9999,-9999,-9999,-9999,-9999,-9999,-9999,-9999,-9999,-9999,-9999,-9999,-9999,-9999,8.92326133907773E-05,0.000501676637213677,0.000735706940758973,0.000825714960228652,0.000783763243816793,0.000735464447643608,0.000707187631633133,0.000751629879232496,0.000809296383522451,0.000854207784868777,0.00084974622586742,0.000874139368534088,0.000893743417691439,0.000879455648828298,0.00091254897415638,0.000907497946172953,0.000893616699613631,0.000901599880307913,0.000900336832273751,0.000880322186276317,0.000858800893183798,0.000809720309916884,0.000727677368558943,0.000642056809738278,0.000513544189743698,0.000325500499457121,0.000177596899447963,0.000195271422853693,0.000160638956003822,0.000118392068543471,7.76378292357549E-05,6.97761424817145E-05,5.6156815844588E-05,5.60761691303924E-05,8.60034415381961E-05,7.66287266742438E-05,7.54974971641786E-05,0.000116131574031897,0.000508843630086631,0.000838771811686456,0.000915490090847015,0.000891113188117743,0.000281655957223848,6.22943207417848E-06,6.0769075389544E-06,5.8492651078268E-06,0.000819903565570712,0.000806310679763556,0.000793106330092996,0.000564165296964347,5.2320910981507E-06,5.15413194079883E-06,5.11051985085942E-06,-9999,-9999,-9999,-9999,-9999,-9999,-9999,1.41717816859455E-06,1.41732084557589E-06,2.11850124287594E-06,3.16013620249578E-06,4.7082758101169E-06,1.06598581623985E-05,6.50193469482474E-05,0.00026086371508427,0.000558783649466932,0.000670662440825254,0.000685144332237542,0.000689811480697244,0.000697906827554107,0.000705192738678306,0.000712031382136047,0.000718866416718811,0.000727200123947114,0.000734294997528195,0.00073948671342805,0.000741257332265377,0.00074172334279865,0.000744167598895729,0.000749103608541191,0.000744319753721356,0.000723076576832682,0.000675632792990655,0.000586208887398243,0.000449037848738953,0.000271214841632172,0.000148019884363748,4.77861867693719E-05,3.23817839671392E-05,2.61990207945928E-05,3.51039670931641E-05,-9999,-9999,-9999,-9999,-9999,-9999,-9999,-9999,-9999,-9999,-9999,-9999,-9999,-9999,-9999,-9999
-9999,-9999,-9999,-9999,-9999,-9999,-9999,-9999,-9999,-9999,-9999,-9999,-9999,-9999,-9999,-9999,-9999,-9999,-9999,4.66459605377167E-05,0.000126460276078433,0.00070314179174602,0.000839396147057414,0.000840142485685647,0.000821328954771161,0.000855881371535361,0.000835835817269981,0.000831139215733856,0.000885179440956563,0.000889638729859143,0.000902609550394118,0.00091407512081787,0.000903887150343508,0.000892198877409101,0.000912333431188017,0.000920726917684078,0.000915904354769737,0.000903823995031416,0.000906755682080984,0.000910173577722162,0.000908680085558444,0.000900587765499949,0.000896948273293674,0.000878919498063624,0.000860326166730374,0.000816676940303296,0.000763930904213339,0.000711851520463824,0.000554395373910666,0.000368067441741005,0.000156923953909427,0.000156816589878872,0.000172368629137054,0.000188685735338368,0.000246290379436687,0.000365236948709935,0.000551120785530657,0.000602798128966242,0.000746772682759911,0.000887475442141294,0.000916732067707926,0.000915839395020157,0.000910083414055407,0.000909474270883948,2.23479637497803E-05,0.000854487414471805,0.000860416039358824,0.000830047065392137,0.000640158250462264,1.38753930514213E-05,5.42621910426533E-06,-9999,-9999,-9999,-9999,-9999,-9999,-9999,-9999,-9999,-9999,-9999,-9999,1.42746682740835E-06,2.130014308932E-06,3.17961848850246E-06,4.73677937407047E-06,3.26045046676882E-05,0.000132399378344417,0.000372082140529528,0.00061125960201025,0.00067698722705245,0.000686826533637941,0.000690749147906899,0.00069617124972865,0.00070259696803987,0.000709444051608443,0.000716768205165863,0.000722864351700991,0.000726781494449824,0.0007289171917364,0.000729512888938189,0.000729649502318352,0.000733223394490778,0.000735034525860101,0.000724637182429433,0.000703388417605311,0.000670051260385662,0.000602986779995263,0.000417207513237372,0.000227311378694139,0.000161973381182179,0.000101830119092483,3.97335606976412E-05,3.85203711630311E-05,-9999,-9999,-9999,-9999,-9999,-9999,-9999,-9999,-9999,-9999,-9999,-9999,-9999,-9999,-9999,-9999
-9999,-9999,-9999,-9999,-9999,-9999,-9999,-9999,-9999,-9999,-9999,-9999,-9999,-9999,-9999,-9999,-9999,-9999,0.000138840565341525,0.000349975103745237,0.000794493302237242,0.000897210149560124,0.000897579127922654,0.000919599842745811,0.000927780289202929,0.000915091659408063,0.000958443619310856,0.000970723631326109,0.000958938209805638,0.000945043109823018,0.000931359536480159,0.000914286763872951,0.000898247526492923,0.000919204321689904,0.000915465701837093,0.000928225985262543,0.000924167397897691,0.000926010892726481,0.000917635392397642,0.000913873023819178,0.00091045448789373,0.000906046945601702,0.000903601408936083,0.000900966115295887,0.000895820907317102,0.000883659697137773,0.000868961215019226,0.000841206929180771,0.000796600012108684,0.000695202616043389,0.000437091162893921,0.000242892783717252,0.000310387229546905,0.000565644877497107,0.000676816387567669,0.00073193310527131,0.000734849600121379,0.000801985908765346,0.00088551570661366,0.000904458924196661,0.000903995591215789,0.000896396290045232,0.0008895696955733,0.000883557833731174,0.000871350814122707,0.000858539715409279,0.00081037834752351,1.21802258945536E-05,-9999,-9999,-9999,-9999,-9999,-9999,-9999,-9999,-9999,-9999,-9999,-9999,-9999,-9999,-9999,-9999,-9999,3.19285095429223E-06,4.76017521577887E-06,1.42737335409038E-05,6.57159980619326E-05,0.000221216221689247,0.000485676253447309,0.000655043928418308,0.000680505181662738,0.000685816630721092,0.000688110885675997,0.000691277324222028,0.000696603790856898,0.000702843244653195,0.000707692874129862,0.000710646098013967,0.000711276137735695,0.000711683591362089,0.00071340415161103,0.000715426634997129,0.000718962808605283,0.000714534078724682,0.000694541085977107,0.000668074353598058,0.000634432828519493,0.000558529980480671,0.000365315965609625,0.000224790230276994,8.97068166523241E-05,4.36349873780273E-05,3.87270592909772E-05,-9999,-9999,-9999,-9999,-9999,-9999,-9999,-9999,-9999,-9999,-9999,-9999,-9999,-9999,-9999,-9999
-9999,-9999,-9999,-9999,-9999,-9999,-9999,-9999,-9999,-9999,-9999,-9999,7.02638180882786E-06,2.0743453205796E-05,-9999,4.7700716095278E-05,0.000100715384178329,0.000377510790713131,0.000698837277013808,0.000849312404170632,0.000952586357016116,0.000979713746346533,0.00099110184237361,0.000990493572317064,0.000984341255389154,0.000986680737696588,0.000984706450253725,0.000976171402726322,0.000971768284216523,0.000960622855927795,0.00094805791741237,0.00093971547903493,0.000937023491133004,0.000936153694055974,0.000933600356802344,0.000933263800106943,0.000929856323637068,0.000925776897929609,0.000919129641260952,0.000911449955310673,0.000904130982235074,0.000897007354069501,0.00089312728960067,0.000891707662958652,0.000890237395651639,0.00088728842092678,0.00088275148300454,0.000875596422702074,0.00086480873869732,0.00084244750905782,0.000784494506660849,0.000660252349916846,0.000578476989176124,0.000626079039648175,0.000669808650854975,0.000724714249372482,0.000780820555519313,0.00086813181405887,0.000890432973392308,0.000883046595845371,0.000882796593941748,0.000880387611687183,0.000875657016877085,0.000869865878485143,0.000862483982928097,0.000859382329508662,9.56899839366088E-06,-9999,-9999,-9999,-9999,-9999,-9999,-9999,-9999,-9999,-9999,-9999,-9999,-9999,-9999,-9999,-9999,-9999,-9999,-9999,3.20028630085289E-06,4.7669368541392E-06,2.33691698667826E-05,0.000104509759694338,0.000317464291583747,0.000577358878217638,0.000668635591864586,0.000679924560245126,0.000683272432070225,0.000681492791045457,0.000683592748828232,0.000687815598212183,0.000690724700689316,0.000692627276293933,0.000692456786055118,0.00069074856583029,0.000691539142280817,0.000696258910465986,0.000699684955179691,0.000698986230418086,0.000689517764840275,0.000670477165840566,0.000648886256385595,0.000597847567405552,0.000440196716226637,0.000237255531828851,9.64689897955395E-05,4.72809842904098E-05,3.7599809729727E-05,-9999,-9999,-9999,-9999,-9999,-9999,-9999,-9999,-9999,-9999,-9999,-9999,-9999,-9999,-9999,-9999
-9999,-9999,-9999,-9999,-9999,-9999,-9999,-9999,-9999,-9999,6.88505542711937E-06,6.86423027218552E-06,6.86198382027214E-06,7.63635325711221E-05,0.000185436991159804,0.000489788944832981,0.000743561249691993,0.000862376880832016,0.000942503218539059,0.000984607031568885,0.00100031145848334,0.00100257247686386,0.00100097723770887,0.000997737981379032,0.000993639812804759,0.000986909726634622,0.000980635406449437,0.000972882786300033,0.000964094768278301,0.000954239396378398,0.000944525934755802,0.000935167481657118,0.000928208406548947,0.000924399588257074,0.000921189901418984,0.000919812417123467,0.000917212397325784,0.000912193325348198,0.00090540130622685,0.000897802237886935,0.000890037917997688,0.000882015447132289,0.000876256439369172,0.00087406812235713,0.000872690114192665,0.000870519783347845,0.000867671798914671,0.000864279398228973,0.000860218424350023,0.00085633690468967,0.000851871096529067,0.000845815578941256,0.000841277127619833,0.000839885731693357,0.000845727743580937,0.000864351983182132,0.000874513119924814,0.000878904887940735,0.000879153900314122,0.000872255419380963,0.000222071903408505,5.92951573707978E-06,5.94236416873173E-06,1.59949231601786E-05,0.000390703964512795,4.43273747805506E-05,-9999,-9999,-9999,-9999,-9999,-9999,-9999,-9999,-9999,-9999,-9999,-9999,-9999,-9999,-9999,-9999,-9999,-9999,-9999,-9999,-9999,3.20012168231187E-06,4.76129571325146E-06,2.43171816691756E-05,0.000125040474813432,0.000373916351236403,0.000617063837125897,0.000672119727823883,0.000675080518703908,0.000674641167279333,0.00067144789500162,0.000672059191856533,0.000672762049362063,0.000674439128488302,0.000673499424010515,0.000671655696351081,0.0006700269295834,0.000674912007525563,0.000679702498018742,0.000680718629155308,0.000675524002872407,0.000665682193357497,0.000641771184746176,0.000592314812820405,0.000483779789647087,0.000308240589220077,0.000114081369247288,5.10451827722136E-05,3.63910985470284E-05,-9999,-9999,-9999,-9999,-9999,-9999,-9999,-9999,-9999,-9999,-9999,-9999,-9999,-9999,-9999,-9999
-9999,-9999,-9999,-9999,-9999,-9999,-9999,-9999,4.70061895612162E-05,4.68684484076221E-05,1.10275304905372E-05,1.83900192496367E-05,0.000133774636196904,0.000601633917540312,0.00081806251546368,0.000894719269126654,0.000951027148403227,0.00098129129037261,0.000991474604234099,0.000999159179627895,0.00100102019496262,0.00099900655914098,0.000995999784208834,0.00099025503732264,0.000983681762591004,0.000975525588728487,0.000966204272117466,0.000956002273596823,0.000946245447266847,0.000936096359509975,0.000926239357795566,0.000916805991437286,0.000909308844711632,0.000906550034414977,0.000903344887774438,0.000901186605915427,0.000897125340998173,0.000891691946890205,0.000884742941707373,0.000876098347362131,0.000866878137458116,0.000858155719470233,0.000852743629366159,0.000850981916300952,0.000849232485052198,0.000846650509629399,0.000843679299578071,0.000840568623971194,0.000837293628137559,0.000835011654999107,0.000834447680972517,0.000836935301776975,0.000841805886011571,0.000848001975100487,0.00085521989967674,0.000860614120028913,0.00086397590348497,0.000866743153892457,0.000867050664965063,0.00086246250430122,0.000839129381347448,5.87108888794319E-06,-9999,-9999,-9999,-9999,-9999,-9999,-9999,-9999,-9999,-9999,-9999,-9999,-9999,-9999,-9999,-9999,-9999,-9999,-9999,-9999,-9999,-9999,-9999,-9999,-9999,-9999,3.19311743623985E-06,4.7478270062129E-06,8.44415353640215E-06,6.78621508996002E-05,0.000308756076265126,0.000595754710957408,0.000662391888909042,0.000667011132463813,0.000663179613184184,0.00065835117129609,0.000655337353236973,0.000656303600408137,0.000655830081086606,0.000655131763778627,0.000654069008305669,0.000654649047646672,0.000659333076328039,0.000661553116515279,0.000659563520457596,0.000653452647384256,0.000636099139228463,0.000600459577981383,0.000515705323778093,0.00033834733767435,0.000121503449918237,4.93423467560206E-05,3.52185379597358E-05,-9999,-9999,-9999,-9999,-9999,-9999,-9999,-9999,-9999,-9999,-9999,-9999,-9999,-9999,-9999,-9999
-9999,-9999,-9999,-9999,-9999,-9999,-9999,-9999,4.6027922508074E-05,5.22667469340377E-05,5.72469252801966E-05,0.000220452595385723,0.000805040646810085,0.00092074170242995,0.000945625884924084,0.000967885716818273,0.00098647631239146,0.000995456008240581,0.000998344854451716,0.000997104914858937,0.000993745401501656,0.000989673775620759,0.000983762787654996,0.000976267154328525,0.000967797532211989,0.000958267424721271,0.000946644926443696,0.000934098090510815,0.000924639753066003,0.00091651186812669,0.000908076879568398,0.000899462320376188,0.000892618554644287,0.000888091628439724,0.000885372748598456,0.000882440945133567,0.000878235325217247,0.00087209336925298,0.000864193076267838,0.000854466750752181,0.000844636291731149,0.000835473998449743,0.00082916603423655,0.000826118746772408,0.000822932634036988,0.000819701701402664,0.000816789688542485,0.000814753700979054,0.000812482496257871,0.000810930971056223,0.000810723518952727,0.000814703351352364,0.000821562542114407,0.000829979253467172,0.000838466919958591,0.000844662194140255,0.000848468800541013,0.000849629519507289,0.000850303680635989,0.000850853975862265,0.000813415099401027,5.84665804126416E-06,-9999,-9999,-9999,-9999,-9999,-9999,-9999,-9999,-9999,-9999,-9999,-9999,-9999,-9999,-9999,-9999,-9999,-9999,-9999,-9999,-9999,-9999,-9999,-9999,-9999,-9999,-9999,-9999,4.72789133709739E-06,4.71319526695879E-06,9.53691596805584E-06,9.51584515860304E-05,0.00046531471889466,0.000643150589894503,0.000653203576803207,0.000647944398224354,0.00064209767151624,0.000639344449155033,0.000638800847809762,0.000637561490293592,0.000637446064502001,0.000637882389128208,0.000640310870949179,0.000642931030597538,0.000641550286673009,0.00063954503275454,0.000627765548415482,0.000604689063038677,0.000547375297173858,0.00034606276312843,0.000128545769257471,4.24221689172555E-05,3.50435730069876E-05,-9999,-9999,-9999,-9999,-9999,-9999,-9999,-9999,-9999,-9999,-9999,-9999,-9999,-9999,-9999,-9999
-9999,-9999,-9999,-9999,-9999,-9999,4.79443187941797E-05,4.72514147986658E-05,4.69663209514692E-05,0.000132569170091301,0.000617627811152488,0.000857638311572373,0.000944028724916279,0.000964430801104754,0.000980337965302169,0.000988439191132784,0.000993030611425638,0.000993974041193724,0.000992277055047452,0.000987589592114091,0.000980582786723971,0.000973668298684061,0.000966981460805982,0.000958213408011943,0.000947577587794513,0.000938814366236329,0.00092718715313822,0.00091593264369294,0.000906300148926675,0.000897204561624676,0.000887291855178773,0.000880259613040835,0.000875148631166667,0.000870514952111989,0.000866801012307405,0.000863297842442989,0.000858900661114603,0.000853694975376129,0.000846000737510622,0.000836329767480493,0.000825707742478698,0.000817561871372163,0.00081019225763157,0.00080522068310529,0.00080106221139431,0.000797944026999176,0.000795073690824211,0.000792026985436678,0.000791536702308804,0.000790490943472832,0.000791004160419106,0.000795242725871503,0.000801719317678362,0.000810691039077938,0.000817920663394034,0.000825168506707996,0.000831495271995664,0.000833375088404864,0.000829653115943074,0.000399467186070979,5.79595825911383E-06,-9999,-9999,-9999,-9999,-9999,-9999,-9999,-9999,-9999,-9999,-9999,-9999,-9999,-9999,-9999,-9999,-9999,-9999,-9999,-9999,-9999,-9999,-9999,-9999,-9999,-9999,-9999,-9999,-9999,-9999,-9999,-9999,4.61205263491138E-06,1.28563115140423E-05,0.000214321582461707,0.000581495987717062,0.000635510892607272,0.000631565693765879,0.000625401444267482,0.000621453975327313,0.000621016311924905,0.000620515376795083,0.000621854502242059,0.000623158761300147,0.000624665233772248,0.000623663363512605,0.00062091724248603,0.000613446696661413,0.0005995366955176,0.000547039438970387,0.000388466491131112,0.000176779591129161,3.5697768907994E-05,-9999,-9999,-9999,-9999,-9999,-9999,-9999,-9999,-9999,-9999,-9999,-9999,-9999,-9999,-9999,-9999,-9999
-9999,-9999,-9999,-9999,-9999,-9999,4.75846100016497E-05,5.92074356973171E-05,0.000220863570575602,0.000741396623197943,0.000906518835108727,0.000953352195210755,0.000968318083323538,0.000974354043137282,0.00097850279416889,0.000981649267487228,0.000984945218078792,0.000986040569841862,0.000983444740995765,0.000976291077677161,0.000966124061960727,0.000957985816057771,0.000951524765696377,0.000942224287427962,0.000931090267840773,0.000921941769775003,0.000910469563677907,0.000898602767847478,0.00088902935385704,0.000879184750374407,0.000866935704834759,0.000860421336255968,0.000853495264891535,0.00084745028289035,0.000839716347400099,0.000835777318570763,0.000834230799227953,0.00083217560313642,0.000826489820610732,0.000819276494439691,0.00080681056715548,0.000800737470854074,0.000793141894973814,0.000788261357229203,0.000785232055932283,0.000784638221375644,0.000781805138103664,0.000782147748395801,0.000780750473495573,0.000782764924224466,0.000782764691393822,0.000788393954280764,0.000796068168710917,0.000654492643661797,0.000760524708312005,0.000653577386401594,1.801630241971E-05,5.67740107726422E-06,5.70984730074997E-06,-9999,-9999,-9999,-9999,-9999,-9999,-9999,-9999,-9999,-9999,-9999,-9999,-9999,-9999,-9999,-9999,-9999,-9999,-9999,-9999,-9999,-9999,-9999,-9999,-9999,-9999,-9999,-9999,-9999,-9999,-9999,-9999,-9999,-9999,-9999,4.50928337158985E-06,4.44857141701505E-06,8.78783030202612E-05,0.000509841775055975,0.000616805686149746,0.000612478121183813,0.00060620647855103,0.000604253553319722,0.000605209381319582,0.000605915614869446,0.000607084948569536,0.000606705376412719,0.000604457163717598,0.000601943000219762,0.000596627942286432,0.0005881930119358,0.000554652418941259,0.000438390619819984,0.000185365235665813,4.76814966532402E-05,3.8678615965182E-05,3.04262684949208E-05,-9999,-9999,-9999,-9999,-9999,-9999,-9999,-9999,-9999,-9999,-9999,-9999,-9999,-9999,-9999
-9999,-9999,-9999,-9999,6.16793986409903E-05,6.79266158840619E-05,4.78333749924786E-05,0.000203103816602379,0.00078455382026732,0.000929999572690576,0.000964554841630161,0.000967659521847963,0.000966317253187299,0.000966201012488455,0.000967514992225915,0.000970493827480823,0.000974346359726042,0.000976078328676522,0.000973359507042915,0.000965375045780092,0.000953700277023017,0.000944450206588954,0.000940535042900592,0.000927474873606116,0.000916834746021777,0.000908285146579146,0.000894733530003577,0.000889232382178307,0.00087848276598379,0.000868981354869902,0.000854974496178329,0.00084454903844744,0.000834975799079984,0.000833946745842695,0.000821994035504758,0.000822262372821569,0.000823357375338674,0.000817895459476858,0.000819776672869921,0.000111676825326867,0.000558667990844697,0.000455802655778825,0.000774804851971567,0.000551252800505608,0.000709892250597477,0.000770193175412714,0.000772080267779529,0.000410933833336458,0.000131437307572924,0.000372723239706829,5.25246359757148E-05,4.5625631173607E-05,5.40756127520581E-06,5.43946225661784E-06,-9999,-9999,-9999,-9999,-9999,-9999,-9999,-9999,-9999,-9999,-9999,-9999,-9999,-9999,-9999,-9999,-9999,-9999,-9999,-9999,-9999,-9999,-9999,-9999,-9999,-9999,-9999,-9999,-9999,-9999,-9999,-9999,-9999,-9999,-9999,-9999,-9999,-9999,-9999,-9999,-9999,2.9202992664068E-06,4.26324959335034E-06,0.000137615643325262,0.0005679652094841,0.000598391285166144,0.0005918761016801,0.000588772294577211,0.000590721960179508,0.000590956013184041,0.000590530107729137,0.000588623806834221,0.000585403176955879,0.00058245804393664,0.000579481478780508,0.000573912111576647,0.000552034412976354,0.000421782053308561,0.000149101164424792,2.91002379526617E-05,2.92091426672414E-05,2.10253438126529E-05,3.07380032609217E-05,-9999,-9999,-9999,-9999,-9999,-9999,-9999,-9999,-9999,-9999,-9999,-9999,-9999,-9999
-9999,-9999,-9999,-9999,4.91428581881337E-05,7.54274515202269E-05,0.000113396767119411,0.000747678335756063,0.000944339437410235,0.000972737849224359,0.000971017929259688,0.000964326376561075,0.000959393102675676,0.000955292547587305,0.000953633803874254,0.000955574272666126,0.000959823722951114,0.000965697166975588,0.000964249134995043,0.000750186678487808,9.9685275927186E-06,6.45073941996088E-06,6.40014650343801E-06,6.33947820460889E-06,6.27339522907278E-06,6.20500986769912E-06,2.95399604510749E-05,6.05534569331212E-06,2.2766309484723E-05,5.89643241255544E-06,7.55949076847173E-05,0.00059687381144613,0.000790461548604071,0.000763943826314062,0.00081545120337978,0.000799245899543166,0.000811731617432088,0.000803749542683363,0.000231763333431445,5.55349970454699E-06,5.4933025239734E-06,5.44518798051286E-06,5.40431619810988E-06,5.37208870809991E-06,5.34595847057062E-06,5.3286589718482E-06,5.3194535212242E-06,-9999,-9999,-9999,-9999,-9999,-9999,-9999,-9999,-9999,-9999,-9999,-9999,-9999,-9999,-9999,-9999,-9999,-9999,-9999,-9999,-9999,-9999,-9999,-9999,-9999,-9999,-9999,-9999,-9999,-9999,-9999,-9999,-9999,-9999,-9999,-9999,-9999,-9999,-9999,-9999,-9999,-9999,-9999,-9999,-9999,-9999,-9999,-9999,-9999,4.14658143199631E-06,2.76028731605038E-05,0.000493646657560021,0.000579966465011239,0.000578101084101945,0.000572918739635497,0.00057428318541497,0.000574097502976656,0.000572619959712029,0.000570236938074231,0.000566211645491421,0.000562835542950779,0.00056024017976597,0.00055658194469288,0.000542175723239779,0.000452429463621229,0.000228932243771851,7.76259257690981E-05,1.39228532134439E-05,4.77867397421505E-05,2.91564610961359E-05,-9999,-9999,-9999,-9999,-9999,-9999,-9999,-9999,-9999,-9999,-9999,-9999,-9999,-9999
-9999,-9999,-9999,-9999,-9999,4.76429449918214E-05,0.000543942849617451,0.000938162906095386,0.000976649112999439,0.000976117036771029,0.000966853345744312,0.000956806936301291,0.000950714107602835,0.000942885526455939,0.000939440447837114,0.000944269704632461,0.000568062940146774,6.50911442789948E-06,6.5309277488268E-06,6.53639017400565E-06,-9999,-9999,-9999,-9999,-9999,-9999,-9999,-9999,-9999,-9999,-9999,-9999,-9999,2.10317011806183E-05,6.1238941270858E-05,5.29137505509425E-05,7.03948899172246E-05,5.6060348470055E-06,-9999,-9999,-9999,-9999,-9999,-9999,-9999,-9999,-9999,-9999,-9999,-9999,-9999,-9999,-9999,-9999,-9999,-9999,-9999,-9999,-9999,-9999,-9999,-9999,-9999,-9999,-9999,-9999,-9999,-9999,-9999,-9999,-9999,-9999,-9999,-9999,-9999,-9999,-9999,-9999,-9999,-9999,-9999,-9999,-9999,-9999,-9999,-9999,-9999,-9999,-9999,-9999,-9999,-9999,-9999,-9999,-9999,-9999,2.71599924417387E-06,3.95657934859628E-06,0.000419528310885653,0.000562187226023525,0.000561811379157007,0.000556701212190092,0.000559073232579976,0.000556236831471324,0.000553946068976074,0.000551351578906178,0.000548011681530625,0.0005449234158732,0.000541454530321062,0.000538625870831311,0.000532304402440786,0.000482119794469327,0.000314588512992486,9.27385262912139E-05,5.14818057126831E-05,3.15292891173158E-05,-9999,-9999,-9999,-9999,-9999,-9999,-9999,-9999,-9999,-9999,-9999,-9999,-9999,-9999,-9999
-9999,-9999,-9999,-9999,-9999,0.000188277554116212,0.000882428954355419,0.000975165283307433,0.000982277444563806,0.000973563815932721,0.000961988349445164,0.000949912529904395,0.000939383695367724,0.000932965893298388,0.000928497291170061,0.000106621533632278,6.46361286271713E-06,4.34910361946095E-06,-9999,-9999,-9999,-9999,-9999,-9999,-9999,-9999,-9999,-9999,-9999,-9999,-9999,-9999,-9999,-9999,-9999,-9999,-9999,-9999,-9999,-9999,-9999,-9999,-9999,-9999,-9999,-9999,-9999,-9999,-9999,-9999,-9999,-9999,-9999,-9999,-9999,-9999,-9999,-9999,-9999,-9999,-9999,-9999,-9999,-9999,-9999,-9999,-9999,-9999,-9999,-9999,-9999,-9999,-9999,-9999,-9999,-9999,-9999,-9999,-9999,-9999,-9999,-9999,-9999,-9999,-9999,-9999,-9999,-9999,-9999,-9999,-9999,-9999,-9999,-9999,-9999,-9999,-9999,3.82156258638133E-06,0.000317143858410418,0.000545656599570066,0.00054545298917219,0.000541434332262725,0.000542543595656753,0.000538056308869272,0.000534724618773907,0.000532304053194821,0.000530377845279872,0.000527924974448979,0.000525070528965443,0.000522084592375904,0.000516695843543857,0.000495931715704501,0.000357866025296971,0.00018032212392427,3.48366374964826E-05,2.53358066402143E-05,-9999,-9999,-9999,-9999,-9999,-9999,-9999,-9999,-9999,-9999,-9999,-9999,-9999,-9999,-9999
-9999,-9999,5.07444528921042E-05,5.00197893416043E-05,4.86536519019864E-05,0.000518796616233885,0.00096003053477034,0.000983796780928969,0.000981022254563868,0.000969037762843072,0.000956551870331168,0.000943691004067659,0.000933424104005098,0.000918757985346019,5.5526768846903E-05,6.42482063994976E-06,4.32188744525774E-06,-9999,-9999,-9999,-9999,-9999,-9999,-9999,-9999,-9999,-9999,-9999,-9999,-9999,-9999,-9999,-9999,-9999,-9999,-9999,-9999,-9999,-9999,-9999,-9999,-9999,-9999,-9999,-9999,-9999,-9999,-9999,-9999,-9999,-9999,-9999,-9999,-9999,-9999,-9999,-9999,-9999,-9999,-9999,-9999,-9999,-9999,-9999,-9999,-9999,-9999,-9999,-9999,-9999,-9999,-9999,-9999,-9999,-9999,-9999,-9999,-9999,-9999,-9999,-9999,-9999,-9999,-9999,-9999,-9999,-9999,-9999,-9999,-9999,-9999,-9999,-9999,-9999,-9999,-9999,-9999,3.71500073015341E-06,0.00018361903494224,0.000529653858393431,0.000531359517481178,0.000525647308677435,0.000522839196491987,0.000520341913215816,0.000515591760631651,0.00051461742259562,0.000513655366376042,0.000511952617671341,0.0005091832135804,0.000506043725181371,0.000502308539580554,0.00048899749526754,0.000430328247603029,0.000272514473181218,0.000145749378134497,3.30838338413741E-05,-9999,-9999,-9999,-9999,-9999,-9999,-9999,-9999,-9999,-9999,-9999,-9999,-9999,-9999,-9999
-9999,-9999,-9999,-9999,6.0062204283895E-05,0.000813063583336771,0.000975246541202068,0.000985116115771234,0.000976876821368933,0.000962269317824394,0.000949751120060682,0.000938683631829917,0.000930760230403394,8.00541019998491E-05,6.39736845187144E-06,4.29979627369903E-06,-9999,-9999,-9999,-9999,-9999,-9999,-9999,-9999,-9999,-9999,-9999,-9999,-9999,-9999,-9999,-9999,-9999,-9999,-9999,-9999,-9999,-9999,-9999,-9999,-9999,-9999,-9999,-9999,-9999,-9999,-9999,-9999,-9999,-9999,-9999,-9999,-9999,-9999,-9999,-9999,-9999,-9999,-9999,-9999,-9999,-9999,-9999,-9999,-9999,-9999,-9999,-9999,-9999,-9999,-9999,-9999,-9999,-9999,-9999,-9999,-9999,-9999,-9999,-9999,-9999,-9999,-9999,-9999,-9999,-9999,-9999,-9999,-9999,-9999,-9999,-9999,-9999,-9999,-9999,-9999,-9999,3.62208243132045E-06,9.57629454205744E-05,0.000512435275595635,0.000515590072609484,0.00051172252278775,0.00050653878133744,0.000503919320181012,0.000498535402584821,0.000498027657158673,0.000498561945278198,0.000496799475513399,0.000493755855131894,0.000490694132167846,0.000486406119307503,0.000479006906971335,0.000457326765172184,0.000396560179069638,0.000246301147853956,7.32445259927772E-05,-9999,-9999,-9999,-9999,-9999,-9999,-9999,-9999,-9999,-9999,-9999,-9999,-9999,-9999,-9999
-9999,-9999,-9999,-9999,0.000127144972793758,0.000883641478139907,0.000979046919383109,0.000982860336080194,0.000971938134171069,0.000955355470068753,0.000943701365031302,0.000934759504161775,0.000626689696218818,6.3817024056334E-06,4.28487237513764E-06,-9999,-9999,-9999,-9999,-9999,-9999,-9999,-9999,-9999,-9999,-9999,-9999,-9999,-9999,-9999,-9999,-9999,-9999,-9999,-9999,-9999,-9999,-9999,-9999,-9999,-9999,-9999,-9999,-9999,-9999,-9999,-9999,-9999,-9999,-9999,-9999,-9999,-9999,-9999,-9999,-9999,-9999,-9999,-9999,-9999,-9999,-9999,-9999,-9999,-9999,-9999,-9999,-9999,-9999,-9999,-9999,-9999,-9999,-9999,-9999,-9999,-9999,-9999,-9999,-9999,-9999,-9999,-9999,-9999,-9999,-9999,-9999,-9999,-9999,-9999,-9999,-9999,-9999,-9999,-9999,-9999,-9999,3.53785867446277E-06,3.82784201065078E-05,0.000492535822559148,0.0004992401227355,0.00049798988038674,0.000491532729938626,0.000487155455630273,0.000483599462313578,0.000481377443065867,0.000482074392493814,0.000480171584058553,0.000478123838547617,0.00047519919462502,0.000471471983473748,0.000466554629383609,0.00045704105286859,0.000436000758782029,0.000364948529750109,0.000196231674635783,2.67494742729468E-05,-9999,-9999,-9999,-9999,-9999,-9999,-9999,-9999,-9999,-9999,-9999,-9999,-9999,-9999
-9999,-9999,-9999,-9999,0.000103008962469175,0.000870346091687679,0.000977495335973799,0.000979050993919373,0.000966588326264173,0.000950228481087834,0.000939623627346009,0.000931297021452338,6.3622037487221E-06,4.27224449595087E-06,2.86955969386327E-06,-9999,-9999,-9999,-9999,-9999,-9999,-9999,-9999,-9999,-9999,-9999,-9999,-9999,-9999,-9999,-9999,-9999,-9999,-9999,-9999,-9999,-9999,-9999,-9999,-9999,-9999,-9999,-9999,-9999,-9999,-9999,-9999,-9999,-9999,-9999,-9999,-9999,-9999,-9999,-9999,-9999,-9999,-9999,-9999,-9999,-9999,-9999,-9999,-9999,-9999,-9999,-9999,-9999,-9999,-9999,-9999,-9999,-9999,-9999,-9999,-9999,-9999,-9999,-9999,-9999,-9999,-9999,-9999,-9999,-9999,-9999,-9999,-9999,-9999,-9999,-9999,-9999,-9999,-9999,-9999,-9999,-9999,2.30178716265073E-06,3.39540474669775E-06,0.000466741330455989,0.000484809890622273,0.000483891635667533,0.000478800444398075,0.000471355131594464,0.000468803656985983,0.000466561876237392,0.000464959623059258,0.000463919597677886,0.000462413037894294,0.000460379786090925,0.000456869951449335,0.000452133361250162,0.000447070138761774,0.00043713120976463,0.000404246704420075,0.000292589276796207,9.13024414330721E-05,2.07950524782063E-05,-9999,-9999,-9999,-9999,-9999,-9999,-9999,-9999,-9999,-9999,-9999,-9999,-9999
-9999,-9999,-9999,-9999,5.35772524017375E-05,0.000791811500675976,0.000972537673078477,0.000975740607827902,0.000964684528298676,0.000948649831116199,0.000937740958761424,0.000927085638977587,6.34887601336231E-06,4.26154747401597E-06,-9999,-9999,-9999,-9999,-9999,-9999,-9999,-9999,-9999,-9999,-9999,-9999,-9999,-9999,-9999,-9999,-9999,-9999,-9999,-9999,-9999,-9999,-9999,-9999,-9999,-9999,-9999,-9999,-9999,-9999,-9999,-9999,-9999,-9999,-9999,-9999,-9999,-9999,-9999,-9999,-9999,-9999,-9999,-9999,-9999,-9999,-9999,-9999,-9999,-9999,-9999,-9999,-9999,-9999,-9999,-9999,-9999,-9999,-9999,-9999,-9999,-9999,-9999,-9999,-9999,-9999,-9999,-9999,-9999,-9999,-9999,-9999,-9999,-9999,-9999,-9999,-9999,-9999,-9999,-9999,-9999,-9999,-9999,2.25596681957541E-06,3.29927911479899E-06,0.000440875563072041,0.000470752420369536,0.000469378283014521,0.00046678411308676,0.000459140399470925,0.000453944317996502,0.000451738073024899,0.000450119463494048,0.000450608873507008,0.00044916121987626,0.000447286292910576,0.000443418510258198,0.000438912771642208,0.000434988061897457,0.000428155180998147,0.000407467683544382,0.000359197059879079,0.000210847036214545,3.96481336792931E-05,2.83841582131572E-05,2.9011782771704E-06,-9999,-9999,-9999,-9999,-9999,-9999,-9999,-9999,-9999,-9999,-9999
-9999,-9999,-9999,-9999,4.7859091864666E-05,0.000429039064329118,0.000953214359469712,0.000974086520727724,0.000967559637501836,0.000955528812482953,0.000942329352255911,0.000931822927668691,1.40632409966202E-05,6.34145044386969E-06,-9999,-9999,-9999,-9999,-9999,-9999,-9999,-9999,-9999,-9999,-9999,-9999,-9999,-9999,-9999,-9999,-9999,-9999,-9999,-9999,-9999,-9999,-9999,-9999,-9999,-9999,-9999,-9999,-9999,-9999,-9999,-9999,-9999,-9999,-9999,-9999,-9999,-9999,-9999,-9999,-9999,-9999,-9999,-9999,-9999,-9999,-9999,-9999,-9999,-9999,-9999,-9999,-9999,-9999,-9999,-9999,-9999,-9999,-9999,-9999,-9999,-9999,-9999,-9999,-9999,-9999,-9999,-9999,-9999,-9999,-9999,-9999,-9999,-9999,-9999,-9999,-9999,-9999,-9999,-9999,-9999,-9999,-9999,-9999,3.20293884215062E-06,0.000421244185417891,0.000457117421319708,0.000455201283330098,0.00045541231520474,0.000448274367954582,0.000442148972069845,0.000440425443230197,0.000439732626546174,0.000438365212175995,0.000437481503468007,0.000434929941548035,0.000431650492828339,0.000427598599344492,0.000423973542638123,0.000419109273934737,0.000404369551688433,0.000369079498341307,0.000278020830592141,6.53687020530924E-05,2.24619070650078E-05,-9999,-9999,-9999,-9999,-9999,-9999,-9999,-9999,-9999,-9999,-9999,-9999
-9999,-9999,-9999,-9999,4.78968067909591E-05,0.000187717130756937,0.000882939493749291,0.000970402325037867,0.000968178210314363,0.000961561629083008,0.000950717309024185,0.000938722398132086,0.000634683296084404,6.33028048468987E-06,-9999,-9999,-9999,-9999,-9999,-9999,-9999,-9999,-9999,-9999,-9999,-9999,-9999,-9999,-9999,-9999,-9999,-9999,-9999,-9999,-9999,-9999,-9999,-9999,-9999,-9999,-9999,-9999,-9999,-9999,-9999,-9999,-9999,-9999,-9999,-9999,-9999,-9999,-9999,-9999,-9999,-9999,-9999,-9999,-9999,-9999,-9999,-9999,-9999,-9999,-9999,-9999,-9999,-9999,-9999,-9999,-9999,-9999,-9999,-9999,-9999,-9999,-9999,-9999,-9999,-9999,-9999,-9999,-9999,-9999,-9999,-9999,-9999,-9999,-9999,-9999,-9999,-9999,-9999,-9999,-9999,-9999,-9999,-9999,3.13331474899314E-06,0.000377935357391834,0.000445721467258409,0.000443993369117379,0.000444134755525738,0.000440641772001982,0.000433516514021903,0.000428098370321095,0.000428063998697326,0.000426006823545322,0.000424775731517002,0.000422449869802222,0.000420308642787859,0.000417112809373066,0.000414007692597806,0.00040889551746659,0.000398095464333892,0.000369727174984291,0.00031962592038326,0.000121756900625769,2.20730089495191E-05,1.98054294742178E-05,2.00037557078758E-05,-9999,-9999,-9999,-9999,-9999,-9999,-9999,-9999,-9999,-9999
-9999,-9999,-9999,-9999,-9999,5.28265081811696E-05,0.000721162592526525,0.000962865829933435,0.000967718719039112,0.000963712926022708,0.000955705298110843,0.000942909042350948,0.000928204040974379,6.32671390121686E-06,-9999,-9999,-9999,-9999,-9999,-9999,-9999,-9999,-9999,-9999,-9999,-9999,-9999,-9999,-9999,-9999,-9999,-9999,-9999,-9999,-9999,-9999,-9999,-9999,-9999,-9999,-9999,-9999,-9999,-9999,-9999,-9999,-9999,-9999,-9999,-9999,-9999,-9999,-9999,-9999,-9999,-9999,-9999,-9999,-9999,-9999,-9999,-9999,-9999,-9999,-9999,-9999,-9999,-9999,-9999,-9999,-9999,-9999,-9999,-9999,-9999,-9999,-9999,-9999,-9999,-9999,-9999,-9999,-9999,-9999,-9999,-9999,-9999,-9999,-9999,-9999,-9999,-9999,-9999,-9999,-9999,-9999,-9999,-9999,3.08296307593992E-06,0.000299005769193172,0.000432567612733692,0.00043482196633704,0.000433753652032465,0.000431189633673057,0.000424192025093362,0.000417008472140878,0.000417030387325212,0.000414832727983594,0.000413875299273059,0.000411409593652934,0.000409639498684555,0.000407238287152722,0.000404386955779046,0.0004003084031865,0.000393446942325681,0.000380167766707018,0.000304327171761543,0.000185100550879724,6.90504020894878E-05,4.64047698187642E-05,2.75357542705024E-05,2.00535996555118E-05,-9999,-9999,-9999,-9999,-9999,-9999,-9999,-9999,-9999
-9999,-9999,-9999,-9999,-9999,1.07564010249916E-05,0.000509198463987559,0.000943123071920127,0.000966985477134585,0.000964963750448078,0.000958815217018127,0.000946255400776863,0.000930579379200935,6.33614263279014E-06,-9999,-9999,-9999,-9999,-9999,-9999,-9999,-9999,-9999,-9999,-9999,-9999,-9999,-9999,-9999,-9999,-9999,-9999,-9999,-9999,-9999,-9999,-9999,-9999,-9999,-9999,-9999,-9999,-9999,-9999,-9999,-9999,-9999,-9999,-9999,-9999,-9999,-9999,-9999,-9999,-9999,-9999,-9999,-9999,-9999,-9999,-9999,-9999,-9999,-9999,-9999,-9999,-9999,-9999,-9999,-9999,-9999,-9999,-9999,-9999,-9999,-9999,-9999,-9999,-9999,-9999,-9999,-9999,-9999,-9999,-9999,-9999,-9999,-9999,-9999,-9999,-9999,-9999,-9999,-9999,-9999,-9999,-9999,-9999,3.0509295356751E-06,9.90906555671245E-05,0.000417593109887093,0.000426118756877258,0.000424387631937861,0.000421420118073002,0.000415350717958063,0.000408760475693271,0.000407183251809329,0.000406414561439306,0.000404540420277044,0.000401161698391661,0.000399116979679093,0.000396976131014526,0.000394481350667775,0.000392037414712831,0.000387005100492388,0.000369715155102313,0.00031353288795799,0.000259590626228601,0.000204164258320816,0.000170668543432839,5.10849895363208E-05,1.95981428987579E-05,-9999,-9999,-9999,-9999,-9999,-9999,-9999,-9999,-9999
-9999,-9999,-9999,-9999,-9999,6.61202693663654E-06,0.000366414693417028,0.000941787904594094,0.000965988379903138,0.000965814455412328,0.000960908189881593,0.000948176370002329,0.000923092826269567,6.34921616438078E-06,-9999,-9999,-9999,-9999,-9999,-9999,-9999,-9999,-9999,-9999,-9999,-9999,-9999,-9999,-9999,-9999,-9999,-9999,-9999,-9999,-9999,-9999,-9999,-9999,-9999,-9999,-9999,-9999,-9999,-9999,-9999,-9999,-9999,-9999,-9999,-9999,-9999,-9999,-9999,-9999,-9999,-9999,-9999,-9999,-9999,-9999,-9999,-9999,-9999,-9999,-9999,-9999,-9999,-9999,-9999,-9999,-9999,-9999,-9999,-9999,-9999,-9999,-9999,-9999,-9999,-9999,-9999,-9999,-9999,-9999,-9999,-9999,-9999,-9999,-9999,-9999,-9999,-9999,-9999,-9999,-9999,-9999,-9999,-9999,-9999,2.94677124657028E-06,0.000404878432163969,0.00041573159978725,0.000416152412071824,0.00041247476474382,0.000406760344048962,0.000399953278247267,0.000398186966776848,0.000397715135477483,0.000395354407373816,0.000392384972656146,0.000389666500268504,0.000387721840525046,0.000385237450245768,0.000383166770916432,0.000380270939785987,0.000368071428965777,0.000352863979060203,0.000331672985339537,0.000283479574136436,0.000179107213625684,6.75045084790327E-05,1.90782229765318E-05,-9999,-9999,-9999,-9999,-9999,-9999,-9999,-9999,-9999
-9999,-9999,-9999,-9999,-9999,-9999,0.000222488859435543,0.000943943567108363,0.000964812294114381,0.0009661108488217,0.000960750097874552,0.000946191605180502,0.000935501186177135,-9999,-9999,-9999,-9999,-9999,-9999,-9999,-9999,-9999,-9999,-9999,-9999,-9999,-9999,-9999,-9999,-9999,-9999,-9999,-9999,-9999,-9999,-9999,-9999,-9999,-9999,-9999,-9999,-9999,-9999,-9999,-9999,-9999,-9999,-9999,-9999,-9999,-9999,-9999,-9999,-9999,-9999,-9999,-9999,-9999,-9999,-9999,-9999,-9999,-9999,-9999,-9999,-9999,-9999,-9999,-9999,-9999,-9999,-9999,-9999,-9999,-9999,-9999,-9999,-9999,-9999,-9999,-9999,-9999,-9999,-9999,-9999,-9999,-9999,-9999,-9999,-9999,-9999,-9999,-9999,-9999,-9999,-9999,-9999,-9999,-9999,2.8938914056198E-06,0.000375064468244091,0.000406529114115983,0.000408845662605017,0.000405613158363849,0.000400234188418835,0.000394137168768793,0.000391015026252717,0.000389583321521059,0.000386567844543606,0.000383858219720423,0.000381097750505432,0.000378553580958396,0.000376218376914039,0.000374281458789483,0.000373340008081868,0.000370422814739868,0.000363522849511355,0.000339616264682263,0.000295349396765232,0.000220645859371871,0.000113799251266755,2.31593130592955E-05,-9999,-9999,-9999,-9999,-9999,-9999,-9999,-9999,-9999
-9999,-9999,-9999,-9999,-9999,-9999,0.000167375023011118,0.000944196071941406,0.000965944782365113,0.000965774175710976,0.000957662065047771,0.000943068298511207,0.000927171087823808,-9999,-9999,-9999,-9999,-9999,-9999,-9999,-9999,-9999,-9999,-9999,-9999,-9999,-9999,-9999,-9999,-9999,-9999,-9999,-9999,-9999,-9999,-9999,-9999,-9999,-9999,-9999,-9999,-9999,-9999,-9999,-9999,-9999,-9999,-9999,-9999,-9999,-9999,-9999,-9999,-9999,-9999,-9999,-9999,-9999,-9999,-9999,-9999,-9999,-9999,-9999,-9999,-9999,-9999,-9999,-9999,-9999,-9999,-9999,-9999,-9999,-9999,-9999,-9999,-9999,-9999,-9999,-9999,-9999,-9999,-9999,-9999,-9999,-9999,-9999,-9999,-9999,-9999,-9999,-9999,-9999,-9999,-9999,-9999,-9999,-9999,2.85157784674084E-06,0.000246892828727141,0.000399732060031965,0.000402096949983388,0.000398720410885289,0.000393357564462349,0.000388175569241866,0.000383241305826232,0.000382581725716591,0.000379444536520168,0.000376613694243133,0.000373717310139909,0.000371328176697716,0.000368869077647105,0.000366890424629673,0.00036598090082407,0.000364889157935977,0.000360612117219716,0.000348891684552655,0.000321744591929018,0.000247911375481635,0.000173515960341319,4.32102497143205E-05,2.24926352530019E-05,1.80094957613619E-05,-9999,-9999,-9999,-9999,-9999,-9999,-9999
-9999,-9999,-9999,-9999,-9999,-9999,0.000265964947175235,0.00095899315783754,0.000968742358963937,0.000964439532253891,0.000953471346292645,0.000939424033276737,0.00085119076538831,-9999,-9999,-9999,-9999,-9999,-9999,-9999,-9999,-9999,-9999,-9999,-9999,-9999,-9999,-9999,-9999,-9999,-9999,-9999,-9999,-9999,-9999,-9999,-9999,-9999,-9999,-9999,-9999,-9999,-9999,-9999,-9999,-9999,-9999,-9999,-9999,-9999,-9999,-9999,-9999,-9999,-9999,-9999,-9999,-9999,-9999,-9999,-9999,-9999,-9999,-9999,-9999,-9999,-9999,-9999,-9999,-9999,-9999,-9999,-9999,-9999,-9999,-9999,-9999,-9999,-9999,-9999,-9999,-9999,-9999,-9999,-9999,-9999,-9999,-9999,-9999,-9999,-9999,-9999,-9999,-9999,-9999,-9999,-9999,-9999,-9999,2.81630241261155E-06,1.65834862855263E-05,0.000393527298001572,0.000394418282667175,0.000391636684071273,0.000385861465474591,0.000380546029191464,0.000376261188648641,0.000375045900000259,0.000373275834135711,0.000370466994354501,0.000367150147212669,0.000364406238077208,0.000362317980034277,0.000360793201252818,0.000359284516889602,0.000358821707777679,0.00035541842225939,0.000346669345162809,0.000325574481394142,0.000286844238871709,0.000203453164431266,7.72182247601449E-05,3.82422513212077E-05,2.76685204880778E-05,1.76331941474928E-05,-9999,-9999,-9999,-9999,-9999,-9999
-9999,-9999,-9999,-9999,-9999,-9999,-9999,-9999,-9999,-9999,-9999,-9999,-9999,-9999,-9999,-9999,-9999,-9999,-9999,-9999,-9999,-9999,-9999,-9999,-9999,-9999,-9999,-9999,-9999,-9999,-9999,-9999,-9999,-9999,-9999,-9999,-9999,-9999,-9999,-9999,-9999,-9999,-9999,-9999,-9999,-9999,-9999,-9999,-9999,-9999,-9999,-9999,-9999,-9999,-9999,-9999,-9999,-9999,-9999,-9999,-9999,-9999,-9999,-9999,-9999,-9999,-9999,-9999,-9999,-9999,-9999,-9999,-9999,-9999,-9999,-9999,-9999,-9999,-9999,-9999,-9999,-9999,-9999,-9999,-9999,-9999,-9999,-9999,-9999,-9999,-9999,-9999,-9999,-9999,-9999,-9999,-9999,-9999,-9999,-9999,2.71211752078671E-06,0.00037709521711804,0.000386636675102636,0.00038443534867838,0.000379411998437718,0.000374203140381724,0.000369727873476222,0.000368665292626247,0.000367950618965551,0.000364484149031341,0.000361323764082044,0.000358709861757234,0.000356089323759079,0.000354840303771198,0.000353544397512451,0.000352886912878603,0.00035175247467123,0.000347034248989075,0.000333925505401567,0.000302471278700978,0.000221359165152535,0.000117567658890039,7.59966569603421E-05,5.67604074603878E-05,3.01887012028601E-05,1.7187749108416E-05,-9999,-9999,-9999,-9999,-9999
-9999,-9999,-9999,-9999,-9999,-9999,-9999,-9999,-9999,-9999,-9999,-9999,-9999,-9999,-9999,-9999,-9999,-9999,-9999,-9999,-9999,-9999,-9999,-9999,-9999,-9999,-9999,-9999,-9999,-9999,-9999,-9999,-9999,-9999,-9999,-9999,-9999,-9999,-9999,-9999,-9999,-9999,-9999,-9999,-9999,-9999,-9999,-9999,-9999,-9999,-9999,-9999,-9999,-9999,-9999,-9999,-9999,-9999,-9999,-9999,-9999,-9999,-9999,-9999,-9999,-9999,-9999,-9999,-9999,-9999,-9999,-9999,-9999,-9999,-9999,-9999,-9999,-9999,-9999,-9999,-9999,-9999,-9999,-9999,-9999,-9999,-9999,-9999,-9999,-9999,-9999,-9999,-9999,-9999,-9999,-9999,-9999,-9999,-9999,-9999,2.66671668214258E-06,0.000284862355329096,0.000380597019102424,0.000377129239495844,0.000372865120880306,0.000367570348316804,0.000362736580427736,0.000362822407623753,0.000362210703315213,0.000358873221557587,0.00035502080572769,0.000352754315827042,0.000349939044099301,0.000349075300619006,0.000348352536093444,0.000348883040715009,0.000348142144503072,0.000345286272931844,0.00033147245994769,0.000297856458928436,0.000227982163778506,0.000145104640978388,0.000106632520328276,6.17165496805683E-05,4.09595522796735E-05,1.89676338777645E-05,1.67997568496503E-05,-9999,-9999,-9999,-9999
-9999,-9999,-9999,-9999,-9999,-9999,-9999,-9999,-9999,-9999,-9999,-9999,-9999,-9999,-9999,-9999,-9999,-9999,-9999,-9999,-9999,-9999,-9999,-9999,-9999,-9999,-9999,-9999,-9999,-9999,-9999,-9999,-9999,-9999,-9999,-9999,-9999,-9999,-9999,-9999,-9999,-9999,-9999,-9999,-9999,-9999,-9999,-9999,-9999,-9999,-9999,-9999,-9999,-9999,-9999,-9999,-9999,-9999,-9999,-9999,-9999,-9999,-9999,-9999,-9999,-9999,-9999,-9999,-9999,-9999,-9999,-9999,-9999,-9999,-9999,-9999,-9999,-9999,-9999,-9999,-9999,-9999,-9999,-9999,-9999,-9999,-9999,-9999,-9999,-9999,-9999,-9999,-9999,-9999,-9999,-9999,-9999,-9999,-9999,-9999,2.6350373900641E-06,6.73141312290682E-06,0.000375235540559515,0.000370566587662324,0.000366660417057574,0.00036116931005381,0.000357226614141837,0.000357428856659681,0.000356656382791698,0.000353743584128097,0.000349845999153331,0.000347411463735625,0.00034456211142242,0.000343406689353287,0.000343395659001544,0.000343984283972532,0.000341950450092554,0.000338032987201586,0.000327550282236189,0.000293471006443724,0.000243003159994259,0.000184079603059217,0.000132860586745664,8.07121541583911E-05,4.47621569037437E-05,2.33312402997399E-05,1.65772544278298E-05,-9999,-9999,-9999,-9999
-9999,-9999,-9999,-9999,-9999,-9999,-9999,-9999,-9999,-9999,-9999,-9999,-9999,-9999,-9999,-9999,-9999,-9999,-9999,-9999,-9999,-9999,-9999,-9999,-9999,-9999,-9999,-9999,-9999,-9999,-9999,-9999,-9999,-9999,-9999,-9999,-9999,-9999,-9999,-9999,-9999,-9999,-9999,-9999,-9999,-9999,-9999,-9999,-9999,-9999,-9999,-9999,-9999,-9999,-9999,-9999,-9999,-9999,-9999,-9999,-9999,-9999,-9999,-9999,-9999,-9999,-9999,-9999,-9999,-9999,-9999,-9999,-9999,-9999,-9999,-9999,-9999,-9999,-9999,-9999,-9999,-9999,-9999,-9999,-9999,-9999,-9999,-9999,-9999,-9999,-9999,-9999,-9999,-9999,-9999,-9999,-9999,-9999,-9999,-9999,-9999,2.56393082054274E-06,0.0003441849257797,0.000363707134965807,0.000360284087946638,0.00035528838634491,0.000352335016941652,0.000351740483893082,0.000351202295860276,0.000348717818269506,0.000344496424077079,0.000341880775522441,0.000339188030920923,0.000337546545779333,0.000337372708600014,0.000338394747814164,0.00033914641244337,0.000337411562213674,0.000325584376696497,0.000294747384032235,0.000247879361268133,0.000211664955713786,0.000150821157149039,7.95822779764421E-05,4.87822981085628E-05,2.28517110372195E-05,1.60603940457804E-05,-9999,-9999,1.41290302053676E-05,1.40784813993378E-05
-9999,-9999,-9999,-9999,-9999,-9999,-9999,-9999,-9999,-9999,-9999,-9999,-9999,-9999,-9999,-9999,-9999,-9999,-9999,-9999,-9999,-9999,-9999,-9999,-9999,-9999,-9999,-9999,-9999,-9999,-9999,-9999,-9999,-9999,-9999,-9999,-9999,-9999,-9999,-9999,-9999,-9999,-9999,-9999,-9999,-9999,-9999,-9999,-9999,-9999,-9999,-9999,-9999,-9999,-9999,-9999,-9999,-9999,-9999,-9999,-9999,-9999,-9999,-9999,-9999,-9999,-9999,-9999,-9999,-9999,-9999,-9999,-9999,-9999,-9999,-9999,-9999,-9999,-9999,-9999,-9999,-9999,-9999,-9999,-9999,-9999,-9999,-9999,-9999,-9999,-9999,-9999,-9999,-9999,-9999,-9999,-9999,-9999,-9999,-9999,-9999,-9999,1.8009144696407E-05,0.00036396860377863,0.000355447467882186,0.000351441412931308,0.000348730769474059,0.000348019617376849,0.000346423039445654,0.000343117833836004,0.000339154037646949,0.000336497352691367,0.00033407672890462,0.000332678173435852,0.000332043739035726,0.000332655996317044,0.000333024887368083,0.000330907147144899,0.000319002370815724,0.000304256653180346,0.000273835670668632,0.000218229979509488,0.000148984880070202,9.36660362640396E-05,4.31296502938494E-05,2.47435345954727E-05,1.53414512169547E-05,1.46490274346434E-05,1.43097095133271E-05,1.40678348543588E-05,1.54784411279252E-05
-9999,-9999,-9999,-9999,-9999,-9999,-9999,-9999,-9999,-9999,-9999,-9999,-9999,-9999,-9999,-9999,-9999,-9999,-9999,-9999,-9999,-9999,-9999,-9999,-9999,-9999,-9999,-9999,-9999,-9999,-9999,-9999,-9999,-9999,-9999,-9999,-9999,-9999,-9999,-9999,-9999,-9999,-9999,-9999,-9999,-9999,-9999,-9999,-9999,-9999,-9999,-9999,-9999,-9999,-9999,-9999,-9999,-9999,-9999,-9999,-9999,-9999,-9999,-9999,-9999,-9999,-9999,-9999,-9999,-9999,-9999,-9999,-9999,-9999,-9999,-9999,-9999,-9999,-9999,-9999,-9999,-9999,-9999,-9999,-9999,-9999,-9999,-9999,-9999,-9999,-9999,-9999,-9999,-9999,-9999,-9999,-9999,-9999,-9999,-9999,-9999,-9999,-9999,0.000251165183726698,0.000356636825017631,0.000348994741216302,0.000347567605786026,0.000345541280694306,0.000343612482538447,0.000339398451615125,0.000335136806825176,0.000331754010403529,0.000329456815961748,0.000328192370943725,0.000328037509461865,0.000327420799294487,0.000326357607264072,0.000324099441058934,0.000314641860313714,0.000303897133562714,0.000276670092716813,0.000224621020606719,0.000166826881468296,7.6934251410421E-05,3.77300566469785E-05,2.13127223105403E-05,1.65665696840733E-05,1.44140531119774E-05,1.57205395225901E-05,1.71155825228198E-05,0.000138872186653316
-9999,-9999,-9999,-9999,-9999,-9999,-9999,-9999,-9999,-9999,-9999,-9999,-9999,-9999,-9999,-9999,-9999,-9999,-9999,-9999,-9999,-9999,-9999,-9999,-9999,-9999,-9999,-9999,-9999,-9999,-9999,-9999,-9999,-9999,-9999,-9999,-9999,-9999,-9999,-9999,-9999,-9999,-9999,-9999,-9999,-9999,-9999,-9999,-9999,-9999,-9999,-9999,-9999,-9999,-9999,-9999,-9999,-9999,-9999,-9999,-9999,-9999,-9999,-9999,-9999,-9999,-9999,-9999,-9999,-9999,-9999,-9999,-9999,-9999,-9999,-9999,-9999,-9999,-9999,-9999,-9999,-9999,-9999,-9999,-9999,-9999,-9999,-9999,-9999,-9999,-9999,-9999,-9999,-9999,-9999,-9999,-9999,-9999,-9999,-9999,-9999,-9999,-9999,2.44381044467445E-06,0.000250133045483381,0.000357018929207698,0.000349230744177476,0.000345541629940271,0.000342507642926648,0.000337967823725194,0.000333532254444435,0.00033018906833604,0.000327859917888418,0.000325958913890645,0.000324214983265847,0.000322820793371648,0.000319550425047055,0.00031463656341657,0.000310999574139714,0.000288592331344262,0.000254000828135759,0.000184294418431818,9.89101026789285E-05,3.01229374599643E-05,1.87582536455011E-05,1.82346775545739E-05,1.99170208361465E-05,1.94913372979499E-05,3.25659530062694E-05,0.000279646628769115,0.000282480119494721
-9999,-9999,-9999,-9999,-9999,-9999,-9999,-9999,-9999,-9999,-9999,-9999,-9999,-9999,-9999,-9999,-9999,-9999,-9999,-9999,-9999,-9999,-9999,-9999,-9999,-9999,-9999,-9999,-9999,-9999,-9999,-9999,-9999,-9999,-9999,-9999,-9999,-9999,-9999,-9999,-9999,-9999,-9999,-9999,-9999,-9999,-9999,-9999,-9999,-9999,-9999,-9999,-9999,-9999,-9999,-9999,-9999,-9999,-9999,-9999,-9999,-9999,-9999,-9999,-9999,-9999,-9999,-9999,-9999,-9999,-9999,-9999,-9999,-9999,-9999,-9999,-9999,-9999,-9999,-9999,-9999,-9999,-9999,-9999,-9999,-9999,-9999,-9999,-9999,-9999,-9999,-9999,-9999,-9999,-9999,-9999,-9999,-9999,-9999,-9999,-9999,-9999,-9999,-9999,2.42145802076266E-06,2.41308021031728E-06,0.00032947477302514,0.000348969944752753,0.000341197388479486,0.000337107165250927,0.000332946859998628,0.000329799338942394,0.000308171118376777,0.000255882507190108,0.000319200655212626,0.000308631075313315,0.000260292028542608,0.000216926797293127,0.000199913250980899,0.000170900268130936,8.89740185812116E-05,3.29163194692228E-05,1.672873077041E-05,1.46513557410799E-05,2.48066298809135E-05,4.1012008296093E-05,0.000148219129187055,0.000280035455944017,0.000283330271486193,0.000283755303826183,0.000279798230621964
-9999,-9999,-9999,-9999,-9999,-9999,-9999,-9999,-9999,-9999,-9999,-9999,-9999,-9999,-9999,-9999,-9999,-9999,-9999,-9999,-9999,-9999,-9999,-9999,-9999,-9999,-9999,-9999,-9999,-9999,-9999,-9999,-9999,-9999,-9999,-9999,-9999,-9999,-9999,-9999,-9999,-9999,-9999,-9999,-9999,-9999,-9999,-9999,-9999,-9999,-9999,-9999,-9999,-9999,-9999,-9999,-9999,-9999,-9999,-9999,-9999,-9999,-9999,-9999,-9999,-9999,-9999,-9999,-9999,-9999,-9999,-9999,-9999,-9999,-9999,-9999,-9999,-9999,-9999,-9999,-9999,-9999,-9999,-9999,-9999,-9999,-9999,-9999,-9999,-9999,-9999,-9999,-9999,-9999,-9999,-9999,-9999,-9999,-9999,-9999,-9999,-9999,-9999,-9999,-9999,-9999,2.38273582908732E-06,1.19008391266107E-05,0.000345940963597968,0.000340592407155782,0.000334227923303843,0.000330259965267032,0.00031284088618122,0.000312753400066867,0.000297057209536433,0.000231473546591587,0.000168045226018876,0.000103227575891651,4.03650556108914E-05,5.96078753005713E-05,3.54734365828335E-05,4.70186205348E-05,0.000152132997754961,0.000286526541458443,0.000288013106910512,0.000288126524537802,0.000286501861410215,0.000283014291198924,0.00028008726076223,0.000268459029030055,0.000139248251798563
-9999,-9999,-9999,-9999,-9999,-9999,-9999,-9999,-9999,-9999,-9999,-9999,-9999,-9999,-9999,-9999,-9999,-9999,-9999,-9999,-9999,-9999,-9999,-9999,-9999,-9999,-9999,-9999,-9999,-9999,-9999,-9999,-9999,-9999,-9999,-9999,-9999,-9999,-9999,-9999,-9999,-9999,-9999,-9999,-9999,-9999,-9999,-9999,-9999,-9999,-9999,-9999,-9999,-9999,-9999,-9999,-9999,-9999,-9999,-9999,-9999,-9999,-9999,-9999,-9999,-9999,-9999,-9999,-9999,-9999,-9999,-9999,-9999,-9999,-9999,-9999,-9999,-9999,-9999,-9999,-9999,-9999,-9999,-9999,-9999,-9999,-9999,-9999,-9999,-9999,-9999,-9999,-9999,-9999,-9999,-9999,-9999,-9999,-9999,-9999,-9999,-9999,-9999,-9999,-9999,-9999,-9999,-9999,2.32570573643898E-06,9.38794801186305E-06,0.000329000176861882,0.000336797180352733,0.000333434523781762,0.000330335489707068,0.000326478271745145,0.00032251508673653,0.000318007456371561,0.000314372533466667,0.000310151546727866,0.000305707479128614,0.000301134132314473,0.000298148690490052,0.000295543461106718,0.000292116834316403,0.000288266397546977,0.000285186077235267,0.000280185544397682,0.000261666427832097,0.00015572521078866,1.07961623143638E-05,-9999
-9999,-9999,-9999,-9999,-9999,-9999,-9999,-9999,-9999,-9999,-9999,-9999,-9999,-9999,-9999,-9999,-9999,-9999,-9999,-9999,-9999,-9999,-9999,-9999,-9999,-9999,-9999,-9999,-9999,-9999,-9999,-9999,-9999,-9999,-9999,-9999,-9999,-9999,-9999,-9999,-9999,-9999,-9999,-9999,-9999,-9999,-9999,-9999,-9999,-9999,-9999,-9999,-9999,-9999,-9999,-9999,-9999,-9999,-9999,-9999,-9999,-9999,-9999,-9999,-9999,-9999,-9999,-9999,-9999,-9999,-9999,-9999,-9999,-9999,-9999,-9999,-9999,-9999,-9999,-9999,-9999,-9999,-9999,-9999,-9999,-9999,-9999,-9999,-9999,-9999,-9999,-9999,-9999,-9999,-9999,-9999,-9999,-9999,-9999,-9999,-9999,-9999,-9999,-9999,-9999,-9999,-9999,-9999,-9999,-9999,2.28763497034379E-06,2.27892610382696E-06,2.26615543397202E-06,2.24842779061873E-06,9.23963852983434E-06,1.29072141135111E-05,2.17336832974979E-06,2.13757653000357E-06,2.10099892683502E-06,3.93989876101841E-06,1.23830104712397E-05,5.35345534444787E-05,0.000109875851194374,0.000120201402751263,2.74571339105023E-05,1.96443079403252E-06,1.95484722098627E-06,1.94920289686706E-06,-9999,-9999,-9999
-9999,-9999,-9999,-9999,-9999,-9999,-9999,-9999,-9999,-9999,-9999,-9999,-9999,-9999,-9999,-9999,-9999,-9999,-9999,-9999,-9999,-9999,-9999,-9999,-9999,-9999,-9999,-9999,-9999,-9999,-9999,-9999,-9999,-9999,-9999,-9999,-9999,-9999,-9999,-9999,-9999,-9999,-9999,-9999,-9999,-9999,-9999,-9999,-9999,-9999,-9999,-9999,-9999,-9999,-9999,-9999,-9999,-9999,-9999,-9999,-9999,-9999,-9999,-9999,-9999,-9999,-9999,-9999,-9999,-9999,-9999,-9999,-9999,-9999,-9999,-9999,-9999,-9999,-9999,-9999,-9999,-9999,-9999,-9999,-9999,-9999,-9999,-9999,-9999,-9999,-9999,-9999,-9999,-9999,-9999,-9999,-9999,-9999,-9999,-9999,-9999,-9999,-9999,-9999,-9999,-9999,-9999,-9999,-9999,-9999,-9999,-9999,-9999,-9999,-9999,-9999,-9999,-9999,-9999,-9999,-9999,-9999,-9999,-9999,-9999,-9999,-9999,-9999,-9999,-9999,-9999
-9999,-9999,-9999,-9999,-9999,-9999,-9999,-9999,-9999,-9999,-9999,-9999,-9999,-9999,-9999,-9999,-9999,-9999,-9999,-9999,-9999,-9999,-9999,-9999,-9999,-9999,-9999,-9999,-9999,-9999,-9999,-9999,-9999,-9999,-9999,-9999,-9999,-9999,-9999,-9999,-9999,-9999,-9999,-9999,-9999,-9999,-9999,-9999,-9999,-9999,-9999,-9999,-9999,-9999,-9999,-9999,-9999,-9999,-9999,-9999,-9999,-9999,-9999,-9999,-9999,-9999,-9999,-9999,-9999,-9999,-9999,-9999,-9999,-9999,-9999,-9999,-9999,-9999,-9999,-9999,-9999,-9999,-9999,-9999,-9999,-9999,-9999,-9999,-9999,-9999,-9999,-9999,-9999,-9999,-9999,-9999,-9999,-9999,-9999,-9999,-9999,-9999,-9999,-9999,-9999,-9999,-9999,-9999,-9999,-9999,-9999,-9999,-9999,-9999,-9999,-9999,-9999,-9999,-9999,-9999,-9999,-9999,-9999,-9999,-9999,-9999,-9999,-9999,-9999,-9999,-9999

Step,205
Year,17.08333
-9999,-9999,-9999,-9999,-9999,-9999,-9999,-9999,-9999,-9999,-9999,-9999,-9999,-9999,-9999,-9999,-9999,-9999,-9999,-9999,-9999,-9999,-9999,-9999,-9999,-9999,-9999,-9999,-9999,-9999,-9999,-9999,-9999,-9999,-9999,-9999,-9999,-9999,-9999,-9999,-9999,-9999,-9999,-9999,-9999,-9999,-9999,-9999,-9999,-9999,-9999,-9999,-9999,-9999,-9999,-9999,-9999,-9999,-9999,-9999,-9999,-9999,-9999,-9999,-9999,-9999,-9999,-9999,-9999,-9999,-9999,-9999,-9999,-9999,-9999,-9999,-9999,-9999,-9999,-9999,-9999,-9999,-9999,-9999,-9999,-9999,-9999,-9999,-9999,-9999,-9999,-9999,-9999,-9999,-9999,-9999,-9999,-9999,-9999,-9999,-9999,-9999,-9999,-9999,-9999,-9999,-9999,-9999,-9999,-9999,-9999,-9999,-9999,-9999,-9999,-9999,-9999,-9999,-9999,-9999,-9999,-9999,-9999,-9999,-9999,-9999,-9999,-9999,-9999,-9999,-9999
-9999,-9999,-9999,-9999,-9999,-9999,-9999,-9999,-9999,-9999,-9999,-9999,-9999,-9999,-9999,-9999,-9999,-9999,-9999,-9999,-9999,-9999,-9999,-9999,-9999,-9999,-9999,-9999,-9999,-9999,-9999,-9999,-9999,-9999,-9999,-9999,-9999,-9999,-9999,-9999,-9999,-9999,-9999,-9999,-9999,-9999,-9999,-9999,-9999,-9999,-9999,-9999,-9999,-9999,-9999,-9999,-9999,-9999,-9999,-9999,-9999,-9999,-9999,-9999,-9999,-9999,-9999,-9999,-9999,-9999,-9999,-9999,-9999,-9999,-9999,-9999,-9999,-9999,-9999,-9999,-9999,-9999,-9999,-9999,-9999,-9999,-9999,-9999,-9999,-9999,-9999,-9999,-9999,-9999,-9999,-9999,-9999,-9999,-9999,-9999,-9999,-9999,-9999,-9999,-9999,-9999,-9999,-9999,-9999,-9999,-9999,-9999,-9999,-9999,-9999,-9999,-9999,-9999,-9999,-9999,-9999,-9999,-9999,-9999,-9999,-9999,-9999,-9999,-9999,-9999,-9999
-9999,-9999,-9999,-9999,-9999,-9999,-9999,-9999,-9999,-9999,-9999,-9999,-9999,-9999,-9999,-9999,-9999,-9999,-9999,-9999,-9999,-9999,-9999,-9999,-9999,-9999,-9999,-9999,-9999,-9999,-9999,-9999,-9999,-9999,-9999,-9999,-9999,-9999,-9999,-9999,-9999,-9999,-9999,-9999,-9999,-9999,-9999,-9999,-9999,-9999,-9999,-9999,-9999,-9999,-9999,-9999,-9999,-9999,-9999,-9999,-9999,-9999,-9999,-9999,-9999,-9999,-9999,-9999,-9999,-9999,-9999,-9999,-9999,-9999,2.50212906394154E-06,3.72012095795071E-06,-9999,-9999,-9999,-9999,-9999,-9999,-9999,-9999,-9999,-9999,-9999,-9999,-9999,-9999,-9999,-9999,-9999,-9999,-9999,-9999,-9999,-9999,-9999,-9999,-9999,-9999,-9999,-9999,-9999,-9999,-9999,-9999,-9999,-9999,-9999,-9999,-9999,-9999,-9999,-9999,-9999,-9999,-9999,-9999,-9999,-9999,-9999,-9999,-9999,-9999,-9999,-9999,-9999,-9999,-9999
-9999,-9999,-9999,-9999,-9999,-9999,-9999,-9999,-9999,-9999,-9999,-9999,-9999,-9999,-9999,-9999,-9999,-9999,-9999,-9999,-9999,-9999,-9999,-9999,-9999,-9999,-9999,-9999,-9999,-9999,-9999,-9999,-9999,-9999,-9999,-9999,-9999,-9999,-9999,-9999,-9999,-9999,-9999,-9999,-9999,-9999,-9999,-9999,-9999,-9999,-9999,-9999,-9999,-9999,-9999,-9999,-9999,-9999,-9999,-9999,-9999,-9999,-9999,-9999,-9999,-9999,-9999,-9999,-9999,-9999,-9999,-9999,-9999,-9999,3.60104581886844E-06,5.32678086528904E-06,-9999,-9999,-9999,-9999,-9999,-9999,-9999,-9999,-9999,-9999,-9999,-9999,-9999,-9999,-9999,-9999,-9999,-9999,-9999,-9999,-9999,-9999,-9999,-9999,-9999,-9999,-9999,-9999,-9999,-9999,-9999,-9999,-9999,-9999,-9999,-9999,-9999,-9999,-9999,-9999,-9999,-9999,-9999,-9999,-9999,-9999,-9999,-9999,-9999,-9999,-9999,-9999,-9999,-9999,-9999
-9999,-9999,-9999,-9999,-9999,-9999,-9999,-9999,-9999,-9999,-9999,-9999,-9999,-9999,-9999,-9999,-9999,-9999,-9999,-9999,-9999,-9999,-9999,-9999,-9999,-9999,-9999,-9999,-9999,-9999,-9999,-9999,-9999,-9999,-9999,-9999,-9999,-9999,-9999,-9999,-9999,-9999,-9999,-9999,-9999,-9999,-9999,-9999,-9999,-9999,-9999,-9999,-9999,-9999,-9999,-9999,2.296374219668E-07,3.34098729126708E-07,4.78490562727529E-07,6.83235953147232E-07,-9999,-9999,-9999,-9999,-9999,4.55111057817703E-06,4.38219922216376E-06,6.19272759649903E-06,6.0103707255621E-06,3.86494775739266E-06,5.51150833416614E-06,2.74667727353517E-05,3.68125511158723E-05,3.64316692866851E-05,5.12884435011074E-06,2.62742669292493E-05,3.39866892318241E-05,-9999,-9999,3.16700898110867E-05,4.90066668135114E-05,4.2842140828725E-05,4.34389985457528E-05,0.000111555673356634,0.000148383929627016,0.000135501599288546,0.000135769427288324,8.29150158097036E-05,3.90236818930134E-05,-9999,-9999,-9999,-9999,-9999,-9999,-9999,-9999,-9999,-9999,-9999,-9999,-9999,-9999,-9999,-9999,-9999,-9999,-9999,-9999,-9999,-9999,-9999,-9999,-9999,-9999,-9999,-9999,-9999,-9999,-9999,-9999,-9999,-9999,-9999,-9999,-9999,-9999,-9999,-9999,-9999,-9999
-9999,-9999,-9999,-9999,-9999,-9999,-9999,-9999,-9999,-9999,-9999,-9999,-9999,-9999,-9999,-9999,-9999,-9999,-9999,-9999,-9999,-9999,-9999,-9999,-9999,-9999,-9999,-9999,-9999,-9999,-9999,-9999,-9999,-9999,-9999,-9999,-9999,-9999,-9999,-9999,-9999,-9999,-9999,-9999,-9999,-9999,-9999,-9999,-9999,-9999,-9999,-9999,-9999,-9999,-9999,2.36844385881341E-07,3.47283418022926E-07,5.03471085266938E-07,7.13733982138365E-07,9.86343138720258E-07,1.35153322844417E-06,1.90936884791881E-06,-9999,7.57745738155791E-06,2.0399462300702E-05,6.8066092353547E-06,6.37715311313514E-06,4.72359606646933E-05,4.76783789054025E-05,5.5758946473361E-06,5.3835237849853E-06,6.19740822003223E-05,7.84238800406456E-05,6.95037088007666E-05,6.10745410085656E-05,6.00890816713218E-05,4.63903124909848E-05,5.12966580572538E-05,8.52964076329954E-05,0.000150954801938497,0.000359023979399353,0.000548591604456306,0.000607611262239516,0.000606364570558071,0.000610433169640601,0.000615166500210762,0.000620365375652909,0.00062794639961794,0.000604537315666676,0.000318778154905885,0.000135283524286933,-9999,-9999,-9999,-9999,-9999,-9999,-9999,-9999,-9999,-9999,-9999,-9999,-9999,-9999,-9999,-9999,-9999,-9999,-9999,-9999,-9999,-9999,-9999,-9999,-9999,-9999,-9999,-9999,-9999,-9999,-9999,-9999,-9999,-9999,-9999,-9999,-9999,-9999,-9999,-9999
-9999,-9999,-9999,-9999,-9999,-9999,-9999,-9999,-9999,-9999,-9999,-9999,-9999,-9999,-9999,-9999,-9999,-9999,-9999,-9999,-9999,-9999,-9999,-9999,-9999,-9999,-9999,-9999,-9999,-9999,-9999,-9999,-9999,-9999,-9999,-9999,-9999,-9999,-9999,-9999,-9999,-9999,-9999,-9999,-9999,-9999,-9999,-9999,-9999,-9999,-9999,-9999,-9999,-9999,-9999,3.5509023632585E-07,5.2386428706086E-07,7.65959271120664E-07,1.08614869986923E-06,1.48578692460433E-06,1.98791553884803E-06,2.66287406702759E-06,3.63420099347422E-06,5.06720061821397E-06,7.08719016984105E-06,4.09018321079202E-05,7.0845359005034E-05,0.000178218164364807,0.000287236733129248,0.000411998684285209,0.000468750222353265,0.000417205563280731,0.000512730970513076,0.00057092058705166,0.000457067391835153,0.000448745704488829,0.000420839205617085,0.000449586572358385,0.00060525891603902,0.000617578160017729,0.000625589280389249,0.000629437388852239,0.000632415642030537,0.000633087358437479,0.000633538118563592,0.000635113916359842,0.000637840363197029,0.000640450627543032,0.000641014135908335,0.000638008350506425,0.000627027184236795,0.000520606175996363,0.000123886566143483,-9999,-9999,-9999,-9999,-9999,-9999,-9999,-9999,-9999,3.95487440982834E-05,3.95463212043978E-05,3.960938192904E-05,-9999,-9999,-9999,-9999,-9999,-9999,-9999,-9999,-9999,-9999,-9999,-9999,-9999,-9999,-9999,-9999,-9999,-9999,-9999,-9999,-9999,-9999,-9999,-9999,-9999,-9999
-9999,-9999,-9999,-9999,-9999,-9999,-9999,-9999,-9999,-9999,-9999,-9999,-9999,-9999,-9999,-9999,-9999,-9999,-9999,-9999,-9999,-9999,-9999,-9999,-9999,-9999,-9999,-9999,-9999,-9999,-9999,1.88908124982845E-05,-9999,-9999,-9999,5.80749947403092E-05,-9999,-9999,-9999,-9999,-9999,-9999,-9999,-9999,-9999,-9999,-9999,-9999,-9999,-9999,-9999,-9999,-9999,-9999,-9999,-9999,-9999,5.20773880907655E-07,7.48191155253153E-07,1.05736785371846E-06,-9999,2.49877712121815E-06,3.53875952896487E-06,4.98245299240807E-06,6.97512905389885E-06,4.12201989092864E-05,7.35561698093079E-05,0.000100139994174242,6.1787613958586E-05,0.000337516161380336,0.000692214642185718,0.000724208832252771,0.000715472211595625,0.000704301812220365,0.000679663149639964,0.0006598862237297,0.000659770332276821,0.000658037373796105,0.000648201210424304,0.00064134452259168,0.00063682661857456,0.000635041273199022,0.000629720569122583,0.000626780325546861,0.000629027956165373,0.000631528499070555,0.00063518772367388,0.000639852543827146,0.000643021427094936,0.000643811596091837,0.000644782208837569,0.00063286378281191,0.000574369099922478,0.000150180014315993,-9999,-9999,-9999,-9999,-9999,-9999,-9999,-9999,5.35849976586178E-05,8.30093558761291E-05,5.41320841875859E-05,3.88328262488358E-05,3.91069625038654E-05,-9999,-9999,-9999,-9999,-9999,-9999,-9999,-9999,-9999,-9999,-9999,-9999,-9999,-9999,-9999,-9999,-9999,-9999,-9999,-9999,-9999,-9999,-9999,-9999
-9999,-9999,-9999,-9999,-9999,-9999,-9999,-9999,-9999,-9999,-9999,-9999,-9999,-9999,-9999,-9999,-9999,-9999,-9999,-9999,-9999,-9999,-9999,-9999,-9999,-9999,-9999,-9999,-9999,-9999,1.34909532789607E-05,2.57876399700763E-05,-9999,-9999,2.73722507699858E-05,4.64636177639477E-05,-9999,-9999,5.2415667596506E-05,9.21451937756501E-05,-9999,-9999,-9999,-9999,-9999,8.92696971277473E-06,-9999,-9999,-9999,-9999,-9999,-9999,-9999,-9999,-9999,-9999,-9999,-9999,-9999,-9999,-9999,3.59284490514256E-06,5.09495976075414E-06,7.25287509339978E-06,6.91831928634201E-06,3.98676565964706E-05,4.37740054621827E-05,4.18170384364203E-05,3.93461741623469E-05,0.000229187164222822,0.000700087286531925,0.00073766999412328,0.000730096129700541,0.000716672337148339,0.000700449571013451,0.000685324717778713,0.000672736496198922,0.00066142319701612,0.000652276095934212,0.000644467887468636,0.000637460849247873,0.000630795839242637,0.000622575345914811,0.000622205378022045,0.000623800558969378,0.000628830981440842,0.000633113319054246,0.000638348748907447,0.00064333132468164,0.000646320346277207,0.000648378045298159,0.000647823559120297,0.000638043042272329,0.000538828899152577,0.000151329470099881,-9999,-9999,-9999,-9999,-9999,6.25789689365774E-05,6.31754082860425E-05,0.000120263255666941,0.000178134927409701,0.000135182068333961,9.09683731151745E-05,5.98938968323637E-05,3.86621250072494E-05,-9999,-9999,-9999,-9999,-9999,-9999,-9999,-9999,-9999,-9999,-9999,-9999,-9999,-9999,-9999,-9999,-9999,-9999,-9999,-9999,-9999,-9999,-9999
-9999,-9999,-9999,-9999,-9999,-9999,-9999,-9999,-9999,-9999,-9999,-9999,-9999,-9999,-9999,-9999,-9999,-9999,-9999,-9999,-9999,-9999,-9999,3.14458084176295E-05,4.02037258027121E-05,-9999,-9999,-9999,-9999,3.32744239130989E-05,3.13255623041186E-05,1.24914249681751E-05,6.25172251602635E-05,6.61217836750438E-06,5.57919738639612E-05,9.79370670393109E-05,0.000175720400875434,7.6451622589957E-05,4.60066657979041E-05,-9999,4.71989769721404E-05,4.94622399855871E-05,-9999,-9999,9.43406266742386E-05,1.23635218187701E-05,7.33361866878113E-06,4.50933112006169E-06,-9999,-9999,-9999,-9999,-9999,-9999,-9999,-9999,-9999,1.82103976840153E-05,1.15004859253531E-05,-9999,-9999,-9999,7.26844973542029E-06,4.79856025776826E-05,4.60967130493373E-05,4.56512534583453E-05,4.382042970974E-05,4.11985747632571E-05,5.3764772019349E-05,0.000330953276716173,0.000701779616065323,0.000736897229216993,0.000727840117178857,0.000715034198947251,0.000699570751748979,0.000684408121742308,0.000671454414259642,0.000659673591144383,0.000650143250823021,0.000642227823846042,0.000633116927929223,0.000602708896622062,0.00060858583310619,0.000617215759120882,0.00062067125691101,0.000623950501903892,0.000630069640465081,0.000636597978882492,0.000642293365672231,0.000645607418846339,0.000647763896267861,0.000648729270324111,0.000645570165943354,0.000617772748228163,0.000180863513378426,3.18776801577769E-05,4.61949457530864E-06,3.18515753860993E-06,4.86057433590759E-06,0.000151492014992982,0.000299548846669495,0.000389151449780911,0.000435956462752074,0.000373703922377899,0.000354483199771494,0.00027003136347048,0.000163105301908217,5.3221061534714E-05,3.87469335692003E-05,3.92798392567784E-05,-9999,-9999,-9999,-9999,-9999,-9999,-9999,-9999,-9999,-9999,-9999,-9999,-9999,-9999,-9999,-9999,-9999,-9999,-9999,-9999,-9999
-9999,-9999,-9999,-9999,-9999,-9999,-9999,-9999,-9999,-9999,-9999,-9999,-9999,-9999,-9999,-9999,-9999,-9999,-9999,-9999,-9999,-9999,4.72324136353564E-05,5.556194082601E-05,3.76760945073329E-05,3.7861020246055E-05,4.17110459238756E-05,4.81261376990005E-05,9.04165281099267E-05,0.000135786016471684,0.000102027734101284,0.000240523877437226,0.000330484414007515,0.000356113450834528,0.000409015861805528,0.000353959010681137,0.000351164257153869,0.000320033723255619,0.000184529708349146,0.000141091339173727,4.57391506643035E-05,2.82676301139873E-05,2.38278807955794E-05,3.26133667840622E-05,9.48425258684438E-06,6.55497933621518E-06,6.23051710135769E-06,5.87035583521356E-06,3.73919829144143E-06,-9999,-9999,-9999,-9999,-9999,-9999,-9999,-9999,7.54383581806906E-05,6.76673298585229E-05,6.22301013208926E-05,-9999,-9999,4.70245868200436E-05,4.77720568596851E-05,4.73328909720294E-05,4.5656823203899E-05,4.29309002356604E-05,4.97951623401605E-05,0.000162630487466231,0.000461848539998755,0.000707772502209991,0.000735044071916491,0.000723588629625738,0.00071078137261793,0.00069558568065986,0.00068016565637663,0.000666791049297899,0.000655428157187998,0.000645649794023484,0.000638518249616027,0.000599958992097527,0.000312176620354876,0.000369509332813323,0.000512976897880435,0.000594452081713825,0.00061968358932063,0.000626479217316955,0.000633654708508402,0.000639468256849796,0.000642540340777487,0.000646544387564063,0.000649455992970616,0.000645533902570605,0.000604097731411457,0.000289900664938614,0.00023418350610882,1.90171049325727E-05,4.71980683869333E-06,0.000230191551963799,0.000535637198481709,0.000597799487877637,0.000636165670584887,0.000629815156571567,0.000610947143286467,0.0005880260723643,0.000484136486193165,0.000310637668007985,0.00016178103396669,5.91222378716338E-05,3.86016836273484E-05,-9999,-9999,-9999,-9999,-9999,-9999,-9999,-9999,-9999,-9999,-9999,-9999,-9999,-9999,-9999,-9999,-9999,-9999,-9999,-9999,-9999
-9999,-9999,-9999,-9999,-9999,-9999,-9999,-9999,-9999,-9999,-9999,-9999,-9999,-9999,-9999,-9999,-9999,-9999,-9999,-9999,-9999,-9999,4.7069897846086E-05,5.60910229978617E-05,4.73693471576553E-05,4.88931364088785E-05,0.000180683709913865,0.000359443482011557,0.000474476342787966,0.000417213595937937,0.00041594885988161,0.000334211625158787,0.000359185796696693,0.000411731540225446,0.000382769241696224,0.000435423047747463,0.000515509571414441,0.000512505357619375,0.000534998835064471,0.000475326727610081,0.000333109259372577,0.000214834610233083,8.84732871782035E-05,3.36141347361263E-05,1.65872206707718E-05,7.48419643059606E-06,7.49781611375511E-06,7.40846326152678E-06,4.91877199237933E-06,4.83685471408535E-06,4.83352550872951E-06,-9999,-9999,-9999,-9999,-9999,-9999,-9999,6.05355453444645E-05,5.43062633369118E-05,4.9431841034675E-05,4.52031017630361E-05,4.6434342948487E-05,4.68699436169118E-05,4.66399142169394E-05,4.45685000158846E-05,5.1887305744458E-05,0.00016602867981419,0.000446379330242053,0.000705746468156576,0.000741029973141849,0.000729461433365941,0.000716559588909149,0.000703665893524885,0.000688678817823529,0.000673532544169575,0.000661235768347979,0.000651141279377043,0.000642295344732702,0.000573919736780226,7.8708599176025E-06,4.29633382736938E-06,4.28736757385195E-06,4.28107750849449E-06,4.93985862703994E-05,0.000407565268687904,0.000608255679253489,0.000628956768196076,0.000635416130535305,0.000640662328805774,0.000645740830805153,0.000649608904495835,0.000647339096758515,0.000598510436248034,0.000612006231676787,0.000635594478808343,0.000562467321287841,0.000303297390928492,0.000616089906543493,0.000680515950080007,0.000692378438543528,0.00068614148767665,0.000669082452077419,0.00065917253959924,0.000645334599539638,0.000586120237130672,0.000438396004028618,0.000286552996840328,8.8666238298174E-05,3.74030532839242E-05,1.9243572751293E-05,-9999,-9999,-9999,-9999,-9999,-9999,-9999,-9999,-9999,-9999,-9999,-9999,-9999,-9999,-9999,-9999,-9999,-9999,-9999,-9999
-9999,-9999,-9999,-9999,-9999,-9999,-9999,-9999,-9999,-9999,-9999,-9999,-9999,-9999,-9999,-9999,-9999,-9999,-9999,-9999,-9999,-9999,4.59744296676945E-05,5.74002442590427E-05,9.01559251360595E-05,0.000412829220294952,0.000534024089574814,0.000589513219892979,0.000560317072086036,0.000444792036432773,0.000442573305917904,0.000496219145134091,0.000521861598826945,0.000546793453395367,0.000621957005932927,0.000618871010374278,0.00063964759465307,0.000659066485241055,0.000697719980962574,0.000652267830446362,0.000577648810576648,0.000360954843927175,0.000190515245776623,0.000110098990262486,9.50354224187322E-05,0.000106530358607415,9.34853669605218E-05,6.44825850031339E-05,6.54930136079201E-06,6.70367444399744E-06,6.7738301368081E-06,-9999,-9999,-9999,-9999,4.81707866129E-05,4.90399288537446E-05,5.06108881381806E-05,5.19906207046006E-05,4.79220907436684E-05,5.37993764737621E-05,4.19259558839258E-05,3.60342237399891E-05,2.24441246245988E-05,6.27113549853675E-05,0.000206571523449384,9.72456036834046E-05,0.000539408705662936,0.000757271656766534,0.000747436250094324,0.000734535686206073,0.000721658230759203,0.000708571635186672,0.000695590046234429,0.000679892022162676,0.000666981504764408,0.000658376608043909,0.00061664538225159,4.37198923464166E-06,4.35171750723384E-06,4.3426948650449E-06,2.90376351586019E-06,2.89912304651807E-06,2.89608192360902E-06,4.31597118222271E-06,1.60693271027412E-05,0.000210911908652633,0.00055535597493872,0.000627228931989521,0.000637966208159924,0.000644035637378693,0.000648328859824687,0.000652962015010417,0.000658466829918325,0.000664339342620224,0.000670102541334927,0.000667321844957769,0.000672071997541934,0.000689079170115292,0.000703167635947466,0.00070776796201244,0.000702550169080496,0.00069433159660548,0.000686590268742293,0.000657638069242239,0.000631398870609701,0.000532230187673122,0.000413484201999381,0.000189276848686859,7.02238030498847E-05,8.380565304833E-06,5.39712073077681E-06,-9999,-9999,-9999,-9999,-9999,-9999,-9999,-9999,-9999,-9999,-9999,-9999,-9999,-9999,-9999,-9999,-9999,-9999,-9999
-9999,-9999,-9999,-9999,-9999,-9999,-9999,-9999,-9999,-9999,-9999,-9999,-9999,-9999,-9999,-9999,-9999,-9999,-9999,-9999,-9999,4.20235664932989E-05,4.96961802127771E-05,0.000193252373719588,0.000528722710441798,0.000689882319420576,0.000689352687913924,0.000638914527371526,0.000556193001102656,0.000655848765745759,0.000651994720101357,0.000671799411065876,0.000669339904561639,0.000666739710140973,0.000706273363903165,0.000740020826924592,0.000752920866943896,0.000748579739592969,0.000773275387473404,0.000768172438256443,0.000749361584894359,0.000613917829468846,0.00023877558123786,0.000149356084875762,0.000183660973561928,0.000166746060131118,0.000149969535414129,0.000151486616232432,0.000150204970850609,0.000107960564491805,6.9520938268397E-05,4.6867618948454E-05,4.7205357986968E-05,4.81295537611004E-05,4.90560414618813E-05,4.52609601779841E-05,5.11940233991481E-05,4.55620138382073E-05,4.60230658063665E-05,5.22592235938646E-05,0.000213478284422308,0.000453283108072355,0.000220277841435745,6.17239720668294E-06,6.09761082159821E-06,5.87547901886865E-06,2.29494053201051E-05,0.00020998741092626,0.000754234963096678,0.00074186798883602,0.000729663588572294,0.000712582608684897,0.000698765565175563,0.000600657309405506,2.54619826591806E-05,4.54815517514362E-06,4.4784806050302E-06,4.43509907199768E-06,2.94850565296656E-06,2.9350869681366E-06,2.92783079203218E-06,1.95987195183989E-06,1.95878897102375E-06,1.95993584384269E-06,2.92398863166454E-06,4.35640185969532E-06,2.81563552562147E-05,0.000185269949724898,0.000509117031469941,0.000621312123257667,0.00063942646374926,0.000645053689368069,0.000649389403406531,0.000654623785521835,0.000662176695186645,0.00066952029010281,0.00067595555447042,0.00068286043824628,0.000691669469233602,0.000699329480994493,0.00070143531775102,0.000701825192663819,0.000700433040037751,0.000698180461768061,0.000687090796418488,0.000651577720418572,0.000612908857874572,0.00046983826905489,0.000279190513538197,0.000155422458192334,4.28105740866158E-05,5.29271983396029E-06,5.45798047824064E-06,1.04951050161617E-05,-9999,-9999,-9999,-9999,-9999,-9999,-9999,-9999,-9999,-9999,-9999,-9999,-9999,-9999,-9999,-9999,-9999
-9999,-9999,-9999,-9999,-9999,-9999,-9999,-9999,-9999,-9999,-9999,-9999,-9999,-9999,-9999,-9999,-9999,-9999,-9999,-9999,-9999,8.319388871314E-05,0.000467693782411516,0.000685696490108967,0.000769401900470257,0.000730399042367935,0.00068539340281859,0.000658887845929712,0.000700190255884081,0.000753778440412134,0.000795473577454686,0.000791238388046622,0.000814024009741843,0.000832261866889894,0.000818870961666107,0.00084971624892205,0.000845066038891673,0.000832136371172965,0.000839571235701442,0.000838382518850267,0.000819880398921669,0.000799864530563354,0.000754152308218181,0.000677854113746434,0.00059807492652908,0.000478361180284992,0.000303190288832411,0.000165459729032591,0.000181938667083159,0.000149669343954884,0.000110316155769397,7.23696284694597E-05,6.50525544187985E-05,5.23723902006168E-05,5.23262788192369E-05,8.02832655608654E-05,7.15580099495128E-05,7.05098791513592E-05,0.000108467720565386,0.000475198350613937,0.000783558061812073,0.000855454709380865,0.000832769088447094,0.000263217661995441,5.82453594688559E-06,5.68161431147018E-06,5.46464480066788E-06,0.000764830445405096,0.000752157298848033,0.000739999464713037,0.000526471761986613,4.88345540361479E-06,4.811076905753E-06,4.77055436931551E-06,-9999,-9999,-9999,-9999,-9999,-9999,-9999,1.31975946260354E-06,1.31995716401434E-06,1.97360009224212E-06,2.94540404865984E-06,4.39087807535543E-06,9.94734909909312E-06,6.06967405474279E-05,0.000243558373767883,0.000521729525644332,0.000626238819677383,0.00063981069251895,0.000644201994873583,0.000651753682177514,0.000658678996842355,0.00066524458816275,0.000671747489832342,0.000679632998071611,0.000686542713083327,0.000691460038069636,0.000693351728841662,0.000693957088515162,0.000696261471603066,0.000701014185324311,0.000696656468790025,0.000676877563819289,0.000632615876384079,0.00054896529763937,0.000420645985286683,0.000254089245572686,0.000138732037157752,4.48529572167899E-05,3.04416498693172E-05,2.46797480940586E-05,3.31032861140557E-05,-9999,-9999,-9999,-9999,-9999,-9999,-9999,-9999,-9999,-9999,-9999,-9999,-9999,-9999,-9999,-9999
-9999,-9999,-9999,-9999,-9999,-9999,-9999,-9999,-9999,-9999,-9999,-9999,-9999,-9999,-9999,-9999,-9999,-9999,-9999,4.35044421465136E-05,0.000117920499178581,0.000655491603538394,0.000782588380388916,0.000783074006903917,0.000765510019846261,0.000797792687080801,0.000779110006988049,0.000774600193835795,0.000824789050966501,0.000828806834761053,0.000840756227262318,0.000851318938657641,0.000841948785819113,0.00083094515139237,0.000849635456688702,0.000857394305057824,0.00085295841563493,0.000841706991195679,0.000844383670482785,0.00084749807137996,0.000846119888592511,0.000838652369566262,0.000835330341942608,0.000818600412458181,0.000801335612777621,0.000760661845561117,0.000711557047907263,0.000662992184516042,0.000516341999173164,0.000342803017701954,0.000146150559885427,0.000146063874126412,0.00016056680760812,0.000175775800016709,0.000229496043175459,0.00034045844222419,0.00051383551908657,0.00056224805302918,0.000696736213285476,0.000828372547402978,0.000855974562000483,0.000855352147482336,0.000850085401907563,0.000849556410685182,2.08679084607866E-05,0.000797384360339493,0.000802995928097516,0.000774447107687593,0.000597393896896392,1.29487871163292E-05,5.06388869325747E-06,-9999,-9999,-9999,-9999,-9999,-9999,-9999,-9999,-9999,-9999,-9999,-9999,1.32976151689945E-06,1.98494421965734E-06,2.96451116810204E-06,4.41856536781415E-06,3.04299101117067E-05,0.000123595600598492,0.000347391323884949,0.000570757896639407,0.000632139621302485,0.000641393358819187,0.000645100139081478,0.000650186790153384,0.000656363961752504,0.000662895909044892,0.000669866742100567,0.000675734714604914,0.00067949591903016,0.000681568635627627,0.000682312936987728,0.000682422309182584,0.000685939798131585,0.000687840161845088,0.000678188691381365,0.000658427074085921,0.000627332425210625,0.000564611400477588,0.000390777655411512,0.000213007733691484,0.000151917338371277,9.56178337219171E-05,3.7395871913759E-05,3.63037288479973E-05,-9999,-9999,-9999,-9999,-9999,-9999,-9999,-9999,-9999,-9999,-9999,-9999,-9999,-9999,-9999,-9999
-9999,-9999,-9999,-9999,-9999,-9999,-9999,-9999,-9999,-9999,-9999,-9999,-9999,-9999,-9999,-9999,-9999,-9999,0.000129507039673626,0.000326374283758923,0.000740843766834587,0.000836466730106622,0.000836660852655768,0.000857100996654481,0.000864811358042061,0.000852965808007866,0.000893461226951331,0.00090488261776045,0.000893666699994355,0.000880625448189676,0.000867760449182242,0.000851672550197691,0.000836775172501802,0.000856236671097577,0.000852640601806343,0.00086450285743922,0.000860687636304647,0.000862364773638546,0.000854464597068727,0.000850963813718408,0.000847682531457394,0.000843632384203374,0.000841457222122699,0.000839035026729107,0.000834308622870594,0.000822896137833595,0.000809300341643393,0.000783339259214699,0.000741793366614729,0.000647331471554935,0.000406937615480274,0.00022615390480496,0.000289051939034835,0.000526828982401639,0.000630552414804697,0.000682013633195311,0.000684941769577563,0.000747754762414843,0.000825985334813595,0.0008439029334113,0.000843862711917609,0.000836930936202407,0.000830561912152916,0.000824913789983839,0.000813378603197634,0.000801345042418689,0.000756519322749227,1.13701289592427E-05,-9999,-9999,-9999,-9999,-9999,-9999,-9999,-9999,-9999,-9999,-9999,-9999,-9999,-9999,-9999,-9999,-9999,2.97681344818557E-06,4.43960288976086E-06,1.33184421429178E-05,6.13354131928645E-05,0.000206505865207873,0.00045340572251007,0.000611567113082856,0.000635403383057564,0.000640434445813298,0.000642610830254853,0.000645663181785494,0.000650745758321136,0.000656762218568474,0.000661433557979763,0.000664275838062167,0.000664926832541823,0.000665322411805391,0.000666961364913732,0.000669029424898326,0.00067248463165015,0.000668511085677892,0.00064996286528185,0.000625311862677336,0.000593850971199572,0.000522915448527783,0.000342112442012876,0.000210723141208291,8.4193488874007E-05,4.10477368859574E-05,3.64743827958591E-05,-9999,-9999,-9999,-9999,-9999,-9999,-9999,-9999,-9999,-9999,-9999,-9999,-9999,-9999,-9999,-9999
-9999,-9999,-9999,-9999,-9999,-9999,-9999,-9999,-9999,-9999,-9999,-9999,6.5735057432903E-06,1.93882478924934E-05,-9999,4.45318655692972E-05,9.39943784032948E-05,0.000352223316440359,0.000651898561045527,0.000792163016740233,0.000888241804204881,0.00091340224025771,0.000923908432014287,0.000923303014133126,0.00091765116667375,0.000919809797778726,0.000918119272682816,0.000910058850422502,0.000905848108232021,0.000895301753189415,0.000883594388142228,0.000875512603670359,0.000873003853484988,0.000872068398166448,0.000869593350216746,0.000869299692567438,0.000866044603753835,0.000862175947986543,0.000855976599268615,0.000848933472298086,0.000841958913952112,0.000835308979731053,0.000831646262668073,0.000830452656373382,0.000829127675388008,0.000826273928396404,0.000822071102447808,0.00081530399620533,0.000805245013907552,0.000784369127359241,0.000730371510144323,0.00061466172337532,0.000538664753548801,0.000583107001148164,0.000623934436589479,0.000675173592753708,0.000727635342627764,0.000809237011708319,0.000830268312711269,0.000823666574433446,0.000824025482870638,0.00082200241740793,0.000817458028905094,0.000812022888567299,0.000805177201982588,0.000802336144261062,8.93486048880732E-06,-9999,-9999,-9999,-9999,-9999,-9999,-9999,-9999,-9999,-9999,-9999,-9999,-9999,-9999,-9999,-9999,-9999,-9999,-9999,2.98461509373737E-06,4.44692159362603E-06,2.18080222111894E-05,9.754814527696E-05,0.000296336569590494,0.000538967724423856,0.00062422757036984,0.000634835392702371,0.000638033146969974,0.000636438489891589,0.000638462486676872,0.000642520491965115,0.000645409454591572,0.00064724643016234,0.000647113309241831,0.000645489839371294,0.000646307540591806,0.000650931207928807,0.000654352363198996,0.000653770519420505,0.000644979940261692,0.000627226138021797,0.000607160502113402,0.000559594016522169,0.000412164081353694,0.000222278467845172,9.04768094187602E-05,4.44323959527537E-05,3.53785471816082E-05,-9999,-9999,-9999,-9999,-9999,-9999,-9999,-9999,-9999,-9999,-9999,-9999,-9999,-9999,-9999,-9999
-9999,-9999,-9999,-9999,-9999,-9999,-9999,-9999,-9999,-9999,6.44129568172502E-06,6.41983251625788E-06,6.41548967905692E-06,7.13339613866992E-05,0.000173172651557252,0.000457262125564739,0.000694044458214194,0.000804741866886616,0.000879386556334794,0.00091852544574067,0.000932938943151385,0.000934939947910607,0.000933263043407351,0.000930137175600976,0.000926323817111552,0.000920223246794194,0.0009142363560386,0.000907035893760622,0.000898769591003656,0.00088951678480953,0.000880318344570696,0.000871427240781486,0.000864768691826612,0.000861134438309819,0.000857995823025703,0.000856671947985888,0.00085418060189113,0.000849423639010638,0.000843126035761088,0.000836155784782022,0.00082883721916005,0.000821314926724881,0.000815937644802034,0.000813985185232013,0.000812729238532484,0.000810628174804151,0.000807944044936448,0.000804755080025643,0.000800943875219673,0.000797319284174591,0.000793150567915291,0.000787497963756323,0.000783352239523083,0.000782236980739981,0.000787813565693796,0.000805266608949751,0.000814792874734849,0.000819011591374874,0.000819417124148458,0.00081311963731423,0.00020714191487059,5.5333675845759E-06,5.54744065084378E-06,1.49335801324924E-05,0.000364782346878201,4.13861562265083E-05,-9999,-9999,-9999,-9999,-9999,-9999,-9999,-9999,-9999,-9999,-9999,-9999,-9999,-9999,-9999,-9999,-9999,-9999,-9999,-9999,-9999,2.98504710372072E-06,4.44227498519467E-06,2.26942956942366E-05,0.00011670780077111,0.00034902137122117,0.000576055783312768,0.000627507106401026,0.000630290596745908,0.000629959395155311,0.000627044937573373,0.000627661705948412,0.000628413748927414,0.000630106893368065,0.000629270041827112,0.000627538014668971,0.000626001390628517,0.000630730879493058,0.000635405362118036,0.000636389828287065,0.000631562317721546,0.000622453866526484,0.000600285013206303,0.000554238213226199,0.000452893000328913,0.00028865339118056,0.00010691838542698,4.79230511700734E-05,3.42134117090609E-05,-9999,-9999,-9999,-9999,-9999,-9999,-9999,-9999,-9999,-9999,-9999,-9999,-9999,-9999,-9999,-9999
-9999,-9999,-9999,-9999,-9999,-9999,-9999,-9999,4.39743744209409E-05,4.38424285675865E-05,1.03145175671671E-05,1.71920801221859E-05,0.00012500946468208,0.000561920809559524,0.000764076306950301,0.000835435348562896,0.000887785630766302,0.000915815006010234,0.000925115135032684,0.000932244176510721,0.000933720206376165,0.000931778340600431,0.000928923778701574,0.000923388521187007,0.000917260127607733,0.000909654831048101,0.000900721934158355,0.000891145260538906,0.00088205304928124,0.000872518168762326,0.000863156921695918,0.000854152604006231,0.000846985611133277,0.000844325113575906,0.000841271714307368,0.000839186483062804,0.00083535851445049,0.000830227916594595,0.00082376494538039,0.00081574177602306,0.000807069474831223,0.000798887806013227,0.000793848885223269,0.000792329374235123,0.000790736579801887,0.000788304780144244,0.000785513548180461,0.000782605668064207,0.000779509078711271,0.000777391600422561,0.000776839791797101,0.000779230671469122,0.000783833500463516,0.000789790123235434,0.000796642270870507,0.00080172810703516,0.000804870913270861,0.000807542412076145,0.000807926582638174,0.000803729752078652,0.000782187154982239,5.47478157386649E-06,-9999,-9999,-9999,-9999,-9999,-9999,-9999,-9999,-9999,-9999,-9999,-9999,-9999,-9999,-9999,-9999,-9999,-9999,-9999,-9999,-9999,-9999,-9999,-9999,-9999,-9999,2.97884525934933E-06,4.42997725258465E-06,7.87996941653546E-06,6.33388262940571E-05,0.000288205454126,0.000556152604985982,0.000618372519966215,0.000622758758254349,0.000619250116869807,0.000614758697338402,0.000611931376624852,0.000612980162259191,0.00061264680698514,0.000612044415902346,0.000611016934271902,0.000611611059866846,0.000616130768321455,0.000618304824456573,0.000616489909589291,0.000610857096035033,0.000594819255638868,0.000561662251129746,0.000482460192870349,0.000316594261676073,0.000113773799967021,4.62765638076235E-05,3.30769216816407E-05,-9999,-9999,-9999,-9999,-9999,-9999,-9999,-9999,-9999,-9999,-9999,-9999,-9999,-9999,-9999,-9999
-9999,-9999,-9999,-9999,-9999,-9999,-9999,-9999,4.3056807044195E-05,4.88856567244511E-05,5.35290091647767E-05,0.000206030352273956,0.000752120860852301,0.000860087980981916,0.000883200031239539,0.000903842970728874,0.000920928781852126,0.000929176167119294,0.000931821472477168,0.000930511916521937,0.000927214627154171,0.000923295738175511,0.000917585799470544,0.000910479633603245,0.000902509375009686,0.00089356314856559,0.000882535998243839,0.000870601565111428,0.000861689215525985,0.00085405504796654,0.000846086535602808,0.000837838393636048,0.000831238750834018,0.00082686054520309,0.000824251561425626,0.000821434485260397,0.000817441265098751,0.000811665027868003,0.000804317416623235,0.000795270898379385,0.000786118616815656,0.000777550507336855,0.00077168713323772,0.000768970348872244,0.00076601660111919,0.000762997718993574,0.000760296592488885,0.00075841712532565,0.000756317458581179,0.000754874607082456,0.000754655746277422,0.000758414971642196,0.000764915253967047,0.000772900530137122,0.000780921196565032,0.000786739459726959,0.000790311663877219,0.000791478145401925,0.000792203471064568,0.000792822684161365,0.000758125330321491,5.4504689614987E-06,-9999,-9999,-9999,-9999,-9999,-9999,-9999,-9999,-9999,-9999,-9999,-9999,-9999,-9999,-9999,-9999,-9999,-9999,-9999,-9999,-9999,-9999,-9999,-9999,-9999,-9999,-9999,-9999,4.41127940575825E-06,4.398043074616E-06,8.90062710823258E-06,8.88249196577817E-05,0.000434403598774225,0.000600493396632373,0.000609893817454576,0.000605008099228144,0.000599529477767646,0.000597045000176877,0.000596622994635254,0.000595537247136235,0.000595431309193373,0.000595822464674711,0.000598205078858882,0.000600877101533115,0.000599562888965011,0.000597797567024827,0.000586889800615609,0.000565350172109902,0.000511833757627755,0.000323617743561044,0.000120277873065788,3.9757742342772E-05,3.28924470522907E-05,-9999,-9999,-9999,-9999,-9999,-9999,-9999,-9999,-9999,-9999,-9999,-9999,-9999,-9999,-9999,-9999
-9999,-9999,-9999,-9999,-9999,-9999,4.48802056780551E-05,4.42264317825902E-05,4.3941709009232E-05,0.000123982186778449,0.0005774189485237,0.000801520305685699,0.000882073771208525,0.000901105115190148,0.000915735319722444,0.000923112733289599,0.000927269225940108,0.000928036926779896,0.000926181674003601,0.000921611848752946,0.000914891075808555,0.00090826180530712,0.000901910127140582,0.00089358858531341,0.000883502943906933,0.000875325524248183,0.000864354718942195,0.000853632052894682,0.000844497757498175,0.000835866900160909,0.000826422066893429,0.000819688139017671,0.000814704166259617,0.00081017310731113,0.000806568074040115,0.000803212344180793,0.000799061846919358,0.000794184510596097,0.000787014199886471,0.000778077112045139,0.000768232624977827,0.000760701310355216,0.000753886590246111,0.000749288708902895,0.000745420111343265,0.000742549542337656,0.000739903713110834,0.00073715066537261,0.000736805726774037,0.000735896523110569,0.000736393965780735,0.000740378920454532,0.000746458885259926,0.000754937005694956,0.000761801202315837,0.000768604222685099,0.000774613989051431,0.000776547181885689,0.000773146341089159,0.000372280657757074,5.40181872565881E-06,-9999,-9999,-9999,-9999,-9999,-9999,-9999,-9999,-9999,-9999,-9999,-9999,-9999,-9999,-9999,-9999,-9999,-9999,-9999,-9999,-9999,-9999,-9999,-9999,-9999,-9999,-9999,-9999,-9999,-9999,-9999,-9999,4.30448790211813E-06,1.20007007353706E-05,0.000200100446818396,0.0005429633310996,0.000593371922150254,0.000589663977734745,0.000583929126150906,0.00058031443040818,0.000579992192797363,0.000579580257181078,0.000580833584535867,0.000582096225116402,0.000583672837819904,0.000582724926061928,0.00058024434838444,0.000573255820199847,0.000560279586352408,0.000511241727508605,0.00036307331174612,0.000165275880135596,3.34155956807081E-05,-9999,-9999,-9999,-9999,-9999,-9999,-9999,-9999,-9999,-9999,-9999,-9999,-9999,-9999,-9999,-9999,-9999
-9999,-9999,-9999,-9999,-9999,-9999,4.45519872300792E-05,5.54153957637027E-05,0.000206620374228805,0.000693380949087441,0.000847709889058024,0.000891163188498467,0.000905106426216662,0.000910560949705541,0.000914258707780391,0.000917010242119431,0.000919874117244035,0.000920717313420027,0.000918035744689405,0.000911065260879695,0.000901306688319892,0.000893531483598053,0.000887458678334951,0.000878624792676419,0.000868089031428099,0.000859517778735608,0.000848645460791886,0.000837395200505853,0.000828325282782316,0.000818918575532734,0.000807092466857284,0.00080090865958482,0.000794272928033024,0.000788448087405413,0.000781089009251446,0.00077736540697515,0.000775917898863554,0.000773970677983016,0.000768728612456471,0.000762153242249042,0.000750610255636275,0.000745013589039445,0.000738077622372657,0.000733576016500592,0.000730729079805315,0.000730242056306452,0.000727688136976212,0.000728103914298117,0.000727005710359663,0.00072896113852039,0.0007290267967619,0.000734292960260063,0.000741524971090257,0.000609723443631083,0.000708549981936812,0.000608940958045423,1.6787409549579E-05,5.29043018104858E-06,5.32072954229079E-06,-9999,-9999,-9999,-9999,-9999,-9999,-9999,-9999,-9999,-9999,-9999,-9999,-9999,-9999,-9999,-9999,-9999,-9999,-9999,-9999,-9999,-9999,-9999,-9999,-9999,-9999,-9999,-9999,-9999,-9999,-9999,-9999,-9999,-9999,-9999,4.20849937654566E-06,4.15242084272904E-06,8.20494024083018E-05,0.00047601034748368,0.000575868703890592,0.000571802316699177,0.000565961818210781,0.000564232177566737,0.00056522199884057,0.000565950875170529,0.000567102979402989,0.000566737959161401,0.000564644520636648,0.000562254339456558,0.000557351624593139,0.000549530086573213,0.000518173445016146,0.000409557775128633,0.000173225649632514,4.46083431597799E-05,3.62107202818152E-05,2.84988891507965E-05,-9999,-9999,-9999,-9999,-9999,-9999,-9999,-9999,-9999,-9999,-9999,-9999,-9999,-9999,-9999
-9999,-9999,-9999,-9999,5.77922910451889E-05,6.36362528894097E-05,4.47895363322459E-05,0.000190085323993117,0.000734112923964858,0.000870013958774507,0.000902179104741663,0.000904654967598617,0.000903270440176129,0.000902988656889647,0.000904011132661253,0.000906608416698873,0.000910017406567931,0.00091142492601648,0.000908653018996119,0.000900958548299968,0.000889857823494822,0.000881149084307253,0.000877480488270521,0.000865206064190716,0.000855165417306125,0.000847100862301886,0.000834314909297973,0.000828963937237859,0.000818634522147477,0.000809576886240393,0.000796154607087374,0.000786090677138418,0.000776944274548441,0.000775914173573256,0.000764587661251426,0.000764765136409551,0.000765825563576072,0.000760751601774246,0.000762550276704133,0.000103914360806812,0.000519940396770835,0.000424242520239204,0.000721215386874974,0.000513163337018341,0.000660860154312104,0.000717033864930272,0.000718834402505308,0.000382635655114427,0.000122406359878369,0.000347140477970243,4.89234480482992E-05,4.24986283178441E-05,5.03732553625014E-06,5.06738251715433E-06,-9999,-9999,-9999,-9999,-9999,-9999,-9999,-9999,-9999,-9999,-9999,-9999,-9999,-9999,-9999,-9999,-9999,-9999,-9999,-9999,-9999,-9999,-9999,-9999,-9999,-9999,-9999,-9999,-9999,-9999,-9999,-9999,-9999,-9999,-9999,-9999,-9999,-9999,-9999,-9999,-9999,2.72546503765625E-06,3.97939766116906E-06,0.000128479165141471,0.000530256307683885,0.000558612635359168,0.000552508980035782,0.000549661577679217,0.000551610952243209,0.000551928533241153,0.000551588775124401,0.00054983765585348,0.000546801486052573,0.000544005131814629,0.000541232002433389,0.000536080740857869,0.000515597814228386,0.000393891299609095,0.000139269075589254,2.72124307230115E-05,2.73415607807692E-05,1.96953515114728E-05,2.88118881144328E-05,-9999,-9999,-9999,-9999,-9999,-9999,-9999,-9999,-9999,-9999,-9999,-9999,-9999,-9999
-9999,-9999,-9999,-9999,4.60393748653587E-05,7.06535793142393E-05,0.000106175000837538,0.000699872674886137,0.000883814238477498,0.000910285976715386,0.000908438058104366,0.000901834631804377,0.000896921788807958,0.000892796961124986,0.00089105311781168,0.000892685377039015,0.000896501122042537,0.000901862338650972,0.000900424318388104,0.000700452015735209,9.30522492126329E-06,6.02002364757936E-06,5.9716417126765E-06,5.91394245930132E-06,5.8514242482488E-06,5.78680464968784E-06,2.75444144790526E-05,5.64491210752749E-06,2.12167778954608E-05,5.49305741515127E-06,7.0386340667028E-05,0.000555560167413205,0.000735599314793944,0.000710800581146032,0.000758578011300415,0.00074341066647321,0.000754988170228899,0.000747556914575398,0.000215572799788788,5.16679392603692E-06,5.11168036609888E-06,5.06742208017386E-06,5.02982857142342E-06,5.00020269100787E-06,4.97614519190392E-06,4.96025177199044E-06,4.95182030135766E-06,-9999,-9999,-9999,-9999,-9999,-9999,-9999,-9999,-9999,-9999,-9999,-9999,-9999,-9999,-9999,-9999,-9999,-9999,-9999,-9999,-9999,-9999,-9999,-9999,-9999,-9999,-9999,-9999,-9999,-9999,-9999,-9999,-9999,-9999,-9999,-9999,-9999,-9999,-9999,-9999,-9999,-9999,-9999,-9999,-9999,-9999,-9999,-9999,-9999,3.86986494049779E-06,2.57658575719688E-05,0.000460781797301024,0.000541357439942658,0.0005396141204983,0.000534804828930646,0.000536187901161611,0.000536123057827353,0.000534808088559657,0.000532615813426673,0.000528831616975367,0.000525606039445847,0.000523188558872789,0.000519784050993621,0.000506221607793123,0.000422374956542626,0.00021371798356995,7.24937053746544E-05,1.30209791677771E-05,4.47301645181142E-05,2.73185869446024E-05,-9999,-9999,-9999,-9999,-9999,-9999,-9999,-9999,-9999,-9999,-9999,-9999,-9999,-9999
-9999,-9999,-9999,-9999,-9999,4.46227131760679E-05,0.000509270641487092,0.000878240214660764,0.000914172967895865,0.00091351376613602,0.000904608168639243,0.000894829048775136,0.000888883019797504,0.000881397863849998,0.000878074555657804,0.000882479944266379,0.000530833378434181,6.08056780038169E-06,6.09953485763981E-06,6.10380766374874E-06,-9999,-9999,-9999,-9999,-9999,-9999,-9999,-9999,-9999,-9999,-9999,-9999,-9999,1.95626053027809E-05,5.69549265492242E-05,4.92083345307037E-05,6.54622708680108E-05,5.21303854839061E-06,-9999,-9999,-9999,-9999,-9999,-9999,-9999,-9999,-9999,-9999,-9999,-9999,-9999,-9999,-9999,-9999,-9999,-9999,-9999,-9999,-9999,-9999,-9999,-9999,-9999,-9999,-9999,-9999,-9999,-9999,-9999,-9999,-9999,-9999,-9999,-9999,-9999,-9999,-9999,-9999,-9999,-9999,-9999,-9999,-9999,-9999,-9999,-9999,-9999,-9999,-9999,-9999,-9999,-9999,-9999,-9999,-9999,-9999,2.53436155617237E-06,3.69243525710772E-06,0.000391559791751206,0.000524720642715693,0.000524372910149395,0.000519648718181998,0.000521930807735771,0.00051937298849225,0.000517307606060058,0.000514938961714506,0.000511808262672275,0.000508881290443242,0.000505556934513152,0.000502850452903658,0.000496933527756482,0.000450011546490714,0.000293612800305709,8.65796318976209E-05,4.80848902952857E-05,2.94790697807912E-05,-9999,-9999,-9999,-9999,-9999,-9999,-9999,-9999,-9999,-9999,-9999,-9999,-9999,-9999,-9999
-9999,-9999,-9999,-9999,-9999,0.000176316883880645,0.000826242030598223,0.000913040537852794,0.000919658457860351,0.000911304843612015,0.000900166283827275,0.000888494832906872,0.000878502673003823,0.000872433534823358,0.00086814584210515,9.96798771666363E-05,6.04072056376026E-06,4.06330082114437E-06,-9999,-9999,-9999,-9999,-9999,-9999,-9999,-9999,-9999,-9999,-9999,-9999,-9999,-9999,-9999,-9999,-9999,-9999,-9999,-9999,-9999,-9999,-9999,-9999,-9999,-9999,-9999,-9999,-9999,-9999,-9999,-9999,-9999,-9999,-9999,-9999,-9999,-9999,-9999,-9999,-9999,-9999,-9999,-9999,-9999,-9999,-9999,-9999,-9999,-9999,-9999,-9999,-9999,-9999,-9999,-9999,-9999,-9999,-9999,-9999,-9999,-9999,-9999,-9999,-9999,-9999,-9999,-9999,-9999,-9999,-9999,-9999,-9999,-9999,-9999,-9999,-9999,-9999,-9999,3.56601844941906E-06,0.000295984616968781,0.000509268662426621,0.00050908827688545,0.000505378702655435,0.000506472133565694,0.000502358248922974,0.000499313289765269,0.000497086788527668,0.000495335552841425,0.00049300619866699,0.000490249076392502,0.000487381883431226,0.000482275063404813,0.000462773517938331,0.000333917851094157,0.000168260667123832,3.25211658491753E-05,2.36643572861794E-05,-9999,-9999,-9999,-9999,-9999,-9999,-9999,-9999,-9999,-9999,-9999,-9999,-9999,-9999,-9999
-9999,-9999,4.7604029532522E-05,4.69196493213531E-05,4.56087509519421E-05,0.000485964003019035,0.000899180769920349,0.000921528087928891,0.000918754958547652,0.000907277339138091,0.000895292963832617,0.000882982276380062,0.000873293436598033,0.000859445834066719,5.19330496899784E-05,6.00664316152688E-06,4.03924968850333E-06,-9999,-9999,-9999,-9999,-9999,-9999,-9999,-9999,-9999,-9999,-9999,-9999,-9999,-9999,-9999,-9999,-9999,-9999,-9999,-9999,-9999,-9999,-9999,-9999,-9999,-9999,-9999,-9999,-9999,-9999,-9999,-9999,-9999,-9999,-9999,-9999,-9999,-9999,-9999,-9999,-9999,-9999,-9999,-9999,-9999,-9999,-9999,-9999,-9999,-9999,-9999,-9999,-9999,-9999,-9999,-9999,-9999,-9999,-9999,-9999,-9999,-9999,-9999,-9999,-9999,-9999,-9999,-9999,-9999,-9999,-9999,-9999,-9999,-9999,-9999,-9999,-9999,-9999,-9999,-9999,3.46643651027989E-06,0.000171365303685889,0.000494344742037356,0.000495959771797061,0.000490666425321251,0.000488085381221026,0.000485813274281099,0.000481437367852777,0.000480587012134492,0.000479721464216709,0.000478140165796503,0.000475476263090968,0.000472419545985758,0.000468863494461402,0.000456292385933921,0.000401528406655416,0.000254243932431564,0.000135953509015962,3.08722082991153E-05,-9999,-9999,-9999,-9999,-9999,-9999,-9999,-9999,-9999,-9999,-9999,-9999,-9999,-9999,-9999
-9999,-9999,-9999,-9999,5.62931199965533E-05,0.00076183263445273,0.000913730240426958,0.000922951148822904,0.000915086537133902,0.000901062332559377,0.000889131100848317,0.000878636259585619,0.000871182885020971,7.49132668715902E-05,5.98381302552298E-06,4.02020168621675E-06,-9999,-9999,-9999,-9999,-9999,-9999,-9999,-9999,-9999,-9999,-9999,-9999,-9999,-9999,-9999,-9999,-9999,-9999,-9999,-9999,-9999,-9999,-9999,-9999,-9999,-9999,-9999,-9999,-9999,-9999,-9999,-9999,-9999,-9999,-9999,-9999,-9999,-9999,-9999,-9999,-9999,-9999,-9999,-9999,-9999,-9999,-9999,-9999,-9999,-9999,-9999,-9999,-9999,-9999,-9999,-9999,-9999,-9999,-9999,-9999,-9999,-9999,-9999,-9999,-9999,-9999,-9999,-9999,-9999,-9999,-9999,-9999,-9999,-9999,-9999,-9999,-9999,-9999,-9999,-9999,-9999,3.37976644004812E-06,8.9375585957896E-05,0.000478350644698367,0.000481293303892016,0.000477724621305242,0.000472935033030808,0.000470543542178348,0.000465544435428455,0.000465089804492891,0.000465666875243187,0.000464048411231488,0.000461135554360226,0.000458136404631659,0.000453987711807713,0.000446969992481172,0.000426632992457598,0.00036988066858612,0.00022973824525252,6.83149555698037E-05,-9999,-9999,-9999,-9999,-9999,-9999,-9999,-9999,-9999,-9999,-9999,-9999,-9999,-9999,-9999
-9999,-9999,-9999,-9999,0.000119166877993848,0.000828148156870157,0.000917387427762151,0.000920922146178782,0.000910551170818508,0.000894703669473529,0.000883671280462295,0.00087533047189936,0.000586759822908789,5.97275857217028E-06,4.00857743443339E-06,-9999,-9999,-9999,-9999,-9999,-9999,-9999,-9999,-9999,-9999,-9999,-9999,-9999,-9999,-9999,-9999,-9999,-9999,-9999,-9999,-9999,-9999,-9999,-9999,-9999,-9999,-9999,-9999,-9999,-9999,-9999,-9999,-9999,-9999,-9999,-9999,-9999,-9999,-9999,-9999,-9999,-9999,-9999,-9999,-9999,-9999,-9999,-9999,-9999,-9999,-9999,-9999,-9999,-9999,-9999,-9999,-9999,-9999,-9999,-9999,-9999,-9999,-9999,-9999,-9999,-9999,-9999,-9999,-9999,-9999,-9999,-9999,-9999,-9999,-9999,-9999,-9999,-9999,-9999,-9999,-9999,-9999,3.30133048009884E-06,3.57275966962334E-05,0.000459838658571243,0.00046609784476459,0.000464976561488584,0.000459003407740965,0.000454962690128013,0.000451681553386152,0.000449652725365013,0.000450340448878706,0.000448523001978174,0.000446584454039112,0.000443715340225026,0.000440067960880697,0.000435422407463193,0.000426393060479313,0.000406688544899225,0.000340377155225724,0.000183022712008096,2.49517488555284E-05,-9999,-9999,-9999,-9999,-9999,-9999,-9999,-9999,-9999,-9999,-9999,-9999,-9999,-9999
-9999,-9999,-9999,-9999,9.65538201853633E-05,0.000815715466160327,0.000916078803129494,0.000917403784114867,0.000905585882719606,0.000890002294909209,0.00088004459394142,0.000872433418408036,5.95874780628947E-06,3.99947339246864E-06,2.68490384769393E-06,-9999,-9999,-9999,-9999,-9999,-9999,-9999,-9999,-9999,-9999,-9999,-9999,-9999,-9999,-9999,-9999,-9999,-9999,-9999,-9999,-9999,-9999,-9999,-9999,-9999,-9999,-9999,-9999,-9999,-9999,-9999,-9999,-9999,-9999,-9999,-9999,-9999,-9999,-9999,-9999,-9999,-9999,-9999,-9999,-9999,-9999,-9999,-9999,-9999,-9999,-9999,-9999,-9999,-9999,-9999,-9999,-9999,-9999,-9999,-9999,-9999,-9999,-9999,-9999,-9999,-9999,-9999,-9999,-9999,-9999,-9999,-9999,-9999,-9999,-9999,-9999,-9999,-9999,-9999,-9999,-9999,-9999,2.14810893339745E-06,3.16947398459888E-06,0.000435797905083746,0.000452700653113425,0.000451896485174075,0.000447200029157102,0.000440288073150441,0.00043792073847726,0.00043586251558736,0.000434398592915386,0.000433411099947989,0.000431949738413095,0.000429962907219306,0.000426536978920922,0.000421973847551271,0.00041713667451404,0.000407805637223646,0.000377092539565638,0.000272949109785259,8.5167761426419E-05,1.94026997633046E-05,-9999,-9999,-9999,-9999,-9999,-9999,-9999,-9999,-9999,-9999,-9999,-9999,-9999
-9999,-9999,-9999,-9999,5.02271395816933E-05,0.000742142379749566,0.000911474227905273,0.000914357660803944,0.000903770560398698,0.000888570677489042,0.000878382124938071,0.000868657196406275,5.94803759668139E-06,3.99124382965965E-06,-9999,-9999,-9999,-9999,-9999,-9999,-9999,-9999,-9999,-9999,-9999,-9999,-9999,-9999,-9999,-9999,-9999,-9999,-9999,-9999,-9999,-9999,-9999,-9999,-9999,-9999,-9999,-9999,-9999,-9999,-9999,-9999,-9999,-9999,-9999,-9999,-9999,-9999,-9999,-9999,-9999,-9999,-9999,-9999,-9999,-9999,-9999,-9999,-9999,-9999,-9999,-9999,-9999,-9999,-9999,-9999,-9999,-9999,-9999,-9999,-9999,-9999,-9999,-9999,-9999,-9999,-9999,-9999,-9999,-9999,-9999,-9999,-9999,-9999,-9999,-9999,-9999,-9999,-9999,-9999,-9999,-9999,-9999,2.10556618185365E-06,3.08026892525959E-06,0.000411717162933201,0.000439651950728148,0.000438422372099012,0.000436059199273586,0.000428964907769114,0.000424102850956842,0.000422031909693033,0.00042055023368448,0.000421083852415904,0.000419696560129523,0.000417839852161705,0.000414049543906003,0.000409666216000915,0.000405911094276235,0.000399470125557855,0.000380136130843312,0.000335061282385141,0.000196674940525554,3.69959052477498E-05,2.64959417108912E-05,2.70915870714816E-06,-9999,-9999,-9999,-9999,-9999,-9999,-9999,-9999,-9999,-9999,-9999
-9999,-9999,-9999,-9999,4.48701066488866E-05,0.000402082863729447,0.000893212971277535,0.000912833667825907,0.000906624016351998,0.000895220378879458,0.000882779713720083,0.000873107521329075,1.3179257621232E-05,5.94156927036238E-06,-9999,-9999,-9999,-9999,-9999,-9999,-9999,-9999,-9999,-9999,-9999,-9999,-9999,-9999,-9999,-9999,-9999,-9999,-9999,-9999,-9999,-9999,-9999,-9999,-9999,-9999,-9999,-9999,-9999,-9999,-9999,-9999,-9999,-9999,-9999,-9999,-9999,-9999,-9999,-9999,-9999,-9999,-9999,-9999,-9999,-9999,-9999,-9999,-9999,-9999,-9999,-9999,-9999,-9999,-9999,-9999,-9999,-9999,-9999,-9999,-9999,-9999,-9999,-9999,-9999,-9999,-9999,-9999,-9999,-9999,-9999,-9999,-9999,-9999,-9999,-9999,-9999,-9999,-9999,-9999,-9999,-9999,-9999,-9999,2.99107932733023E-06,0.00039344682591036,0.000426986254751682,0.000425253179855645,0.000425515812821686,0.000418903160607442,0.000413202156778425,0.000411620741942897,0.000411001325119287,0.000409711530664936,0.000408858468290418,0.00040638170321472,0.000403158366680145,0.00039918432594277,0.000395713956095278,0.000391128502087668,0.000377319986000657,0.000344346539350227,0.000259414548054338,6.10067727393471E-05,2.09719546546694E-05,-9999,-9999,-9999,-9999,-9999,-9999,-9999,-9999,-9999,-9999,-9999,-9999
-9999,-9999,-9999,-9999,4.49040671810508E-05,0.000175930792465806,0.000827429525088519,0.000909531605429947,0.000907305453438312,0.000901022460311651,0.000890742638148367,0.000879502971656621,0.000594844459556043,5.93229788137251E-06,-9999,-9999,-9999,-9999,-9999,-9999,-9999,-9999,-9999,-9999,-9999,-9999,-9999,-9999,-9999,-9999,-9999,-9999,-9999,-9999,-9999,-9999,-9999,-9999,-9999,-9999,-9999,-9999,-9999,-9999,-9999,-9999,-9999,-9999,-9999,-9999,-9999,-9999,-9999,-9999,-9999,-9999,-9999,-9999,-9999,-9999,-9999,-9999,-9999,-9999,-9999,-9999,-9999,-9999,-9999,-9999,-9999,-9999,-9999,-9999,-9999,-9999,-9999,-9999,-9999,-9999,-9999,-9999,-9999,-9999,-9999,-9999,-9999,-9999,-9999,-9999,-9999,-9999,-9999,-9999,-9999,-9999,-9999,-9999,2.92654067379772E-06,0.000353042443748564,0.000416396593209356,0.000414837035350502,0.000415043323300779,0.000411847082432359,0.000405229133320972,0.000400163524318486,0.000400142685975879,0.000398164644138888,0.000397031719330698,0.0003947798977606,0.000392668385757133,0.000389555672882125,0.000386524392524734,0.000381682853912935,0.000371554808225483,0.000345053151249886,0.000298332277452573,0.000113659465569071,2.06175500352401E-05,1.8514761904953E-05,1.87103905773256E-05,-9999,-9999,-9999,-9999,-9999,-9999,-9999,-9999,-9999,-9999
-9999,-9999,-9999,-9999,-9999,4.95076674269512E-05,0.000675766030326486,0.000902318162843585,0.000906847068108618,0.000903030158951879,0.000895437435247004,0.000883314874954522,0.000869851151946932,5.92927744946792E-06,-9999,-9999,-9999,-9999,-9999,-9999,-9999,-9999,-9999,-9999,-9999,-9999,-9999,-9999,-9999,-9999,-9999,-9999,-9999,-9999,-9999,-9999,-9999,-9999,-9999,-9999,-9999,-9999,-9999,-9999,-9999,-9999,-9999,-9999,-9999,-9999,-9999,-9999,-9999,-9999,-9999,-9999,-9999,-9999,-9999,-9999,-9999,-9999,-9999,-9999,-9999,-9999,-9999,-9999,-9999,-9999,-9999,-9999,-9999,-9999,-9999,-9999,-9999,-9999,-9999,-9999,-9999,-9999,-9999,-9999,-9999,-9999,-9999,-9999,-9999,-9999,-9999,-9999,-9999,-9999,-9999,-9999,-9999,-9999,2.87980947177857E-06,0.000279339321423322,0.00040415464900434,0.000406319391913712,0.000405396160203964,0.000403069076128304,0.000396580318920314,0.000389865657780319,0.000389876426197588,0.000387779728043824,0.000386932108085603,0.000384573504561558,0.000382810540031642,0.000380448997020721,0.000377660267986357,0.000373776536434889,0.000367341242963448,0.000354926509317011,0.00028413042309694,0.000172867177752778,6.45082764094695E-05,4.33724380854983E-05,2.57572337432066E-05,1.87758269021288E-05,-9999,-9999,-9999,-9999,-9999,-9999,-9999,-9999,-9999
-9999,-9999,-9999,-9999,-9999,1.00811485026497E-05,0.000477084569865838,0.000883751199580729,0.000906054803635925,0.000904137850739062,0.000898366910405457,0.000886440160684288,0.000872012577019632,5.93795039094402E-06,-9999,-9999,-9999,-9999,-9999,-9999,-9999,-9999,-9999,-9999,-9999,-9999,-9999,-9999,-9999,-9999,-9999,-9999,-9999,-9999,-9999,-9999,-9999,-9999,-9999,-9999,-9999,-9999,-9999,-9999,-9999,-9999,-9999,-9999,-9999,-9999,-9999,-9999,-9999,-9999,-9999,-9999,-9999,-9999,-9999,-9999,-9999,-9999,-9999,-9999,-9999,-9999,-9999,-9999,-9999,-9999,-9999,-9999,-9999,-9999,-9999,-9999,-9999,-9999,-9999,-9999,-9999,-9999,-9999,-9999,-9999,-9999,-9999,-9999,-9999,-9999,-9999,-9999,-9999,-9999,-9999,-9999,-9999,-9999,2.85005171463126E-06,9.25818749237806E-05,0.00039023463614285,0.000398256350308657,0.000396688672481105,0.000393980735680088,0.000388371787266806,0.000382221769541502,0.000380749464966357,0.000380006764316931,0.000378273252863437,0.000375064875697717,0.000373066635802388,0.000370960711734369,0.000368529668776318,0.000366173480870202,0.000361445738235489,0.000345283362548798,0.000292840937618166,0.000242495123529807,0.000190824925084598,0.000159529590746388,4.77723770018201E-05,1.83380325324833E-05,-9999,-9999,-9999,-9999,-9999,-9999,-9999,-9999,-9999
-9999,-9999,-9999,-9999,-9999,6.19638376520015E-06,0.000343241117661819,0.000882255146279931,0.000904942862689495,0.000904807064216584,0.000900251849088818,0.000888231326825917,0.000864925270434469,5.94982066104421E-06,-9999,-9999,-9999,-9999,-9999,-9999,-9999,-9999,-9999,-9999,-9999,-9999,-9999,-9999,-9999,-9999,-9999,-9999,-9999,-9999,-9999,-9999,-9999,-9999,-9999,-9999,-9999,-9999,-9999,-9999,-9999,-9999,-9999,-9999,-9999,-9999,-9999,-9999,-9999,-9999,-9999,-9999,-9999,-9999,-9999,-9999,-9999,-9999,-9999,-9999,-9999,-9999,-9999,-9999,-9999,-9999,-9999,-9999,-9999,-9999,-9999,-9999,-9999,-9999,-9999,-9999,-9999,-9999,-9999,-9999,-9999,-9999,-9999,-9999,-9999,-9999,-9999,-9999,-9999,-9999,-9999,-9999,-9999,-9999,-9999,2.7534863420442E-06,0.000378387310774997,0.000388584390748292,0.000389029504731297,0.000385660096071661,0.000380385958123952,0.00037401940790005,0.000372420938219875,0.000371980568161234,0.000369773450074717,0.00036694819573313,0.000364328996511176,0.000362425198545679,0.000360007892595604,0.000357992888893932,0.000355267751729116,0.000343850435456261,0.000329683825839311,0.000309918337734416,0.000264949863776565,0.00016744299500715,6.31213915767148E-05,1.78490372491069E-05,-9999,-9999,-9999,-9999,-9999,-9999,-9999,-9999,-9999
-9999,-9999,-9999,-9999,-9999,-9999,0.000208376470254734,0.000884016044437885,0.000903712352737784,0.000905007240362465,0.000899943348485976,0.000886232533957809,0.000876385718584061,-9999,-9999,-9999,-9999,-9999,-9999,-9999,-9999,-9999,-9999,-9999,-9999,-9999,-9999,-9999,-9999,-9999,-9999,-9999,-9999,-9999,-9999,-9999,-9999,-9999,-9999,-9999,-9999,-9999,-9999,-9999,-9999,-9999,-9999,-9999,-9999,-9999,-9999,-9999,-9999,-9999,-9999,-9999,-9999,-9999,-9999,-9999,-9999,-9999,-9999,-9999,-9999,-9999,-9999,-9999,-9999,-9999,-9999,-9999,-9999,-9999,-9999,-9999,-9999,-9999,-9999,-9999,-9999,-9999,-9999,-9999,-9999,-9999,-9999,-9999,-9999,-9999,-9999,-9999,-9999,-9999,-9999,-9999,-9999,-9999,-9999,2.7042278816225E-06,0.000350549933500588,0.000380021519958973,0.000382242520572618,0.000379293895093724,0.000374341150745749,0.000368664361303672,0.000365772371878847,0.000364452076610178,0.000361617043381557,0.000359041092451662,0.00035640355781652,0.000353952666046098,0.000351672351825982,0.000349780602846295,0.000348882342223078,0.00034613607567735,0.000339698977768421,0.000317373167490587,0.000276032456895337,0.000206247612368315,0.000106407365819905,2.16670869122026E-05,-9999,-9999,-9999,-9999,-9999,-9999,-9999,-9999,-9999
-9999,-9999,-9999,-9999,-9999,-9999,0.000156759691890329,0.000884277746081352,0.000904684711713344,0.00090457423357293,0.00089687790023163,0.000883151311427355,0.000868438393808901,-9999,-9999,-9999,-9999,-9999,-9999,-9999,-9999,-9999,-9999,-9999,-9999,-9999,-9999,-9999,-9999,-9999,-9999,-9999,-9999,-9999,-9999,-9999,-9999,-9999,-9999,-9999,-9999,-9999,-9999,-9999,-9999,-9999,-9999,-9999,-9999,-9999,-9999,-9999,-9999,-9999,-9999,-9999,-9999,-9999,-9999,-9999,-9999,-9999,-9999,-9999,-9999,-9999,-9999,-9999,-9999,-9999,-9999,-9999,-9999,-9999,-9999,-9999,-9999,-9999,-9999,-9999,-9999,-9999,-9999,-9999,-9999,-9999,-9999,-9999,-9999,-9999,-9999,-9999,-9999,-9999,-9999,-9999,-9999,-9999,-9999,2.664853582246E-06,0.00023077626246959,0.000373730203136802,0.000376011128537357,0.000372910115402192,0.000367960194125772,0.000363148079486564,0.000358572142431512,0.000357980956323445,0.000355055060936138,0.000352371134795249,0.000349590060068294,0.000347296474501491,0.000344902800861746,0.000342976069077849,0.000342094514053315,0.000341048173140734,0.00033704747329466,0.000326126784784719,0.000300743413390592,0.000231780169997364,0.000162276963237673,4.04260172217619E-05,2.10571761272149E-05,1.68657625181368E-05,-9999,-9999,-9999,-9999,-9999,-9999,-9999
-9999,-9999,-9999,-9999,-9999,-9999,0.000249092292506248,0.000898155733011663,0.000907354638911784,0.000903270440176129,0.00089290551841259,0.000879676081240177,0.000797254557255656,-9999,-9999,-9999,-9999,-9999,-9999,-9999,-9999,-9999,-9999,-9999,-9999,-9999,-9999,-9999,-9999,-9999,-9999,-9999,-9999,-9999,-9999,-9999,-9999,-9999,-9999,-9999,-9999,-9999,-9999,-9999,-9999,-9999,-9999,-9999,-9999,-9999,-9999,-9999,-9999,-9999,-9999,-9999,-9999,-9999,-9999,-9999,-9999,-9999,-9999,-9999,-9999,-9999,-9999,-9999,-9999,-9999,-9999,-9999,-9999,-9999,-9999,-9999,-9999,-9999,-9999,-9999,-9999,-9999,-9999,-9999,-9999,-9999,-9999,-9999,-9999,-9999,-9999,-9999,-9999,-9999,-9999,-9999,-9999,-9999,-9999,2.63200308836531E-06,1.55033267219551E-05,0.00036801298847422,0.000368872191756964,0.000366342021152377,0.000361007638275623,0.000356090487912297,0.000352100993040949,0.000350989867001772,0.000349336361978203,0.000346688670106232,0.000343537685694173,0.00034091534325853,0.000338883721269667,0.000337379897246137,0.000335921009536833,0.000335451652063057,0.000332252064254135,0.000324078690027818,0.000304336979752406,0.000268179021077231,0.000190290651516989,7.22496115486138E-05,3.57982789864764E-05,2.59112130152062E-05,1.65191813721322E-05,-9999,-9999,-9999,-9999,-9999,-9999
-9999,-9999,-9999,-9999,-9999,-9999,-9999,-9999,-9999,-9999,-9999,-9999,-9999,-9999,-9999,-9999,-9999,-9999,-9999,-9999,-9999,-9999,-9999,-9999,-9999,-9999,-9999,-9999,-9999,-9999,-9999,-9999,-9999,-9999,-9999,-9999,-9999,-9999,-9999,-9999,-9999,-9999,-9999,-9999,-9999,-9999,-9999,-9999,-9999,-9999,-9999,-9999,-9999,-9999,-9999,-9999,-9999,-9999,-9999,-9999,-9999,-9999,-9999,-9999,-9999,-9999,-9999,-9999,-9999,-9999,-9999,-9999,-9999,-9999,-9999,-9999,-9999,-9999,-9999,-9999,-9999,-9999,-9999,-9999,-9999,-9999,-9999,-9999,-9999,-9999,-9999,-9999,-9999,-9999,-9999,-9999,-9999,-9999,-9999,-9999,2.53617895396019E-06,0.000352718547219411,0.000361667247489095,0.000359674944775179,0.000355039490386844,0.000350216549122706,0.000346044078469276,0.000345086678862572,0.000344422820489854,0.000341169739840552,0.000338174373609945,0.000335682125296444,0.000333145522745326,0.000331889139488339,0.000330618408042938,0.000329939241055399,0.000328865018673241,0.000324464024743065,0.00031221701647155,0.000282832188531756,0.000207052478799596,0.000109993008663878,7.11270840838552E-05,5.31493024027441E-05,2.82799173874082E-05,1.61070602189284E-05,-9999,-9999,-9999,-9999,-9999
-9999,-9999,-9999,-9999,-9999,-9999,-9999,-9999,-9999,-9999,-9999,-9999,-9999,-9999,-9999,-9999,-9999,-9999,-9999,-9999,-9999,-9999,-9999,-9999,-9999,-9999,-9999,-9999,-9999,-9999,-9999,-9999,-9999,-9999,-9999,-9999,-9999,-9999,-9999,-9999,-9999,-9999,-9999,-9999,-9999,-9999,-9999,-9999,-9999,-9999,-9999,-9999,-9999,-9999,-9999,-9999,-9999,-9999,-9999,-9999,-9999,-9999,-9999,-9999,-9999,-9999,-9999,-9999,-9999,-9999,-9999,-9999,-9999,-9999,-9999,-9999,-9999,-9999,-9999,-9999,-9999,-9999,-9999,-9999,-9999,-9999,-9999,-9999,-9999,-9999,-9999,-9999,-9999,-9999,-9999,-9999,-9999,-9999,-9999,-9999,2.49423351306177E-06,0.000266493618255481,0.000356102886144072,0.000352917995769531,0.000348988745827228,0.000344084313837811,0.000339557998813689,0.000339679681928828,0.000339129066560417,0.000336036900989711,0.00033239385811612,0.000330202863551676,0.000327467423630878,0.000326563371345401,0.000325827248161659,0.000326278910506517,0.00032555076177232,0.000322862731991336,0.000309973431285471,0.000278585212072358,0.000213271108805202,0.000135769660118967,9.98018076643348E-05,5.77895480091684E-05,3.83707774744835E-05,1.77799029188463E-05,1.57554077304667E-05,-9999,-9999,-9999,-9999
-9999,-9999,-9999,-9999,-9999,-9999,-9999,-9999,-9999,-9999,-9999,-9999,-9999,-9999,-9999,-9999,-9999,-9999,-9999,-9999,-9999,-9999,-9999,-9999,-9999,-9999,-9999,-9999,-9999,-9999,-9999,-9999,-9999,-9999,-9999,-9999,-9999,-9999,-9999,-9999,-9999,-9999,-9999,-9999,-9999,-9999,-9999,-9999,-9999,-9999,-9999,-9999,-9999,-9999,-9999,-9999,-9999,-9999,-9999,-9999,-9999,-9999,-9999,-9999,-9999,-9999,-9999,-9999,-9999,-9999,-9999,-9999,-9999,-9999,-9999,-9999,-9999,-9999,-9999,-9999,-9999,-9999,-9999,-9999,-9999,-9999,-9999,-9999,-9999,-9999,-9999,-9999,-9999,-9999,-9999,-9999,-9999,-9999,-9999,-9999,2.46496665567975E-06,6.29871101409663E-06,0.000351188995409757,0.000346860004356131,0.000343252759194002,0.0003381485294085,0.000334459007717669,0.000334694632329047,0.000334019627189264,0.000331316463416442,0.000327644433127716,0.000325289642205462,0.000322519976180047,0.000321351632010192,0.00032127185841091,0.000321761937811971,0.000319832033710554,0.000316135032335296,0.000306357716908678,0.000274513382464647,0.00022734647791367,0.000172258238308132,0.000124354468425736,7.55806613597088E-05,4.19416974182241E-05,2.18786644836655E-05,1.55544203153113E-05,-9999,-9999,-9999,-9999
-9999,-9999,-9999,-9999,-9999,-9999,-9999,-9999,-9999,-9999,-9999,-9999,-9999,-9999,-9999,-9999,-9999,-9999,-9999,-9999,-9999,-9999,-9999,-9999,-9999,-9999,-9999,-9999,-9999,-9999,-9999,-9999,-9999,-9999,-9999,-9999,-9999,-9999,-9999,-9999,-9999,-9999,-9999,-9999,-9999,-9999,-9999,-9999,-9999,-9999,-9999,-9999,-9999,-9999,-9999,-9999,-9999,-9999,-9999,-9999,-9999,-9999,-9999,-9999,-9999,-9999,-9999,-9999,-9999,-9999,-9999,-9999,-9999,-9999,-9999,-9999,-9999,-9999,-9999,-9999,-9999,-9999,-9999,-9999,-9999,-9999,-9999,-9999,-9999,-9999,-9999,-9999,-9999,-9999,-9999,-9999,-9999,-9999,-9999,-9999,-9999,2.39968358073384E-06,0.000322192820021883,0.000340516591677442,0.00033735588658601,0.000332708819769323,0.000329942558892071,0.000329429982230067,0.000328974245348945,0.000326678797136992,0.0003226776025258,0.00032015037140809,0.00031753713847138,0.000315911311190575,0.000315682962536812,0.000316596240736544,0.000317262863973156,0.000315626035444438,0.000304550165310502,0.000275729165878147,0.000231931393500417,0.000198092413484119,0.000141188967972994,7.4536117608659E-05,4.57245114375837E-05,2.14443261938868E-05,1.50873675011098E-05,-9999,-9999,1.34036345116328E-05,1.33588073367719E-05
-9999,-9999,-9999,-9999,-9999,-9999,-9999,-9999,-9999,-9999,-9999,-9999,-9999,-9999,-9999,-9999,-9999,-9999,-9999,-9999,-9999,-9999,-9999,-9999,-9999,-9999,-9999,-9999,-9999,-9999,-9999,-9999,-9999,-9999,-9999,-9999,-9999,-9999,-9999,-9999,-9999,-9999,-9999,-9999,-9999,-9999,-9999,-9999,-9999,-9999,-9999,-9999,-9999,-9999,-9999,-9999,-9999,-9999,-9999,-9999,-9999,-9999,-9999,-9999,-9999,-9999,-9999,-9999,-9999,-9999,-9999,-9999,-9999,-9999,-9999,-9999,-9999,-9999,-9999,-9999,-9999,-9999,-9999,-9999,-9999,-9999,-9999,-9999,-9999,-9999,-9999,-9999,-9999,-9999,-9999,-9999,-9999,-9999,-9999,-9999,-9999,-9999,1.68625829246594E-05,0.000340846367180347,0.000332898023771122,0.000329166214214638,0.000326625187881291,0.000325988396070898,0.00032454653410241,0.000321449188049883,0.000317676196573302,0.000315118639264256,0.000312783406116068,0.000311409385176376,0.000310760136926547,0.000311282114125788,0.00031158744241111,0.000309589086100459,0.000298438098980114,0.000284661044133827,0.000256252271356061,0.000204266645596363,0.000139501920784824,8.77542333910242E-05,4.04532038373873E-05,2.32484035223024E-05,1.44484274642309E-05,1.38404311655904E-05,1.35511236294406E-05,1.3343293176149E-05,1.46919937833445E-05
-9999,-9999,-9999,-9999,-9999,-9999,-9999,-9999,-9999,-9999,-9999,-9999,-9999,-9999,-9999,-9999,-9999,-9999,-9999,-9999,-9999,-9999,-9999,-9999,-9999,-9999,-9999,-9999,-9999,-9999,-9999,-9999,-9999,-9999,-9999,-9999,-9999,-9999,-9999,-9999,-9999,-9999,-9999,-9999,-9999,-9999,-9999,-9999,-9999,-9999,-9999,-9999,-9999,-9999,-9999,-9999,-9999,-9999,-9999,-9999,-9999,-9999,-9999,-9999,-9999,-9999,-9999,-9999,-9999,-9999,-9999,-9999,-9999,-9999,-9999,-9999,-9999,-9999,-9999,-9999,-9999,-9999,-9999,-9999,-9999,-9999,-9999,-9999,-9999,-9999,-9999,-9999,-9999,-9999,-9999,-9999,-9999,-9999,-9999,-9999,-9999,-9999,-9999,0.000235253275604919,0.000334067502990365,0.000326916546327993,0.000325586617691442,0.000323700660374016,0.000321941915899515,0.00031797430710867,0.000313916534651071,0.000310688308672979,0.000308491318719462,0.000307262758724391,0.000307066948153079,0.000306439935229719,0.000305407680571079,0.000303287786664441,0.000294425000902265,0.000284391338936985,0.00025895144790411,0.000210300364415161,0.00015625121886842,7.2116672527045E-05,3.54256371792872E-05,2.00605863938108E-05,1.5633886505384E-05,1.36357448354829E-05,1.49019906530157E-05,1.6247224266408E-05,0.000131960725411773
-9999,-9999,-9999,-9999,-9999,-9999,-9999,-9999,-9999,-9999,-9999,-9999,-9999,-9999,-9999,-9999,-9999,-9999,-9999,-9999,-9999,-9999,-9999,-9999,-9999,-9999,-9999,-9999,-9999,-9999,-9999,-9999,-9999,-9999,-9999,-9999,-9999,-9999,-9999,-9999,-9999,-9999,-9999,-9999,-9999,-9999,-9999,-9999,-9999,-9999,-9999,-9999,-9999,-9999,-9999,-9999,-9999,-9999,-9999,-9999,-9999,-9999,-9999,-9999,-9999,-9999,-9999,-9999,-9999,-9999,-9999,-9999,-9999,-9999,-9999,-9999,-9999,-9999,-9999,-9999,-9999,-9999,-9999,-9999,-9999,-9999,-9999,-9999,-9999,-9999,-9999,-9999,-9999,-9999,-9999,-9999,-9999,-9999,-9999,-9999,-9999,-9999,-9999,2.28954854719632E-06,0.000234348728554323,0.000334483629558235,0.000327229325193912,0.000323820800986141,0.000320981111144647,0.000316675344947726,0.000312450982164592,0.000309277384076267,0.000307037815218791,0.000305212539387867,0.000303556938888505,0.000302196742268279,0.000299101491691545,0.000294498895527795,0.000291098724119365,0.000270161021035165,0.000237824555370025,0.000172607105923817,9.26920256461017E-05,2.82838027487742E-05,1.76631419890327E-05,1.72126383404247E-05,1.88455214811256E-05,1.84751734195743E-05,3.09163588099182E-05,0.00026572891511023,0.000268453382886946
-9999,-9999,-9999,-9999,-9999,-9999,-9999,-9999,-9999,-9999,-9999,-9999,-9999,-9999,-9999,-9999,-9999,-9999,-9999,-9999,-9999,-9999,-9999,-9999,-9999,-9999,-9999,-9999,-9999,-9999,-9999,-9999,-9999,-9999,-9999,-9999,-9999,-9999,-9999,-9999,-9999,-9999,-9999,-9999,-9999,-9999,-9999,-9999,-9999,-9999,-9999,-9999,-9999,-9999,-9999,-9999,-9999,-9999,-9999,-9999,-9999,-9999,-9999,-9999,-9999,-9999,-9999,-9999,-9999,-9999,-9999,-9999,-9999,-9999,-9999,-9999,-9999,-9999,-9999,-9999,-9999,-9999,-9999,-9999,-9999,-9999,-9999,-9999,-9999,-9999,-9999,-9999,-9999,-9999,-9999,-9999,-9999,-9999,-9999,-9999,-9999,-9999,-9999,-9999,2.26897668653692E-06,2.26131942326901E-06,0.000308796123135835,0.000327059882692993,0.00031977822072804,0.000315896526444703,0.000311930314637721,0.000308942253468558,0.000288644630927593,0.000239630608120933,0.000298898230539635,0.000288988201646134,0.000243719681748189,0.000203136834898032,0.000187219193321653,0.000160095412866212,8.34021193441004E-05,3.09080169245135E-05,1.57386930368375E-05,1.38118757604389E-05,2.34455801546574E-05,3.88446387660224E-05,0.000140635354910046,0.000265898735960945,0.00026914372574538,0.000269637763267383,0.000265920651145279
-9999,-9999,-9999,-9999,-9999,-9999,-9999,-9999,-9999,-9999,-9999,-9999,-9999,-9999,-9999,-9999,-9999,-9999,-9999,-9999,-9999,-9999,-9999,-9999,-9999,-9999,-9999,-9999,-9999,-9999,-9999,-9999,-9999,-9999,-9999,-9999,-9999,-9999,-9999,-9999,-9999,-9999,-9999,-9999,-9999,-9999,-9999,-9999,-9999,-9999,-9999,-9999,-9999,-9999,-9999,-9999,-9999,-9999,-9999,-9999,-9999,-9999,-9999,-9999,-9999,-9999,-9999,-9999,-9999,-9999,-9999,-9999,-9999,-9999,-9999,-9999,-9999,-9999,-9999,-9999,-9999,-9999,-9999,-9999,-9999,-9999,-9999,-9999,-9999,-9999,-9999,-9999,-9999,-9999,-9999,-9999,-9999,-9999,-9999,-9999,-9999,-9999,-9999,-9999,-9999,-9999,2.23367305807187E-06,1.11560602817917E-05,0.000324273540172726,0.000319205282721668,0.00031317345565185,0.000309420953271911,0.000293059041723609,0.000292947079287842,0.000278230960248038,0.000216829066630453,0.000157457339810207,9.67728410614654E-05,3.78691947844345E-05,5.59693180548493E-05,3.33534735545982E-05,4.43141798314173E-05,0.000143792130984366,0.00027115034754388,0.000272816425422207,0.000273170211585239,0.000271848024567589,0.000268710835371166,0.000266057351836935,0.000255097838817164,0.000132347020553425
-9999,-9999,-9999,-9999,-9999,-9999,-9999,-9999,-9999,-9999,-9999,-9999,-9999,-9999,-9999,-9999,-9999,-9999,-9999,-9999,-9999,-9999,-9999,-9999,-9999,-9999,-9999,-9999,-9999,-9999,-9999,-9999,-9999,-9999,-9999,-9999,-9999,-9999,-9999,-9999,-9999,-9999,-9999,-9999,-9999,-9999,-9999,-9999,-9999,-9999,-9999,-9999,-9999,-9999,-9999,-9999,-9999,-9999,-9999,-9999,-9999,-9999,-9999,-9999,-9999,-9999,-9999,-9999,-9999,-9999,-9999,-9999,-9999,-9999,-9999,-9999,-9999,-9999,-9999,-9999,-9999,-9999,-9999,-9999,-9999,-9999,-9999,-9999,-9999,-9999,-9999,-9999,-9999,-9999,-9999,-9999,-9999,-9999,-9999,-9999,-9999,-9999,-9999,-9999,-9999,-9999,-9999,-9999,2.18012473851559E-06,8.79953313415172E-06,0.000308327929815277,0.00031559937633574,0.000312386953737587,0.00030947383493185,0.000305868918076158,0.000302226690109819,0.000298145692795515,0.000295052683213726,0.000291475094854832,0.000287666625808924,0.000283803266938776,0.000281439599348232,0.000279383413726464,0.000276457343716174,0.000273084471700713,0.000270401738816872,0.000265853625023738,0.000248417083639652,0.000147901533637196,1.02582243926008E-05,-9999
-9999,-9999,-9999,-9999,-9999,-9999,-9999,-9999,-9999,-9999,-9999,-9999,-9999,-9999,-9999,-9999,-9999,-9999,-9999,-9999,-9999,-9999,-9999,-9999,-9999,-9999,-9999,-9999,-9999,-9999,-9999,-9999,-9999,-9999,-9999,-9999,-9999,-9999,-9999,-9999,-9999,-9999,-9999,-9999,-9999,-9999,-9999,-9999,-9999,-9999,-9999,-9999,-9999,-9999,-9999,-9999,-9999,-9999,-9999,-9999,-9999,-9999,-9999,-9999,-9999,-9999,-9999,-9999,-9999,-9999,-9999,-9999,-9999,-9999,-9999,-9999,-9999,-9999,-9999,-9999,-9999,-9999,-9999,-9999,-9999,-9999,-9999,-9999,-9999,-9999,-9999,-9999,-9999,-9999,-9999,-9999,-9999,-9999,-9999,-9999,-9999,-9999,-9999,-9999,-9999,-9999,-9999,-9999,-9999,-9999,2.14403598874924E-06,2.13559428630106E-06,2.12341228689183E-06,2.10676989809144E-06,8.65826586959884E-06,1.20968761621043E-05,2.03862623493478E-06,2.00728527488536E-06,1.97569875126646E-06,3.71141663890739E-06,1.16843330033589E-05,5.05820207763463E-05,0.000103910169855226,0.000113740352389868,2.59993212239351E-05,1.86215879693918E-06,1.85445037459431E-06,1.84988005003106E-06,-9999,-9999,-9999
-9999,-9999,-9999,-9999,-9999,-9999,-9999,-9999,-9999,-9999,-9999,-9999,-9999,-9999,-9999,-9999,-9999,-9999,-9999,-9999,-9999,-9999,-9999,-9999,-9999,-9999,-9999,-9999,-9999,-9999,-9999,-9999,-9999,-9999,-9999,-9999,-9999,-9999,-9999,-9999,-9999,-9999,-9999,-9999,-9999,-9999,-9999,-9999,-9999,-9999,-9999,-9999,-9999,-9999,-9999,-9999,-9999,-9999,-9999,-9999,-9999,-9999,-9999,-9999,-9999,-9999,-9999,-9999,-9999,-9999,-9999,-9999,-9999,-9999,-9999,-9999,-9999,-9999,-9999,-9999,-9999,-9999,-9999,-9999,-9999,-9999,-9999,-9999,-9999,-9999,-9999,-9999,-9999,-9999,-9999,-9999,-9999,-9999,-9999,-9999,-9999,-9999,-9999,-9999,-9999,-9999,-9999,-9999,-9999,-9999,-9999,-9999,-9999,-9999,-9999,-9999,-9999,-9999,-9999,-9999,-9999,-9999,-9999,-9999,-9999,-9999,-9999,-9999,-9999,-9999,-9999
-9999,-9999,-9999,-9999,-9999,-9999,-9999,-9999,-9999,-9999,-9999,-9999,-9999,-9999,-9999,-9999,-9999,-9999,-9999,-9999,-9999,-9999,-9999,-9999,-9999,-9999,-9999,-9999,-9999,-9999,-9999,-9999,-9999,-9999,-9999,-9999,-9999,-9999,-9999,-9999,-9999,-9999,-9999,-9999,-9999,-9999,-9999,-9999,-9999,-9999,-9999,-9999,-9999,-9999,-9999,-9999,-9999,-9999,-9999,-9999,-9999,-9999,-9999,-9999,-9999,-9999,-9999,-9999,-9999,-9999,-9999,-9999,-9999,-9999,-9999,-9999,-9999,-9999,-9999,-9999,-9999,-9999,-9999,-9999,-9999,-9999,-9999,-9999,-9999,-9999,-9999,-9999,-9999,-9999,-9999,-9999,-9999,-9999,-9999,-9999,-9999,-9999,-9999,-9999,-9999,-9999,-9999,-9999,-9999,-9999,-9999,-9999,-9999,-9999,-9999,-9999,-9999,-9999,-9999,-9999,-9999,-9999,-9999,-9999,-9999,-9999,-9999,-9999,-9999,-9999,-9999

Step,217
Year,18.08333
-9999,-9999,-9999,-9999,-9999,-9999,-9999,-9999,-9999,-9999,-9999,-9999,-9999,-9999,-9999,-9999,-9999,-9999,-9999,-9999,-9999,-9999,-9999,-9999,-9999,-9999,-9999,-9999,-9999,-9999,-9999,-9999,-9999,-9999,-9999,-9999,-9999,-9999,-9999,-9999,-9999,-9999,-9999,-9999,-9999,-9999,-9999,-9999,-9999,-9999,-9999,-9999,-9999,-9999,-9999,-9999,-9999,-9999,-9999,-9999,-9999,-9999,-9999,-9999,-9999,-9999,-9999,-9999,-9999,-9999,-9999,-9999,-9999,-9999,-9999,-9999,-9999,-9999,-9999,-9999,-9999,-9999,-9999,-9999,-9999,-9999,-9999,-9999,-9999,-9999,-9999,-9999,-9999,-9999,-9999,-9999,-9999,-9999,-9999,-9999,-9999,-9999,-9999,-9999,-9999,-9999,-9999,-9999,-9999,-9999,-9999,-9999,-9999,-9999,-9999,-9999,-9999,-9999,-9999,-9999,-9999,-9999,-9999,-9999,-9999,-9999,-9999,-9999,-9999,-9999,-9999
-9999,-9999,-9999,-9999,-9999,-9999,-9999,-9999,-9999,-9999,-9999,-9999,-9999,-9999,-9999,-9999,-9999,-9999,-9999,-9999,-9999,-9999,-9999,-9999,-9999,-9999,-9999,-9999,-9999,-9999,-9999,-9999,-9999,-9999,-9999,-9999,-9999,-9999,-9999,-9999,-9999,-9999,-9999,-9999,-9999,-9999,-9999,-9999,-9999,-9999,-9999,-9999,-9999,-9999,-9999,-9999,-9999,-9999,-9999,-9999,-9999,-9999,-9999,-9999,-9999,-9999,-9999,-9999,-9999,-9999,-9999,-9999,-9999,-9999,-9999,-9999,-9999,-9999,-9999,-9999,-9999,-9999,-9999,-9999,-9999,-9999,-9999,-9999,-9999,-9999,-9999,-9999,-9999,-9999,-9999,-9999,-9999,-9999,-9999,-9999,-9999,-9999,-9999,-9999,-9999,-9999,-9999,-9999,-9999,-9999,-9999,-9999,-9999,-9999,-9999,-9999,-9999,-9999,-9999,-9999,-9999,-9999,-9999,-9999,-9999,-9999,-9999,-9999,-9999,-9999,-9999
-9999,-9999,-9999,-9999,-9999,-9999,-9999,-9999,-9999,-9999,-9999,-9999,-9999,-9999,-9999,-9999,-9999,-9999,-9999,-9999,-9999,-9999,-9999,-9999,-9999,-9999,-9999,-9999,-9999,-9999,-9999,-9999,-9999,-9999,-9999,-9999,-9999,-9999,-9999,-9999,-9999,-9999,-9999,-9999,-9999,-9999,-9999,-9999,-9999,-9999,-9999,-9999,-9999,-9999,-9999,-9999,-9999,-9999,-9999,-9999,-9999,-9999,-9999,-9999,-9999,-9999,-9999,-9999,-9999,-9999,-9999,-9999,-9999,-9999,2.29035322263371E-06,3.4052402497764E-06,-9999,-9999,-9999,-9999,-9999,-9999,-9999,-9999,-9999,-9999,-9999,-9999,-9999,-9999,-9999,-9999,-9999,-9999,-9999,-9999,-9999,-9999,-9999,-9999,-9999,-9999,-9999,-9999,-9999,-9999,-9999,-9999,-9999,-9999,-9999,-9999,-9999,-9999,-9999,-9999,-9999,-9999,-9999,-9999,-9999,-9999,-9999,-9999,-9999,-9999,-9999,-9999,-9999,-9999,-9999
-9999,-9999,-9999,-9999,-9999,-9999,-9999,-9999,-9999,-9999,-9999,-9999,-9999,-9999,-9999,-9999,-9999,-9999,-9999,-9999,-9999,-9999,-9999,-9999,-9999,-9999,-9999,-9999,-9999,-9999,-9999,-9999,-9999,-9999,-9999,-9999,-9999,-9999,-9999,-9999,-9999,-9999,-9999,-9999,-9999,-9999,-9999,-9999,-9999,-9999,-9999,-9999,-9999,-9999,-9999,-9999,-9999,-9999,-9999,-9999,-9999,-9999,-9999,-9999,-9999,-9999,-9999,-9999,-9999,-9999,-9999,-9999,-9999,-9999,3.29212207361707E-06,4.87146053274046E-06,-9999,-9999,-9999,-9999,-9999,-9999,-9999,-9999,-9999,-9999,-9999,-9999,-9999,-9999,-9999,-9999,-9999,-9999,-9999,-9999,-9999,-9999,-9999,-9999,-9999,-9999,-9999,-9999,-9999,-9999,-9999,-9999,-9999,-9999,-9999,-9999,-9999,-9999,-9999,-9999,-9999,-9999,-9999,-9999,-9999,-9999,-9999,-9999,-9999,-9999,-9999,-9999,-9999,-9999,-9999
-9999,-9999,-9999,-9999,-9999,-9999,-9999,-9999,-9999,-9999,-9999,-9999,-9999,-9999,-9999,-9999,-9999,-9999,-9999,-9999,-9999,-9999,-9999,-9999,-9999,-9999,-9999,-9999,-9999,-9999,-9999,-9999,-9999,-9999,-9999,-9999,-9999,-9999,-9999,-9999,-9999,-9999,-9999,-9999,-9999,-9999,-9999,-9999,-9999,-9999,-9999,-9999,-9999,-9999,-9999,-9999,2.16903103478217E-07,3.15032821163186E-07,4.50103243565536E-07,6.41523570266145E-07,-9999,-9999,-9999,-9999,-9999,4.16357624999364E-06,4.00581575377146E-06,5.65449045097921E-06,5.4863535297045E-06,3.52776828549395E-06,5.02977354699397E-06,2.50622924795607E-05,3.35894874297082E-05,3.32407325913664E-05,4.68168173028971E-06,2.39898636209546E-05,3.10311588691548E-05,-9999,-9999,2.89652125502471E-05,4.48319042334333E-05,3.92007023037877E-05,3.97559997509234E-05,0.000102113343018573,0.000135845635668375,0.000124072015751153,0.000124331010738388,7.59476388338953E-05,3.5749479138758E-05,-9999,-9999,-9999,-9999,-9999,-9999,-9999,-9999,-9999,-9999,-9999,-9999,-9999,-9999,-9999,-9999,-9999,-9999,-9999,-9999,-9999,-9999,-9999,-9999,-9999,-9999,-9999,-9999,-9999,-9999,-9999,-9999,-9999,-9999,-9999,-9999,-9999,-9999,-9999,-9999,-9999,-9999
-9999,-9999,-9999,-9999,-9999,-9999,-9999,-9999,-9999,-9999,-9999,-9999,-9999,-9999,-9999,-9999,-9999,-9999,-9999,-9999,-9999,-9999,-9999,-9999,-9999,-9999,-9999,-9999,-9999,-9999,-9999,-9999,-9999,-9999,-9999,-9999,-9999,-9999,-9999,-9999,-9999,-9999,-9999,-9999,-9999,-9999,-9999,-9999,-9999,-9999,-9999,-9999,-9999,-9999,-9999,2.24113037461393E-07,3.28168852092858E-07,4.74735628586131E-07,6.71041675559536E-07,9.24288542591967E-07,1.26059535432432E-06,1.77535832790454E-06,-9999,6.95527751304326E-06,1.87055884453002E-05,6.227830908756E-06,5.82560141992872E-06,4.30886320827994E-05,4.34754947491456E-05,5.08643370267237E-06,4.91107721245498E-06,5.6533233873779E-05,7.15380301699042E-05,6.34061361779459E-05,5.57280509383418E-05,5.48412172065582E-05,4.2348365241196E-05,4.68430371256545E-05,7.79322435846552E-05,0.000138001007144339,0.000328358641127124,0.000501941016409546,0.000556181534193456,0.00055520812748,0.000559066131245345,0.000563482230063528,0.000568305607885122,0.000575414509512484,0.000553983554709703,0.000292175041977316,0.000124002632219344,-9999,-9999,-9999,-9999,-9999,-9999,-9999,-9999,-9999,-9999,-9999,-9999,-9999,-9999,-9999,-9999,-9999,-9999,-9999,-9999,-9999,-9999,-9999,-9999,-9999,-9999,-9999,-9999,-9999,-9999,-9999,-9999,-9999,-9999,-9999,-9999,-9999,-9999,-9999,-9999
-9999,-9999,-9999,-9999,-9999,-9999,-9999,-9999,-9999,-9999,-9999,-9999,-9999,-9999,-9999,-9999,-9999,-9999,-9999,-9999,-9999,-9999,-9999,-9999,-9999,-9999,-9999,-9999,-9999,-9999,-9999,-9999,-9999,-9999,-9999,-9999,-9999,-9999,-9999,-9999,-9999,-9999,-9999,-9999,-9999,-9999,-9999,-9999,-9999,-9999,-9999,-9999,-9999,-9999,-9999,3.36019127189502E-07,4.95094241159677E-07,7.22331037650292E-07,1.02143530966714E-06,1.39280928124208E-06,1.85312489975331E-06,2.46799436354195E-06,3.35228241965524E-06,4.65615130451624E-06,6.49612502456876E-06,3.73803050024435E-05,6.46821208647452E-05,0.000162572265253402,0.000261887558735907,0.00037562902434729,0.000427378923632205,0.000380444311304018,0.000467582896817476,0.000520713569130749,0.000416990922531113,0.000409482978284359,0.000384095328627154,0.000410475302487612,0.000552943907678127,0.000564510410185903,0.000572191551327705,0.000576050486415625,0.0005791368894279,0.000580029038246721,0.000580648309551179,0.000582131091505289,0.000584644090849906,0.00058709125733003,0.000587769667617977,0.000585164176300168,0.000575097394175828,0.000477479828987271,0.000113634443550836,-9999,-9999,-9999,-9999,-9999,-9999,-9999,-9999,-9999,3.6245950468583E-05,3.62408063665498E-05,3.62869795935694E-05,-9999,-9999,-9999,-9999,-9999,-9999,-9999,-9999,-9999,-9999,-9999,-9999,-9999,-9999,-9999,-9999,-9999,-9999,-9999,-9999,-9999,-9999,-9999,-9999,-9999,-9999
-9999,-9999,-9999,-9999,-9999,-9999,-9999,-9999,-9999,-9999,-9999,-9999,-9999,-9999,-9999,-9999,-9999,-9999,-9999,-9999,-9999,-9999,-9999,-9999,-9999,-9999,-9999,-9999,-9999,-9999,-9999,1.73878361238167E-05,-9999,-9999,-9999,5.32636513526086E-05,-9999,-9999,-9999,-9999,-9999,-9999,-9999,-9999,-9999,-9999,-9999,-9999,-9999,-9999,-9999,-9999,-9999,-9999,-9999,-9999,-9999,4.90964112032088E-07,7.04141427831928E-07,9.9389808383421E-07,-9999,2.30821387958713E-06,3.26088365909527E-06,4.57893202110427E-06,6.39467953078565E-06,3.76868811144959E-05,6.71982052153908E-05,9.1413123300299E-05,5.63751491426956E-05,0.000307842419715598,0.000631408533081412,0.000660582212731242,0.000652632734272629,0.000642557220999151,0.000620317528955638,0.00060230732196942,0.000602343352511525,0.000600934610702097,0.000592252006754279,0.000586341368034482,0.000582697161007673,0.000581540167331696,0.000577068713027984,0.000574613222852349,0.000576897407881916,0.000579363491851836,0.000582789885811508,0.000587058311793953,0.000589962757658213,0.000590752228163183,0.000591662945225835,0.000580695632379502,0.00052702846005559,0.000137794690090232,-9999,-9999,-9999,-9999,-9999,-9999,-9999,-9999,4.90967067889869E-05,7.60395414545201E-05,4.9569112889003E-05,3.55570118699688E-05,3.58105535269715E-05,-9999,-9999,-9999,-9999,-9999,-9999,-9999,-9999,-9999,-9999,-9999,-9999,-9999,-9999,-9999,-9999,-9999,-9999,-9999,-9999,-9999,-9999,-9999,-9999
-9999,-9999,-9999,-9999,-9999,-9999,-9999,-9999,-9999,-9999,-9999,-9999,-9999,-9999,-9999,-9999,-9999,-9999,-9999,-9999,-9999,-9999,-9999,-9999,-9999,-9999,-9999,-9999,-9999,-9999,1.2373183380987E-05,2.36892992688809E-05,-9999,-9999,2.50245411734795E-05,4.25194957642816E-05,-9999,-9999,4.82832256238908E-05,8.51113582029939E-05,-9999,-9999,-9999,-9999,-9999,8.38302185002249E-06,-9999,-9999,-9999,-9999,-9999,-9999,-9999,-9999,-9999,-9999,-9999,-9999,-9999,-9999,-9999,3.31375326823036E-06,4.69068618258461E-06,6.66572395857656E-06,6.34780599284568E-06,3.64992483810056E-05,4.0049973904388E-05,3.82302750949748E-05,3.59412442776375E-05,0.000209170277230442,0.000638840079773217,0.000673176778946072,0.000666299252770841,0.000654008937999606,0.000639365229289979,0.000625653716269881,0.000614229938946664,0.000604085624217987,0.000596170080825686,0.000589541567023844,0.000583644665312022,0.000578004808630794,0.000570922566112131,0.000570944102946669,0.000572660297621042,0.000577459286432713,0.000581449712626636,0.000586214009672403,0.000590756942983717,0.000593448814470321,0.000595268211327493,0.000594649172853678,0.000585628557018936,0.00049453106475994,0.000138910880195908,-9999,-9999,-9999,-9999,-9999,5.73563193029258E-05,5.78946310270112E-05,0.000110190536361188,0.000163189222803339,0.000123793666716665,8.32950900075957E-05,5.48508978681639E-05,3.54229669028427E-05,-9999,-9999,-9999,-9999,-9999,-9999,-9999,-9999,-9999,-9999,-9999,-9999,-9999,-9999,-9999,-9999,-9999,-9999,-9999,-9999,-9999,-9999,-9999
-9999,-9999,-9999,-9999,-9999,-9999,-9999,-9999,-9999,-9999,-9999,-9999,-9999,-9999,-9999,-9999,-9999,-9999,-9999,-9999,-9999,-9999,-9999,2.88838855340146E-05,3.69282824976835E-05,-9999,-9999,-9999,-9999,3.03749675367726E-05,2.86166450678138E-05,1.14211052277824E-05,5.7019689847948E-05,6.03261241849395E-06,5.09272031194996E-05,8.94059121492319E-05,0.000160358991706744,6.98382282280363E-05,4.21524528064765E-05,-9999,4.32308370363899E-05,4.53370485047344E-05,-9999,-9999,8.87910136952996E-05,1.15942530101165E-05,6.85138729750179E-06,4.20407786805299E-06,-9999,-9999,-9999,-9999,-9999,-9999,-9999,-9999,-9999,1.71110023075016E-05,1.07984933492844E-05,-9999,-9999,-9999,6.68660231895046E-06,4.41026968474034E-05,4.23389137722552E-05,4.18696436099708E-05,4.01425204472616E-05,3.77016112906858E-05,4.91530881845392E-05,0.000302343076327816,0.00064087170176208,0.000672987545840442,0.000664593768306077,0.000652811431791633,0.000638640951365232,0.000624927983153611,0.00061323051340878,0.000602624553721398,0.000594315293710679,0.00058756850194186,0.000579692656174302,0.000552492681890726,0.000558489176910371,0.000566906179301441,0.000570379954297096,0.000573545868974179,0.000579198240302503,0.000585181638598442,0.000590377778280526,0.00059331685770303,0.000595235789660364,0.000595879391767085,0.00059286312898621,0.000567290000617504,0.000166107347467914,2.92932727461448E-05,4.24565587309189E-06,2.92596928375133E-06,4.46207150162081E-06,0.00013897501048632,0.000274720863671973,0.000356770935468376,0.000399565789848566,0.000342313258443028,0.000324576365528628,0.000247193238465115,0.000149348881677724,4.87553115817718E-05,3.54868825525045E-05,3.59733967343345E-05,-9999,-9999,-9999,-9999,-9999,-9999,-9999,-9999,-9999,-9999,-9999,-9999,-9999,-9999,-9999,-9999,-9999,-9999,-9999,-9999,-9999
-9999,-9999,-9999,-9999,-9999,-9999,-9999,-9999,-9999,-9999,-9999,-9999,-9999,-9999,-9999,-9999,-9999,-9999,-9999,-9999,-9999,-9999,4.3341195123503E-05,5.09954697918147E-05,3.45272419508547E-05,3.46448214258999E-05,3.81008503609337E-05,4.39191462646704E-05,8.24506932985969E-05,0.000123792284284718,9.2990041594021E-05,0.000219146371819079,0.000301101710647345,0.000324331864248961,0.000372621550923213,0.000322567677358165,0.000320013787131757,0.000291653908789158,0.00016825133934617,0.000128663115901873,4.17884075432085E-05,2.5860164896585E-05,2.18089589907322E-05,2.99227795039769E-05,8.81519463291625E-06,6.09952076047193E-06,5.79223979002563E-06,5.44529120816151E-06,3.45782882504864E-06,-9999,-9999,-9999,-9999,-9999,-9999,-9999,-9999,7.07703875377774E-05,6.33255840511993E-05,5.81156346015632E-05,-9999,-9999,4.32664055551868E-05,4.39193754573353E-05,4.34859248343855E-05,4.18970885220915E-05,3.93577865906991E-05,4.55985573353246E-05,0.000148767241626047,0.000422270299168304,0.000646836590021849,0.000671683286782354,0.00066106190206483,0.000649230962153524,0.000635259435512125,0.000621201703324914,0.000609072507359087,0.00059890269767493,0.000590269977692515,0.000584102002903819,0.000549300515558571,0.000286252179648727,0.000339292600983754,0.00047150781028904,0.000546719587873667,0.000570163945667446,0.000576495542190969,0.000583053042646497,0.000588357856031507,0.000591092917602509,0.000594570767134428,0.000596985977608711,0.00059323717141524,0.000555050326511264,0.000266422692220658,0.000215292733628303,1.74842953128973E-05,4.33736522609252E-06,0.000211388993193395,0.000491597747895867,0.000548421812709421,0.000583434768486768,0.000577388622332364,0.0005598483257927,0.000538635707926005,0.000443234341219068,0.00028440888854675,0.000148201594129205,5.41701556358021E-05,3.53656869265251E-05,-9999,-9999,-9999,-9999,-9999,-9999,-9999,-9999,-9999,-9999,-9999,-9999,-9999,-9999,-9999,-9999,-9999,-9999,-9999,-9999,-9999
-9999,-9999,-9999,-9999,-9999,-9999,-9999,-9999,-9999,-9999,-9999,-9999,-9999,-9999,-9999,-9999,-9999,-9999,-9999,-9999,-9999,-9999,4.31309890700504E-05,5.13859995407984E-05,4.33398345194291E-05,4.46654048573691E-05,0.000164825090905651,0.000327706802636385,0.000432373693911359,0.00038005257374607,0.000378804688807577,0.000304434972349554,0.000327199755702168,0.000374970026314259,0.00034859572770074,0.000396505929529667,0.000469443941256031,0.000466818222776055,0.000487227080157027,0.000432945322245359,0.000303522625472397,0.000195840926608071,8.07352116680704E-05,3.07553746097255E-05,1.52305819938192E-05,6.89208172843792E-06,6.90791011948022E-06,6.82103518556687E-06,4.52791346106096E-06,4.4468829401012E-06,4.44358056483907E-06,-9999,-9999,-9999,-9999,-9999,-9999,-9999,5.64032270631287E-05,5.04925337736495E-05,4.57612186437473E-05,4.17244336858857E-05,4.27522718382534E-05,4.30930849688593E-05,4.28433122579008E-05,4.09069725719746E-05,4.7576362703694E-05,0.000152058564708568,0.00040851131780073,0.000645679363515228,0.000677663483656943,0.000666874460875988,0.000654937874060124,0.000642988772597164,0.000629175454378128,0.000615281984210014,0.000604066997766495,0.000594992365222424,0.000587088521569967,0.000524632050655782,7.20918251317926E-06,3.94461858377326E-06,3.94293056160677E-06,3.9408932934748E-06,4.54821420134977E-05,0.000375332194380462,0.000560229702387005,0.000579322804696858,0.000585227739065886,0.000589974282775074,0.000594432291109115,0.000597750826273113,0.000595543126109987,0.000550435623154044,0.000562839384656399,0.0005846181884408,0.000517327687703073,0.000278880441328511,0.000566143018659204,0.000624976586550474,0.000635565491393209,0.000629646005108953,0.000613872485700995,0.000604485278017819,0.000591498916037381,0.000537041574716568,0.00040165358223021,0.00026249312213622,8.12389407656156E-05,3.42689163517207E-05,1.76321136677871E-05,-9999,-9999,-9999,-9999,-9999,-9999,-9999,-9999,-9999,-9999,-9999,-9999,-9999,-9999,-9999,-9999,-9999,-9999,-9999,-9999
-9999,-9999,-9999,-9999,-9999,-9999,-9999,-9999,-9999,-9999,-9999,-9999,-9999,-9999,-9999,-9999,-9999,-9999,-9999,-9999,-9999,-9999,4.20697215304244E-05,5.24743118148763E-05,8.23077934910543E-05,0.000376576295820996,0.000486977776745334,0.000537341518793255,0.000510569079779088,0.000405182101530954,0.000403011334128678,0.000451891013653949,0.000475203269161284,0.000497867993544787,0.000566363276448101,0.000563549576327205,0.000582428590860218,0.000600104802288115,0.000635272415820509,0.000593892764300108,0.00052598345791921,0.000328774360241368,0.000173607812030241,0.000100394165201578,8.67020280566067E-05,9.72346388152801E-05,8.53632736834697E-05,5.88965704082511E-05,5.99895338382339E-06,6.14349028182914E-06,6.2109015743772E-06,-9999,-9999,-9999,-9999,4.44262914243154E-05,4.52550739282742E-05,4.67618010588922E-05,4.8155736294575E-05,4.43377248302568E-05,4.96494903927669E-05,3.86080973839853E-05,3.3127758797491E-05,2.06257391255349E-05,5.75788581045344E-05,0.000189526297617704,8.918786625145E-05,0.000494195148348808,0.000693553185556084,0.000684185302816331,0.000672080612275749,0.000660076679196209,0.000647984561510384,0.000635902106296271,0.000621211191173643,0.000609173730481416,0.000601280014961958,0.000563193752896041,3.99863301936421E-06,3.98589600081323E-06,3.98498559661675E-06,2.67102586803958E-06,2.67133646048023E-06,2.67120890384831E-06,3.98180691263406E-06,1.48178896779427E-05,0.000194430234842002,0.000512029393576086,0.000578324252273887,0.000588125549256802,0.000593556149397045,0.000597291917074472,0.000601375766564161,0.00060620135627687,0.000611459836363792,0.000616587814874947,0.000613987271208316,0.000618207384832203,0.000633607967756689,0.000646182743366808,0.000650260713882744,0.000645188789349049,0.000637366203591228,0.000629979884251952,0.000603165361098945,0.000578907201997936,0.00048784987302497,0.000378794793505222,0.000173397973412648,6.43272942397743E-05,7.67788060329622E-06,4.94385722049628E-06,-9999,-9999,-9999,-9999,-9999,-9999,-9999,-9999,-9999,-9999,-9999,-9999,-9999,-9999,-9999,-9999,-9999,-9999,-9999
-9999,-9999,-9999,-9999,-9999,-9999,-9999,-9999,-9999,-9999,-9999,-9999,-9999,-9999,-9999,-9999,-9999,-9999,-9999,-9999,-9999,3.83910955861211E-05,4.54020519100595E-05,0.000176386296516284,0.000482292380183935,0.000629150308668613,0.000628492853138596,0.000582372536882758,0.000506810087244958,0.000597457576077431,0.000593743461649865,0.000611784809734672,0.000609340087976307,0.000607009220402688,0.000643024803139269,0.000673849484883249,0.000685535604134202,0.000681572244502604,0.000703950354363769,0.000699253811035305,0.000682110257912427,0.000558859494049102,0.000217452776269056,0.000136065864353441,0.000167375459568575,0.000152023902046494,0.000136801536427811,0.000138231058372185,0.000137122988235205,9.86530649242923E-05,6.35689575574361E-05,4.28994717367459E-05,4.32594606536441E-05,4.4151944166515E-05,4.50505285698455E-05,4.16350412706379E-05,4.71266539534554E-05,4.19898169639055E-05,4.24260724685155E-05,4.80925082229078E-05,0.000195823435205966,0.000415425922255963,0.000201826129341498,5.66156768400106E-06,5.59413911105366E-06,5.39176198799396E-06,2.10512735066004E-05,0.000192483756109141,0.000691045832354575,0.000679398886859417,0.000667936517857015,0.000651894020847976,0.000639051315374672,0.000549187243450433,2.32661805057433E-05,4.15526301367208E-06,4.09240783483256E-06,4.05483115173411E-06,2.69982729150797E-06,2.69222050519602E-06,2.69067118097155E-06,1.80631241164519E-06,1.80848826403235E-06,1.81170776158979E-06,2.70367468147015E-06,4.0261279536935E-06,2.599525032565E-05,0.000171005944139324,0.000469929276732728,0.000573459838051349,0.000590017298236489,0.000594966637436301,0.000598734186496586,0.000603297608904541,0.000610034388955683,0.000616563949733973,0.000622291583567858,0.000628447683993727,0.000636359676718712,0.000643166189547628,0.000644790299702436,0.000644884421490133,0.000643241626676172,0.000640971586108208,0.00063053093617782,0.000597703270614147,0.000562075991183519,0.000430634245276451,0.000255750957876444,0.00014234175614547,3.91964968002867E-05,4.84433439851273E-06,4.9941136239795E-06,9.59913722908823E-06,-9999,-9999,-9999,-9999,-9999,-9999,-9999,-9999,-9999,-9999,-9999,-9999,-9999,-9999,-9999,-9999,-9999
-9999,-9999,-9999,-9999,-9999,-9999,-9999,-9999,-9999,-9999,-9999,-9999,-9999,-9999,-9999,-9999,-9999,-9999,-9999,-9999,-9999,7.59646063670516E-05,0.000426874670665711,0.00062575179617852,0.000702012330293655,0.000666075211483985,0.000624804466497153,0.000600472092628479,0.000637898920103908,0.000686616287566721,0.000724447600077838,0.000720456824637949,0.000741072348318994,0.00075766968075186,0.000745499506592751,0.000773672189097852,0.000769460981246084,0.000757662870455533,0.000764379394240677,0.000763186486437917,0.000746255158446729,0.00072795688174665,0.000686405110172927,0.000617014477029443,0.000544559268746525,0.00043573256698437,0.00027633982244879,0.00015088172222022,0.000165982521139085,0.000136638758704066,0.000100799006759189,6.61880985717289E-05,5.95524070376996E-05,4.79837945022155E-05,4.79759255540557E-05,7.36272486392409E-05,6.56472257105634E-05,6.4692460000515E-05,9.945071360562E-05,0.000435263616964221,0.000717643240932375,0.000783511844929308,0.000762739626225084,0.000241178480791859,5.34439277544152E-06,5.216597855906E-06,5.01723661727738E-06,0.000701665645465255,0.000689572480041534,0.000677911331877112,0.00048210914246738,4.46943431597902E-06,4.4021226131008E-06,4.36448044638382E-06,-9999,-9999,-9999,-9999,-9999,-9999,-9999,1.21945868158946E-06,1.22077460673609E-06,1.82746657628741E-06,2.72788338406826E-06,4.06493018090259E-06,9.20075581234414E-06,5.61103333893698E-05,0.000225101975956932,0.000482160714454949,0.000578615930862725,0.000590904033742845,0.000594625249505043,0.000601285777520388,0.000607403868343681,0.000613116135355085,0.000618880381807685,0.000625891552772373,0.000632045033853501,0.000636273412965238,0.000637685239780694,0.000637856894172728,0.000639745034277439,0.000643868814222515,0.000639562320429832,0.000621153740212321,0.00058027112390846,0.000503173505421728,0.000385302031645551,0.000232632140978239,0.00012697686906904,4.10198408644646E-05,2.78457373497076E-05,2.25800577027258E-05,3.02952867059503E-05,-9999,-9999,-9999,-9999,-9999,-9999,-9999,-9999,-9999,-9999,-9999,-9999,-9999,-9999,-9999,-9999
-9999,-9999,-9999,-9999,-9999,-9999,-9999,-9999,-9999,-9999,-9999,-9999,-9999,-9999,-9999,-9999,-9999,-9999,-9999,3.97367548430339E-05,0.000107676743937191,0.000598398444708437,0.000714219291694462,0.000714624184183776,0.000698448100592941,0.000727675098460168,0.000710380787495524,0.00070614175638184,0.000751564453821629,0.000755103537812829,0.000765754200983793,0.000775235705077648,0.000766534183640033,0.000756482360884547,0.00077362684533,0.000780807808041573,0.000776764354668558,0.000766500539612025,0.000768843048717827,0.000771569320932031,0.000770282524172217,0.000763339048717171,0.000760268594603986,0.000745064811781049,0.000729558989405632,0.00069278315640986,0.000648218498099595,0.000604169850703329,0.00047069153515622,0.00031265287543647,0.000133402732899413,0.000133416702738032,0.000146752237924375,0.000160713447257876,0.000209873294807039,0.000311375712044537,0.000470026949187741,0.000514352810569108,0.000637620396446437,0.000758323294576257,0.00078382040373981,0.000783423718530685,0.000778756802901626,0.000778404413722456,1.91510098375147E-05,0.000732793181668967,0.00073760561645031,0.000710780965164304,0.000547911622561514,1.18708285299363E-05,4.6412787924055E-06,-9999,-9999,-9999,-9999,-9999,-9999,-9999,-9999,-9999,-9999,-9999,-9999,1.2330210665823E-06,1.84060706942546E-06,2.74874923889001E-06,4.09444601245923E-06,2.81716074823635E-05,0.000114383234176785,0.000321415660437196,0.000527944881469011,0.000584554334636778,0.000592771801166236,0.000595797086134553,0.000600157596636564,0.000605446111876518,0.00061114423442632,0.000617244862951338,0.000622371677309275,0.000625536078587174,0.000627099652774632,0.000627410074230283,0.000627230270765722,0.000630173250101507,0.00063162378501147,0.000622421910520643,0.000603929976932704,0.000575037556700408,0.000517229316756129,0.000357714423444122,0.000194885360542685,0.000138906674692407,8.74575562193058E-05,3.42087478202302E-05,3.32181298290379E-05,-9999,-9999,-9999,-9999,-9999,-9999,-9999,-9999,-9999,-9999,-9999,-9999,-9999,-9999,-9999,-9999
-9999,-9999,-9999,-9999,-9999,-9999,-9999,-9999,-9999,-9999,-9999,-9999,-9999,-9999,-9999,-9999,-9999,-9999,0.00011833687312901,0.000298144965199754,0.000676617433782667,0.00076375575736165,0.000763813848607242,0.00078234588727355,0.00078918319195509,0.000778168730903417,0.000814818078652024,0.000824984104838222,0.000814544968307018,0.000802468915935606,0.000790465797763318,0.000775657594203949,0.00076195748988539,0.000779646914452314,0.000776492641307414,0.000787433702498674,0.000783940486144274,0.000785478099714965,0.000778173154685646,0.000774886750150472,0.00077182799577713,0.000768018304370344,0.00076597259612754,0.000763797725085169,0.000759577204007655,0.000749447091948241,0.000737177790142596,0.00071377179119736,0.000676118419505656,0.000590204494073987,0.000371172034647316,0.000206414217245765,0.000263959926087409,0.00048127569607459,0.000576185353565961,0.000623461324721575,0.000626280554570258,0.000683888734783977,0.000755783054046333,0.00077250599861145,0.000772698724176735,0.000766566139645875,0.00076100038131699,0.000756241613999009,0.000746345845982432,0.000735826150048524,0.000694750866387039,1.04383898360538E-05,-9999,-9999,-9999,-9999,-9999,-9999,-9999,-9999,-9999,-9999,-9999,-9999,-9999,-9999,-9999,-9999,-9999,2.76249784292304E-06,4.11854762205621E-06,1.23456902656471E-05,5.6827087973943E-05,0.000191263490705751,0.000419847201555967,0.00056612235493958,0.000587913091294467,0.000592177675571293,0.000593753298744559,0.000596103433053941,0.000600357423536479,0.000605487322900444,0.000609422102570534,0.000611639639828354,0.000611845403909683,0.0006118617602624,0.000613084295764565,0.000614673423115164,0.000617498764768243,0.000613552227150649,0.000596101221162826,0.000573064142372459,0.000543931673746556,0.000478660716908053,0.000313044089125469,0.000192663297639228,7.69898761063814E-05,3.754002682399E-05,3.33712087012827E-05,-9999,-9999,-9999,-9999,-9999,-9999,-9999,-9999,-9999,-9999,-9999,-9999,-9999,-9999,-9999,-9999
-9999,-9999,-9999,-9999,-9999,-9999,-9999,-9999,-9999,-9999,-9999,-9999,6.02373484070995E-06,1.77687907125801E-05,-9999,4.07473780796863E-05,8.59861465869471E-05,0.000322077190503478,0.000595919089391828,0.000723916804417968,0.000811570032965392,0.000834368169307709,0.000843755027744919,0.000843060726765543,0.000837693456560373,0.000839295506011695,0.000837485888041556,0.000829931057523936,0.000825760012958199,0.000815933977719396,0.000804996001534164,0.000797596178017557,0.000795205647591501,0.000794407504145056,0.000792324310168624,0.000791973725426942,0.00078906852286309,0.000785507203545421,0.000779837253503501,0.000773184874560684,0.000766712881159037,0.000760566326789558,0.000757299829274416,0.000756094348616898,0.000755018380004913,0.000752585532609373,0.00074893981218338,0.000742944714147598,0.000733932247385383,0.000715137051884085,0.000666102860122919,0.000560806132853031,0.000491676270030439,0.000532452249899507,0.000569982919842005,0.000617029785644263,0.000665223458781838,0.00074016721919179,0.000759802991524339,0.000753982516471297,0.000754456443246454,0.000752828491386026,0.000749073806218803,0.000744522491004318,0.000738802540581673,0.000736527203116566,8.204199730244E-06,-9999,-9999,-9999,-9999,-9999,-9999,-9999,-9999,-9999,-9999,-9999,-9999,-9999,-9999,-9999,-9999,-9999,-9999,-9999,2.77078152066679E-06,4.12668214266887E-06,2.0223200408509E-05,9.04191911104135E-05,0.000274611200438812,0.000499324465636164,0.00057810393627733,0.000587601214647293,0.000590107985772192,0.000588107272051275,0.000589467235840857,0.000592717493418604,0.000594910699874163,0.000596123689319938,0.000595537945628166,0.000593682285398245,0.000594116922002286,0.00059800100279972,0.000600762432441115,0.000599893450271338,0.000591488613281399,0.000574849778786302,0.000556175771635026,0.000512247788719833,0.00037708057789132,0.000203286879695952,8.27206677058712E-05,4.06384024245199E-05,3.23628119076602E-05,-9999,-9999,-9999,-9999,-9999,-9999,-9999,-9999,-9999,-9999,-9999,-9999,-9999,-9999,-9999,-9999
-9999,-9999,-9999,-9999,-9999,-9999,-9999,-9999,-9999,-9999,5.90610306971939E-06,5.88515922572697E-06,5.87870772505994E-06,6.53355964459479E-05,0.000158539492986165,0.000418445910327137,0.000634876021649688,0.000736118527129292,0.00080413423711434,0.000839586602523923,0.000852694211062044,0.000854356563650072,0.000852618890348822,0.000849579344503582,0.000845795904751867,0.000839872634969652,0.000834167643915862,0.000827351817861199,0.000819578766822815,0.000810779281891882,0.000802275142632425,0.00079409044701606,0.000788035627920181,0.000784797361120582,0.000782122544478625,0.000780877191573381,0.000778587127570063,0.000774275977164507,0.000768420286476612,0.000761889386922121,0.000755085377022624,0.000748081656638533,0.000743198674172163,0.000741352094337344,0.000740247371140867,0.000738455331884325,0.000736183952540159,0.000733431312255561,0.000730086059775203,0.00072693225229159,0.00072338106110692,0.000718494469765574,0.000714996946044266,0.000714298512320966,0.000719680334441364,0.00073595077265054,0.000745052006095648,0.000749309430830181,0.00075010082218796,0.000744572142139077,0.000189717393368483,5.07085223944159E-06,5.08597167936387E-06,1.37019151225104E-05,0.000334913784172386,3.80073506676126E-05,-9999,-9999,-9999,-9999,-9999,-9999,-9999,-9999,-9999,-9999,-9999,-9999,-9999,-9999,-9999,-9999,-9999,-9999,-9999,-9999,-9999,2.77187109531951E-06,4.12337067245971E-06,2.10505404538708E-05,0.000108212312625255,0.000323538057273254,0.000533794984221458,0.000581203901674598,0.000583431858103722,0.00058260268997401,0.000579316634684801,0.000579337356612086,0.000579503830522299,0.000580489286221564,0.000579225947149098,0.000577246537432075,0.000575476384256035,0.000579463434405625,0.000583341810852289,0.000583953224122524,0.000579241663217545,0.000570543808862567,0.000549893477000296,0.000507337739691138,0.000414373469538987,0.000264010683167726,9.77790186880156E-05,4.38286588178016E-05,3.12979973386973E-05,-9999,-9999,-9999,-9999,-9999,-9999,-9999,-9999,-9999,-9999,-9999,-9999,-9999,-9999,-9999,-9999
-9999,-9999,-9999,-9999,-9999,-9999,-9999,-9999,4.03335216105916E-05,4.02063487854321E-05,9.45554711506702E-06,1.5753335901536E-05,0.000114489419502206,0.000514618121087551,0.000699548807460815,0.000764724507462233,0.000812441459856927,0.000837974599562585,0.000846279261168092,0.000852561672218144,0.000853779551107436,0.000851757184136659,0.000848926021717489,0.000843733199872077,0.000837781524751335,0.000830599921755493,0.00082224328070879,0.000813198450487107,0.000804572249762714,0.000795635161921382,0.000786980031989515,0.000778793590143323,0.000772331142798066,0.000769905280321836,0.000767235062085092,0.000765385455451906,0.000761898932978511,0.000757212110329419,0.00075118342647329,0.000743669748771936,0.000735629990231246,0.000728071434423327,0.00072339252801612,0.000721913471352309,0.000720482028555125,0.000718373572453856,0.000715968431904912,0.000713455316144973,0.000710831023752689,0.000709051149897277,0.000708795210812241,0.000711172702722251,0.000715713948011398,0.000721410848200321,0.000728017883375287,0.000732976535800844,0.000736270856577903,0.000739119597710669,0.000739884737413377,0.000736395479179919,0.000716930662747473,5.02007469549426E-06,-9999,-9999,-9999,-9999,-9999,-9999,-9999,-9999,-9999,-9999,-9999,-9999,-9999,-9999,-9999,-9999,-9999,-9999,-9999,-9999,-9999,-9999,-9999,-9999,-9999,-9999,2.76653258879378E-06,4.11249629905797E-06,7.31221007299609E-06,5.87417598580942E-05,0.00026717729633674,0.000515331572387367,0.000572684628423303,0.000576290709432214,0.000572475022636354,0.000567739654798061,0.000564614485483617,0.000564962683711201,0.000564090616535395,0.000563072506338358,0.000561784254387021,0.000561992172151804,0.000565760303288698,0.000567390117794275,0.000565451802685857,0.00055999681353569,0.000544960785191506,0.000514188082888722,0.000441519980086014,0.000289617892121896,0.000104074075352401,4.23372366640251E-05,3.02670032397145E-05,-9999,-9999,-9999,-9999,-9999,-9999,-9999,-9999,-9999,-9999,-9999,-9999,-9999,-9999,-9999,-9999
-9999,-9999,-9999,-9999,-9999,-9999,-9999,-9999,3.94846538256388E-05,4.48205282737035E-05,4.90578095195815E-05,0.000188728066859767,0.00068891205592081,0.000787777826189995,0.000808810349553823,0.000827579293400049,0.000843091460410506,0.000850516778882593,0.000852729892358184,0.000851321441587061,0.000848054420202971,0.000844289548695087,0.000838956329971552,0.000832240155432373,0.000824686605483294,0.000816214887890965,0.000805945659521967,0.000794834282714874,0.000786403892561793,0.000779183523263782,0.000771733990404755,0.000764237833209336,0.000758365204092115,0.0007545180269517,0.000752239837311208,0.000749751518014818,0.000746126053854823,0.00074079807382077,0.000733915949240327,0.000725453777704388,0.000716909940820187,0.000709003244992346,0.000703580619301647,0.000701015931554139,0.000698378833476454,0.000695726543199271,0.000693336478434503,0.000691749271936715,0.000689953099936247,0.000688810891006142,0.000688897154759616,0.000692554865963757,0.000698742573149502,0.000706290709786117,0.000713923887815326,0.000719600880984217,0.000723259523510933,0.000724714423995465,0.000725722289644182,0.000726559606846422,0.000694999936968088,4.99917996421573E-06,-9999,-9999,-9999,-9999,-9999,-9999,-9999,-9999,-9999,-9999,-9999,-9999,-9999,-9999,-9999,-9999,-9999,-9999,-9999,-9999,-9999,-9999,-9999,-9999,-9999,-9999,-9999,-9999,4.09567201131722E-06,4.08176629207446E-06,8.25528877612669E-06,8.23231966933236E-05,0.000402335048420355,0.000555779261048883,0.000564047077205032,0.000558974104933441,0.000553378253243864,0.000550501106772572,0.000549593241885304,0.000548128213267773,0.000547662028111517,0.000547741481568664,0.000549517164472491,0.000551497330889106,0.00055001035798341,0.000548044568859041,0.00053773948457092,0.000517774606123567,0.000468556565465406,0.000296136830002069,0.000110041364678182,3.63849867426325E-05,3.010227374034E-05,-9999,-9999,-9999,-9999,-9999,-9999,-9999,-9999,-9999,-9999,-9999,-9999,-9999,-9999,-9999,-9999
-9999,-9999,-9999,-9999,-9999,-9999,4.11959081247915E-05,4.05712962674443E-05,4.02924997615628E-05,0.000113637739559636,0.000529089069459587,0.000734331202693284,0.000808054639492184,0.000825442606583238,0.000838842475786805,0.000845526345074177,0.000849368865601718,0.000849985401146114,0.000848179857712239,0.000843686168082058,0.000837318482808769,0.000831031473353505,0.000825012510176748,0.000817189808003604,0.000807761331088841,0.000799900502897799,0.000789620389696211,0.000779642083216459,0.00077104102820158,0.000762956507969648,0.000754294160287827,0.000748166523408145,0.000743774231523275,0.000739853305276483,0.000736729358322918,0.000733744178432971,0.000729973602574319,0.000725441321264952,0.000718717055860907,0.000710284744855016,0.000701064884196967,0.000694006565026939,0.000687735446263105,0.000683565682265908,0.000680120778270066,0.000677571108099073,0.000675241346471012,0.000672799767926335,0.000672535796184093,0.00067184615181759,0.000672518974170089,0.000676380412187427,0.000682209094520658,0.000690179585944861,0.000696695409715176,0.000703226367477328,0.000709029438439757,0.000711126427631825,0.000708298524841666,0.000341183855198324,4.9527661758475E-06,-9999,-9999,-9999,-9999,-9999,-9999,-9999,-9999,-9999,-9999,-9999,-9999,-9999,-9999,-9999,-9999,-9999,-9999,-9999,-9999,-9999,-9999,-9999,-9999,-9999,-9999,-9999,-9999,-9999,-9999,-9999,-9999,3.99041982745985E-06,1.11174877019948E-05,0.000185195705853403,0.000502135138958693,0.000548388343304396,0.000544498732779175,0.000538697466254234,0.000534860708285123,0.00053410540567711,0.000533328100573272,0.00053415895672515,0.00053497648332268,0.000535942148417234,0.000534792605321854,0.000532187172211707,0.000525486713740975,0.0005133161903359,0.000468165468191728,0.000332384573994204,0.000151306725456379,3.05960529658478E-05,-9999,-9999,-9999,-9999,-9999,-9999,-9999,-9999,-9999,-9999,-9999,-9999,-9999,-9999,-9999,-9999,-9999
-9999,-9999,-9999,-9999,-9999,-9999,4.08828491345048E-05,5.08276571054012E-05,0.00018943811301142,0.000635598553344607,0.000776992936152965,0.000816874555312097,0.000829485594294965,0.000834448263049126,0.000837880885228515,0.000840461580082774,0.00084313127445057,0.000843815680127591,0.000841157569084316,0.000834526785183698,0.000825348950456828,0.000817969790659845,0.000812076439615339,0.000803825445473194,0.000794028863310814,0.000785836717113853,0.000775673950556666,0.000765190285164863,0.000756623689085245,0.000747921760194004,0.000737397989723831,0.000731720589101315,0.0007258101250045,0.000720733369234949,0.000714200723450631,0.000710884109139442,0.000709560816176236,0.000707719591446221,0.000702658086083829,0.000696069037076086,0.00068538129562512,0.000680136552546173,0.000673733185976744,0.000669613888021559,0.000667134707327932,0.00066675478592515,0.000664447608869523,0.000664888531900942,0.000663882994558662,0.000665820145513862,0.000665972707793117,0.000670944165904075,0.000677780190017074,0.000557551975362003,0.000648177345283329,0.000557190680410713,1.5366396837635E-05,4.84596284877625E-06,4.87575152874342E-06,-9999,-9999,-9999,-9999,-9999,-9999,-9999,-9999,-9999,-9999,-9999,-9999,-9999,-9999,-9999,-9999,-9999,-9999,-9999,-9999,-9999,-9999,-9999,-9999,-9999,-9999,-9999,-9999,-9999,-9999,-9999,-9999,-9999,-9999,-9999,3.8998023228487E-06,3.84511577067315E-06,7.58816240704618E-05,0.000439969939179718,0.000531970232259482,0.000527816126123071,0.000521969865076244,0.000519910652656108,0.000520394532941282,0.000520712463185191,0.000521380745340139,0.000520705478265882,0.000518455053679645,0.00051593646639958,0.000511096091940999,0.000503656745422632,0.000474736618343741,0.000375112897017971,0.000158644907060079,4.0866871131584E-05,3.31854389514774E-05,2.61236982623814E-05,-9999,-9999,-9999,-9999,-9999,-9999,-9999,-9999,-9999,-9999,-9999,-9999,-9999,-9999,-9999
-9999,-9999,-9999,-9999,5.30792967765592E-05,5.84217523282859E-05,4.1106490243692E-05,0.000174348868313245,0.000673116068355739,0.000797706306912005,0.000827213458251208,0.000829606782644987,0.000828329240903258,0.000828107935376465,0.000829119118861854,0.000831501209177077,0.000834548962302506,0.000835686922073364,0.000832944293506444,0.000825587194412947,0.000814919243566692,0.000806616095360368,0.000803011294919997,0.000791602651588619,0.000782217481173575,0.000774547690525651,0.000762609182856977,0.000757530331611633,0.000747920479625463,0.000739553361199796,0.000727483769878745,0.000718665774911642,0.00071060803020373,0.000709906744305044,0.000699820404406637,0.000700107601005584,0.000701111683156341,0.000696410716045648,0.000697774928994477,9.49761597439647E-05,0.00047494302270934,0.000387466687243432,0.000658665259834379,0.000468646467197686,0.000603584689088166,0.000654939736705273,0.000656625430565327,0.000349551206454635,0.000111842397018336,0.000317278230795637,4.47160709882155E-05,3.88486478186678E-05,4.60649198430474E-06,4.63530432170955E-06,-9999,-9999,-9999,-9999,-9999,-9999,-9999,-9999,-9999,-9999,-9999,-9999,-9999,-9999,-9999,-9999,-9999,-9999,-9999,-9999,-9999,-9999,-9999,-9999,-9999,-9999,-9999,-9999,-9999,-9999,-9999,-9999,-9999,-9999,-9999,-9999,-9999,-9999,-9999,-9999,-9999,2.52427889790852E-06,3.68279370377422E-06,0.000118776988529135,0.000489999423734844,0.000515950086992234,0.00050989375449717,0.000506821786984801,0.000508172961417586,0.000508070283103734,0.000507381977513433,0.000505403557326645,0.00050228153122589,0.000499393790960312,0.000496524851769209,0.00049154250882566,0.000472609768621624,0.000361001526471227,0.0001276246184716,2.49420754698804E-05,2.50621524173766E-05,1.80529368662974E-05,2.64087757386733E-05,-9999,-9999,-9999,-9999,-9999,-9999,-9999,-9999,-9999,-9999,-9999,-9999,-9999,-9999
-9999,-9999,-9999,-9999,4.22831799369305E-05,6.48592249490321E-05,9.74413269432262E-05,0.000641927705146372,0.000810452387668192,0.000834828475490212,0.000833285041153431,0.000827407347969711,0.00082303979434073,0.000819418171886355,0.000817867403384298,0.000819255656097084,0.000822510395664722,0.000827107985969633,0.000825637311208993,0.000642159779090434,8.52617085911334E-06,5.51413540961221E-06,5.4685797294951E-06,5.41455074198893E-06,5.35580511495937E-06,5.29490125700249E-06,2.51944165938767E-05,5.16169438924408E-06,1.93951927940361E-05,5.02159855386708E-06,6.43656239844859E-05,0.000508300377987325,0.000673251401167363,0.000650798669084907,0.000694796966854483,0.000681070378050208,0.000691762717906386,0.000684941129293293,0.000197461733478121,4.72797319162055E-06,4.6747013584536E-06,4.6328641474247E-06,4.59788634543656E-06,4.57060559710953E-06,4.54872724731104E-06,4.53442908110446E-06,4.52694575869828E-06,-9999,-9999,-9999,-9999,-9999,-9999,-9999,-9999,-9999,-9999,-9999,-9999,-9999,-9999,-9999,-9999,-9999,-9999,-9999,-9999,-9999,-9999,-9999,-9999,-9999,-9999,-9999,-9999,-9999,-9999,-9999,-9999,-9999,-9999,-9999,-9999,-9999,-9999,-9999,-9999,-9999,-9999,-9999,-9999,-9999,-9999,-9999,-9999,-9999,3.58269153366564E-06,2.38331413129345E-05,0.00042606089846231,0.000500334252137691,0.000498337962199003,0.000493447412736714,0.000494252657517791,0.000493794563226402,0.000492201535962522,0.000489819329231977,0.000486030359752476,0.000482788047520444,0.000480279995827004,0.000476952234748751,0.000464328448288143,0.000387341598980129,0.000195996166439727,6.64891776978038E-05,1.19417145469924E-05,4.10217508033384E-05,2.50491757469717E-05,-9999,-9999,-9999,-9999,-9999,-9999,-9999,-9999,-9999,-9999,-9999,-9999,-9999,-9999
-9999,-9999,-9999,-9999,-9999,4.09588137699757E-05,0.000467377831228077,0.000805764400865883,0.000838797132018954,0.000838302308693528,0.000830321456305683,0.000821626512333751,0.000816277286503464,0.000809479912277311,0.000806385825853795,0.000810242956504226,0.000487292389152572,5.58222927793395E-06,5.59814998268848E-06,5.60143871553009E-06,-9999,-9999,-9999,-9999,-9999,-9999,-9999,-9999,-9999,-9999,-9999,-9999,-9999,1.79305916390149E-05,5.22154368809424E-05,4.51199994131457E-05,6.0028862208128E-05,4.78050969832111E-06,-9999,-9999,-9999,-9999,-9999,-9999,-9999,-9999,-9999,-9999,-9999,-9999,-9999,-9999,-9999,-9999,-9999,-9999,-9999,-9999,-9999,-9999,-9999,-9999,-9999,-9999,-9999,-9999,-9999,-9999,-9999,-9999,-9999,-9999,-9999,-9999,-9999,-9999,-9999,-9999,-9999,-9999,-9999,-9999,-9999,-9999,-9999,-9999,-9999,-9999,-9999,-9999,-9999,-9999,-9999,-9999,-9999,-9999,2.3473940018448E-06,3.41834424943954E-06,0.000362243968993425,0.000485241122078151,0.000484589370898902,0.000479743612231687,0.0004813872219529,0.000478611793369055,0.000476310320664197,0.000473758962471038,0.000470581522677094,0.000467637553811073,0.000464399723568931,0.000461761781480163,0.000456101493909955,0.000412973342463374,0.000269436102826148,7.94433726696298E-05,4.41243319073692E-05,2.70527725660941E-05,-9999,-9999,-9999,-9999,-9999,-9999,-9999,-9999,-9999,-9999,-9999,-9999,-9999,-9999,-9999
-9999,-9999,-9999,-9999,-9999,0.000161839270731434,0.000758393085561693,0.000837951374705881,0.00084411638090387,0.000836717081256211,0.000826753734145314,0.000816369778476655,0.000807307078503072,0.000801778864115477,0.000797770451754332,9.15868731681257E-05,5.5526070354972E-06,3.7349004742282E-06,-9999,-9999,-9999,-9999,-9999,-9999,-9999,-9999,-9999,-9999,-9999,-9999,-9999,-9999,-9999,-9999,-9999,-9999,-9999,-9999,-9999,-9999,-9999,-9999,-9999,-9999,-9999,-9999,-9999,-9999,-9999,-9999,-9999,-9999,-9999,-9999,-9999,-9999,-9999,-9999,-9999,-9999,-9999,-9999,-9999,-9999,-9999,-9999,-9999,-9999,-9999,-9999,-9999,-9999,-9999,-9999,-9999,-9999,-9999,-9999,-9999,-9999,-9999,-9999,-9999,-9999,-9999,-9999,-9999,-9999,-9999,-9999,-9999,-9999,-9999,-9999,-9999,-9999,-9999,3.3029364203685E-06,0.000273967249086127,0.000471230945549905,0.000470773229608312,0.000466879020677879,0.000467399513581768,0.000463167089037597,0.000459974922705442,0.000457596877822652,0.000455675850389525,0.000453307235147804,0.000450604449724779,0.000447832921054214,0.000442999647930264,0.000424978177761659,0.000306635454762727,0.000154508205014281,2.98627401207341E-05,2.17333108594175E-05,-9999,-9999,-9999,-9999,-9999,-9999,-9999,-9999,-9999,-9999,-9999,-9999,-9999,-9999,-9999
-9999,-9999,4.37404451076873E-05,4.30914806202054E-05,4.1875297029037E-05,0.000446102378191426,0.00082528154598549,0.000845873262733221,0.000843569403514266,0.000833337660878897,0.000822603469714522,0.000811647507362068,0.000802941911388189,0.000790288439020514,4.77593202958815E-05,5.52717301616212E-06,3.71747660210531E-06,-9999,-9999,-9999,-9999,-9999,-9999,-9999,-9999,-9999,-9999,-9999,-9999,-9999,-9999,-9999,-9999,-9999,-9999,-9999,-9999,-9999,-9999,-9999,-9999,-9999,-9999,-9999,-9999,-9999,-9999,-9999,-9999,-9999,-9999,-9999,-9999,-9999,-9999,-9999,-9999,-9999,-9999,-9999,-9999,-9999,-9999,-9999,-9999,-9999,-9999,-9999,-9999,-9999,-9999,-9999,-9999,-9999,-9999,-9999,-9999,-9999,-9999,-9999,-9999,-9999,-9999,-9999,-9999,-9999,-9999,-9999,-9999,-9999,-9999,-9999,-9999,-9999,-9999,-9999,-9999,3.21241600431676E-06,0.000158707887749188,0.000457687478046864,0.000458911032183096,0.000453570071840659,0.000450688821729273,0.000448149017756805,0.000443725642981008,0.000442625838331878,0.000441569805843756,0.000439862429630011,0.000437261071056128,0.000434328219853342,0.000430899584898725,0.000419307092670351,0.000368903129128739,0.000233588114497252,0.000124938916997053,2.83739500446245E-05,-9999,-9999,-9999,-9999,-9999,-9999,-9999,-9999,-9999,-9999,-9999,-9999,-9999,-9999,-9999
-9999,-9999,-9999,-9999,5.16756190336309E-05,0.000699204334523529,0.000838689622469246,0.000847336486913264,0.000840412802062929,0.000827894720714539,0.000817226420622319,0.00080792186781764,0.00080132985021919,6.89235457684845E-05,5.51027915207669E-06,3.70342286259984E-06,-9999,-9999,-9999,-9999,-9999,-9999,-9999,-9999,-9999,-9999,-9999,-9999,-9999,-9999,-9999,-9999,-9999,-9999,-9999,-9999,-9999,-9999,-9999,-9999,-9999,-9999,-9999,-9999,-9999,-9999,-9999,-9999,-9999,-9999,-9999,-9999,-9999,-9999,-9999,-9999,-9999,-9999,-9999,-9999,-9999,-9999,-9999,-9999,-9999,-9999,-9999,-9999,-9999,-9999,-9999,-9999,-9999,-9999,-9999,-9999,-9999,-9999,-9999,-9999,-9999,-9999,-9999,-9999,-9999,-9999,-9999,-9999,-9999,-9999,-9999,-9999,-9999,-9999,-9999,-9999,-9999,3.13377768179635E-06,8.28207776066847E-05,0.000443112367065623,0.000445620709797367,0.000441897398559377,0.000436962174717337,0.00043428223580122,0.000429290172178298,0.000428585743065923,0.000428833067417145,0.000427103426773101,0.00042426967411302,0.000421409466071054,0.000417488627135754,0.000410967710195109,0.000392232381273061,0.000340062630129978,0.000211218954063952,6.28147245151922E-05,-9999,-9999,-9999,-9999,-9999,-9999,-9999,-9999,-9999,-9999,-9999,-9999,-9999,-9999,-9999
-9999,-9999,-9999,-9999,0.000109375927422661,0.000759962655138224,0.000842209672555327,0.000845629838295281,0.000836418475955725,0.000822260743007064,0.000812444370239973,0.000805043848231435,0.000539856147952378,5.50141385247116E-06,3.69546387446462E-06,-9999,-9999,-9999,-9999,-9999,-9999,-9999,-9999,-9999,-9999,-9999,-9999,-9999,-9999,-9999,-9999,-9999,-9999,-9999,-9999,-9999,-9999,-9999,-9999,-9999,-9999,-9999,-9999,-9999,-9999,-9999,-9999,-9999,-9999,-9999,-9999,-9999,-9999,-9999,-9999,-9999,-9999,-9999,-9999,-9999,-9999,-9999,-9999,-9999,-9999,-9999,-9999,-9999,-9999,-9999,-9999,-9999,-9999,-9999,-9999,-9999,-9999,-9999,-9999,-9999,-9999,-9999,-9999,-9999,-9999,-9999,-9999,-9999,-9999,-9999,-9999,-9999,-9999,-9999,-9999,-9999,-9999,3.06253514281707E-06,3.31240153172985E-05,0.000426203012466431,0.000431814114563167,0.000430393440183252,0.000424371421104297,0.000420142634538934,0.000416688766563311,0.000414500158512965,0.00041488220449537,0.00041306292405352,0.000411114888265729,0.000408370920922607,0.000404935562983155,0.000400546792661771,0.000392205198295414,0.000374053459381685,0.00031307342578657,0.000168340571690351,2.29582383326488E-05,-9999,-9999,-9999,-9999,-9999,-9999,-9999,-9999,-9999,-9999,-9999,-9999,-9999,-9999
-9999,-9999,-9999,-9999,8.86181587702595E-05,0.000748625141568482,0.000841013970784843,0.000842552748508751,0.000832085323054343,0.000818163971416652,0.000809264020062983,0.000802435737568885,5.48648949916242E-06,3.68698761121777E-06,2.4770770323812E-06,-9999,-9999,-9999,-9999,-9999,-9999,-9999,-9999,-9999,-9999,-9999,-9999,-9999,-9999,-9999,-9999,-9999,-9999,-9999,-9999,-9999,-9999,-9999,-9999,-9999,-9999,-9999,-9999,-9999,-9999,-9999,-9999,-9999,-9999,-9999,-9999,-9999,-9999,-9999,-9999,-9999,-9999,-9999,-9999,-9999,-9999,-9999,-9999,-9999,-9999,-9999,-9999,-9999,-9999,-9999,-9999,-9999,-9999,-9999,-9999,-9999,-9999,-9999,-9999,-9999,-9999,-9999,-9999,-9999,-9999,-9999,-9999,-9999,-9999,-9999,-9999,-9999,-9999,-9999,-9999,-9999,-9999,1.99396390598849E-06,2.94084884444601E-06,0.000404166843509302,0.000419647811213508,0.000418560550315306,0.000413747824495658,0.000406863953685388,0.000404258433263749,0.000402016827138141,0.000400407967390493,0.000399337644921616,0.000397872849134728,0.000395917886635289,0.000392684625694528,0.000388412590837106,0.000383887265343219,0.000375240197172388,0.000346939632436261,0.000251126650255173,7.83675204729661E-05,1.7858426872408E-05,-9999,-9999,-9999,-9999,-9999,-9999,-9999,-9999,-9999,-9999,-9999,-9999,-9999
-9999,-9999,-9999,-9999,4.61205272586085E-05,0.000681284058373421,0.000836931692901999,0.000840007094666362,0.000830732344184071,0.000817120948340744,0.000807968084700406,0.000799113127868623,5.47829267816269E-06,3.68008522855234E-06,-9999,-9999,-9999,-9999,-9999,-9999,-9999,-9999,-9999,-9999,-9999,-9999,-9999,-9999,-9999,-9999,-9999,-9999,-9999,-9999,-9999,-9999,-9999,-9999,-9999,-9999,-9999,-9999,-9999,-9999,-9999,-9999,-9999,-9999,-9999,-9999,-9999,-9999,-9999,-9999,-9999,-9999,-9999,-9999,-9999,-9999,-9999,-9999,-9999,-9999,-9999,-9999,-9999,-9999,-9999,-9999,-9999,-9999,-9999,-9999,-9999,-9999,-9999,-9999,-9999,-9999,-9999,-9999,-9999,-9999,-9999,-9999,-9999,-9999,-9999,-9999,-9999,-9999,-9999,-9999,-9999,-9999,-9999,1.95519760382012E-06,2.85957980850071E-06,0.000382035679649562,0.000407786312280223,0.000406348204705864,0.000403738726163283,0.000396699440898374,0.000391799549106508,0.000389542547054589,0.000387911219149828,0.000388124113669619,0.000386717409128323,0.000384917977498844,0.00038137604133226,0.000377294112695381,0.000373720831703395,0.000367747939890251,0.000349893845850602,0.000308386486722156,0.000181030860403553,3.40522492479067E-05,2.43862832576269E-05,2.49361210080679E-06,-9999,-9999,-9999,-9999,-9999,-9999,-9999,-9999,-9999,-9999,-9999
-9999,-9999,-9999,-9999,4.12105910072569E-05,0.000369223795132712,0.000820463290438056,0.00083876826101914,0.000833456346299499,0.000823335140012205,0.000812237325590104,0.000803465605713427,1.21392668006592E-05,5.47847184861894E-06,-9999,-9999,-9999,-9999,-9999,-9999,-9999,-9999,-9999,-9999,-9999,-9999,-9999,-9999,-9999,-9999,-9999,-9999,-9999,-9999,-9999,-9999,-9999,-9999,-9999,-9999,-9999,-9999,-9999,-9999,-9999,-9999,-9999,-9999,-9999,-9999,-9999,-9999,-9999,-9999,-9999,-9999,-9999,-9999,-9999,-9999,-9999,-9999,-9999,-9999,-9999,-9999,-9999,-9999,-9999,-9999,-9999,-9999,-9999,-9999,-9999,-9999,-9999,-9999,-9999,-9999,-9999,-9999,-9999,-9999,-9999,-9999,-9999,-9999,-9999,-9999,-9999,-9999,-9999,-9999,-9999,-9999,-9999,-9999,2.77794788416941E-06,0.000365272630006075,0.000396270857891068,0.000394395756302401,0.000394256348954514,0.000387671520002186,0.000381955469492823,0.000380075041903183,0.000379199365852401,0.000377822550944984,0.000376891286578029,0.000374515191651881,0.0003714679623954,0.000367777916835621,0.000364488718332723,0.000360192527296022,0.000347428169334307,0.000317013065796345,0.000238842374528758,5.61572851438541E-05,1.93032556126127E-05,-9999,-9999,-9999,-9999,-9999,-9999,-9999,-9999,-9999,-9999,-9999,-9999
-9999,-9999,-9999,-9999,4.12534463976044E-05,0.000161623582243919,0.000760341004934162,0.000835978717077523,0.000834333710372448,0.000828911550343037,0.000819852866698056,0.000809879507869482,0.000548022158909589,5.47000536244013E-06,-9999,-9999,-9999,-9999,-9999,-9999,-9999,-9999,-9999,-9999,-9999,-9999,-9999,-9999,-9999,-9999,-9999,-9999,-9999,-9999,-9999,-9999,-9999,-9999,-9999,-9999,-9999,-9999,-9999,-9999,-9999,-9999,-9999,-9999,-9999,-9999,-9999,-9999,-9999,-9999,-9999,-9999,-9999,-9999,-9999,-9999,-9999,-9999,-9999,-9999,-9999,-9999,-9999,-9999,-9999,-9999,-9999,-9999,-9999,-9999,-9999,-9999,-9999,-9999,-9999,-9999,-9999,-9999,-9999,-9999,-9999,-9999,-9999,-9999,-9999,-9999,-9999,-9999,-9999,-9999,-9999,-9999,-9999,-9999,2.71925546257989E-06,0.000327931193169206,0.000386678031645715,0.000385006773285568,0.000384836399462074,0.000381428690161556,0.000374837458366528,0.000369739980669692,0.000369392626453191,0.000367421453120187,0.000366173044312745,0.000363991304766387,0.000361940445145592,0.000359009078238159,0.000356167438440025,0.000351610244251788,0.000342224986525252,0.000317761208862066,0.000274707796052098,0.00010465964442119,1.89797247003298E-05,1.70421772054397E-05,1.72223863046383E-05,-9999,-9999,-9999,-9999,-9999,-9999,-9999,-9999,-9999,-9999
-9999,-9999,-9999,-9999,-9999,4.5511478674598E-05,0.000621210201643407,0.000829515687655658,0.000834049889817834,0.000831059529446065,0.000824586604721844,0.000813959748484194,0.000801718269940466,5.46806722923066E-06,-9999,-9999,-9999,-9999,-9999,-9999,-9999,-9999,-9999,-9999,-9999,-9999,-9999,-9999,-9999,-9999,-9999,-9999,-9999,-9999,-9999,-9999,-9999,-9999,-9999,-9999,-9999,-9999,-9999,-9999,-9999,-9999,-9999,-9999,-9999,-9999,-9999,-9999,-9999,-9999,-9999,-9999,-9999,-9999,-9999,-9999,-9999,-9999,-9999,-9999,-9999,-9999,-9999,-9999,-9999,-9999,-9999,-9999,-9999,-9999,-9999,-9999,-9999,-9999,-9999,-9999,-9999,-9999,-9999,-9999,-9999,-9999,-9999,-9999,-9999,-9999,-9999,-9999,-9999,-9999,-9999,-9999,-9999,-9999,2.67700033873552E-06,0.000259596010437235,0.000375540897948667,0.000377351301722229,0.000376160256564617,0.000373585615307093,0.00036708585685119,0.000360449164872989,0.000360127014573663,0.00035802077036351,0.000356989708961919,0.000354699819581583,0.000352986186044291,0.000350738235283643,0.00034815093385987,0.000344464147929102,0.000338442390784621,0.000326960231177509,0.000261692854110152,0.000159199087647721,5.9394325944595E-05,3.99377895519137E-05,2.37234926316887E-05,1.72951931745047E-05,-9999,-9999,-9999,-9999,-9999,-9999,-9999,-9999,-9999
-9999,-9999,-9999,-9999,-9999,9.27012752072187E-06,0.00043874786933884,0.000812826387118548,0.000833689991850406,0.000832434161566198,0.000827609503176063,0.000817163498140872,0.000803952105343342,5.47721128896228E-06,-9999,-9999,-9999,-9999,-9999,-9999,-9999,-9999,-9999,-9999,-9999,-9999,-9999,-9999,-9999,-9999,-9999,-9999,-9999,-9999,-9999,-9999,-9999,-9999,-9999,-9999,-9999,-9999,-9999,-9999,-9999,-9999,-9999,-9999,-9999,-9999,-9999,-9999,-9999,-9999,-9999,-9999,-9999,-9999,-9999,-9999,-9999,-9999,-9999,-9999,-9999,-9999,-9999,-9999,-9999,-9999,-9999,-9999,-9999,-9999,-9999,-9999,-9999,-9999,-9999,-9999,-9999,-9999,-9999,-9999,-9999,-9999,-9999,-9999,-9999,-9999,-9999,-9999,-9999,-9999,-9999,-9999,-9999,-9999,2.65021481027361E-06,8.60804284457117E-05,0.000362801336450502,0.000370078661944717,0.00036833476042375,0.000365436833817512,0.000359738885890692,0.000353607087163255,0.000351889000739902,0.000350966118276119,0.000349138426827267,0.000346050830557942,0.000344119645887986,0.000342116749379784,0.000339841062668711,0.000337592180585489,0.000333147472701967,0.000318185600917786,0.0002697987947613,0.000223373572225682,0.000175741573912092,0.000146940772538073,4.39978866779711E-05,1.68952701642411E-05,-9999,-9999,-9999,-9999,-9999,-9999,-9999,-9999,-9999
-9999,-9999,-9999,-9999,-9999,5.70024030821514E-06,0.000315845856675878,0.000811903097201139,0.000833070196676999,0.000833347963634878,0.000829630065709352,0.000819003384094685,0.000797648739535362,5.48923253518296E-06,-9999,-9999,-9999,-9999,-9999,-9999,-9999,-9999,-9999,-9999,-9999,-9999,-9999,-9999,-9999,-9999,-9999,-9999,-9999,-9999,-9999,-9999,-9999,-9999,-9999,-9999,-9999,-9999,-9999,-9999,-9999,-9999,-9999,-9999,-9999,-9999,-9999,-9999,-9999,-9999,-9999,-9999,-9999,-9999,-9999,-9999,-9999,-9999,-9999,-9999,-9999,-9999,-9999,-9999,-9999,-9999,-9999,-9999,-9999,-9999,-9999,-9999,-9999,-9999,-9999,-9999,-9999,-9999,-9999,-9999,-9999,-9999,-9999,-9999,-9999,-9999,-9999,-9999,-9999,-9999,-9999,-9999,-9999,-9999,-9999,2.56221028394066E-06,0.000351981492713094,0.000361297541530803,0.000361437851097435,0.00035794053110294,0.00035256496630609,0.000346250570146367,0.000344361062161624,0.000343671359587461,0.000341418897733092,0.000338687153998762,0.00033618274028413,0.000334363401634619,0.000332084513502195,0.000330190174281597,0.000327595043927431,0.000317015452310443,0.000303867302136496,0.000285631744191051,0.000244137365370989,0.000154277950059623,5.81863496336155E-05,1.64553111972054E-05,-9999,-9999,-9999,-9999,-9999,-9999,-9999,-9999,-9999
-9999,-9999,-9999,-9999,-9999,-9999,0.000191820174222812,0.000813873659353703,0.000832283170893788,0.000833864731248468,0.000829665979836136,0.000817405350971967,0.000808495795354247,-9999,-9999,-9999,-9999,-9999,-9999,-9999,-9999,-9999,-9999,-9999,-9999,-9999,-9999,-9999,-9999,-9999,-9999,-9999,-9999,-9999,-9999,-9999,-9999,-9999,-9999,-9999,-9999,-9999,-9999,-9999,-9999,-9999,-9999,-9999,-9999,-9999,-9999,-9999,-9999,-9999,-9999,-9999,-9999,-9999,-9999,-9999,-9999,-9999,-9999,-9999,-9999,-9999,-9999,-9999,-9999,-9999,-9999,-9999,-9999,-9999,-9999,-9999,-9999,-9999,-9999,-9999,-9999,-9999,-9999,-9999,-9999,-9999,-9999,-9999,-9999,-9999,-9999,-9999,-9999,-9999,-9999,-9999,-9999,-9999,-9999,2.51771825787728E-06,0.000326216308167204,0.000353480747435242,0.000355289463186637,0.000352190400008112,0.000347125809639692,0.000341432809364051,0.000338371435645968,0.000336862867698073,0.000334032491082326,0.000331527116941288,0.00032899747020565,0.000326679612044245,0.000324538443237543,0.000322780048009008,0.000321874598739669,0.000319292856147513,0.000313290336634964,0.000292641052510589,0.000254505401244387,0.000190179722267203,9.81502671493217E-05,1.99946716747945E-05,-9999,-9999,-9999,-9999,-9999,-9999,-9999,-9999,-9999
-9999,-9999,-9999,-9999,-9999,-9999,0.000144331716001034,0.000814316677860916,0.000833381491247565,0.00083365582395345,0.000827039824798703,0.000814732164144516,0.000801367394160479,-9999,-9999,-9999,-9999,-9999,-9999,-9999,-9999,-9999,-9999,-9999,-9999,-9999,-9999,-9999,-9999,-9999,-9999,-9999,-9999,-9999,-9999,-9999,-9999,-9999,-9999,-9999,-9999,-9999,-9999,-9999,-9999,-9999,-9999,-9999,-9999,-9999,-9999,-9999,-9999,-9999,-9999,-9999,-9999,-9999,-9999,-9999,-9999,-9999,-9999,-9999,-9999,-9999,-9999,-9999,-9999,-9999,-9999,-9999,-9999,-9999,-9999,-9999,-9999,-9999,-9999,-9999,-9999,-9999,-9999,-9999,-9999,-9999,-9999,-9999,-9999,-9999,-9999,-9999,-9999,-9999,-9999,-9999,-9999,-9999,-9999,2.48178048423142E-06,0.000214803352719173,0.000347688415786251,0.000349564070347697,0.000346354587236419,0.000341346458299085,0.000336473691277206,0.000331838731653988,0.000331001239828765,0.000328074762364849,0.000325465225614607,0.000322821142617613,0.000320655963150784,0.000318428530590609,0.000316648423904553,0.000315803656121716,0.000314804958179593,0.000311082985717803,0.000300957093713805,0.000277544924756512,0.000213942548725754,0.000149849089211784,3.73615948774386E-05,1.94891872524749E-05,1.56262558448361E-05,-9999,-9999,-9999,-9999,-9999,-9999,-9999
-9999,-9999,-9999,-9999,-9999,-9999,0.000229365308769047,0.000827183132059872,0.000835874932818115,0.000832547782920301,0.000823367678094655,0.000811573874671012,0.000735707872081548,-9999,-9999,-9999,-9999,-9999,-9999,-9999,-9999,-9999,-9999,-9999,-9999,-9999,-9999,-9999,-9999,-9999,-9999,-9999,-9999,-9999,-9999,-9999,-9999,-9999,-9999,-9999,-9999,-9999,-9999,-9999,-9999,-9999,-9999,-9999,-9999,-9999,-9999,-9999,-9999,-9999,-9999,-9999,-9999,-9999,-9999,-9999,-9999,-9999,-9999,-9999,-9999,-9999,-9999,-9999,-9999,-9999,-9999,-9999,-9999,-9999,-9999,-9999,-9999,-9999,-9999,-9999,-9999,-9999,-9999,-9999,-9999,-9999,-9999,-9999,-9999,-9999,-9999,-9999,-9999,-9999,-9999,-9999,-9999,-9999,-9999,2.45146088673209E-06,1.44318864840898E-05,0.000342356419423595,0.000342987274052575,0.000340317172231153,0.000334979937179014,0.000330014678183943,0.000325951899867505,0.000324625667417422,0.000322902633342892,0.000320334103889763,0.000317349389661103,0.000314879114739597,0.000312999676680192,0.000311631592921913,0.000310281931888312,0.000309851398924366,0.000306906382320449,0.000299367937259376,0.000281170854577795,0.000247826799750328,0.000175904569914564,6.68541033519432E-05,3.31617993651889E-05,2.40277186094318E-05,1.53331220644759E-05,-9999,-9999,-9999,-9999,-9999,-9999
-9999,-9999,-9999,-9999,-9999,-9999,-9999,-9999,-9999,-9999,-9999,-9999,-9999,-9999,-9999,-9999,-9999,-9999,-9999,-9999,-9999,-9999,-9999,-9999,-9999,-9999,-9999,-9999,-9999,-9999,-9999,-9999,-9999,-9999,-9999,-9999,-9999,-9999,-9999,-9999,-9999,-9999,-9999,-9999,-9999,-9999,-9999,-9999,-9999,-9999,-9999,-9999,-9999,-9999,-9999,-9999,-9999,-9999,-9999,-9999,-9999,-9999,-9999,-9999,-9999,-9999,-9999,-9999,-9999,-9999,-9999,-9999,-9999,-9999,-9999,-9999,-9999,-9999,-9999,-9999,-9999,-9999,-9999,-9999,-9999,-9999,-9999,-9999,-9999,-9999,-9999,-9999,-9999,-9999,-9999,-9999,-9999,-9999,-9999,-9999,2.36070673054201E-06,0.000328099820762873,0.000336271215928718,0.000334131065756083,0.000329473201418296,0.000324616557918489,0.000320410006679595,0.000319246901199222,0.000318450067425147,0.000315320969093591,0.000312499614665285,0.000310164876282215,0.000307843583868816,0.000306736648781225,0.000305594759993255,0.000305005320115015,0.000304050015984103,0.000300030660582706,0.000288740440737456,0.000261629349552095,0.000191609549801797,0.000101896148407832,6.595781451324E-05,4.9325873987982E-05,2.62700050370768E-05,1.49765455716988E-05,-9999,-9999,-9999,-9999,-9999
-9999,-9999,-9999,-9999,-9999,-9999,-9999,-9999,-9999,-9999,-9999,-9999,-9999,-9999,-9999,-9999,-9999,-9999,-9999,-9999,-9999,-9999,-9999,-9999,-9999,-9999,-9999,-9999,-9999,-9999,-9999,-9999,-9999,-9999,-9999,-9999,-9999,-9999,-9999,-9999,-9999,-9999,-9999,-9999,-9999,-9999,-9999,-9999,-9999,-9999,-9999,-9999,-9999,-9999,-9999,-9999,-9999,-9999,-9999,-9999,-9999,-9999,-9999,-9999,-9999,-9999,-9999,-9999,-9999,-9999,-9999,-9999,-9999,-9999,-9999,-9999,-9999,-9999,-9999,-9999,-9999,-9999,-9999,-9999,-9999,-9999,-9999,-9999,-9999,-9999,-9999,-9999,-9999,-9999,-9999,-9999,-9999,-9999,-9999,-9999,2.32140132538916E-06,0.000247859570663422,0.000331020826706663,0.000327811110764742,0.000323839049087837,0.000318940554279834,0.000314449978759512,0.000314297794830054,0.000313606462441385,0.000310625007841736,0.000307229405734688,0.000305208057397977,0.000302738335449249,0.00030198012245819,0.000301361025776714,0.000301845284411684,0.000301243562716991,0.000298846891382709,0.000286992551991716,0.000257983250776306,0.000197605695575476,0.000125898368423805,9.26189604797401E-05,5.36769548489247E-05,3.56705859303474E-05,1.65473229571944E-05,1.46776274050353E-05,-9999,-9999,-9999,-9999
-9999,-9999,-9999,-9999,-9999,-9999,-9999,-9999,-9999,-9999,-9999,-9999,-9999,-9999,-9999,-9999,-9999,-9999,-9999,-9999,-9999,-9999,-9999,-9999,-9999,-9999,-9999,-9999,-9999,-9999,-9999,-9999,-9999,-9999,-9999,-9999,-9999,-9999,-9999,-9999,-9999,-9999,-9999,-9999,-9999,-9999,-9999,-9999,-9999,-9999,-9999,-9999,-9999,-9999,-9999,-9999,-9999,-9999,-9999,-9999,-9999,-9999,-9999,-9999,-9999,-9999,-9999,-9999,-9999,-9999,-9999,-9999,-9999,-9999,-9999,-9999,-9999,-9999,-9999,-9999,-9999,-9999,-9999,-9999,-9999,-9999,-9999,-9999,-9999,-9999,-9999,-9999,-9999,-9999,-9999,-9999,-9999,-9999,-9999,-9999,2.29390707318089E-06,5.85712177780806E-06,0.000326311681419611,0.000322101230267435,0.000318471662467346,0.000313423195620999,0.000309741852106526,0.000309709837893024,0.000308918999508023,0.000306317291688174,0.000302898028166965,0.000300752610201016,0.000298279541311786,0.000297285703709349,0.000297316059004515,0.000297885126201436,0.000296207086648792,0.000292893761070445,0.000283933273749426,0.00025451512192376,0.000210884783882648,0.000159884410095401,0.00011550409544725,7.02565521351062E-05,3.9021728298394E-05,2.03805975615978E-05,1.45026497193612E-05,-9999,-9999,-9999,-9999
-9999,-9999,-9999,-9999,-9999,-9999,-9999,-9999,-9999,-9999,-9999,-9999,-9999,-9999,-9999,-9999,-9999,-9999,-9999,-9999,-9999,-9999,-9999,-9999,-9999,-9999,-9999,-9999,-9999,-9999,-9999,-9999,-9999,-9999,-9999,-9999,-9999,-9999,-9999,-9999,-9999,-9999,-9999,-9999,-9999,-9999,-9999,-9999,-9999,-9999,-9999,-9999,-9999,-9999,-9999,-9999,-9999,-9999,-9999,-9999,-9999,-9999,-9999,-9999,-9999,-9999,-9999,-9999,-9999,-9999,-9999,-9999,-9999,-9999,-9999,-9999,-9999,-9999,-9999,-9999,-9999,-9999,-9999,-9999,-9999,-9999,-9999,-9999,-9999,-9999,-9999,-9999,-9999,-9999,-9999,-9999,-9999,-9999,-9999,-9999,-9999,2.23066490434576E-06,0.000299286126391962,0.000316119258059189,0.000312944437609985,0.000308364513330162,0.000305570807540789,0.000304878602037206,0.00030429198523052,0.000302080734400079,0.000298388040391728,0.000296092737698928,0.000293766730464995,0.000292394717689604,0.000292314536636695,0.000293287739623338,0.000294039462460205,0.000292648066533729,0.000282507389783859,0.000255892751738429,0.000215340769500472,0.000184019663720392,0.000131236185552552,6.93361071171239E-05,4.25785510742571E-05,1.99994628928835E-05,1.40899437610642E-05,-9999,-9999,1.26674403873039E-05,1.2627788237296E-05
-9999,-9999,-9999,-9999,-9999,-9999,-9999,-9999,-9999,-9999,-9999,-9999,-9999,-9999,-9999,-9999,-9999,-9999,-9999,-9999,-9999,-9999,-9999,-9999,-9999,-9999,-9999,-9999,-9999,-9999,-9999,-9999,-9999,-9999,-9999,-9999,-9999,-9999,-9999,-9999,-9999,-9999,-9999,-9999,-9999,-9999,-9999,-9999,-9999,-9999,-9999,-9999,-9999,-9999,-9999,-9999,-9999,-9999,-9999,-9999,-9999,-9999,-9999,-9999,-9999,-9999,-9999,-9999,-9999,-9999,-9999,-9999,-9999,-9999,-9999,-9999,-9999,-9999,-9999,-9999,-9999,-9999,-9999,-9999,-9999,-9999,-9999,-9999,-9999,-9999,-9999,-9999,-9999,-9999,-9999,-9999,-9999,-9999,-9999,-9999,-9999,-9999,1.56567384692607E-05,0.00031629140721634,0.000308739370666444,0.000305068213492632,0.000302505242871121,0.000301724212476984,0.000300239596981555,0.000297316844807938,0.000293846998829395,0.000291539094178006,0.000289476884063333,0.000288340728729963,0.000287886767182499,0.000288525217911229,0.00028897006995976,0.000287253700662404,0.000277059065410867,0.000264394097030163,0.000238111810176633,0.000189890546607785,0.000129758147522807,8.1693178799469E-05,3.77109790861141E-05,2.17171636904823E-05,1.35337795654777E-05,1.3012117051403E-05,1.27737848742981E-05,1.26008717415971E-05,1.3884713553125E-05
-9999,-9999,-9999,-9999,-9999,-9999,-9999,-9999,-9999,-9999,-9999,-9999,-9999,-9999,-9999,-9999,-9999,-9999,-9999,-9999,-9999,-9999,-9999,-9999,-9999,-9999,-9999,-9999,-9999,-9999,-9999,-9999,-9999,-9999,-9999,-9999,-9999,-9999,-9999,-9999,-9999,-9999,-9999,-9999,-9999,-9999,-9999,-9999,-9999,-9999,-9999,-9999,-9999,-9999,-9999,-9999,-9999,-9999,-9999,-9999,-9999,-9999,-9999,-9999,-9999,-9999,-9999,-9999,-9999,-9999,-9999,-9999,-9999,-9999,-9999,-9999,-9999,-9999,-9999,-9999,-9999,-9999,-9999,-9999,-9999,-9999,-9999,-9999,-9999,-9999,-9999,-9999,-9999,-9999,-9999,-9999,-9999,-9999,-9999,-9999,-9999,-9999,-9999,0.000218244036659598,0.000309752649627626,0.000302947475574911,0.000301551481243223,0.000299684208584949,0.000297905091429129,0.000294198340270668,0.000290471769403666,0.000287538772681728,0.000285604037344456,0.00028460577595979,0.000284585024928674,0.000284175126580521,0.000283375382423401,0.000281559419818223,0.000273484271019697,0.000264299393165857,0.000240764289628714,0.000195614702533931,0.000145420999615453,6.71867746859789E-05,3.30661569023505E-05,1.87755467777606E-05,1.46742358992924E-05,1.28329847939312E-05,1.40549454954453E-05,1.5345189240179E-05,0.000124722966575064
-9999,-9999,-9999,-9999,-9999,-9999,-9999,-9999,-9999,-9999,-9999,-9999,-9999,-9999,-9999,-9999,-9999,-9999,-9999,-9999,-9999,-9999,-9999,-9999,-9999,-9999,-9999,-9999,-9999,-9999,-9999,-9999,-9999,-9999,-9999,-9999,-9999,-9999,-9999,-9999,-9999,-9999,-9999,-9999,-9999,-9999,-9999,-9999,-9999,-9999,-9999,-9999,-9999,-9999,-9999,-9999,-9999,-9999,-9999,-9999,-9999,-9999,-9999,-9999,-9999,-9999,-9999,-9999,-9999,-9999,-9999,-9999,-9999,-9999,-9999,-9999,-9999,-9999,-9999,-9999,-9999,-9999,-9999,-9999,-9999,-9999,-9999,-9999,-9999,-9999,-9999,-9999,-9999,-9999,-9999,-9999,-9999,-9999,-9999,-9999,-9999,-9999,-9999,2.123330204995E-06,0.000217229462577961,0.00030992238316685,0.000303043052554131,0.000299769744742662,0.000297076039714739,0.000293074845103547,0.000289201358100399,0.000286319380393252,0.000284359382931143,0.000282811844954267,0.000281440967228264,0.00028034855495207,0.000277643877780065,0.000273515935987234,0.000270515942247584,0.00025118188932538,0.000221218899241649,0.000160636467626318,8.63270470290445E-05,2.63955334958155E-05,1.65332421602216E-05,1.6153657270479E-05,1.77297442860436E-05,1.74130891537061E-05,2.91843552986393E-05,0.000251087505603209,0.000253708014497533
-9999,-9999,-9999,-9999,-9999,-9999,-9999,-9999,-9999,-9999,-9999,-9999,-9999,-9999,-9999,-9999,-9999,-9999,-9999,-9999,-9999,-9999,-9999,-9999,-9999,-9999,-9999,-9999,-9999,-9999,-9999,-9999,-9999,-9999,-9999,-9999,-9999,-9999,-9999,-9999,-9999,-9999,-9999,-9999,-9999,-9999,-9999,-9999,-9999,-9999,-9999,-9999,-9999,-9999,-9999,-9999,-9999,-9999,-9999,-9999,-9999,-9999,-9999,-9999,-9999,-9999,-9999,-9999,-9999,-9999,-9999,-9999,-9999,-9999,-9999,-9999,-9999,-9999,-9999,-9999,-9999,-9999,-9999,-9999,-9999,-9999,-9999,-9999,-9999,-9999,-9999,-9999,-9999,-9999,-9999,-9999,-9999,-9999,-9999,-9999,-9999,-9999,-9999,-9999,2.1028258743172E-06,2.09489485314407E-06,0.000285908201476559,0.000302784872474149,0.000296026759315282,0.000292457494651899,0.000288844050373882,0.000286121910903603,0.000267420342424884,0.00022213660122361,0.000277237297268584,0.000268199888523668,0.000226311312871985,0.000188731239177287,0.000174048487679102,0.000148935214383528,7.76536326156929E-05,2.88308365270495E-05,1.47113196362625E-05,1.29377012854093E-05,2.20202146010706E-05,3.65635423804633E-05,0.000132612534798682,0.000250941811827943,0.000254150509135798,0.000254736078204587,0.000251286226557568
-9999,-9999,-9999,-9999,-9999,-9999,-9999,-9999,-9999,-9999,-9999,-9999,-9999,-9999,-9999,-9999,-9999,-9999,-9999,-9999,-9999,-9999,-9999,-9999,-9999,-9999,-9999,-9999,-9999,-9999,-9999,-9999,-9999,-9999,-9999,-9999,-9999,-9999,-9999,-9999,-9999,-9999,-9999,-9999,-9999,-9999,-9999,-9999,-9999,-9999,-9999,-9999,-9999,-9999,-9999,-9999,-9999,-9999,-9999,-9999,-9999,-9999,-9999,-9999,-9999,-9999,-9999,-9999,-9999,-9999,-9999,-9999,-9999,-9999,-9999,-9999,-9999,-9999,-9999,-9999,-9999,-9999,-9999,-9999,-9999,-9999,-9999,-9999,-9999,-9999,-9999,-9999,-9999,-9999,-9999,-9999,-9999,-9999,-9999,-9999,-9999,-9999,-9999,-9999,-9999,-9999,2.06819095183164E-06,1.03274869616143E-05,0.000300190644338727,0.000295549194561318,0.000290079275146127,0.000286654219962656,0.000271624914603308,0.000271666329354048,0.00025814279797487,0.000201287548406981,0.000146265869261697,8.9957844465971E-05,3.52448150806595E-05,5.21518013556488E-05,3.11325711663812E-05,4.14695387007669E-05,0.000134957153932191,0.000254889600910246,0.000256709492532536,0.000257311679888517,0.000256315659498796,0.000253555394010618,0.000251203338848427,0.000240966546698473,0.000125049147754908
-9999,-9999,-9999,-9999,-9999,-9999,-9999,-9999,-9999,-9999,-9999,-9999,-9999,-9999,-9999,-9999,-9999,-9999,-9999,-9999,-9999,-9999,-9999,-9999,-9999,-9999,-9999,-9999,-9999,-9999,-9999,-9999,-9999,-9999,-9999,-9999,-9999,-9999,-9999,-9999,-9999,-9999,-9999,-9999,-9999,-9999,-9999,-9999,-9999,-9999,-9999,-9999,-9999,-9999,-9999,-9999,-9999,-9999,-9999,-9999,-9999,-9999,-9999,-9999,-9999,-9999,-9999,-9999,-9999,-9999,-9999,-9999,-9999,-9999,-9999,-9999,-9999,-9999,-9999,-9999,-9999,-9999,-9999,-9999,-9999,-9999,-9999,-9999,-9999,-9999,-9999,-9999,-9999,-9999,-9999,-9999,-9999,-9999,-9999,-9999,-9999,-9999,-9999,-9999,-9999,-9999,-9999,-9999,2.01878356165253E-06,8.14963004813762E-06,0.00028567184926942,0.000292472454020754,0.000289632414933294,0.000287067581666633,0.000283892353763804,0.000280690030194819,0.000277164072031155,0.000274563935818151,0.000271596771199256,0.000268465373665094,0.000265344104263932,0.000263633555732667,0.000262169167399406,0.000259799271589145,0.000256939820246771,0.000254692102316767,0.000250633660471067,0.000234355247812346,0.000139599782414734,9.68673703027889E-06,-9999
-9999,-9999,-9999,-9999,-9999,-9999,-9999,-9999,-9999,-9999,-9999,-9999,-9999,-9999,-9999,-9999,-9999,-9999,-9999,-9999,-9999,-9999,-9999,-9999,-9999,-9999,-9999,-9999,-9999,-9999,-9999,-9999,-9999,-9999,-9999,-9999,-9999,-9999,-9999,-9999,-9999,-9999,-9999,-9999,-9999,-9999,-9999,-9999,-9999,-9999,-9999,-9999,-9999,-9999,-9999,-9999,-9999,-9999,-9999,-9999,-9999,-9999,-9999,-9999,-9999,-9999,-9999,-9999,-9999,-9999,-9999,-9999,-9999,-9999,-9999,-9999,-9999,-9999,-9999,-9999,-9999,-9999,-9999,-9999,-9999,-9999,-9999,-9999,-9999,-9999,-9999,-9999,-9999,-9999,-9999,-9999,-9999,-9999,-9999,-9999,-9999,-9999,-9999,-9999,-9999,-9999,-9999,-9999,-9999,-9999,1.98761654246482E-06,1.98011480279092E-06,1.96951305042603E-06,1.95501775124285E-06,8.03962848294759E-06,1.12363932203152E-05,1.89544039130851E-06,1.86842180482927E-06,1.84177690698561E-06,3.46687011187896E-06,1.09367720142473E-05,4.74286352982745E-05,9.75484144873917E-05,0.000106856467027683,2.44461862166645E-05,1.75330035290244E-06,1.74769854766055E-06,1.74433830579801E-06,-9999,-9999,-9999
-9999,-9999,-9999,-9999,-9999,-9999,-9999,-9999,-9999,-9999,-9999,-9999,-9999,-9999,-9999,-9999,-9999,-9999,-9999,-9999,-9999,-9999,-9999,-9999,-9999,-9999,-9999,-9999,-9999,-9999,-9999,-9999,-9999,-9999,-9999,-9999,-9999,-9999,-9999,-9999,-9999,-9999,-9999,-9999,-9999,-9999,-9999,-9999,-9999,-9999,-9999,-9999,-9999,-9999,-9999,-9999,-9999,-9999,-9999,-9999,-9999,-9999,-9999,-9999,-9999,-9999,-9999,-9999,-9999,-9999,-9999,-9999,-9999,-9999,-9999,-9999,-9999,-9999,-9999,-9999,-9999,-9999,-9999,-9999,-9999,-9999,-9999,-9999,-9999,-9999,-9999,-9999,-9999,-9999,-9999,-9999,-9999,-9999,-9999,-9999,-9999,-9999,-9999,-9999,-9999,-9999,-9999,-9999,-9999,-9999,-9999,-9999,-9999,-9999,-9999,-9999,-9999,-9999,-9999,-9999,-9999,-9999,-9999,-9999,-9999,-9999,-9999,-9999,-9999,-9999,-9999
-9999,-9999,-9999,-9999,-9999,-9999,-9999,-9999,-9999,-9999,-9999,-9999,-9999,-9999,-9999,-9999,-9999,-9999,-9999,-9999,-9999,-9999,-9999,-9999,-9999,-9999,-9999,-9999,-9999,-9999,-9999,-9999,-9999,-9999,-9999,-9999,-9999,-9999,-9999,-9999,-9999,-9999,-9999,-9999,-9999,-9999,-9999,-9999,-9999,-9999,-9999,-9999,-9999,-9999,-9999,-9999,-9999,-9999,-9999,-9999,-9999,-9999,-9999,-9999,-9999,-9999,-9999,-9999,-9999,-9999,-9999,-9999,-9999,-9999,-9999,-9999,-9999,-9999,-9999,-9999,-9999,-9999,-9999,-9999,-9999,-9999,-9999,-9999,-9999,-9999,-9999,-9999,-9999,-9999,-9999,-9999,-9999,-9999,-9999,-9999,-9999,-9999,-9999,-9999,-9999,-9999,-9999,-9999,-9999,-9999,-9999,-9999,-9999,-9999,-9999,-9999,-9999,-9999,-9999,-9999,-9999,-9999,-9999,-9999,-9999,-9999,-9999,-9999,-9999,-9999,-9999

Step,229
Year,19.08333
-9999,-9999,-9999,-9999,-9999,-9999,-9999,-9999,-9999,-9999,-9999,-9999,-9999,-9999,-9999,-9999,-9999,-9999,-9999,-9999,-9999,-9999,-9999,-9999,-9999,-9999,-9999,-9999,-9999,-9999,-9999,-9999,-9999,-9999,-9999,-9999,-9999,-9999,-9999,-9999,-9999,-9999,-9999,-9999,-9999,-9999,-9999,-9999,-9999,-9999,-9999,-9999,-9999,-9999,-9999,-9999,-9999,-9999,-9999,-9999,-9999,-9999,-9999,-9999,-9999,-9999,-9999,-9999,-9999,-9999,-9999,-9999,-9999,-9999,-9999,-9999,-9999,-9999,-9999,-9999,-9999,-9999,-9999,-9999,-9999,-9999,-9999,-9999,-9999,-9999,-9999,-9999,-9999,-9999,-9999,-9999,-9999,-9999,-9999,-9999,-9999,-9999,-9999,-9999,-9999,-9999,-9999,-9999,-9999,-9999,-9999,-9999,-9999,-9999,-9999,-9999,-9999,-9999,-9999,-9999,-9999,-9999,-9999,-9999,-9999,-9999,-9999,-9999,-9999,-9999,-9999
-9999,-9999,-9999,-9999,-9999,-9999,-9999,-9999,-9999,-9999,-9999,-9999,-9999,-9999,-9999,-9999,-9999,-9999,-9999,-9999,-9999,-9999,-9999,-9999,-9999,-9999,-9999,-9999,-9999,-9999,-9999,-9999,-9999,-9999,-9999,-9999,-9999,-9999,-9999,-9999,-9999,-9999,-9999,-9999,-9999,-9999,-9999,-9999,-9999,-9999,-9999,-9999,-9999,-9999,-9999,-9999,-9999,-9999,-9999,-9999,-9999,-9999,-9999,-9999,-9999,-9999,-9999,-9999,-9999,-9999,-9999,-9999,-9999,-9999,-9999,-9999,-9999,-9999,-9999,-9999,-9999,-9999,-9999,-9999,-9999,-9999,-9999,-9999,-9999,-9999,-9999,-9999,-9999,-9999,-9999,-9999,-9999,-9999,-9999,-9999,-9999,-9999,-9999,-9999,-9999,-9999,-9999,-9999,-9999,-9999,-9999,-9999,-9999,-9999,-9999,-9999,-9999,-9999,-9999,-9999,-9999,-9999,-9999,-9999,-9999,-9999,-9999,-9999,-9999,-9999,-9999
-9999,-9999,-9999,-9999,-9999,-9999,-9999,-9999,-9999,-9999,-9999,-9999,-9999,-9999,-9999,-9999,-9999,-9999,-9999,-9999,-9999,-9999,-9999,-9999,-9999,-9999,-9999,-9999,-9999,-9999,-9999,-9999,-9999,-9999,-9999,-9999,-9999,-9999,-9999,-9999,-9999,-9999,-9999,-9999,-9999,-9999,-9999,-9999,-9999,-9999,-9999,-9999,-9999,-9999,-9999,-9999,-9999,-9999,-9999,-9999,-9999,-9999,-9999,-9999,-9999,-9999,-9999,-9999,-9999,-9999,-9999,-9999,-9999,-9999,2.17877413888345E-06,3.23935546475695E-06,-9999,-9999,-9999,-9999,-9999,-9999,-9999,-9999,-9999,-9999,-9999,-9999,-9999,-9999,-9999,-9999,-9999,-9999,-9999,-9999,-9999,-9999,-9999,-9999,-9999,-9999,-9999,-9999,-9999,-9999,-9999,-9999,-9999,-9999,-9999,-9999,-9999,-9999,-9999,-9999,-9999,-9999,-9999,-9999,-9999,-9999,-9999,-9999,-9999,-9999,-9999,-9999,-9999,-9999,-9999
-9999,-9999,-9999,-9999,-9999,-9999,-9999,-9999,-9999,-9999,-9999,-9999,-9999,-9999,-9999,-9999,-9999,-9999,-9999,-9999,-9999,-9999,-9999,-9999,-9999,-9999,-9999,-9999,-9999,-9999,-9999,-9999,-9999,-9999,-9999,-9999,-9999,-9999,-9999,-9999,-9999,-9999,-9999,-9999,-9999,-9999,-9999,-9999,-9999,-9999,-9999,-9999,-9999,-9999,-9999,-9999,-9999,-9999,-9999,-9999,-9999,-9999,-9999,-9999,-9999,-9999,-9999,-9999,-9999,-9999,-9999,-9999,-9999,-9999,3.1347428830486E-06,4.63460992250475E-06,-9999,-9999,-9999,-9999,-9999,-9999,-9999,-9999,-9999,-9999,-9999,-9999,-9999,-9999,-9999,-9999,-9999,-9999,-9999,-9999,-9999,-9999,-9999,-9999,-9999,-9999,-9999,-9999,-9999,-9999,-9999,-9999,-9999,-9999,-9999,-9999,-9999,-9999,-9999,-9999,-9999,-9999,-9999,-9999,-9999,-9999,-9999,-9999,-9999,-9999,-9999,-9999,-9999,-9999,-9999
-9999,-9999,-9999,-9999,-9999,-9999,-9999,-9999,-9999,-9999,-9999,-9999,-9999,-9999,-9999,-9999,-9999,-9999,-9999,-9999,-9999,-9999,-9999,-9999,-9999,-9999,-9999,-9999,-9999,-9999,-9999,-9999,-9999,-9999,-9999,-9999,-9999,-9999,-9999,-9999,-9999,-9999,-9999,-9999,-9999,-9999,-9999,-9999,-9999,-9999,-9999,-9999,-9999,-9999,-9999,-9999,2.06548804726481E-07,3.00340047942882E-07,4.2984245851585E-07,6.13736233390227E-07,-9999,-9999,-9999,-9999,-9999,4.00135240852251E-06,3.84662007490988E-06,5.42242287338013E-06,5.25479345014901E-06,3.37317487719702E-06,4.80360677101999E-06,2.39174223679584E-05,3.20441395160742E-05,3.17026569973677E-05,4.45909836344072E-06,2.28284898184938E-05,2.9514678317355E-05,-9999,-9999,2.74054382316535E-05,4.24045028921682E-05,3.70678681065328E-05,3.75897980120499E-05,9.65548242675141E-05,0.000128491898067296,0.000117378542199731,0.00011763419752242,7.18599621905014E-05,3.38259706040844E-05,-9999,-9999,-9999,-9999,-9999,-9999,-9999,-9999,-9999,-9999,-9999,-9999,-9999,-9999,-9999,-9999,-9999,-9999,-9999,-9999,-9999,-9999,-9999,-9999,-9999,-9999,-9999,-9999,-9999,-9999,-9999,-9999,-9999,-9999,-9999,-9999,-9999,-9999,-9999,-9999,-9999,-9999
-9999,-9999,-9999,-9999,-9999,-9999,-9999,-9999,-9999,-9999,-9999,-9999,-9999,-9999,-9999,-9999,-9999,-9999,-9999,-9999,-9999,-9999,-9999,-9999,-9999,-9999,-9999,-9999,-9999,-9999,-9999,-9999,-9999,-9999,-9999,-9999,-9999,-9999,-9999,-9999,-9999,-9999,-9999,-9999,-9999,-9999,-9999,-9999,-9999,-9999,-9999,-9999,-9999,-9999,-9999,2.13221696299115E-07,3.12505420652087E-07,4.52779744364307E-07,6.41309213733621E-07,8.85572035258519E-07,1.21003836284217E-06,1.70535270171968E-06,-9999,6.68942084303126E-06,1.79992184712319E-05,5.98593851464102E-06,5.59323780180421E-06,4.13093912356999E-05,4.16477159888018E-05,4.86009048472624E-06,4.68670623376966E-06,5.38817621418275E-05,6.81540550431237E-05,6.03799271630123E-05,5.30266297573689E-05,5.21486035722774E-05,4.02282530558296E-05,4.44269608124159E-05,7.38036324037239E-05,0.000130553118651733,0.000310401432216167,0.000474301283247769,0.000525461335200816,0.000524533563293517,0.00052833475638181,0.00053260155254975,0.000537211890332401,0.000543959788046777,0.000523691298440099,0.000276072678389028,0.00011712106061168,-9999,-9999,-9999,-9999,-9999,-9999,-9999,-9999,-9999,-9999,-9999,-9999,-9999,-9999,-9999,-9999,-9999,-9999,-9999,-9999,-9999,-9999,-9999,-9999,-9999,-9999,-9999,-9999,-9999,-9999,-9999,-9999,-9999,-9999,-9999,-9999,-9999,-9999,-9999,-9999
-9999,-9999,-9999,-9999,-9999,-9999,-9999,-9999,-9999,-9999,-9999,-9999,-9999,-9999,-9999,-9999,-9999,-9999,-9999,-9999,-9999,-9999,-9999,-9999,-9999,-9999,-9999,-9999,-9999,-9999,-9999,-9999,-9999,-9999,-9999,-9999,-9999,-9999,-9999,-9999,-9999,-9999,-9999,-9999,-9999,-9999,-9999,-9999,-9999,-9999,-9999,-9999,-9999,-9999,-9999,3.19727377018353E-07,4.71582922045855E-07,6.89332352976635E-07,9.76851993073069E-07,1.33561718484998E-06,1.77962613179261E-06,2.37110793932516E-06,3.22055757351336E-06,4.47326920038904E-06,6.24051517661428E-06,3.58783363481052E-05,6.20479404460639E-05,0.000155767076648772,0.000250460783718154,0.000358325865818188,0.000407092593377456,0.000362040678737685,0.000444656703621149,0.000494951673317701,0.000396230781916529,0.000388868298614398,0.000364464096492156,0.000389119435567409,0.000523574068211019,0.00053402699995786,0.000540819019079208,0.00054410588927567,0.000546737050171942,0.000547475065104663,0.000548161275219172,0.000549723976291716,0.000552287907339633,0.000554602302145213,0.0005552310612984,0.000552633311599493,0.000542965717613697,0.00045068611507304,0.000107242463855073,-9999,-9999,-9999,-9999,-9999,-9999,-9999,-9999,-9999,3.47190289176069E-05,3.4712425986072E-05,3.47572749888059E-05,-9999,-9999,-9999,-9999,-9999,-9999,-9999,-9999,-9999,-9999,-9999,-9999,-9999,-9999,-9999,-9999,-9999,-9999,-9999,-9999,-9999,-9999,-9999,-9999,-9999,-9999
-9999,-9999,-9999,-9999,-9999,-9999,-9999,-9999,-9999,-9999,-9999,-9999,-9999,-9999,-9999,-9999,-9999,-9999,-9999,-9999,-9999,-9999,-9999,-9999,-9999,-9999,-9999,-9999,-9999,-9999,-9999,1.64402717928169E-05,-9999,-9999,-9999,5.03523042425513E-05,-9999,-9999,-9999,-9999,-9999,-9999,-9999,-9999,-9999,-9999,-9999,-9999,-9999,-9999,-9999,-9999,-9999,-9999,-9999,-9999,-9999,4.6894254523977E-07,6.73668523631932E-07,9.53039545947831E-07,-9999,2.21709774450574E-06,3.13080067826377E-06,4.39474433733267E-06,6.13540441918303E-06,3.61392631020863E-05,6.44043466309085E-05,8.75201731105335E-05,5.38516324013472E-05,0.000293221673928201,0.000600628554821014,0.000627907924354076,0.000620050821453333,0.000610251154284924,0.00058897677809,0.000571620999835432,0.000571277923882008,0.000569556024856865,0.000560792454052716,0.000554580125026405,0.000550506287254393,0.000548827345483005,0.00054409948643297,0.000541516696102917,0.000543723639566451,0.000546327326446772,0.000549819436855614,0.000553986174054444,0.000556855113245547,0.00055761932162568,0.00055849936325103,0.000548130425158888,0.000497432716656476,0.000130069718579762,-9999,-9999,-9999,-9999,-9999,-9999,-9999,-9999,4.69390761281829E-05,7.27057849871926E-05,4.74193075206131E-05,3.40340375259984E-05,3.42880412063096E-05,-9999,-9999,-9999,-9999,-9999,-9999,-9999,-9999,-9999,-9999,-9999,-9999,-9999,-9999,-9999,-9999,-9999,-9999,-9999,-9999,-9999,-9999,-9999,-9999
-9999,-9999,-9999,-9999,-9999,-9999,-9999,-9999,-9999,-9999,-9999,-9999,-9999,-9999,-9999,-9999,-9999,-9999,-9999,-9999,-9999,-9999,-9999,-9999,-9999,-9999,-9999,-9999,-9999,-9999,1.17397403300856E-05,2.24400610022712E-05,-9999,-9999,2.37218828260666E-05,4.02755213144701E-05,-9999,-9999,4.55729350505862E-05,8.01905771368183E-05,-9999,-9999,-9999,-9999,-9999,7.88779652793892E-06,-9999,-9999,-9999,-9999,-9999,-9999,-9999,-9999,-9999,-9999,-9999,-9999,-9999,-9999,-9999,3.18138199872919E-06,4.49781146016903E-06,6.38792289464618E-06,6.08060872764327E-06,3.4946140658576E-05,3.83178230549674E-05,3.65253836207557E-05,3.4264365240233E-05,0.000198901354451664,0.000606897519901395,0.000639151432551444,0.00063236296409741,0.00062060821801424,0.000606648973189294,0.000593384436797351,0.000582327018491924,0.000572376593481749,0.000564327056054026,0.000557270192075521,0.000550984870642424,0.000544796697795391,0.000537455664016306,0.000537126674316823,0.000538757594767958,0.000543583941180259,0.000547698989976197,0.000552494660951197,0.000557091261725873,0.000559874169994146,0.000561755092348903,0.000561287102755159,0.00055283767869696,0.000466881756437942,0.00013118346396368,-9999,-9999,-9999,-9999,-9999,5.45679286005907E-05,5.51119155716151E-05,0.000105049737612717,0.000155673929839395,0.0001182132109534,7.95867890701629E-05,5.24600582139101E-05,3.39002654072829E-05,-9999,-9999,-9999,-9999,-9999,-9999,-9999,-9999,-9999,-9999,-9999,-9999,-9999,-9999,-9999,-9999,-9999,-9999,-9999,-9999,-9999,-9999,-9999
-9999,-9999,-9999,-9999,-9999,-9999,-9999,-9999,-9999,-9999,-9999,-9999,-9999,-9999,-9999,-9999,-9999,-9999,-9999,-9999,-9999,-9999,-9999,2.74337144219317E-05,3.51167582266498E-05,-9999,-9999,-9999,-9999,2.89313647954259E-05,2.72396027867217E-05,1.08597123471554E-05,5.42937923455611E-05,5.7409502005612E-06,4.84041665913537E-05,8.49576899781823E-05,0.00015239256026689,6.63082173559815E-05,3.9934766391525E-05,-9999,4.07885090680793E-05,4.27450140705332E-05,-9999,-9999,8.36474646348506E-05,1.09259653982008E-05,6.46756416244898E-06,3.97621715819696E-06,-9999,-9999,-9999,-9999,-9999,-9999,-9999,-9999,-9999,1.60708750627236E-05,1.01442619779846E-05,-9999,-9999,-9999,6.39810787106398E-06,4.2191368265776E-05,4.0487437217962E-05,4.00224853365216E-05,3.83342085115146E-05,3.5938875953434E-05,4.67473328171764E-05,0.000286989466985688,0.000608050846494734,0.000638297060504556,0.000630117836408317,0.000618934165686369,0.000605489651206881,0.000592418538872153,0.000581109139602631,0.000570667092688382,0.000562246248591691,0.000555144855752587,0.000546725292224437,0.000520174857228994,0.00052511173998937,0.000532633508555591,0.000535833940375596,0.000539015978574753,0.000544709386304021,0.000550800585187972,0.000556227227207273,0.000559426145628095,0.000561459804885089,0.00056238187244162,0.000559626612812281,0.000535580795258284,0.000156850001076236,2.76679438684369E-05,4.01239367420203E-06,2.7677508569468E-06,4.22659195464803E-06,0.000131839318783022,0.000260833941865712,0.000339032005285844,0.000380024284822866,0.000325928122038022,0.000309334835037589,0.00023577397223562,0.000142583012348041,4.6626777475467E-05,3.39974903909024E-05,3.45045045833103E-05,-9999,-9999,-9999,-9999,-9999,-9999,-9999,-9999,-9999,-9999,-9999,-9999,-9999,-9999,-9999,-9999,-9999,-9999,-9999,-9999,-9999
-9999,-9999,-9999,-9999,-9999,-9999,-9999,-9999,-9999,-9999,-9999,-9999,-9999,-9999,-9999,-9999,-9999,-9999,-9999,-9999,-9999,-9999,4.11321307183243E-05,4.84459415019955E-05,3.28158821503166E-05,3.29478389176074E-05,3.62521423085127E-05,4.17904848291073E-05,7.848278619349E-05,0.000117882293125149,8.85220360942185E-05,0.000208603130886331,0.000286615308141336,0.000308620859868824,0.000354376999894157,0.000306590052787215,0.000304077722830698,0.000276975159067661,0.000159669871209189,0.000122013785585295,3.95517927245237E-05,2.44603070314042E-05,2.06284457817674E-05,2.82869041257072E-05,8.3200848166598E-06,5.76005277252989E-06,5.47908257431118E-06,5.15661486133467E-06,3.27207794725837E-06,-9999,-9999,-9999,-9999,-9999,-9999,-9999,-9999,6.64769831928425E-05,5.95248748140875E-05,5.46687879250385E-05,-9999,-9999,4.13107991334982E-05,4.19557691202499E-05,4.15345239161979E-05,3.99853597627953E-05,3.75083400285803E-05,4.33577406511176E-05,0.00014116034435574,0.000400309567339718,0.000613050884567201,0.000636463752016425,0.000626272347290069,0.000615048746112734,0.000601867388468236,0.000588611175771803,0.000577009050175548,0.000567055423744023,0.000558375264517963,0.000551793607883155,0.000517950276844203,0.000269313692115247,0.000318732229061425,0.000442621763795614,0.000513149716425687,0.000535251165274531,0.00054149713832885,0.000548155454453081,0.000553781574126333,0.000556954240892082,0.000560658751055598,0.000563264125958085,0.000559871026780456,0.000523898925166577,0.000251501798629761,0.000203257674002089,1.65114342962625E-05,4.10028314945521E-06,0.000200079317437485,0.000465770019218326,0.000520052330102772,0.000553800258785486,0.000548635318409652,0.000532500213012099,0.000512704369612038,0.000422201585024595,0.000271192024229094,0.000141513286507688,5.18210727022961E-05,3.38892277795821E-05,-9999,-9999,-9999,-9999,-9999,-9999,-9999,-9999,-9999,-9999,-9999,-9999,-9999,-9999,-9999,-9999,-9999,-9999,-9999,-9999,-9999
-9999,-9999,-9999,-9999,-9999,-9999,-9999,-9999,-9999,-9999,-9999,-9999,-9999,-9999,-9999,-9999,-9999,-9999,-9999,-9999,-9999,-9999,4.09333588322625E-05,4.88073128508404E-05,4.11916262237355E-05,4.24529862357304E-05,0.000156699388753623,0.000311642419546843,0.000411352782975882,0.00036153246765025,0.000360311241820455,0.0002895251091104,0.0003110904362984,0.000356483506038785,0.000331372983055189,0.000376708834664896,0.000445795769337565,0.000443116179667413,0.00046229621511884,0.000410604086937383,0.000287806295091286,0.000185731842066161,7.65670993132517E-05,2.9141203413019E-05,1.44277182698715E-05,6.52833750791615E-06,6.54522227705456E-06,6.46383887215052E-06,4.28639577876311E-06,4.20060996475513E-06,4.19302932641585E-06,-9999,-9999,-9999,-9999,-9999,-9999,-9999,5.30764300492592E-05,4.75876295240596E-05,4.3279018427711E-05,3.96099494537339E-05,4.07183651986998E-05,4.11024884670042E-05,4.08628002332989E-05,3.89702763641253E-05,4.52442545793019E-05,0.000144222241942771,0.000387124338885769,0.000611538416706026,0.000641691556666046,0.000631389149930328,0.000620048027485609,0.00060884648701176,0.000595952908042818,0.000582844775635749,0.000572060176637024,0.000563197885639966,0.000555354403331876,0.000495740794576705,6.78824926581001E-06,3.70314955944195E-06,3.69551753465203E-06,3.69177041648072E-06,4.26365731982514E-05,0.000352090399246663,0.000525805226061493,0.000544106005690992,0.000550213269889355,0.000555313774384558,0.00056003499776125,0.000563586130738258,0.000561733788345009,0.000519316818099469,0.00053106457926333,0.000551650125999004,0.000488281599245965,0.000263392692431808,0.000535256403964013,0.000591393036302179,0.000601984094828367,0.000596969155594707,0.000582514679990709,0.000574103149119765,0.000562212138902396,0.000510883575771004,0.000382542319130152,0.000250427634455264,7.76031956775114E-05,3.27887319144793E-05,1.68795195349958E-05,-9999,-9999,-9999,-9999,-9999,-9999,-9999,-9999,-9999,-9999,-9999,-9999,-9999,-9999,-9999,-9999,-9999,-9999,-9999,-9999
-9999,-9999,-9999,-9999,-9999,-9999,-9999,-9999,-9999,-9999,-9999,-9999,-9999,-9999,-9999,-9999,-9999,-9999,-9999,-9999,-9999,-9999,3.99299133277964E-05,4.98115259688348E-05,7.81495255068876E-05,0.000357620156137273,0.000462752243038267,0.000510790559928864,0.000485361262690276,0.000385097722755745,0.000383011240046471,0.000429219071520492,0.000451218365924433,0.000472720857942477,0.000537588493898511,0.00053482479415834,0.000552562938537449,0.000569176976568997,0.000602421467192471,0.000563076057005674,0.000498711946420372,0.000311792304273695,0.000164672906976193,9.52275149757043E-05,8.22469082777388E-05,9.22273102332838E-05,8.09598786872812E-05,5.58721367269754E-05,5.68396262679016E-06,5.81040967517765E-06,5.86723217566032E-06,-9999,-9999,-9999,-9999,4.179352617939E-05,4.26002916356083E-05,4.40535914094653E-05,4.53942666354124E-05,4.18699564761482E-05,4.70278719149064E-05,3.66477433999535E-05,3.15032375510782E-05,1.96402961591957E-05,5.48363314010203E-05,0.000180306640686467,8.47200426505879E-05,0.000468175858259201,0.000656548712868243,0.000647510751150548,0.000635934469755739,0.000624545325990766,0.000613168755080551,0.000601869425736368,0.000588160415645689,0.000576696067582816,0.000569015857763588,0.000532770587597042,3.77195738110458E-06,3.75161835108884E-06,3.74173191630689E-06,2.50154857894813E-06,2.49816980613105E-06,2.49704544330598E-06,3.72463614439766E-06,1.38803234221996E-05,0.000182326417416334,0.000480552262160927,0.000543145288247615,0.000552817422430962,0.00055846048053354,0.000562500965315849,0.000566768692806363,0.000571603886783123,0.000576727034058422,0.000581736385356635,0.000579469429794699,0.000583685177844018,0.00059849681565538,0.000610838120337576,0.00061513006221503,0.00061093142721802,0.000604064320214093,0.000597597449086607,0.000572577933780849,0.00055005110334605,0.000464124081190675,0.000360912265023217,0.000165442848810926,6.14596137893386E-05,7.34226841814234E-06,4.73076079288148E-06,-9999,-9999,-9999,-9999,-9999,-9999,-9999,-9999,-9999,-9999,-9999,-9999,-9999,-9999,-9999,-9999,-9999,-9999,-9999
-9999,-9999,-9999,-9999,-9999,-9999,-9999,-9999,-9999,-9999,-9999,-9999,-9999,-9999,-9999,-9999,-9999,-9999,-9999,-9999,-9999,3.63890139851719E-05,4.30540749221109E-05,0.000167314152349718,0.000457572983577847,0.000597053964156657,0.000596673577092588,0.000553019519429654,0.000481274211779237,0.000567269045859575,0.000563618377782404,0.000580538529902697,0.000578101957216859,0.000575769925490022,0.000609796028584242,0.000638819998130202,0.000649813679046929,0.000645982450805604,0.000667207175865769,0.000662823906168342,0.000646601722110063,0.000529878831002861,0.000206203258130699,0.0001290309446631,0.000158724724315107,0.000144174817251042,0.000129730455228128,0.00013109874271322,0.000130040454678237,9.35110001591966E-05,6.01319443376269E-05,4.05239406973124E-05,4.08287669415586E-05,4.16379116359167E-05,4.24702266172972E-05,3.92363835999276E-05,4.44368961325381E-05,3.96427021769341E-05,4.01038450945634E-05,4.55316003353801E-05,0.000185711600352079,0.000394103612052277,0.000191545201232657,5.37691812496632E-06,5.31209207110805E-06,5.11462894792203E-06,1.99478818103671E-05,0.000182068004505709,0.000653453986160457,0.000642326776869595,0.000631465227343142,0.000616314122453332,0.000604167755227536,0.000519208959303796,2.19906123675173E-05,3.92527635995066E-06,3.86346800951287E-06,3.82471216653357E-06,2.54103701990971E-06,2.52832501246303E-06,2.52151062340999E-06,1.68809776823764E-06,1.68788437804324E-06,1.69015788742399E-06,2.52384870691458E-06,3.76342245544947E-06,2.43438262259588E-05,0.000160299823619425,0.000440842821262777,0.000538291875272989,0.000554258935153484,0.000559450709261,0.000563575129490346,0.00056836596922949,0.00057511474005878,0.000581553671509027,0.000587230490054935,0.000593169592320919,0.000600799568928778,0.000607516965828836,0.000609507726039737,0.000610084971413016,0.000609027687460184,0.000607384252361953,0.000597908277995884,0.00056740187574178,0.000534226826857775,0.000409830448916182,0.00024376783403568,0.000135818831040524,3.74494775314815E-05,4.63696733277175E-06,4.7904309212754E-06,9.22257731872378E-06,-9999,-9999,-9999,-9999,-9999,-9999,-9999,-9999,-9999,-9999,-9999,-9999,-9999,-9999,-9999,-9999,-9999
-9999,-9999,-9999,-9999,-9999,-9999,-9999,-9999,-9999,-9999,-9999,-9999,-9999,-9999,-9999,-9999,-9999,-9999,-9999,-9999,-9999,7.19759045750834E-05,0.00040448535582982,0.00059300079010427,0.000665507628582418,0.000631618546321988,0.000592607539147139,0.000569667434319854,0.000605201290454715,0.000651423179078847,0.000687335792463273,0.000683379359543324,0.000702666351571679,0.000718174153007567,0.000706463761162013,0.000732953369151801,0.000728836050257087,0.000717632006853819,0.000724083336535841,0.000723195902537555,0.000707301078364253,0.00069005973637104,0.000650706700980663,0.000584906316362321,0.00051618495490402,0.000413031200878322,0.000261970446445048,0.000143046694574878,0.000157356116687879,0.000129494059365243,9.54675197135657E-05,6.26381151960231E-05,5.63096036785282E-05,4.5346278056968E-05,4.53247776022181E-05,6.95966882631183E-05,6.20782520854846E-05,6.12172370892949E-05,9.41907928790897E-05,0.000412580935517326,0.000680360768456012,0.00074283720459789,0.000723220582585782,0.000228593547944911,5.06257993038162E-06,4.93582638227963E-06,4.7426715354959E-06,0.000662812439259142,0.000651280861347914,0.000640226062387228,0.000455237430287525,4.21805452788249E-06,4.15343765780563E-06,4.11749715567566E-06,-9999,-9999,-9999,-9999,-9999,-9999,-9999,1.13690771286201E-06,1.13762303044496E-06,1.70258863363415E-06,2.54310748459829E-06,3.79422203877766E-06,8.60203363117762E-06,5.25225404999219E-05,0.000210873098694719,0.000452010688604787,0.00054278748575598,0.00055479712318629,0.000558876839932054,0.000565795402508229,0.000572169024962932,0.000577998871449381,0.000583707937039435,0.000590500829275697,0.000596360652707517,0.000600652711000293,0.000602369604166597,0.000603027699980885,0.000605256063863635,0.000609590148087591,0.000605990178883076,0.000589164556004107,0.000551034812815487,0.000478525820653886,0.000366838503396139,0.000221768685150892,0.000121228986245114,3.9240752812475E-05,2.66832630586578E-05,2.16681764868554E-05,2.90801399387419E-05,-9999,-9999,-9999,-9999,-9999,-9999,-9999,-9999,-9999,-9999,-9999,-9999,-9999,-9999,-9999,-9999
-9999,-9999,-9999,-9999,-9999,-9999,-9999,-9999,-9999,-9999,-9999,-9999,-9999,-9999,-9999,-9999,-9999,-9999,-9999,3.76260832126718E-05,0.000101969169918448,0.000566727248951793,0.000676478492096066,0.000676871393807232,0.000661580648738891,0.000689344422426075,0.000673073693178594,0.000669137865770608,0.000712417881004512,0.000715898931957781,0.000726136204320937,0.000735052803065628,0.000726520025637001,0.000716777401976287,0.000732784508727491,0.000739351205993444,0.0007353441324085,0.00072552973870188,0.000727909849956632,0.00073080399306491,0.000729832099750638,0.000723440898582339,0.000720485870260745,0.000706102815456688,0.000691199325956404,0.000656382762826979,0.000614226912148297,0.000572484801523387,0.000446011137682945,0.00029621270368807,0.000126367449411191,0.000126357888802886,0.000138955074362457,0.000152149106725119,0.000198680456378497,0.000294803554425016,0.000445004348875955,0.00048701194464229,0.000603813678026199,0.0007183330017142,0.000742595468182117,0.000742228992749006,0.000737707538064569,0.000737082678824663,1.81047944352031E-05,0.000691450259182602,0.00069588707992807,0.000670685898512602,0.000516784202773124,1.11916160676628E-05,4.37444759882055E-06,-9999,-9999,-9999,-9999,-9999,-9999,-9999,-9999,-9999,-9999,-9999,-9999,1.1478391570563E-06,1.71447163666016E-06,2.5627441573306E-06,3.82215694116894E-06,2.63374840869801E-05,0.000107017665868625,0.000300921936286613,0.000494619715027511,0.000548143638297915,0.000556379498448223,0.000559860374778509,0.000564664776902646,0.000570206728298217,0.000576016551349312,0.000582031381782144,0.000587043352425098,0.000590298790484667,0.000592181808315217,0.000592929602134973,0.000593152712099254,0.000596303085330874,0.000598064856603742,0.000589952454902232,0.000573101337067783,0.000546335591934621,0.000492086401209235,0.000340798520483077,0.000185939876246266,0.000132753018988296,8.37203624541871E-05,3.28061796608381E-05,3.18800484819803E-05,-9999,-9999,-9999,-9999,-9999,-9999,-9999,-9999,-9999,-9999,-9999,-9999,-9999,-9999,-9999,-9999
-9999,-9999,-9999,-9999,-9999,-9999,-9999,-9999,-9999,-9999,-9999,-9999,-9999,-9999,-9999,-9999,-9999,-9999,0.000112016379716806,0.000282233901089057,0.000640571059193462,0.000723082222975791,0.000723117031157017,0.00074065470835194,0.000747081823647022,0.000736686342861503,0.000771430262830108,0.000781200942583382,0.000771554070524871,0.000760335824452341,0.000749149243347347,0.000735095120035112,0.00072189379716292,0.000738409871701151,0.000735190813429654,0.000745240016840398,0.000741725962143391,0.000743092328775674,0.000736365152988583,0.0007335637928918,0.000730950618162751,0.000727569335140288,0.000725631194654852,0.000723521632608026,0.000719415198545903,0.000709722109604627,0.000698209973052144,0.000676040246617049,0.000640365527942777,0.00055894220713526,0.000351506605511531,0.000195453918422572,0.00024987175129354,0.000455527624581009,0.00054540199926123,0.000590156472753733,0.00059280131245032,0.000647295673843473,0.000715200963895768,0.000731015694327652,0.000731244625058025,0.000725495046935976,0.000720055541023612,0.000715017784386873,0.000704591162502766,0.000694044923875481,0.000655056850519031,9.83688732958399E-06,-9999,-9999,-9999,-9999,-9999,-9999,-9999,-9999,-9999,-9999,-9999,-9999,-9999,-9999,-9999,-9999,-9999,2.57462488661986E-06,3.84159420718788E-06,1.15298134915065E-05,5.31191799382214E-05,0.000178914589923806,0.000393051479477435,0.000530348042957485,0.000551177305169404,0.000555723498109728,0.000557855935767293,0.000560676504392177,0.000565243535675108,0.000570588919799775,0.000574683421291411,0.000577126746065915,0.000577735598199069,0.000578168081119657,0.000579675775952637,0.000581377476919442,0.000584439374506474,0.000581115891691297,0.000565234338864684,0.000544127833563834,0.000517209118697792,0.000455772533314303,0.00029845954850316,0.000183956464752555,7.36500296625309E-05,3.59752993972506E-05,3.20061772072222E-05,-9999,-9999,-9999,-9999,-9999,-9999,-9999,-9999,-9999,-9999,-9999,-9999,-9999,-9999,-9999,-9999
-9999,-9999,-9999,-9999,-9999,-9999,-9999,-9999,-9999,-9999,-9999,-9999,5.69909525438561E-06,1.68259957717964E-05,-9999,3.85654275305569E-05,8.13756050774828E-05,0.000304756802506745,0.000563921174034476,0.000685003935359418,0.000768005265854299,0.000789542275015265,0.000798382621724159,0.000797681044787169,0.000792531063780189,0.000794110295828432,0.000792453938629478,0.000785463256761432,0.000781815440859646,0.000772751751355827,0.000762370822485536,0.000755483284592628,0.000753127329517156,0.000752117193769664,0.000749836035538465,0.000749241968151182,0.000746148056350648,0.000742746167816222,0.000737444555852562,0.000731394975446165,0.000725572637747973,0.000719979521818459,0.000716905109584332,0.000715699512511492,0.000714536290615797,0.000712237437255681,0.000708812614902854,0.000703198078554124,0.000694669724907726,0.000676850613672286,0.000630370923317969,0.000530655204784125,0.000465159566374496,0.000503708724863827,0.000539198343176395,0.000583732558880001,0.000629227957688272,0.000699987052939832,0.00071828142972663,0.000712534005288035,0.000713081331923604,0.000711764674633741,0.000708181993104517,0.000703282479662448,0.00069688557414338,0.000694328569807112,7.72776729718316E-06,-9999,-9999,-9999,-9999,-9999,-9999,-9999,-9999,-9999,-9999,-9999,-9999,-9999,-9999,-9999,-9999,-9999,-9999,-9999,2.58353429671843E-06,3.85067005481687E-06,1.88907979463693E-05,8.45305912662297E-05,0.000256926956353709,0.000467418867629021,0.000541436485946178,0.000550763215869665,0.000553693505935371,0.000552453042473644,0.00055440841242671,0.000558146100956947,0.000560779182706028,0.000562378438189626,0.000562301429454237,0.000560961139854044,0.000561672146432102,0.000565461290534586,0.000568336574360728,0.000567920389585197,0.000560535932891071,0.000545476796105504,0.000528436503373086,0.00048725339001976,0.000359094556188211,0.000193872401723638,7.90600533946417E-05,3.89154702133965E-05,3.10254254145548E-05,-9999,-9999,-9999,-9999,-9999,-9999,-9999,-9999,-9999,-9999,-9999,-9999,-9999,-9999,-9999,-9999
-9999,-9999,-9999,-9999,-9999,-9999,-9999,-9999,-9999,-9999,5.59809404876432E-06,5.5750733736204E-06,5.56568238607724E-06,6.18401827523485E-05,0.00015003421867732,0.000395925948396325,0.000600660918280482,0.000696339120622724,0.000760789960622787,0.000794313731603324,0.000806572788860649,0.000808022043202072,0.000806462019681931,0.000803639588411897,0.000800067326053977,0.000794469262473285,0.000789072539191693,0.000782776041887701,0.000775536231230944,0.000767411082051694,0.000759377260692418,0.000751654792111367,0.000745921628549695,0.000742547505069524,0.000739664305001497,0.000738189904950559,0.000735836860258132,0.000731701729819179,0.0007261784048751,0.000720169395208359,0.000714011315722018,0.000707643339410424,0.000703091907780617,0.000701279961504042,0.000700152188073844,0.000698407064191997,0.000696257455274463,0.00069366570096463,0.000690539134666324,0.000687540217768401,0.000684101367369294,0.00067941885208711,0.0006759874522686,0.000675170682370663,0.000680151220876724,0.000695521361194551,0.000704018748365343,0.000707763712853193,0.000708109000697732,0.000702461809851229,0.000178818227141164,4.77759067507577E-06,4.79409027320798E-06,1.29090331029147E-05,0.000315264653181657,3.57668541255407E-05,-9999,-9999,-9999,-9999,-9999,-9999,-9999,-9999,-9999,-9999,-9999,-9999,-9999,-9999,-9999,-9999,-9999,-9999,-9999,-9999,-9999,2.58551199294743E-06,3.8487069105031E-06,1.96683504327666E-05,0.000101187571999617,0.000302667787764221,0.000499491463415325,0.000544180977158248,0.000546843162737787,0.000546696363016963,0.000544321141205728,0.000545118702575564,0.000545985356438905,0.00054742454085499,0.000546726631000638,0.000545313232578337,0.000543993024621159,0.00054782722145319,0.000551618868485093,0.000552500190678984,0.000548660405911505,0.00054104917217046,0.000522075220942497,0.000482129224110395,0.000394119153497741,0.00025140808429569,9.3312279204838E-05,4.19248681282625E-05,2.99812090815976E-05,-9999,-9999,-9999,-9999,-9999,-9999,-9999,-9999,-9999,-9999,-9999,-9999,-9999,-9999,-9999,-9999
-9999,-9999,-9999,-9999,-9999,-9999,-9999,-9999,3.826350075542E-05,3.8141730328789E-05,8.96313576959074E-06,1.49228053487604E-05,0.000108394982817117,0.000486972654471174,0.000661907077301294,0.000723438162822276,0.000768488738685846,0.000792518490925431,0.000800311914645135,0.000806308176834136,0.000807354866992682,0.00080536917084828,0.000802560651209205,0.000797690125182271,0.000792044796980917,0.000785297190304846,0.000777424138505012,0.000769096193835139,0.000761025177780539,0.000752685940824449,0.000744508928619325,0.000736733549274504,0.000730501138605177,0.000727814680431038,0.00072490400634706,0.000722840486560017,0.000719365663826466,0.000714892870746553,0.000709265703335404,0.000702354591339827,0.000695027527399361,0.000688127824105322,0.000683805148582906,0.000682341400533915,0.000680925324559212,0.000678892363794148,0.00067660363856703,0.000674247392453253,0.000671763904392719,0.000670101493597031,0.000669814296998084,0.00067200226476416,0.000676138501148671,0.000681311765220016,0.000687320251017809,0.000691968540195376,0.000694890099111944,0.000697175622917712,0.000697342620696872,0.000693413254339248,0.000674249662552029,4.71819066660828E-06,-9999,-9999,-9999,-9999,-9999,-9999,-9999,-9999,-9999,-9999,-9999,-9999,-9999,-9999,-9999,-9999,-9999,-9999,-9999,-9999,-9999,-9999,-9999,-9999,-9999,-9999,2.58122372542857E-06,3.8392959140765E-06,6.8306439970911E-06,5.49117030459456E-05,0.000249867618549615,0.000482244213344529,0.000536394247319549,0.000540320063009858,0.000537416432052851,0.000533757556695491,0.000531597761437297,0.000532478094100952,0.000532176403794438,0.000531658530235291,0.000530816789250821,0.000531171273905784,0.000534811872057617,0.000536545994691551,0.000535287021193653,0.000530523015186191,0.000516731524839997,0.000488030316773802,0.000419407850131392,0.000275431608315557,9.91642300505191E-05,4.04499514843337E-05,2.89637446257984E-05,-9999,-9999,-9999,-9999,-9999,-9999,-9999,-9999,-9999,-9999,-9999,-9999,-9999,-9999,-9999,-9999
-9999,-9999,-9999,-9999,-9999,-9999,-9999,-9999,3.74435330741107E-05,4.24941354140174E-05,4.6488279622281E-05,0.000178750371560454,0.000652267946861684,0.000745549041312188,0.000765266304370016,0.000782808172516525,0.000797308806795627,0.00080410239752382,0.00080607965355739,0.000804650189820677,0.000801597314421088,0.000797945482190698,0.000792749575339258,0.000786445860285312,0.000779362744651735,0.00077140866778791,0.000761837931349874,0.000751506478991359,0.000743529119063169,0.000736595480702817,0.00072937790537253,0.000722125463653356,0.000716348120477051,0.000712384702637792,0.000709856161847711,0.000707190774846822,0.000703581492416561,0.000698508461937308,0.00069215294206515,0.000684417260345072,0.000676607131026685,0.000669374829158187,0.000664354360196739,0.000661883503198624,0.000659377430565655,0.000656860298477113,0.00065459415782243,0.00065307505428791,0.000651337672024965,0.000650265195872635,0.000650380738079548,0.000653771858196706,0.000659455952700227,0.000666338310111314,0.000673275208100677,0.000678492884617299,0.00068172492319718,0.000682650308590382,0.000683055492118001,0.000683360616676509,0.000653239316307008,4.69392944069114E-06,-9999,-9999,-9999,-9999,-9999,-9999,-9999,-9999,-9999,-9999,-9999,-9999,-9999,-9999,-9999,-9999,-9999,-9999,-9999,-9999,-9999,-9999,-9999,-9999,-9999,-9999,-9999,-9999,3.8237749322434E-06,3.81247741643165E-06,7.71595023252303E-06,7.70093392929994E-05,0.000376674492144957,0.000520758097991347,0.000529107637703419,0.0005250193644315,0.000520474161021411,0.000518426822964102,0.000518101674970239,0.000517165171913803,0.000517091364599764,0.000517356093041599,0.000519172928761691,0.000521161244250834,0.000520137196872383,0.000518653367180377,0.000509346136823297,0.000490835926029831,0.000444565725047141,0.000281269894912839,0.000104705337435007,3.47155364579521E-05,2.87829752778634E-05,-9999,-9999,-9999,-9999,-9999,-9999,-9999,-9999,-9999,-9999,-9999,-9999,-9999,-9999,-9999,-9999
-9999,-9999,-9999,-9999,-9999,-9999,3.91017383662984E-05,3.84846680390183E-05,3.82006764994003E-05,0.000107694082544185,0.000501249684020877,0.000695589988026768,0.000765217468142509,0.000781168229877949,0.00079343857942149,0.000799458473920822,0.000802757975179702,0.000803061353508383,0.000801240326836705,0.000797009095549583,0.000790955848060548,0.00078495783964172,0.000779152964241803,0.000771830615121871,0.000763031595852226,0.000755616929382086,0.000745967379771173,0.000736551999580115,0.000728340004570782,0.000720469979569316,0.000712047156412154,0.000705910846590996,0.000701434735674411,0.000697386218234897,0.000694069545716047,0.000690927263349295,0.00068717310205102,0.000682893500197679,0.000676782510709018,0.000669205270241946,0.000660800840705633,0.000654299627058208,0.000648463086690754,0.000644580228254199,0.000641342834569514,0.000638923258520663,0.000636732205748558,0.00063438288634643,0.000634033349342644,0.000633368093986064,0.000634065829217434,0.000637696881312877,0.000643093604594469,0.000650377653073519,0.000656219606753439,0.000662217498756945,0.000667566899210215,0.000669146655127406,0.000666051462758332,0.000320617982652038,4.65023458673386E-06,-9999,-9999,-9999,-9999,-9999,-9999,-9999,-9999,-9999,-9999,-9999,-9999,-9999,-9999,-9999,-9999,-9999,-9999,-9999,-9999,-9999,-9999,-9999,-9999,-9999,-9999,-9999,-9999,-9999,-9999,-9999,-9999,3.73135412701231E-06,1.04031732917065E-05,0.000173481705132872,0.000470819068141282,0.000514718005433679,0.000511610298417509,0.000506746349856257,0.000503687595482916,0.000503455579746515,0.000503113493323326,0.000504171999637038,0.000505092088133097,0.000506096344906837,0.000505248259287328,0.000503126007970423,0.000497233879286796,0.000486069999169558,0.000443725031800568,0.000315300712827593,0.000143695680890232,2.91209235001588E-05,-9999,-9999,-9999,-9999,-9999,-9999,-9999,-9999,-9999,-9999,-9999,-9999,-9999,-9999,-9999,-9999,-9999
-9999,-9999,-9999,-9999,-9999,-9999,3.87881300412118E-05,4.81999450130388E-05,0.000179515380295925,0.000602107204031199,0.000735877547413111,0.000773569277953357,0.000785191368777305,0.000789436104241759,0.00079221575288102,0.000794184976257384,0.000796349078882486,0.000796690990682691,0.00079403561539948,0.000787778990343213,0.000779123918619007,0.0007720478461124,0.000766288489103317,0.000758516369387507,0.000749385566450655,0.000741638825275004,0.00073209370020777,0.000722198747098446,0.000713929359335452,0.00070546567440033,0.000695329043082893,0.000689390581101179,0.000683326448779553,0.000678095268085599,0.000671585963573307,0.000668103108182549,0.000666648382321,0.00066496548242867,0.000660512538161129,0.000654965755529702,0.000645178544800729,0.000640404061414301,0.000634313793852925,0.00063050165772438,0.000628182548098266,0.000627757050096989,0.000625550979748368,0.000626065244432539,0.000625090731773525,0.000626846100203693,0.000627126544713974,0.000631844450253993,0.000638218829408288,0.000524822331499308,0.000609902606811374,0.000524152477737516,1.44464029290248E-05,4.55227063866914E-06,4.57803525932832E-06,-9999,-9999,-9999,-9999,-9999,-9999,-9999,-9999,-9999,-9999,-9999,-9999,-9999,-9999,-9999,-9999,-9999,-9999,-9999,-9999,-9999,-9999,-9999,-9999,-9999,-9999,-9999,-9999,-9999,-9999,-9999,-9999,-9999,-9999,-9999,3.64758307114244E-06,3.59900150215253E-06,7.11277316440828E-05,0.000412799621699378,0.000499415502417833,0.000495981716085225,0.000491009093821049,0.000489567581098527,0.000490452686790377,0.000491064973175526,0.000491906655952334,0.000491392624098808,0.000489480793476105,0.000487411161884665,0.000483167183119804,0.000476454122690484,0.000449461454991251,0.000355416792444885,0.000150498977745883,3.88393309549429E-05,3.15743127430324E-05,2.4870976631064E-05,-9999,-9999,-9999,-9999,-9999,-9999,-9999,-9999,-9999,-9999,-9999,-9999,-9999,-9999,-9999
-9999,-9999,-9999,-9999,5.04486888530664E-05,5.54780854145065E-05,3.89966407965403E-05,0.000165257108164951,0.000637744145933539,0.000755525834392756,0.000783189898356795,0.000785278738476336,0.000783636292908341,0.000782961957156658,0.000783424649853259,0.000785195559728891,0.000787687778938562,0.000788410950917751,0.0007855657604523,0.000778583402279764,0.000768642814364284,0.000760652590543032,0.000757043017074466,0.000746223435271531,0.000737422145903111,0.000730179832316935,0.000718943018000573,0.00071418919833377,0.000704998441506177,0.000696796691045165,0.000685032515320927,0.000676040188409388,0.000667886168230325,0.000666713051032275,0.000656873802654445,0.000656837597489357,0.000657536671496928,0.000653153983876109,0.000654711271636188,8.92041716724634E-05,0.000446512247435749,0.000364326348062605,0.000619375379756093,0.00044069837895222,0.000567609909921885,0.000615871918853372,0.000617419602349401,0.000328652968164533,0.000105134880868718,0.000298233091598377,4.20261822000612E-05,3.65101441275328E-05,4.32845490649925E-06,4.35472793469671E-06,-9999,-9999,-9999,-9999,-9999,-9999,-9999,-9999,-9999,-9999,-9999,-9999,-9999,-9999,-9999,-9999,-9999,-9999,-9999,-9999,-9999,-9999,-9999,-9999,-9999,-9999,-9999,-9999,-9999,-9999,-9999,-9999,-9999,-9999,-9999,-9999,-9999,-9999,-9999,-9999,-9999,2.36168557421479E-06,3.44823547493434E-06,0.000111347893835045,0.000459597940789536,0.000484339951071888,0.000479144917335361,0.000476759014418349,0.000478482485050336,0.00047876121243462,0.000478382018627599,0.000476722430903465,0.000473977765068412,0.000471501960419118,0.000469017802970484,0.000464523385744542,0.000446923775598407,0.000341612292686477,0.00012087630602764,2.36700816458324E-05,2.38254742725985E-05,1.71774972841376E-05,2.51376859523589E-05,-9999,-9999,-9999,-9999,-9999,-9999,-9999,-9999,-9999,-9999,-9999,-9999,-9999,-9999
-9999,-9999,-9999,-9999,4.01660909119528E-05,6.1568571254611E-05,9.24012565519661E-05,0.000608317437581718,0.000767801306210458,0.000790538848377764,0.00078862690133974,0.000782678427640349,0.000778010115027428,0.000774045183788985,0.000772034050896764,0.000772907864302397,0.000775678781792521,0.000779696740210056,0.000778007495682687,0.000604972883593291,8.02866634330712E-06,5.19003924637218E-06,5.14553403263562E-06,5.09397523273947E-06,5.03852743349853E-06,4.98114650326897E-06,2.37017338804435E-05,4.85568625663291E-06,1.82430685526924E-05,4.72096371595399E-06,6.0471153119579E-05,0.00047729242942296,0.000631880131550133,0.000610475952271372,0.000651419453788549,0.000638297467958182,0.000648126704618335,0.00064169813413173,0.000184990756679326,4.43157932750182E-06,4.38406414104975E-06,4.34608909927192E-06,4.31387570642983E-06,4.28852490585996E-06,4.26808992415317E-06,4.25457892561099E-06,4.24744530391763E-06,-9999,-9999,-9999,-9999,-9999,-9999,-9999,-9999,-9999,-9999,-9999,-9999,-9999,-9999,-9999,-9999,-9999,-9999,-9999,-9999,-9999,-9999,-9999,-9999,-9999,-9999,-9999,-9999,-9999,-9999,-9999,-9999,-9999,-9999,-9999,-9999,-9999,-9999,-9999,-9999,-9999,-9999,-9999,-9999,-9999,-9999,-9999,-9999,-9999,3.35265917783545E-06,2.2325821191771E-05,0.000399407756049186,0.000469330756459385,0.000467880658106878,0.000463750388007611,0.000464980723336339,0.000464997749077156,0.000463833712274209,0.000461815303424373,0.000458420719951391,0.000455535773653537,0.000453334621852264,0.000450320454547182,0.000438622810179368,0.000366059830412269,0.000185306707862765,6.29243295406923E-05,1.13297455754946E-05,3.89883425668813E-05,2.38301945501007E-05,-9999,-9999,-9999,-9999,-9999,-9999,-9999,-9999,-9999,-9999,-9999,-9999,-9999,-9999
-9999,-9999,-9999,-9999,-9999,3.88558328268118E-05,0.000443011784227565,0.000763594172894955,0.000794499646872282,0.000793612794950604,0.000785527226980776,0.000776743399910629,0.00077089638216421,0.00076375319622457,0.000760285125579685,0.000763673859182745,0.000459120434243232,5.25240784554626E-06,5.26535222888924E-06,5.26731855643447E-06,-9999,-9999,-9999,-9999,-9999,-9999,-9999,-9999,-9999,-9999,-9999,-9999,-9999,1.6782865714049E-05,4.88604491692968E-05,4.22100783907808E-05,5.6144293921534E-05,4.47050524599035E-06,-9999,-9999,-9999,-9999,-9999,-9999,-9999,-9999,-9999,-9999,-9999,-9999,-9999,-9999,-9999,-9999,-9999,-9999,-9999,-9999,-9999,-9999,-9999,-9999,-9999,-9999,-9999,-9999,-9999,-9999,-9999,-9999,-9999,-9999,-9999,-9999,-9999,-9999,-9999,-9999,-9999,-9999,-9999,-9999,-9999,-9999,-9999,-9999,-9999,-9999,-9999,-9999,-9999,-9999,-9999,-9999,-9999,-9999,2.19546495827672E-06,3.19913647217618E-06,0.000339388789143413,0.00045488023897633,0.000454654218629003,0.000450553226983175,0.000452601292636245,0.000450517632998526,0.000448753562523052,0.000446602061856538,0.000443738710600883,0.000441037496784702,0.000438080111052841,0.000435654015745968,0.000430420564953238,0.000389804656151682,0.000254364393185824,7.50710532884113E-05,4.17429037042893E-05,2.56327548413537E-05,-9999,-9999,-9999,-9999,-9999,-9999,-9999,-9999,-9999,-9999,-9999,-9999,-9999,-9999,-9999
-9999,-9999,-9999,-9999,-9999,0.000153523287735879,0.000719029572792351,0.000794169842265546,0.000799582048784941,0.000791961734648794,0.000781838549301028,0.000771254592109472,0.00076171534601599,0.000755726010538638,0.000751568179111928,8.62152155605145E-05,5.22049049322959E-06,3.50925574821304E-06,-9999,-9999,-9999,-9999,-9999,-9999,-9999,-9999,-9999,-9999,-9999,-9999,-9999,-9999,-9999,-9999,-9999,-9999,-9999,-9999,-9999,-9999,-9999,-9999,-9999,-9999,-9999,-9999,-9999,-9999,-9999,-9999,-9999,-9999,-9999,-9999,-9999,-9999,-9999,-9999,-9999,-9999,-9999,-9999,-9999,-9999,-9999,-9999,-9999,-9999,-9999,-9999,-9999,-9999,-9999,-9999,-9999,-9999,-9999,-9999,-9999,-9999,-9999,-9999,-9999,-9999,-9999,-9999,-9999,-9999,-9999,-9999,-9999,-9999,-9999,-9999,-9999,-9999,-9999,3.08980702357076E-06,0.000256547558819875,0.000441517564468086,0.000441439799033105,0.000438228249549866,0.000439273018855602,0.0004358759324532,0.000433324661571532,0.000431348016718403,0.000429604639066383,0.000427369348471984,0.000424821919295937,0.000422209355747327,0.000417656527133659,0.000400751334382221,0.000289165938738734,0.00014575217210222,2.81982702290406E-05,2.05403866857523E-05,-9999,-9999,-9999,-9999,-9999,-9999,-9999,-9999,-9999,-9999,-9999,-9999,-9999,-9999,-9999
-9999,-9999,4.15736940340139E-05,4.09417189075612E-05,3.97621042793617E-05,0.000423217337811366,0.000782717484980822,0.000801812449935824,0.000799078203272074,0.000788689008913934,0.000777623557951301,0.000766274053603411,0.000757081317715347,0.000744545017369092,4.49445869890042E-05,5.19370405527297E-06,3.49053493664542E-06,-9999,-9999,-9999,-9999,-9999,-9999,-9999,-9999,-9999,-9999,-9999,-9999,-9999,-9999,-9999,-9999,-9999,-9999,-9999,-9999,-9999,-9999,-9999,-9999,-9999,-9999,-9999,-9999,-9999,-9999,-9999,-9999,-9999,-9999,-9999,-9999,-9999,-9999,-9999,-9999,-9999,-9999,-9999,-9999,-9999,-9999,-9999,-9999,-9999,-9999,-9999,-9999,-9999,-9999,-9999,-9999,-9999,-9999,-9999,-9999,-9999,-9999,-9999,-9999,-9999,-9999,-9999,-9999,-9999,-9999,-9999,-9999,-9999,-9999,-9999,-9999,-9999,-9999,-9999,-9999,3.00396800412273E-06,0.000148547551361844,0.000428639468736947,0.000430101354140788,0.000425545178586617,0.000423409743234515,0.000421633012592793,0.000417999865021557,0.000417252391343936,0.000416288035921752,0.000414552050642669,0.000412012857850641,0.000409230531658977,0.000405990867875516,0.000395055976696312,0.000347582652466372,0.000220092188101262,0.000117727206088603,2.67557552433573E-05,-9999,-9999,-9999,-9999,-9999,-9999,-9999,-9999,-9999,-9999,-9999,-9999,-9999,-9999,-9999
-9999,-9999,-9999,-9999,4.90626916871406E-05,0.000663507671561092,0.000795611704234034,0.000803344300948083,0.000796227599494159,0.000783604918979108,0.000772448256611824,0.00076253479346633,0.000755458255298436,6.48891073069535E-05,5.17818352818722E-06,3.47654190591129E-06,-9999,-9999,-9999,-9999,-9999,-9999,-9999,-9999,-9999,-9999,-9999,-9999,-9999,-9999,-9999,-9999,-9999,-9999,-9999,-9999,-9999,-9999,-9999,-9999,-9999,-9999,-9999,-9999,-9999,-9999,-9999,-9999,-9999,-9999,-9999,-9999,-9999,-9999,-9999,-9999,-9999,-9999,-9999,-9999,-9999,-9999,-9999,-9999,-9999,-9999,-9999,-9999,-9999,-9999,-9999,-9999,-9999,-9999,-9999,-9999,-9999,-9999,-9999,-9999,-9999,-9999,-9999,-9999,-9999,-9999,-9999,-9999,-9999,-9999,-9999,-9999,-9999,-9999,-9999,-9999,-9999,2.92951017399901E-06,7.74881700635888E-05,0.000414818350691348,0.000417490780819207,0.000414443551562726,0.000410365697462112,0.000408452353440225,0.000404315098421648,0.000403982005082071,0.000404246937250718,0.000402445497456938,0.000399663025746122,0.000396913237636909,0.000393185531720519,0.000386955391149968,0.0003692836035043,0.000320134742651135,0.00019882335618604,5.91409225307871E-05,-9999,-9999,-9999,-9999,-9999,-9999,-9999,-9999,-9999,-9999,-9999,-9999,-9999,-9999,-9999
-9999,-9999,-9999,-9999,0.000103861493698787,0.000721315329428762,0.000799024768639356,0.000801988877356052,0.000792699982412159,0.000778483517933637,0.000768081343267113,0.000759989954531193,0.000508969998918474,5.17446596859372E-06,3.47026866620581E-06,-9999,-9999,-9999,-9999,-9999,-9999,-9999,-9999,-9999,-9999,-9999,-9999,-9999,-9999,-9999,-9999,-9999,-9999,-9999,-9999,-9999,-9999,-9999,-9999,-9999,-9999,-9999,-9999,-9999,-9999,-9999,-9999,-9999,-9999,-9999,-9999,-9999,-9999,-9999,-9999,-9999,-9999,-9999,-9999,-9999,-9999,-9999,-9999,-9999,-9999,-9999,-9999,-9999,-9999,-9999,-9999,-9999,-9999,-9999,-9999,-9999,-9999,-9999,-9999,-9999,-9999,-9999,-9999,-9999,-9999,-9999,-9999,-9999,-9999,-9999,-9999,-9999,-9999,-9999,-9999,-9999,-9999,2.86233716906281E-06,3.09839779220056E-05,0.000398944161133841,0.000404480291763321,0.000403558340622112,0.000398423202568665,0.00039503286825493,0.00039231960545294,0.000390593952033669,0.000391050038160756,0.000389224704122171,0.00038720975862816,0.000384507759008557,0.000381195393856615,0.00037693401100114,0.000369049259461462,0.000351952039636672,0.000294516619760543,0.0001583757402841,2.16020343941636E-05,-9999,-9999,-9999,-9999,-9999,-9999,-9999,-9999,-9999,-9999,-9999,-9999,-9999,-9999
-9999,-9999,-9999,-9999,8.41735018184409E-05,0.00071078137261793,0.000798180000856519,0.000799298752099276,0.000788891164120287,0.00077489682007581,0.00076540868030861,0.000758044014219195,5.16994259669445E-06,3.46673868989456E-06,2.32530601351755E-06,-9999,-9999,-9999,-9999,-9999,-9999,-9999,-9999,-9999,-9999,-9999,-9999,-9999,-9999,-9999,-9999,-9999,-9999,-9999,-9999,-9999,-9999,-9999,-9999,-9999,-9999,-9999,-9999,-9999,-9999,-9999,-9999,-9999,-9999,-9999,-9999,-9999,-9999,-9999,-9999,-9999,-9999,-9999,-9999,-9999,-9999,-9999,-9999,-9999,-9999,-9999,-9999,-9999,-9999,-9999,-9999,-9999,-9999,-9999,-9999,-9999,-9999,-9999,-9999,-9999,-9999,-9999,-9999,-9999,-9999,-9999,-9999,-9999,-9999,-9999,-9999,-9999,-9999,-9999,-9999,-9999,-9999,1.86330282758718E-06,2.75015963779879E-06,0.000378382916096598,0.000393070775317028,0.000392402667785063,0.000388354063034058,0.000382444151910022,0.000380538171157241,0.000378800352336839,0.000377427670173347,0.000376330077415332,0.000374765833839774,0.000372726994100958,0.00036958689452149,0.00036546410410665,0.000361145997885615,0.000352962466422468,0.000326312030665576,0.000236179635976441,7.37178925191984E-05,1.68068963830592E-05,-9999,-9999,-9999,-9999,-9999,-9999,-9999,-9999,-9999,-9999,-9999,-9999,-9999
-9999,-9999,-9999,-9999,4.38285424024798E-05,0.000647000619210303,0.000794490100815892,0.000796992797404528,0.000787822296842933,0.000774151878431439,0.000764476717449725,0.000755264656618237,5.16427462571301E-06,3.46282172358769E-06,-9999,-9999,-9999,-9999,-9999,-9999,-9999,-9999,-9999,-9999,-9999,-9999,-9999,-9999,-9999,-9999,-9999,-9999,-9999,-9999,-9999,-9999,-9999,-9999,-9999,-9999,-9999,-9999,-9999,-9999,-9999,-9999,-9999,-9999,-9999,-9999,-9999,-9999,-9999,-9999,-9999,-9999,-9999,-9999,-9999,-9999,-9999,-9999,-9999,-9999,-9999,-9999,-9999,-9999,-9999,-9999,-9999,-9999,-9999,-9999,-9999,-9999,-9999,-9999,-9999,-9999,-9999,-9999,-9999,-9999,-9999,-9999,-9999,-9999,-9999,-9999,-9999,-9999,-9999,-9999,-9999,-9999,-9999,1.82705264251126E-06,2.67420296040655E-06,0.000357681652531028,0.000381944177206606,0.000380897719878703,0.000378871714929119,0.000372773036360741,0.000368710549082607,0.000367007247405127,0.000365650979802012,0.000365756539395079,0.000364269100828096,0.000362389662768692,0.000358938239514828,0.000354986259480938,0.000351543218130246,0.00034585315734148,0.000329032365698367,0.000290023192064837,0.000170277417055331,3.2051120797405E-05,2.29771139856894E-05,2.35094717027096E-06,-9999,-9999,-9999,-9999,-9999,-9999,-9999,-9999,-9999,-9999,-9999
-9999,-9999,-9999,-9999,3.91667235817295E-05,0.000350697839166969,0.000778861867729574,0.000795818981714547,0.000790187332313508,0.000779927242547274,0.000768614700064063,0.000759594026021659,1.14541335278773E-05,5.15984766025213E-06,-9999,-9999,-9999,-9999,-9999,-9999,-9999,-9999,-9999,-9999,-9999,-9999,-9999,-9999,-9999,-9999,-9999,-9999,-9999,-9999,-9999,-9999,-9999,-9999,-9999,-9999,-9999,-9999,-9999,-9999,-9999,-9999,-9999,-9999,-9999,-9999,-9999,-9999,-9999,-9999,-9999,-9999,-9999,-9999,-9999,-9999,-9999,-9999,-9999,-9999,-9999,-9999,-9999,-9999,-9999,-9999,-9999,-9999,-9999,-9999,-9999,-9999,-9999,-9999,-9999,-9999,-9999,-9999,-9999,-9999,-9999,-9999,-9999,-9999,-9999,-9999,-9999,-9999,-9999,-9999,-9999,-9999,-9999,-9999,2.59840999206062E-06,0.000341974257025868,0.000371123838704079,0.000369619927369058,0.0003698660293594,0.000364143517799675,0.000359266094164923,0.000357889308361337,0.000357309210812673,0.000356077885953709,0.00035507493885234,0.000352673348970711,0.000349661859218031,0.000346053100656718,0.000342840212397277,0.000338726735208184,0.000326692883390933,0.000298141269013286,0.000224675459321588,5.28622986166738E-05,1.81928025995148E-05,-9999,-9999,-9999,-9999,-9999,-9999,-9999,-9999,-9999,-9999,-9999,-9999
-9999,-9999,-9999,-9999,3.92097972508054E-05,0.000153504239278845,0.000721533375326544,0.000792925769928843,0.000790779071394354,0.000785029958933592,0.000775775406509638,0.000765692500863224,0.000517641892656684,5.15551164426142E-06,-9999,-9999,-9999,-9999,-9999,-9999,-9999,-9999,-9999,-9999,-9999,-9999,-9999,-9999,-9999,-9999,-9999,-9999,-9999,-9999,-9999,-9999,-9999,-9999,-9999,-9999,-9999,-9999,-9999,-9999,-9999,-9999,-9999,-9999,-9999,-9999,-9999,-9999,-9999,-9999,-9999,-9999,-9999,-9999,-9999,-9999,-9999,-9999,-9999,-9999,-9999,-9999,-9999,-9999,-9999,-9999,-9999,-9999,-9999,-9999,-9999,-9999,-9999,-9999,-9999,-9999,-9999,-9999,-9999,-9999,-9999,-9999,-9999,-9999,-9999,-9999,-9999,-9999,-9999,-9999,-9999,-9999,-9999,-9999,2.54358201345894E-06,0.000306983856717125,0.0003620944917202,0.000360760488547385,0.000360940815880895,0.000358165969373658,0.000352430797647685,0.000348061206750572,0.000348045286955312,0.000346366199664772,0.000345095671946183,0.000342890474712476,0.000340771861374378,0.000337848148774356,0.000335044955136254,0.000330679962644354,0.000321836763760075,0.000298911123536527,0.000258502637734637,9.8557306046132E-05,1.79079252120573E-05,1.61156294780085E-05,1.63084696396254E-05,-9999,-9999,-9999,-9999,-9999,-9999,-9999,-9999,-9999,-9999
-9999,-9999,-9999,-9999,-9999,4.32242923125159E-05,0.000589283998124301,0.000786589342169464,0.000790360383689404,0.000786920543760061,0.00078022840898484,0.000769586535170674,0.000757356523536146,5.15502779308008E-06,-9999,-9999,-9999,-9999,-9999,-9999,-9999,-9999,-9999,-9999,-9999,-9999,-9999,-9999,-9999,-9999,-9999,-9999,-9999,-9999,-9999,-9999,-9999,-9999,-9999,-9999,-9999,-9999,-9999,-9999,-9999,-9999,-9999,-9999,-9999,-9999,-9999,-9999,-9999,-9999,-9999,-9999,-9999,-9999,-9999,-9999,-9999,-9999,-9999,-9999,-9999,-9999,-9999,-9999,-9999,-9999,-9999,-9999,-9999,-9999,-9999,-9999,-9999,-9999,-9999,-9999,-9999,-9999,-9999,-9999,-9999,-9999,-9999,-9999,-9999,-9999,-9999,-9999,-9999,-9999,-9999,-9999,-9999,-9999,2.50388143285818E-06,0.000242978407186456,0.000351592723745853,0.0003534946590662,0.000352721923263744,0.000350739079294726,0.000345066684531048,0.000339259975589812,0.000339305348461494,0.000337538978783414,0.000336490367772058,0.000334179610945284,0.000332373194396496,0.000330084963934496,0.000327511719660833,0.000324000779073685,0.000318337435601279,0.000307638285448775,0.000246372481342405,0.000150030959048308,5.60878943360876E-05,3.77593460143544E-05,2.24582890950842E-05,1.63946788234171E-05,-9999,-9999,-9999,-9999,-9999,-9999,-9999,-9999,-9999
-9999,-9999,-9999,-9999,-9999,8.79806430020835E-06,0.000416058814153075,0.000770357786677778,0.000789680401794612,0.00078793620923534,0.000782838091254234,0.000772377126850188,0.000759237562306225,5.16320096721756E-06,-9999,-9999,-9999,-9999,-9999,-9999,-9999,-9999,-9999,-9999,-9999,-9999,-9999,-9999,-9999,-9999,-9999,-9999,-9999,-9999,-9999,-9999,-9999,-9999,-9999,-9999,-9999,-9999,-9999,-9999,-9999,-9999,-9999,-9999,-9999,-9999,-9999,-9999,-9999,-9999,-9999,-9999,-9999,-9999,-9999,-9999,-9999,-9999,-9999,-9999,-9999,-9999,-9999,-9999,-9999,-9999,-9999,-9999,-9999,-9999,-9999,-9999,-9999,-9999,-9999,-9999,-9999,-9999,-9999,-9999,-9999,-9999,-9999,-9999,-9999,-9999,-9999,-9999,-9999,-9999,-9999,-9999,-9999,-9999,2.47854336521414E-06,8.05447198217735E-05,0.000339530204655603,0.000346547021763399,0.000345309294061735,0.000343054533004761,0.000338119163643569,0.00033278128830716,0.000331514223944396,0.000330858048982918,0.000329134025378153,0.000326120032696053,0.000324123888276517,0.00032207096228376,0.000319777376716956,0.000317597819957882,0.000313439290039241,0.000299458100926131,0.000254089303780347,0.000210588856134564,0.000165914083481766,0.000138832168886438,4.1622402932262E-05,1.59988831001101E-05,-9999,-9999,-9999,-9999,-9999,-9999,-9999,-9999,-9999
-9999,-9999,-9999,-9999,-9999,5.40718610864133E-06,0.000299353181617334,0.000769025878980756,0.000788714794907719,0.000788494711741805,0.000784361676778644,0.000773644365835935,0.000752825173549354,5.17349781148368E-06,-9999,-9999,-9999,-9999,-9999,-9999,-9999,-9999,-9999,-9999,-9999,-9999,-9999,-9999,-9999,-9999,-9999,-9999,-9999,-9999,-9999,-9999,-9999,-9999,-9999,-9999,-9999,-9999,-9999,-9999,-9999,-9999,-9999,-9999,-9999,-9999,-9999,-9999,-9999,-9999,-9999,-9999,-9999,-9999,-9999,-9999,-9999,-9999,-9999,-9999,-9999,-9999,-9999,-9999,-9999,-9999,-9999,-9999,-9999,-9999,-9999,-9999,-9999,-9999,-9999,-9999,-9999,-9999,-9999,-9999,-9999,-9999,-9999,-9999,-9999,-9999,-9999,-9999,-9999,-9999,-9999,-9999,-9999,-9999,-9999,2.39622386288829E-06,0.000329325761413202,0.000338247598847374,0.000338782963808626,0.000335971737513319,0.000331338436808437,0.000325839209835976,0.000324366352288052,0.000323962682159618,0.000321882485877723,0.000319247687002644,0.000316742050927132,0.000314876961056143,0.000312612915877253,0.000310743460431695,0.000308289134409279,0.000298425642540678,0.000286207476165146,0.000269252341240644,0.000230365854804404,0.000145694095408544,5.4992939112708E-05,1.55611469381256E-05,-9999,-9999,-9999,-9999,-9999,-9999,-9999,-9999,-9999
-9999,-9999,-9999,-9999,-9999,-9999,0.000181645445991307,0.000770401384215802,0.00078751688124612,0.000788535515312105,0.000783967203460634,0.000771651917602867,0.000762596086133271,-9999,-9999,-9999,-9999,-9999,-9999,-9999,-9999,-9999,-9999,-9999,-9999,-9999,-9999,-9999,-9999,-9999,-9999,-9999,-9999,-9999,-9999,-9999,-9999,-9999,-9999,-9999,-9999,-9999,-9999,-9999,-9999,-9999,-9999,-9999,-9999,-9999,-9999,-9999,-9999,-9999,-9999,-9999,-9999,-9999,-9999,-9999,-9999,-9999,-9999,-9999,-9999,-9999,-9999,-9999,-9999,-9999,-9999,-9999,-9999,-9999,-9999,-9999,-9999,-9999,-9999,-9999,-9999,-9999,-9999,-9999,-9999,-9999,-9999,-9999,-9999,-9999,-9999,-9999,-9999,-9999,-9999,-9999,-9999,-9999,-9999,2.35410720961227E-06,0.000305187742924318,0.000330902286805212,0.000332974159391597,0.000330509035848081,0.000326151552144438,0.000321211759001017,0.000318671023705974,0.00031751740607433,0.000314961420372128,0.00031259364914149,0.000310087110847235,0.000307742768200114,0.000305602239677683,0.000303848064504564,0.000302952830679715,0.000300566607620567,0.000295035832095891,0.000275771046290174,0.000240005902014673,0.000179450216819532,9.26549473660998E-05,1.88801968761254E-05,-9999,-9999,-9999,-9999,-9999,-9999,-9999,-9999,-9999
-9999,-9999,-9999,-9999,-9999,-9999,0.000136555405333638,0.000770184153225273,0.000788064789958298,0.000787951750680804,0.000781073526013643,0.000768684491049498,0.000755440909415483,-9999,-9999,-9999,-9999,-9999,-9999,-9999,-9999,-9999,-9999,-9999,-9999,-9999,-9999,-9999,-9999,-9999,-9999,-9999,-9999,-9999,-9999,-9999,-9999,-9999,-9999,-9999,-9999,-9999,-9999,-9999,-9999,-9999,-9999,-9999,-9999,-9999,-9999,-9999,-9999,-9999,-9999,-9999,-9999,-9999,-9999,-9999,-9999,-9999,-9999,-9999,-9999,-9999,-9999,-9999,-9999,-9999,-9999,-9999,-9999,-9999,-9999,-9999,-9999,-9999,-9999,-9999,-9999,-9999,-9999,-9999,-9999,-9999,-9999,-9999,-9999,-9999,-9999,-9999,-9999,-9999,-9999,-9999,-9999,-9999,-9999,2.32042702918989E-06,0.000200961600057781,0.000325520639307797,0.0003275828785263,0.000324984895996749,0.000320685270708054,0.000316500198096037,0.000312488875351846,0.000311994692310691,0.000309375260258093,0.000306943227769807,0.00030436459928751,0.00030217322637327,0.000299939274555072,0.000298154249321669,0.000297252234304324,0.00029629937489517,0.00029285901109688,0.000283463217783719,0.000261559383943677,0.000201691291294992,0.000141288823215291,3.5227662010584E-05,1.83665451913839E-05,1.47264781844569E-05,-9999,-9999,-9999,-9999,-9999,-9999,-9999
-9999,-9999,-9999,-9999,-9999,-9999,0.000216886590351351,0.000782071496360004,0.000790130987297744,0.00078664708416909,0.000777330016717315,0.00076542206807062,0.00069319736212492,-9999,-9999,-9999,-9999,-9999,-9999,-9999,-9999,-9999,-9999,-9999,-9999,-9999,-9999,-9999,-9999,-9999,-9999,-9999,-9999,-9999,-9999,-9999,-9999,-9999,-9999,-9999,-9999,-9999,-9999,-9999,-9999,-9999,-9999,-9999,-9999,-9999,-9999,-9999,-9999,-9999,-9999,-9999,-9999,-9999,-9999,-9999,-9999,-9999,-9999,-9999,-9999,-9999,-9999,-9999,-9999,-9999,-9999,-9999,-9999,-9999,-9999,-9999,-9999,-9999,-9999,-9999,-9999,-9999,-9999,-9999,-9999,-9999,-9999,-9999,-9999,-9999,-9999,-9999,-9999,-9999,-9999,-9999,-9999,-9999,-9999,2.29226884584932E-06,1.35045820570667E-05,0.000320669118082151,0.000321536645060405,0.00031936977757141,0.000314731558319181,0.000310440751491114,0.00030697911279276,0.000306017085677013,0.000304571265587583,0.00030219744076021,0.000299304258078337,0.000296832993626595,0.000294897763524204,0.000293473538476974,0.000292064563836902,0.000291584030492231,0.000288819283014163,0.000281818152870983,0.000264761038124561,0.000233390397625044,0.000165673176525161,6.29596688668244E-05,3.12270967697259E-05,2.26261690841056E-05,1.44335654113092E-05,-9999,-9999,-9999,-9999,-9999,-9999
-9999,-9999,-9999,-9999,-9999,-9999,-9999,-9999,-9999,-9999,-9999,-9999,-9999,-9999,-9999,-9999,-9999,-9999,-9999,-9999,-9999,-9999,-9999,-9999,-9999,-9999,-9999,-9999,-9999,-9999,-9999,-9999,-9999,-9999,-9999,-9999,-9999,-9999,-9999,-9999,-9999,-9999,-9999,-9999,-9999,-9999,-9999,-9999,-9999,-9999,-9999,-9999,-9999,-9999,-9999,-9999,-9999,-9999,-9999,-9999,-9999,-9999,-9999,-9999,-9999,-9999,-9999,-9999,-9999,-9999,-9999,-9999,-9999,-9999,-9999,-9999,-9999,-9999,-9999,-9999,-9999,-9999,-9999,-9999,-9999,-9999,-9999,-9999,-9999,-9999,-9999,-9999,-9999,-9999,-9999,-9999,-9999,-9999,-9999,-9999,2.21003961087263E-06,0.000307434005662799,0.000315365323331207,0.000313655618811026,0.000309624272631481,0.000305428577121347,0.000301850697724149,0.000301033491268754,0.000300457351841033,0.000297541992040351,0.000294800905976444,0.000292435783194378,0.000290067546302453,0.000288850744254887,0.000287621776806191,0.000286937254713848,0.000286006805254146,0.000282230321317911,0.000271629833150655,0.000246133597102016,0.000180278031621128,9.58481978159398E-05,6.20457212789916E-05,4.64003278466407E-05,2.47083462454611E-05,1.40810579978279E-05,-9999,-9999,-9999,-9999,-9999
-9999,-9999,-9999,-9999,-9999,-9999,-9999,-9999,-9999,-9999,-9999,-9999,-9999,-9999,-9999,-9999,-9999,-9999,-9999,-9999,-9999,-9999,-9999,-9999,-9999,-9999,-9999,-9999,-9999,-9999,-9999,-9999,-9999,-9999,-9999,-9999,-9999,-9999,-9999,-9999,-9999,-9999,-9999,-9999,-9999,-9999,-9999,-9999,-9999,-9999,-9999,-9999,-9999,-9999,-9999,-9999,-9999,-9999,-9999,-9999,-9999,-9999,-9999,-9999,-9999,-9999,-9999,-9999,-9999,-9999,-9999,-9999,-9999,-9999,-9999,-9999,-9999,-9999,-9999,-9999,-9999,-9999,-9999,-9999,-9999,-9999,-9999,-9999,-9999,-9999,-9999,-9999,-9999,-9999,-9999,-9999,-9999,-9999,-9999,-9999,2.17402885027695E-06,0.000232330305152573,0.000310606556013227,0.000307848386000842,0.000304422777844593,0.000300176005112007,0.000296332291327417,0.000296479789540172,0.000295978592475876,0.000293177174171433,0.000289871619315818,0.000287805596599355,0.00028529847622849,0.000284373934846371,0.000283594446955249,0.000283867528196424,0.000283218862023205,0.000280917214695364,0.000269762851530686,0.000242480513406917,0.000185729411896318,0.000118321768241003,8.70600415510125E-05,5.04537565575447E-05,3.35280019498896E-05,1.55524976435117E-05,1.37942988658324E-05,-9999,-9999,-9999,-9999
-9999,-9999,-9999,-9999,-9999,-9999,-9999,-9999,-9999,-9999,-9999,-9999,-9999,-9999,-9999,-9999,-9999,-9999,-9999,-9999,-9999,-9999,-9999,-9999,-9999,-9999,-9999,-9999,-9999,-9999,-9999,-9999,-9999,-9999,-9999,-9999,-9999,-9999,-9999,-9999,-9999,-9999,-9999,-9999,-9999,-9999,-9999,-9999,-9999,-9999,-9999,-9999,-9999,-9999,-9999,-9999,-9999,-9999,-9999,-9999,-9999,-9999,-9999,-9999,-9999,-9999,-9999,-9999,-9999,-9999,-9999,-9999,-9999,-9999,-9999,-9999,-9999,-9999,-9999,-9999,-9999,-9999,-9999,-9999,-9999,-9999,-9999,-9999,-9999,-9999,-9999,-9999,-9999,-9999,-9999,-9999,-9999,-9999,-9999,-9999,2.14888359550969E-06,5.49244759895373E-06,0.000306419446133077,0.000302646280033514,0.000299508654279634,0.00029511607135646,0.000292030104901642,0.000292275217361748,0.000291659584036097,0.000289186806185171,0.000285859568975866,0.000283670524368063,0.000281135988188908,0.000279965344816446,0.000279736617812887,0.000280067994026467,0.000278357794741169,0.000275151047389954,0.000266662944341078,0.000239020533626899,0.000198042631382123,0.000150148815009743,0.000108486317913048,6.59944489598274E-05,3.66620697604958E-05,1.91531180462334E-05,1.36324115374009E-05,-9999,-9999,-9999,-9999
-9999,-9999,-9999,-9999,-9999,-9999,-9999,-9999,-9999,-9999,-9999,-9999,-9999,-9999,-9999,-9999,-9999,-9999,-9999,-9999,-9999,-9999,-9999,-9999,-9999,-9999,-9999,-9999,-9999,-9999,-9999,-9999,-9999,-9999,-9999,-9999,-9999,-9999,-9999,-9999,-9999,-9999,-9999,-9999,-9999,-9999,-9999,-9999,-9999,-9999,-9999,-9999,-9999,-9999,-9999,-9999,-9999,-9999,-9999,-9999,-9999,-9999,-9999,-9999,-9999,-9999,-9999,-9999,-9999,-9999,-9999,-9999,-9999,-9999,-9999,-9999,-9999,-9999,-9999,-9999,-9999,-9999,-9999,-9999,-9999,-9999,-9999,-9999,-9999,-9999,-9999,-9999,-9999,-9999,-9999,-9999,-9999,-9999,-9999,-9999,-9999,2.09294466912979E-06,0.000281170418020338,0.000297184218652546,0.000294452998787165,0.000290489813778549,0.00028821878368035,0.00028783458401449,0.000287398172076792,0.000285310612525791,0.000281731976429,0.000279402360320091,0.000276982551440597,0.000275418569799513,0.000275060825515538,0.000275726226391271,0.000276247126748785,0.000274809368420392,0.000265198643319309,0.00024017748364713,0.000202113194973208,0.000172723332070746,0.000123201214591973,6.51090595056303E-05,3.99989075958729E-05,1.88002886716276E-05,1.32542718347395E-05,-9999,-9999,1.20024233183358E-05,1.1967013051617E-05
-9999,-9999,-9999,-9999,-9999,-9999,-9999,-9999,-9999,-9999,-9999,-9999,-9999,-9999,-9999,-9999,-9999,-9999,-9999,-9999,-9999,-9999,-9999,-9999,-9999,-9999,-9999,-9999,-9999,-9999,-9999,-9999,-9999,-9999,-9999,-9999,-9999,-9999,-9999,-9999,-9999,-9999,-9999,-9999,-9999,-9999,-9999,-9999,-9999,-9999,-9999,-9999,-9999,-9999,-9999,-9999,-9999,-9999,-9999,-9999,-9999,-9999,-9999,-9999,-9999,-9999,-9999,-9999,-9999,-9999,-9999,-9999,-9999,-9999,-9999,-9999,-9999,-9999,-9999,-9999,-9999,-9999,-9999,-9999,-9999,-9999,-9999,-9999,-9999,-9999,-9999,-9999,-9999,-9999,-9999,-9999,-9999,-9999,-9999,-9999,-9999,-9999,1.47133932841825E-05,0.000297533231787384,0.000290638825390488,0.000287499336991459,0.000285417336272076,0.000284944719169289,0.000283668545307592,0.000280930486042053,0.000277590239420533,0.000275232916465029,0.0002730269334279,0.000271655677352101,0.000270930642727762,0.000271259166765958,0.00027146126376465,0.000269694195594639,0.000260026834439486,0.000248091411776841,0.000223423267016187,0.000178190122824162,0.000121784541988745,7.67025121604092E-05,3.54354233422782E-05,2.04321459023049E-05,1.27562989291619E-05,1.22963338071713E-05,1.20936592793441E-05,1.19427086247015E-05,1.31669085021713E-05
-9999,-9999,-9999,-9999,-9999,-9999,-9999,-9999,-9999,-9999,-9999,-9999,-9999,-9999,-9999,-9999,-9999,-9999,-9999,-9999,-9999,-9999,-9999,-9999,-9999,-9999,-9999,-9999,-9999,-9999,-9999,-9999,-9999,-9999,-9999,-9999,-9999,-9999,-9999,-9999,-9999,-9999,-9999,-9999,-9999,-9999,-9999,-9999,-9999,-9999,-9999,-9999,-9999,-9999,-9999,-9999,-9999,-9999,-9999,-9999,-9999,-9999,-9999,-9999,-9999,-9999,-9999,-9999,-9999,-9999,-9999,-9999,-9999,-9999,-9999,-9999,-9999,-9999,-9999,-9999,-9999,-9999,-9999,-9999,-9999,-9999,-9999,-9999,-9999,-9999,-9999,-9999,-9999,-9999,-9999,-9999,-9999,-9999,-9999,-9999,-9999,-9999,-9999,0.000205377407837659,0.000291717209620401,0.000285581714706495,0.000284555804682896,0.000283036642940715,0.000281484652077779,0.000278047955362126,0.000274475518381223,0.000271529570454732,0.000269417156232521,0.000268160365521908,0.000267841096501797,0.00026717982836999,0.000266219663899392,0.000264345813775435,0.000256663246545941,0.000247994932578877,0.000225904572289437,0.000183551979716867,0.000136486618430354,6.31000802968629E-05,3.10941686620936E-05,1.76908706635004E-05,1.38562563734013E-05,1.21425828183419E-05,1.33223438751884E-05,1.45633521242416E-05,0.000118471129098907
-9999,-9999,-9999,-9999,-9999,-9999,-9999,-9999,-9999,-9999,-9999,-9999,-9999,-9999,-9999,-9999,-9999,-9999,-9999,-9999,-9999,-9999,-9999,-9999,-9999,-9999,-9999,-9999,-9999,-9999,-9999,-9999,-9999,-9999,-9999,-9999,-9999,-9999,-9999,-9999,-9999,-9999,-9999,-9999,-9999,-9999,-9999,-9999,-9999,-9999,-9999,-9999,-9999,-9999,-9999,-9999,-9999,-9999,-9999,-9999,-9999,-9999,-9999,-9999,-9999,-9999,-9999,-9999,-9999,-9999,-9999,-9999,-9999,-9999,-9999,-9999,-9999,-9999,-9999,-9999,-9999,-9999,-9999,-9999,-9999,-9999,-9999,-9999,-9999,-9999,-9999,-9999,-9999,-9999,-9999,-9999,-9999,-9999,-9999,-9999,-9999,-9999,-9999,1.99845976567303E-06,0.000204661162570119,0.000292203214485198,0.000285938353044912,0.000283021596260369,0.000280613428913057,0.000276920764008537,0.000273221085080877,0.000270322692813352,0.00026819430058822,0.000266433518845588,0.000264856498688459,0.000263606227235869,0.000260877364780754,0.000256849103607237,0.000253929203609005,0.000235734958550893,0.000207604112802073,0.000150767926243134,8.1057172792498E-05,2.48243304667994E-05,1.55868110596202E-05,1.52607753989287E-05,1.67841262737056E-05,1.65101155289449E-05,2.77120361715788E-05,0.000238675769651309,0.000241160189034417
-9999,-9999,-9999,-9999,-9999,-9999,-9999,-9999,-9999,-9999,-9999,-9999,-9999,-9999,-9999,-9999,-9999,-9999,-9999,-9999,-9999,-9999,-9999,-9999,-9999,-9999,-9999,-9999,-9999,-9999,-9999,-9999,-9999,-9999,-9999,-9999,-9999,-9999,-9999,-9999,-9999,-9999,-9999,-9999,-9999,-9999,-9999,-9999,-9999,-9999,-9999,-9999,-9999,-9999,-9999,-9999,-9999,-9999,-9999,-9999,-9999,-9999,-9999,-9999,-9999,-9999,-9999,-9999,-9999,-9999,-9999,-9999,-9999,-9999,-9999,-9999,-9999,-9999,-9999,-9999,-9999,-9999,-9999,-9999,-9999,-9999,-9999,-9999,-9999,-9999,-9999,-9999,-9999,-9999,-9999,-9999,-9999,-9999,-9999,-9999,-9999,-9999,-9999,-9999,1.9806186628557E-06,1.97442614080501E-06,0.0002697809250094,0.000285824615275487,0.000279538886388764,0.000276198465144262,0.000272749632131308,0.000270020274911076,0.000252111698500812,0.000209205070859753,0.000260885048191994,0.000252224621362984,0.000212723185541108,0.00017730487161316,0.00016345243784599,0.000139878393383697,7.29630555724725E-05,2.71306762442691E-05,1.38659543154063E-05,1.22155133794877E-05,2.08372839551885E-05,3.46607266692445E-05,0.000125899707200006,0.00023840086942073,0.000241538131376728,0.000242155598243698,0.00023889634758234
-9999,-9999,-9999,-9999,-9999,-9999,-9999,-9999,-9999,-9999,-9999,-9999,-9999,-9999,-9999,-9999,-9999,-9999,-9999,-9999,-9999,-9999,-9999,-9999,-9999,-9999,-9999,-9999,-9999,-9999,-9999,-9999,-9999,-9999,-9999,-9999,-9999,-9999,-9999,-9999,-9999,-9999,-9999,-9999,-9999,-9999,-9999,-9999,-9999,-9999,-9999,-9999,-9999,-9999,-9999,-9999,-9999,-9999,-9999,-9999,-9999,-9999,-9999,-9999,-9999,-9999,-9999,-9999,-9999,-9999,-9999,-9999,-9999,-9999,-9999,-9999,-9999,-9999,-9999,-9999,-9999,-9999,-9999,-9999,-9999,-9999,-9999,-9999,-9999,-9999,-9999,-9999,-9999,-9999,-9999,-9999,-9999,-9999,-9999,-9999,-9999,-9999,-9999,-9999,-9999,-9999,1.9505303043843E-06,9.74449631030438E-06,0.000283375178696588,0.000278995779808611,0.000273738871328533,0.000270358985289931,0.000255958264460787,0.000255825027124956,0.000242960479226895,0.000189391459571198,0.00013761583250016,8.46440598252229E-05,3.31744595314376E-05,4.91165701532736E-05,2.93517368845642E-05,3.91744906664826E-05,0.000127819628687575,0.000241678761085495,0.000243557136855088,0.000244251452386379,0.000243422677158378,0.000240900088101625,0.000238744716625661,0.000229071854846552,0.000118888026918285
-9999,-9999,-9999,-9999,-9999,-9999,-9999,-9999,-9999,-9999,-9999,-9999,-9999,-9999,-9999,-9999,-9999,-9999,-9999,-9999,-9999,-9999,-9999,-9999,-9999,-9999,-9999,-9999,-9999,-9999,-9999,-9999,-9999,-9999,-9999,-9999,-9999,-9999,-9999,-9999,-9999,-9999,-9999,-9999,-9999,-9999,-9999,-9999,-9999,-9999,-9999,-9999,-9999,-9999,-9999,-9999,-9999,-9999,-9999,-9999,-9999,-9999,-9999,-9999,-9999,-9999,-9999,-9999,-9999,-9999,-9999,-9999,-9999,-9999,-9999,-9999,-9999,-9999,-9999,-9999,-9999,-9999,-9999,-9999,-9999,-9999,-9999,-9999,-9999,-9999,-9999,-9999,-9999,-9999,-9999,-9999,-9999,-9999,-9999,-9999,-9999,-9999,-9999,-9999,-9999,-9999,-9999,-9999,1.90392256627092E-06,7.68601239542477E-06,0.000269392476184294,0.000275707279797643,0.000272885430604219,0.000270328833721578,0.000267258670646697,0.000264265370788053,0.000261093518929556,0.000258846586802974,0.000256293133134022,0.000253574340604246,0.000250890385359526,0.000249508157139644,0.000248332304181531,0.000246290757786483,0.000243762071477249,0.000241774236201309,0.000238033710047603,0.000222648523049429,0.000132658053189516,9.2059171947767E-06,-9999
-9999,-9999,-9999,-9999,-9999,-9999,-9999,-9999,-9999,-9999,-9999,-9999,-9999,-9999,-9999,-9999,-9999,-9999,-9999,-9999,-9999,-9999,-9999,-9999,-9999,-9999,-9999,-9999,-9999,-9999,-9999,-9999,-9999,-9999,-9999,-9999,-9999,-9999,-9999,-9999,-9999,-9999,-9999,-9999,-9999,-9999,-9999,-9999,-9999,-9999,-9999,-9999,-9999,-9999,-9999,-9999,-9999,-9999,-9999,-9999,-9999,-9999,-9999,-9999,-9999,-9999,-9999,-9999,-9999,-9999,-9999,-9999,-9999,-9999,-9999,-9999,-9999,-9999,-9999,-9999,-9999,-9999,-9999,-9999,-9999,-9999,-9999,-9999,-9999,-9999,-9999,-9999,-9999,-9999,-9999,-9999,-9999,-9999,-9999,-9999,-9999,-9999,-9999,-9999,-9999,-9999,-9999,-9999,-9999,-9999,1.87209741397965E-06,1.86464717444323E-06,1.85405917818571E-06,1.83982047019526E-06,7.56443614591262E-06,1.05730887298705E-05,1.7848331026471E-06,1.76094204107358E-06,1.73768592048873E-06,3.27522366205812E-06,1.03444326668978E-05,4.4900403736392E-05,9.24047708394937E-05,0.000101264799013734,2.31780941248871E-05,1.66353083841386E-06,1.65902451954025E-06,1.65629091952724E-06,-9999,-9999,-9999
-9999,-9999,-9999,-9999,-9999,-9999,-9999,-9999,-9999,-9999,-9999,-9999,-9999,-9999,-9999,-9999,-9999,-9999,-9999,-9999,-9999,-9999,-9999,-9999,-9999,-9999,-9999,-9999,-9999,-9999,-9999,-9999,-9999,-9999,-9999,-9999,-9999,-9999,-9999,-9999,-9999,-9999,-9999,-9999,-9999,-9999,-9999,-9999,-9999,-9999,-9999,-9999,-9999,-9999,-9999,-9999,-9999,-9999,-9999,-9999,-9999,-9999,-9999,-9999,-9999,-9999,-9999,-9999,-9999,-9999,-9999,-9999,-9999,-9999,-9999,-9999,-9999,-9999,-9999,-9999,-9999,-9999,-9999,-9999,-9999,-9999,-9999,-9999,-9999,-9999,-9999,-9999,-9999,-9999,-9999,-9999,-9999,-9999,-9999,-9999,-9999,-9999,-9999,-9999,-9999,-9999,-9999,-9999,-9999,-9999,-9999,-9999,-9999,-9999,-9999,-9999,-9999,-9999,-9999,-9999,-9999,-9999,-9999,-9999,-9999,-9999,-9999,-9999,-9999,-9999,-9999
-9999,-9999,-9999,-9999,-9999,-9999,-9999,-9999,-9999,-9999,-9999,-9999,-9999,-9999,-9999,-9999,-9999,-9999,-9999,-9999,-9999,-9999,-9999,-9999,-9999,-9999,-9999,-9999,-9999,-9999,-9999,-9999,-9999,-9999,-9999,-9999,-9999,-9999,-9999,-9999,-9999,-9999,-9999,-9999,-9999,-9999,-9999,-9999,-9999,-9999,-9999,-9999,-9999,-9999,-9999,-9999,-9999,-9999,-9999,-9999,-9999,-9999,-9999,-9999,-9999,-9999,-9999,-9999,-9999,-9999,-9999,-9999,-9999,-9999,-9999,-9999,-9999,-9999,-9999,-9999,-9999,-9999,-9999,-9999,-9999,-9999,-9999,-9999,-9999,-9999,-9999,-9999,-9999,-9999,-9999,-9999,-9999,-9999,-9999,-9999,-9999,-9999,-9999,-9999,-9999,-9999,-9999,-9999,-9999,-9999,-9999,-9999,-9999,-9999,-9999,-9999,-9999,-9999,-9999,-9999,-9999,-9999,-9999,-9999,-9999,-9999,-9999,-9999,-9999,-9999,-9999

Step,241
Year,20.08333
-9999,-9999,-9999,-9999,-9999,-9999,-9999,-9999,-9999,-9999,-9999,-9999,-9999,-9999,-9999,-9999,-9999,-9999,-9999,-9999,-9999,-9999,-9999,-9999,-9999,-9999,-9999,-9999,-9999,-9999,-9999,-9999,-9999,-9999,-9999,-9999,-9999,-9999,-9999,-9999,-9999,-9999,-9999,-9999,-9999,-9999,-9999,-9999,-9999,-9999,-9999,-9999,-9999,-9999,-9999,-9999,-9999,-9999,-9999,-9999,-9999,-9999,-9999,-9999,-9999,-9999,-9999,-9999,-9999,-9999,-9999,-9999,-9999,-9999,-9999,-9999,-9999,-9999,-9999,-9999,-9999,-9999,-9999,-9999,-9999,-9999,-9999,-9999,-9999,-9999,-9999,-9999,-9999,-9999,-9999,-9999,-9999,-9999,-9999,-9999,-9999,-9999,-9999,-9999,-9999,-9999,-9999,-9999,-9999,-9999,-9999,-9999,-9999,-9999,-9999,-9999,-9999,-9999,-9999,-9999,-9999,-9999,-9999,-9999,-9999,-9999,-9999,-9999,-9999,-9999,-9999
-9999,-9999,-9999,-9999,-9999,-9999,-9999,-9999,-9999,-9999,-9999,-9999,-9999,-9999,-9999,-9999,-9999,-9999,-9999,-9999,-9999,-9999,-9999,-9999,-9999,-9999,-9999,-9999,-9999,-9999,-9999,-9999,-9999,-9999,-9999,-9999,-9999,-9999,-9999,-9999,-9999,-9999,-9999,-9999,-9999,-9999,-9999,-9999,-9999,-9999,-9999,-9999,-9999,-9999,-9999,-9999,-9999,-9999,-9999,-9999,-9999,-9999,-9999,-9999,-9999,-9999,-9999,-9999,-9999,-9999,-9999,-9999,-9999,-9999,-9999,-9999,-9999,-9999,-9999,-9999,-9999,-9999,-9999,-9999,-9999,-9999,-9999,-9999,-9999,-9999,-9999,-9999,-9999,-9999,-9999,-9999,-9999,-9999,-9999,-9999,-9999,-9999,-9999,-9999,-9999,-9999,-9999,-9999,-9999,-9999,-9999,-9999,-9999,-9999,-9999,-9999,-9999,-9999,-9999,-9999,-9999,-9999,-9999,-9999,-9999,-9999,-9999,-9999,-9999,-9999,-9999
-9999,-9999,-9999,-9999,-9999,-9999,-9999,-9999,-9999,-9999,-9999,-9999,-9999,-9999,-9999,-9999,-9999,-9999,-9999,-9999,-9999,-9999,-9999,-9999,-9999,-9999,-9999,-9999,-9999,-9999,-9999,-9999,-9999,-9999,-9999,-9999,-9999,-9999,-9999,-9999,-9999,-9999,-9999,-9999,-9999,-9999,-9999,-9999,-9999,-9999,-9999,-9999,-9999,-9999,-9999,-9999,-9999,-9999,-9999,-9999,-9999,-9999,-9999,-9999,-9999,-9999,-9999,-9999,-9999,-9999,-9999,-9999,-9999,-9999,2.10335747397039E-06,3.12681891045941E-06,-9999,-9999,-9999,-9999,-9999,-9999,-9999,-9999,-9999,-9999,-9999,-9999,-9999,-9999,-9999,-9999,-9999,-9999,-9999,-9999,-9999,-9999,-9999,-9999,-9999,-9999,-9999,-9999,-9999,-9999,-9999,-9999,-9999,-9999,-9999,-9999,-9999,-9999,-9999,-9999,-9999,-9999,-9999,-9999,-9999,-9999,-9999,-9999,-9999,-9999,-9999,-9999,-9999,-9999,-9999
-9999,-9999,-9999,-9999,-9999,-9999,-9999,-9999,-9999,-9999,-9999,-9999,-9999,-9999,-9999,-9999,-9999,-9999,-9999,-9999,-9999,-9999,-9999,-9999,-9999,-9999,-9999,-9999,-9999,-9999,-9999,-9999,-9999,-9999,-9999,-9999,-9999,-9999,-9999,-9999,-9999,-9999,-9999,-9999,-9999,-9999,-9999,-9999,-9999,-9999,-9999,-9999,-9999,-9999,-9999,-9999,-9999,-9999,-9999,-9999,-9999,-9999,-9999,-9999,-9999,-9999,-9999,-9999,-9999,-9999,-9999,-9999,-9999,-9999,3.02342914437759E-06,4.4701196202368E-06,-9999,-9999,-9999,-9999,-9999,-9999,-9999,-9999,-9999,-9999,-9999,-9999,-9999,-9999,-9999,-9999,-9999,-9999,-9999,-9999,-9999,-9999,-9999,-9999,-9999,-9999,-9999,-9999,-9999,-9999,-9999,-9999,-9999,-9999,-9999,-9999,-9999,-9999,-9999,-9999,-9999,-9999,-9999,-9999,-9999,-9999,-9999,-9999,-9999,-9999,-9999,-9999,-9999,-9999,-9999
-9999,-9999,-9999,-9999,-9999,-9999,-9999,-9999,-9999,-9999,-9999,-9999,-9999,-9999,-9999,-9999,-9999,-9999,-9999,-9999,-9999,-9999,-9999,-9999,-9999,-9999,-9999,-9999,-9999,-9999,-9999,-9999,-9999,-9999,-9999,-9999,-9999,-9999,-9999,-9999,-9999,-9999,-9999,-9999,-9999,-9999,-9999,-9999,-9999,-9999,-9999,-9999,-9999,-9999,-9999,-9999,1.99958506641451E-07,2.90956648996143E-07,4.16652028434328E-07,5.94565221945231E-07,-9999,-9999,-9999,-9999,-9999,3.88226953873527E-06,3.730707021532E-06,5.25620225744206E-06,5.09165192852379E-06,3.26551071339054E-06,4.6427139750449E-06,2.30748719332041E-05,3.09049464704003E-05,3.05665671476163E-05,4.29759074904723E-06,2.1974636183586E-05,2.83999434032012E-05,-9999,-9999,2.62425965047441E-05,4.05804275942501E-05,3.54597796103917E-05,3.59414807462599E-05,9.22758699744008E-05,0.000122763827675954,0.000112117275421042,0.000112352303403895,6.86166531522758E-05,3.22953492286615E-05,-9999,-9999,-9999,-9999,-9999,-9999,-9999,-9999,-9999,-9999,-9999,-9999,-9999,-9999,-9999,-9999,-9999,-9999,-9999,-9999,-9999,-9999,-9999,-9999,-9999,-9999,-9999,-9999,-9999,-9999,-9999,-9999,-9999,-9999,-9999,-9999,-9999,-9999,-9999,-9999,-9999,-9999
-9999,-9999,-9999,-9999,-9999,-9999,-9999,-9999,-9999,-9999,-9999,-9999,-9999,-9999,-9999,-9999,-9999,-9999,-9999,-9999,-9999,-9999,-9999,-9999,-9999,-9999,-9999,-9999,-9999,-9999,-9999,-9999,-9999,-9999,-9999,-9999,-9999,-9999,-9999,-9999,-9999,-9999,-9999,-9999,-9999,-9999,-9999,-9999,-9999,-9999,-9999,-9999,-9999,-9999,-9999,2.06279935355269E-07,3.02542531471772E-07,4.3877270172743E-07,6.21893718744104E-07,8.58300438721926E-07,1.17373542707355E-06,1.65515632488678E-06,-9999,6.50299261906184E-06,1.74820343090687E-05,5.80782943870872E-06,5.42247880730429E-06,3.99965501856059E-05,4.03128578909673E-05,4.70191343993065E-06,4.52753010904416E-06,5.19705572514795E-05,6.57075433991849E-05,5.81850363232661E-05,5.1060978876194E-05,5.01796712342184E-05,3.86812644137535E-05,4.26677579525858E-05,7.07910003256984E-05,0.000125095073599368,0.000297189631965011,0.000453826447483152,0.00050247844774276,0.000501443631947041,0.000504855066537857,0.000508816272486001,0.00051319831982255,0.00051946408348158,0.000500005204230547,0.00026358844479546,0.000111830609967001,-9999,-9999,-9999,-9999,-9999,-9999,-9999,-9999,-9999,-9999,-9999,-9999,-9999,-9999,-9999,-9999,-9999,-9999,-9999,-9999,-9999,-9999,-9999,-9999,-9999,-9999,-9999,-9999,-9999,-9999,-9999,-9999,-9999,-9999,-9999,-9999,-9999,-9999,-9999,-9999
-9999,-9999,-9999,-9999,-9999,-9999,-9999,-9999,-9999,-9999,-9999,-9999,-9999,-9999,-9999,-9999,-9999,-9999,-9999,-9999,-9999,-9999,-9999,-9999,-9999,-9999,-9999,-9999,-9999,-9999,-9999,-9999,-9999,-9999,-9999,-9999,-9999,-9999,-9999,-9999,-9999,-9999,-9999,-9999,-9999,-9999,-9999,-9999,-9999,-9999,-9999,-9999,-9999,-9999,-9999,3.09352884642067E-07,4.56651946478814E-07,6.68322627461748E-07,9.47586784150189E-07,1.29405691495776E-06,1.72561055933329E-06,2.30071282203426E-06,3.12616043629532E-06,4.34519870395889E-06,6.05807554165949E-06,3.47811765095685E-05,6.00966741330922E-05,0.000150761188706383,0.000242231122683734,0.000346192391589284,0.00039304539677687,0.000349365611327812,0.000428827770520002,0.000477039924589917,0.000381570629542693,0.00037419717409648,0.000350433518178761,0.000373824586858973,0.000502446724567562,0.000512007158249617,0.00051799655193463,0.000520728877745569,0.000522904912941158,0.000523370166774839,0.00052379781845957,0.000525130424648523,0.000527478288859129,0.000529697630554438,0.00053018273320049,0.000527678872458637,0.00051842542598024,0.00043031107634306,0.000102370482636616,-9999,-9999,-9999,-9999,-9999,-9999,-9999,-9999,-9999,3.35297117999289E-05,3.35242402798031E-05,3.35789991368074E-05,-9999,-9999,-9999,-9999,-9999,-9999,-9999,-9999,-9999,-9999,-9999,-9999,-9999,-9999,-9999,-9999,-9999,-9999,-9999,-9999,-9999,-9999,-9999,-9999,-9999,-9999
-9999,-9999,-9999,-9999,-9999,-9999,-9999,-9999,-9999,-9999,-9999,-9999,-9999,-9999,-9999,-9999,-9999,-9999,-9999,-9999,-9999,-9999,-9999,-9999,-9999,-9999,-9999,-9999,-9999,-9999,-9999,1.59342434926657E-05,-9999,-9999,-9999,4.87701217934955E-05,-9999,-9999,-9999,-9999,-9999,-9999,-9999,-9999,-9999,-9999,-9999,-9999,-9999,-9999,-9999,-9999,-9999,-9999,-9999,-9999,-9999,4.54947411299145E-07,6.53564825370267E-07,9.22875642572762E-07,-9999,2.15023283089977E-06,3.03636420539988E-06,4.26312635681825E-06,5.94995435676537E-06,3.50152913597412E-05,6.23703526798636E-05,8.47204937599599E-05,5.20661560585722E-05,0.000283092464087531,0.000579683051910251,0.000605804438237101,0.000597978360019624,0.000588107970543206,0.00056713237427175,0.000549974036403,0.000549245567526668,0.000547134899534285,0.000538199208676815,0.000531691068317741,0.000527237716596574,0.000525210867635906,0.000520366942510009,0.000517717737238854,0.000519493303727359,0.00052167009562254,0.000524885428603739,0.000528872245922685,0.000531589903403074,0.000532336998730898,0.000533148355316371,0.000523253576830029,0.000474814529297873,0.000124144222354516,-9999,-9999,-9999,-9999,-9999,-9999,-9999,-9999,4.53262910014018E-05,7.02139150234871E-05,4.58146278106142E-05,3.28876994899474E-05,3.31325354636647E-05,-9999,-9999,-9999,-9999,-9999,-9999,-9999,-9999,-9999,-9999,-9999,-9999,-9999,-9999,-9999,-9999,-9999,-9999,-9999,-9999,-9999,-9999,-9999,-9999
-9999,-9999,-9999,-9999,-9999,-9999,-9999,-9999,-9999,-9999,-9999,-9999,-9999,-9999,-9999,-9999,-9999,-9999,-9999,-9999,-9999,-9999,-9999,-9999,-9999,-9999,-9999,-9999,-9999,-9999,1.13738406071207E-05,2.17451488424558E-05,-9999,-9999,2.2967173208599E-05,3.89908418583218E-05,-9999,-9999,4.40960611740593E-05,7.76214073994197E-05,-9999,-9999,-9999,-9999,-9999,7.58928717914387E-06,-9999,-9999,-9999,-9999,-9999,-9999,-9999,-9999,-9999,-9999,-9999,-9999,-9999,-9999,-9999,3.0816206617601E-06,4.3544910113269E-06,6.18577951172483E-06,5.88868260820163E-06,3.38209720212035E-05,3.70622801710851E-05,3.53070681740064E-05,3.30840084643569E-05,0.000191836545127444,0.000585385947488248,0.000616375356912613,0.000609671988058835,0.000598000886384398,0.00058407592587173,0.000570908538065851,0.000559818872716278,0.000549797667190433,0.000541449466254562,0.000534198130480945,0.000527669268194586,0.00052142416825518,0.000514066545292735,0.000513367471285164,0.000514564570039511,0.000518818502314389,0.000522531394381076,0.000527093943674117,0.000531499739736319,0.000534188118763268,0.000536077190190554,0.000535694998688996,0.000527632131706923,0.000445551529992372,0.000125147154903971,-9999,-9999,-9999,-9999,-9999,5.25673240190372E-05,5.31355726707261E-05,0.000101360987173393,0.000150320600369014,0.000114149770524818,7.68740574130788E-05,5.0691312935669E-05,3.27591878885869E-05,-9999,-9999,-9999,-9999,-9999,-9999,-9999,-9999,-9999,-9999,-9999,-9999,-9999,-9999,-9999,-9999,-9999,-9999,-9999,-9999,-9999,-9999,-9999
-9999,-9999,-9999,-9999,-9999,-9999,-9999,-9999,-9999,-9999,-9999,-9999,-9999,-9999,-9999,-9999,-9999,-9999,-9999,-9999,-9999,-9999,-9999,2.65686685452238E-05,3.39401958626695E-05,-9999,-9999,-9999,-9999,2.79804316960508E-05,2.63384354184382E-05,1.05019553302554E-05,5.24903516634367E-05,5.54732650925871E-06,4.6771987399552E-05,8.20690765976906E-05,0.000147225626278669,6.40357611700892E-05,3.8570990000153E-05,-9999,3.94018570659682E-05,4.12920344388112E-05,-9999,-9999,8.02544891485013E-05,1.05004128272412E-05,6.21595972916111E-06,3.81574227503734E-06,-9999,-9999,-9999,-9999,-9999,-9999,-9999,-9999,-9999,1.54254248627694E-05,9.73746136878617E-06,-9999,-9999,-9999,6.18099238636205E-06,4.07539446314331E-05,3.91183893952984E-05,3.86756582884118E-05,3.70255329471547E-05,3.46823217114434E-05,4.50586667284369E-05,0.000276476639555767,0.000585945323109627,0.000615104392636567,0.000607121735811234,0.00059607852017507,0.000582822831347585,0.00056986534036696,0.000558602274395525,0.000548151030670851,0.000539538916200399,0.000532209407538176,0.000523879018146545,0.000497939705383033,0.000502120121382177,0.000508822675328702,0.000511500693392009,0.000514241401106119,0.000519463967066258,0.000525130657479167,0.000530270684976131,0.000533380196429789,0.000535496394149959,0.000536470382940024,0.000533922226168215,0.000510956917423755,0.000149598796269856,2.63854963122867E-05,3.8317016333167E-06,2.65066728388774E-06,4.05783293899731E-06,0.000126788785564713,0.000251068035140634,0.000326665613101795,0.000366455147741362,0.00031456709257327,0.000298668339382857,0.00022778361744713,0.000137783878017217,4.50675652245991E-05,3.28677306242753E-05,3.33632633555681E-05,-9999,-9999,-9999,-9999,-9999,-9999,-9999,-9999,-9999,-9999,-9999,-9999,-9999,-9999,-9999,-9999,-9999,-9999,-9999,-9999,-9999
-9999,-9999,-9999,-9999,-9999,-9999,-9999,-9999,-9999,-9999,-9999,-9999,-9999,-9999,-9999,-9999,-9999,-9999,-9999,-9999,-9999,-9999,3.98453667003196E-05,4.68480939161964E-05,3.17503545375075E-05,3.18451639031991E-05,3.50490663549863E-05,4.0413586248178E-05,7.58808237151243E-05,0.000113936541310977,8.557723776903E-05,0.000201684932108037,0.000276987149845809,0.000298311992082745,0.000342480256222188,0.000296226877253503,0.000293733726721257,0.000267469527898356,0.000154168184963055,0.00011779061605921,3.81608697352931E-05,2.35878542298451E-05,1.99105361389229E-05,2.72940396826016E-05,8.00488305685576E-06,5.53968402527971E-06,5.26007897860836E-06,4.94923187943641E-06,3.14684393742937E-06,-9999,-9999,-9999,-9999,-9999,-9999,-9999,-9999,6.38350466033444E-05,5.71866112295538E-05,5.25277500855736E-05,-9999,-9999,3.98357115045656E-05,4.04946113121696E-05,4.00992066715844E-05,3.85983803425916E-05,3.61743659595959E-05,4.17590636061504E-05,0.00013581539678853,0.000385255116270855,0.000590217998251319,0.000612811651080847,0.000602902087848634,0.000591887277550995,0.000578956678509712,0.000565930269658566,0.000554431113414466,0.000544439244549721,0.000535696570295841,0.000529071083292365,0.000496446504257619,0.00025779232964851,0.000304681743727997,0.000422637443989515,0.000489600526634604,0.000510366284288466,0.000516110449098051,0.000522303336765617,0.000527532713022083,0.00053056504111737,0.000534254999365658,0.000536915846168995,0.000533853366505355,0.000499583082273602,0.000239838016568683,0.000193848725757562,1.57618214871036E-05,3.92436277252273E-06,0.00019203225383535,0.00044757331488654,0.000500301306601614,0.000533298356458545,0.000528687902260572,0.000513588602188975,0.000494938634801656,0.000407916319090873,0.000262145913438872,0.000136724105686881,5.00880341860466E-05,3.27567759086378E-05,-9999,-9999,-9999,-9999,-9999,-9999,-9999,-9999,-9999,-9999,-9999,-9999,-9999,-9999,-9999,-9999,-9999,-9999,-9999,-9999,-9999
-9999,-9999,-9999,-9999,-9999,-9999,-9999,-9999,-9999,-9999,-9999,-9999,-9999,-9999,-9999,-9999,-9999,-9999,-9999,-9999,-9999,-9999,3.96238137909677E-05,4.71741150249727E-05,3.97932344640139E-05,4.1018400224857E-05,0.000151444881339557,0.000301359017612413,0.000397654832340777,0.000349541165633127,0.000348271511029452,0.000279832893284038,0.000300627027172595,0.000344467902323231,0.000320077087963,0.000363769417162985,0.000430463231168687,0.000427732768002898,0.000446088553871959,0.000396155402995646,0.000277517683571205,0.000178972404683009,7.37456939532422E-05,2.80640815617517E-05,1.38804489324684E-05,6.2764606809651E-06,6.28949419478886E-06,6.21192066319054E-06,4.12064855481731E-06,4.04466618419974E-06,4.0383333725913E-06,-9999,-9999,-9999,-9999,-9999,-9999,-9999,5.10307363583706E-05,4.57611095043831E-05,4.16269140259828E-05,3.80852070520632E-05,3.92199981433805E-05,3.96374962292612E-05,3.94212438550312E-05,3.75798481400125E-05,4.35720467066858E-05,0.000138645773404278,0.000372127164155245,0.000587995804380625,0.000617308483924717,0.000607456197030842,0.000596473284531385,0.000585531292017549,0.000572895398363471,0.000560074055101722,0.0005495126824826,0.000540730077773333,0.000532879435922951,0.000475810316856951,6.50526635581627E-06,3.54120970769145E-06,3.52823303728655E-06,3.52092865796294E-06,4.06417966587469E-05,0.000335489487042651,0.000500851660035551,0.000518161919899285,0.000523863243870437,0.000528617645613849,0.000533275655470788,0.000536839012056589,0.000535251048859209,0.000495027867145836,0.000506506825331599,0.000526438932865858,0.00046641263179481,0.00025198477669619,0.000513145001605153,0.000567805720493197,0.00057868636213243,0.000574476027395576,0.000561054155696183,0.000553559511899948,0.000542651396244764,0.000493444968014956,0.000369510817108676,0.000241887886659242,7.50031031202525E-05,3.16943442157935E-05,1.63232161867199E-05,-9999,-9999,-9999,-9999,-9999,-9999,-9999,-9999,-9999,-9999,-9999,-9999,-9999,-9999,-9999,-9999,-9999,-9999,-9999,-9999
-9999,-9999,-9999,-9999,-9999,-9999,-9999,-9999,-9999,-9999,-9999,-9999,-9999,-9999,-9999,-9999,-9999,-9999,-9999,-9999,-9999,-9999,3.85592356906272E-05,4.8097936087288E-05,7.54509310354479E-05,0.000345294771250337,0.000446789257694036,0.000493366445880383,0.000468871876364574,0.00037209817674011,0.000370031135389581,0.000414656562497839,0.000435918103903532,0.000456544163171202,0.000518962740898132,0.000516138796228915,0.000533180078491569,0.000549083342775702,0.000580985739361495,0.000542915309779346,0.000480758724734187,0.000300431391224265,0.000158610608195886,9.16877688723616E-05,7.91814891272224E-05,8.87891073944047E-05,7.79191323090345E-05,5.37639134563506E-05,5.46711817150936E-06,5.59582440473605E-06,5.65221262149862E-06,-9999,-9999,-9999,-9999,4.01521865569521E-05,4.09436543122865E-05,4.23525780206546E-05,4.36442787759006E-05,4.02589794248343E-05,4.5161181333242E-05,3.52093302353751E-05,3.02999706036644E-05,1.89205220522126E-05,5.28679884155281E-05,0.000173767737578601,8.14895320218056E-05,0.000449673272669315,0.000630689668469131,0.000622284831479192,0.00061132968403399,0.000600458239205182,0.000589449307881296,0.000578512263018638,0.00056532840244472,0.000554445199668407,0.000547041010577232,0.000512125319801271,3.62042078450031E-06,3.59633804691839E-06,3.58110060005856E-06,2.38870188695728E-06,2.3814027372282E-06,2.37768358601897E-06,3.54486019205069E-06,1.32123459479772E-05,0.000173563050338998,0.000457360118161887,0.000516859407071024,0.000526011863257736,0.000531359168235213,0.000535381899680942,0.000539653061423451,0.000544550421182066,0.000549832067918032,0.000555107835680246,0.000553507474251091,0.000558216706849635,0.000573320197872818,0.000585996545851231,0.000590831274166703,0.000587397778872401,0.000581460015382618,0.00057589024072513,0.000552400771994144,0.000531078723724931,0.000448260048869997,0.000348699453752488,0.000159815608640201,5.93735967413522E-05,7.09927871866967E-06,4.57858413938084E-06,-9999,-9999,-9999,-9999,-9999,-9999,-9999,-9999,-9999,-9999,-9999,-9999,-9999,-9999,-9999,-9999,-9999,-9999,-9999
-9999,-9999,-9999,-9999,-9999,-9999,-9999,-9999,-9999,-9999,-9999,-9999,-9999,-9999,-9999,-9999,-9999,-9999,-9999,-9999,-9999,3.50660775438882E-05,4.1510949813528E-05,0.000161319447215647,0.000441339885583147,0.00057607697090134,0.000575818936340511,0.000533857673872262,0.000464671989902854,0.000547724310308695,0.000544200593139976,0.000560528074856848,0.000558107276447117,0.00055567774688825,0.00058833829825744,0.000616199627984315,0.000626581080723554,0.000622746534645557,0.000643114268314093,0.000638771220110357,0.000623053056187928,0.000510445097461343,0.000198553359950893,0.000124216225231066,0.00015278511273209,0.000138768082251772,0.000124858808703721,0.000126156490296125,0.000125087375636213,8.99112274055369E-05,5.79010011279024E-05,3.90095956390724E-05,3.92739893868566E-05,4.00313401769381E-05,4.0818216803018E-05,3.76966600015294E-05,4.26920887548476E-05,3.80449928343296E-05,3.84835875593126E-05,4.37013441114686E-05,0.000178339949343354,0.000378526514396071,0.000183960306458175,5.16991167387459E-06,5.10913696416537E-06,4.91716082251514E-06,1.9156776033924E-05,0.0001746661728248,0.000627381436061114,0.000616971112322062,0.000606750603765249,0.000592676806263626,0.000581143889576197,0.000499457761179656,2.11533424590016E-05,3.77468950318871E-06,3.7136869650567E-06,3.6742283100466E-06,2.43739486904815E-06,2.42136320594E-06,2.41061115957564E-06,1.60937406690209E-06,1.606318960512E-06,1.60644356128614E-06,2.39767791754275E-06,3.57607291334716E-06,2.31470821745461E-05,0.000152435954078101,0.000419174612034112,0.000511819671373814,0.000527073047123849,0.000532129837665707,0.000536215375177562,0.000541100045666099,0.000547952833585441,0.000554584723431617,0.000560604268684983,0.000566960545256734,0.000575077487155795,0.000582319451496005,0.000584861321840435,0.000586069421842694,0.000585712608881295,0.000584908470045775,0.000576416845433414,0.000547440140508115,0.000515680178068578,0.000395796319935471,0.000235477156820707,0.000131178196170367,3.61869715561625E-05,4.48795162810711E-06,4.63929200122948E-06,8.93452488526236E-06,-9999,-9999,-9999,-9999,-9999,-9999,-9999,-9999,-9999,-9999,-9999,-9999,-9999,-9999,-9999,-9999,-9999
-9999,-9999,-9999,-9999,-9999,-9999,-9999,-9999,-9999,-9999,-9999,-9999,-9999,-9999,-9999,-9999,-9999,-9999,-9999,-9999,-9999,6.93124311510473E-05,0.000389643537346274,0.000571444281376898,0.000641446327790618,0.000609004811849445,0.000571520766243339,0.000549528107512742,0.00058383890427649,0.00062843383057043,0.000662930950056762,0.000659070909023285,0.000677611213177443,0.000692438916303217,0.000681010656990111,0.000706402235664427,0.000702277175150812,0.000691330234985799,0.000697381154168397,0.000696364208124578,0.000680960016325116,0.000664321938529611,0.000626252382062376,0.000562879664357752,0.00049663707613945,0.000397374737076461,0.00025199368246831,0.000137585695483722,0.000151330925291404,0.00012449431233108,9.17637444217689E-05,6.01865212956909E-05,5.40917753824033E-05,4.35452129750047E-05,4.35162437497638E-05,6.67818312649615E-05,5.95607125433162E-05,5.87226641073357E-05,9.03669933904894E-05,0.000395992945414037,0.000653182039968669,0.000713120214641094,0.000694150861818343,0.000219306675717235,4.85697273688857E-06,4.73290492664091E-06,4.54583096143324E-06,0.00063493859488517,0.000624772161245346,0.000614859105553478,0.000437451497418806,4.05543050874257E-06,3.99400641981629E-06,3.95964616473066E-06,-9999,-9999,-9999,-9999,-9999,-9999,-9999,1.08141216514923E-06,1.0810254025273E-06,1.61588332048268E-06,2.41274187828822E-06,3.60039666702505E-06,8.1674697867129E-06,4.98869085276965E-05,0.000200318114366382,0.00042939669219777,0.000515717605594546,0.000527307216543704,0.000531439727637917,0.00053824606584385,0.000544683658517897,0.000550764030776918,0.000556845800019801,0.000563990673981607,0.000570335250813514,0.000575194077100605,0.000577479251660407,0.00057872902834788,0.000581493542995304,0.000586437119636685,0.000583701359573752,0.000567990879062563,0.000531627796590328,0.000461931864265352,0.000354295363649726,0.000214283048990183,0.000117148003482725,3.79536104446743E-05,2.58283835137263E-05,2.09901209018426E-05,2.81816955975955E-05,-9999,-9999,-9999,-9999,-9999,-9999,-9999,-9999,-9999,-9999,-9999,-9999,-9999,-9999,-9999,-9999
-9999,-9999,-9999,-9999,-9999,-9999,-9999,-9999,-9999,-9999,-9999,-9999,-9999,-9999,-9999,-9999,-9999,-9999,-9999,3.61675811291207E-05,9.80499607976526E-05,0.000545241578947753,0.00065109774004668,0.00065181270474568,0.000637290242593735,0.000664183113258332,0.000648610992357135,0.000644873070996255,0.000686525017954409,0.000689804437570274,0.00069954467471689,0.000708008767105639,0.000699912081472576,0.000690416491124779,0.000705638260114938,0.000711858039721847,0.000707920407876372,0.000698423769790679,0.000700574833899736,0.000703150813933462,0.000702028744854033,0.000695872004143894,0.000693058129400015,0.000679105753079057,0.000664800871163607,0.000631180126219988,0.000590566953178495,0.000550380209460855,0.000428686646046117,0.000284657842712477,0.000121382814540993,0.000121306693472434,0.000133346416987479,0.000145982616231777,0.000190597027540207,0.00028278210083954,0.000426890619564801,0.000467229110654444,0.000579290033783764,0.000689262233208865,0.000712726439815015,0.000712460197973996,0.000707945844624192,0.000707010040059686,1.73387725226348E-05,0.000661631114780903,0.00066619407152757,0.000642650760710239,0.000495694112032652,1.07432806544239E-05,4.20097194364644E-06,-9999,-9999,-9999,-9999,-9999,-9999,-9999,-9999,-9999,-9999,-9999,-9999,1.08801293663419E-06,1.6248857264145E-06,2.42866417465848E-06,3.62371724804689E-06,2.49874010478379E-05,0.000101557547168341,0.000285625777905807,0.000469582329969853,0.000520522939041257,0.000528617820236832,0.000532240199390799,0.00053709140047431,0.000542872643563896,0.00054899777751416,0.000555413425900042,0.000560899497941136,0.000564704940188676,0.000567085924558342,0.000568416726309806,0.00056934158783406,0.000573045748751611,0.000575559854041785,0.000568239891435951,0.000552481389604509,0.000527134747244418,0.000475037784781307,0.000329166941810399,0.000179692375240847,0.000128410159959458,8.1006066466216E-05,3.17690501105972E-05,3.08783346554264E-05,-9999,-9999,-9999,-9999,-9999,-9999,-9999,-9999,-9999,-9999,-9999,-9999,-9999,-9999,-9999,-9999
-9999,-9999,-9999,-9999,-9999,-9999,-9999,-9999,-9999,-9999,-9999,-9999,-9999,-9999,-9999,-9999,-9999,-9999,0.000107610147097148,0.00027121405582875,0.00061572203412652,0.000695302558597177,0.000695547612849623,0.000712662469595671,0.000718970142770559,0.000709023617673665,0.000742684118449688,0.000752146355807781,0.000742810312658548,0.000731848063878715,0.000720881042070687,0.00070726644480601,0.000694676768034697,0.000710486376192421,0.000707121624145657,0.000716793118044734,0.000713427260052413,0.000714621273800731,0.000708017265424132,0.000705149490386248,0.00070257909828797,0.000699271622579545,0.000697450945153832,0.000695417111273855,0.000691503519192338,0.000682137266267091,0.000670916808303446,0.000649556692223996,0.000615129189100116,0.000536786392331123,0.000337420700816438,0.000187534707947634,0.000239681641687639,0.000436898379120976,0.000523013644851744,0.000565876660402864,0.00056843482889235,0.000620667007751763,0.000685892126057297,0.000701266806572676,0.000701677869074047,0.000696179980877787,0.000690773827955127,0.000685591658111662,0.000675141636747867,0.00066479085944593,0.000627508270554245,9.42728820518823E-06,-9999,-9999,-9999,-9999,-9999,-9999,-9999,-9999,-9999,-9999,-9999,-9999,-9999,-9999,-9999,-9999,-9999,2.43812746703043E-06,3.63878621101321E-06,1.09277016235865E-05,5.03648116136901E-05,0.000169683422427624,0.000372848531696945,0.000503214308992028,0.000523221795447171,0.00052787340246141,0.000530253397300839,0.000533400743734092,0.000538273307029158,0.00054395676124841,0.000548495852854103,0.000551506178453565,0.000552702229470015,0.000553743040654808,0.000555798644199967,0.0005581941222772,0.000561786408070475,0.000559195119421929,0.00054447608999908,0.000524590024724603,0.000498851062729955,0.000439844443462789,0.000288122450001538,0.000177792127942666,7.12242108420469E-05,3.4815489925677E-05,3.09859060507733E-05,-9999,-9999,-9999,-9999,-9999,-9999,-9999,-9999,-9999,-9999,-9999,-9999,-9999,-9999,-9999,-9999
-9999,-9999,-9999,-9999,-9999,-9999,-9999,-9999,-9999,-9999,-9999,-9999,5.47728905075928E-06,1.61458847287577E-05,-9999,3.70188354281709E-05,7.8124379797373E-05,0.000292675569653511,0.000541634974069893,0.000658114731777459,0.000738030765205622,0.000758908863645047,0.000767485122196376,0.000767009798437357,0.00076210789848119,0.000763720425311476,0.000762300798669457,0.000755630724597722,0.000752019695937634,0.000743119569960982,0.000733015593141317,0.000726110709365457,0.000723779259715229,0.000722682452760637,0.000720233540050685,0.000719781732186675,0.000716900452971458,0.000713528948836029,0.00070843513822183,0.000702559307683259,0.000696986448019743,0.000691583729349077,0.000688613450620323,0.00068755482789129,0.000686470826622099,0.000684149912558496,0.000680754019413143,0.000675228540785611,0.000666953681502491,0.000649729161523283,0.000604883709456772,0.000508978380821645,0.000446035643108189,0.000482960866065696,0.000516905798576772,0.000559500767849386,0.000603055290412158,0.000670834444463253,0.000688479281961918,0.000683266553096473,0.000684344267938286,0.000683160033077002,0.000679296965245157,0.000674358569085598,0.000667992339003831,0.000665406289044768,7.40551558919833E-06,-9999,-9999,-9999,-9999,-9999,-9999,-9999,-9999,-9999,-9999,-9999,-9999,-9999,-9999,-9999,-9999,-9999,-9999,-9999,2.44563534579356E-06,3.64624611393083E-06,1.78982500074198E-05,8.01190835773014E-05,0.000243582500843331,0.000443237251602113,0.000513610371854156,0.000522761198226362,0.000525935145560652,0.000525215873494744,0.000527544820215553,0.000531587225850672,0.00053467124234885,0.00053684163140133,0.000537366489879787,0.000536653446033597,0.00053792103426531,0.000542279682122171,0.000545770337339491,0.000545982155017555,0.000539397122338414,0.000525329436641186,0.000509225414134562,0.000469880469609052,0.000346551707480103,0.000187219455256127,7.64004435040988E-05,3.76270872948226E-05,3.00099854939617E-05,-9999,-9999,-9999,-9999,-9999,-9999,-9999,-9999,-9999,-9999,-9999,-9999,-9999,-9999,-9999,-9999
-9999,-9999,-9999,-9999,-9999,-9999,-9999,-9999,-9999,-9999,5.37312962478609E-06,5.35139088242431E-06,5.34274704477866E-06,5.93501390540041E-05,0.000143991448567249,0.0003800283302553,0.000576716265641153,0.000668583787046373,0.000730519415810704,0.000762916984967887,0.000774812360759825,0.00077634520130232,0.000774791347794235,0.00077208923175931,0.000768701429478824,0.000763387884944677,0.000758386682718992,0.00075222086161375,0.000745206431020051,0.000737280992325395,0.000729455088730901,0.000721801596228033,0.000716004346031696,0.000712692970409989,0.000709766056388617,0.000708376232068986,0.0007061060750857,0.000702079385519028,0.000696800881996751,0.000691107881721109,0.00068517797626555,0.000679084565490484,0.00067474355455488,0.000673098664265126,0.000672044174280018,0.000670375418849289,0.000668224703986198,0.000665644241962582,0.000662577804177999,0.000659647106658667,0.000656137766782194,0.000651415262836963,0.000647900626063347,0.000647004344500601,0.000651704322081059,0.000666269159410149,0.000674380105920136,0.000677927455399185,0.000678219366818666,0.000672852387651801,0.000171400548424572,4.5806418711436E-06,4.59743796454859E-06,1.23763838928426E-05,0.000302168802591041,3.42758030456025E-05,-9999,-9999,-9999,-9999,-9999,-9999,-9999,-9999,-9999,-9999,-9999,-9999,-9999,-9999,-9999,-9999,-9999,-9999,-9999,-9999,-9999,2.44690954787075E-06,3.64360084859072E-06,1.86312881851336E-05,9.58902237471193E-05,0.000286902912193909,0.000473646534373984,0.000516263709869236,0.000519084976986051,0.000519373163115233,0.000517569482326508,0.000518722634296864,0.000520036031957716,0.000522042391821742,0.000521978654433042,0.000521108799148351,0.000520328932907432,0.000524701550602913,0.000529053388163447,0.000530517601873726,0.000527244352269918,0.000520362344104797,0.000502535898704082,0.000464590528281406,0.000380064622731879,0.000242586189415306,9.00426093721762E-05,4.0500657632947E-05,2.89660765702138E-05,-9999,-9999,-9999,-9999,-9999,-9999,-9999,-9999,-9999,-9999,-9999,-9999,-9999,-9999,-9999,-9999
-9999,-9999,-9999,-9999,-9999,-9999,-9999,-9999,3.67383145203348E-05,3.66120038961526E-05,8.60245836520335E-06,1.43206416396424E-05,0.000104005230241455,0.000467358389869332,0.000635224976576865,0.000694311573170125,0.000737563648726791,0.000760616560000926,0.000768229772802442,0.000774024636484683,0.000775008229538798,0.000773187261074781,0.000770516169723123,0.000765796634368598,0.000760478898882866,0.000753988220822066,0.000746412202715874,0.000738248229026794,0.000730448053218424,0.000722271099220961,0.000714250316377729,0.000706509163137525,0.000700300966855139,0.000697766663506627,0.000694881367962807,0.000692853413056582,0.000689459033310413,0.000685154809616506,0.000679806224070489,0.000673231261316687,0.00066621950827539,0.000659576675388962,0.000655472918879241,0.000654214003589004,0.000652913586236537,0.000650978065095842,0.000648754823487252,0.000646428554318845,0.000643999665044248,0.000642339000478387,0.000641926366370171,0.000643886683974415,0.00064768164884299,0.000652509741485119,0.000658229342661798,0.000662492413539439,0.00066518341191113,0.00066730217076838,0.000667385174892843,0.000663592189084738,0.000645378197077662,4.5178762775322E-06,-9999,-9999,-9999,-9999,-9999,-9999,-9999,-9999,-9999,-9999,-9999,-9999,-9999,-9999,-9999,-9999,-9999,-9999,-9999,-9999,-9999,-9999,-9999,-9999,-9999,-9999,2.44254715653369E-06,3.63442404704983E-06,6.46885200694669E-06,5.20329231221694E-05,0.000236867883359082,0.000457363435998559,0.000508950266521424,0.000513040809892118,0.000510690966621041,0.000507568591274321,0.000505826261360198,0.000507249555084854,0.000507569347973913,0.00050761376041919,0.000507267424836755,0.000508206314407289,0.00051232916302979,0.000514616607688367,0.000513724866323173,0.000509705336298794,0.000496972352266312,0.000469868973596022,0.000404041114961728,0.000265406735707074,9.55855939537287E-05,3.90241912100464E-05,2.79569940175861E-05,-9999,-9999,-9999,-9999,-9999,-9999,-9999,-9999,-9999,-9999,-9999,-9999,-9999,-9999,-9999,-9999
-9999,-9999,-9999,-9999,-9999,-9999,-9999,-9999,3.59487494279165E-05,4.07816623919643E-05,4.46075100626331E-05,0.000171506428159773,0.000625804357696325,0.00071534764720127,0.000734183064196259,0.000750935985706747,0.000764869037084281,0.000771472696214914,0.000773311709053814,0.00077199109364301,0.000768953410442919,0.000765459262765944,0.000760532857384533,0.000754460983444005,0.000747598940506577,0.000739951909054071,0.000730630417820066,0.000720490992534906,0.000712800014298409,0.000706075574271381,0.000699033669661731,0.000691809924319386,0.000686028623022139,0.000682071200571954,0.000679553137160838,0.000676928146276623,0.000673412287142128,0.000668570981360972,0.000662538048345596,0.000655206211376935,0.000647799577564001,0.000640880258288234,0.000636131037026644,0.000633912277407944,0.000631531118415296,0.000629107933491468,0.000626937893684953,0.000625460816081613,0.000623820058535784,0.000622738269157708,0.000622680468950421,0.000625863205641508,0.000631223781965673,0.000637781340628862,0.000644409563392401,0.000649259600322694,0.000652255606837571,0.000653081806376576,0.000653448514640331,0.000653830706141889,0.000625098356977105,4.49224944532034E-06,-9999,-9999,-9999,-9999,-9999,-9999,-9999,-9999,-9999,-9999,-9999,-9999,-9999,-9999,-9999,-9999,-9999,-9999,-9999,-9999,-9999,-9999,-9999,-9999,-9999,-9999,-9999,-9999,3.61975844498374E-06,3.61049660568824E-06,7.31175805412931E-06,7.30260289856233E-05,0.000357400538632646,0.000494395208079368,0.000502608192618936,0.000499045418109745,0.000494978565257043,0.000493443105369806,0.000493663945235312,0.000493310333695263,0.000493692117743194,0.000494432169944048,0.000496735039632767,0.000499287794809788,0.000498724402859807,0.000497863162308931,0.000489322235807776,0.000471934152301401,0.00042766475235112,0.000270665739662945,0.000100768491392955,3.3446864108555E-05,2.77607232419541E-05,-9999,-9999,-9999,-9999,-9999,-9999,-9999,-9999,-9999,-9999,-9999,-9999,-9999,-9999,-9999,-9999
-9999,-9999,-9999,-9999,-9999,-9999,3.75168237951584E-05,3.69374538422562E-05,3.66642416338436E-05,0.000103323342045769,0.000480818940559402,0.000667171727400273,0.000733801862224936,0.000749276136048138,0.000760983151849359,0.000766592740546912,0.000769703416153789,0.000770031474530697,0.000768265570513904,0.000764111871831119,0.000758234818931669,0.000752453110180795,0.000746902427636087,0.000739814946427941,0.00073123152833432,0.000724177109077573,0.000714824767783284,0.000705657643266022,0.000697680748999119,0.000690045999363065,0.000681724690366536,0.000675632036291063,0.000671075191348791,0.000666942971292883,0.00066361203789711,0.000660537043586373,0.000656903896015137,0.000652850198093802,0.000647068023681641,0.000639946199953556,0.000632025999948382,0.000625943124759942,0.000620419916231185,0.000616713252384216,0.000613595300819725,0.000611288065556437,0.000609190203249454,0.000607060734182596,0.000606893503572792,0.000606271030846983,0.000606839894317091,0.000610239629168063,0.000615301309153438,0.000622328370809555,0.000627962523140013,0.000633633986581117,0.000638809520751238,0.00064035935793072,0.000637329649180174,0.000306789908790961,4.44911302110995E-06,-9999,-9999,-9999,-9999,-9999,-9999,-9999,-9999,-9999,-9999,-9999,-9999,-9999,-9999,-9999,-9999,-9999,-9999,-9999,-9999,-9999,-9999,-9999,-9999,-9999,-9999,-9999,-9999,-9999,-9999,-9999,-9999,3.53771906702605E-06,9.86888153420296E-06,0.000164697674335912,0.000447224039817229,0.000489111349452287,0.000486365315737203,0.000481997063616291,0.000479501846712083,0.000479773647384718,0.000479910406284034,0.000481350085465237,0.000482730945805088,0.000484339077956975,0.00048394242185168,0.00048231243272312,0.00047702353913337,0.000466682511614636,0.000426208222052082,0.000302916625514627,0.000138081391924061,2.80040130746784E-05,-9999,-9999,-9999,-9999,-9999,-9999,-9999,-9999,-9999,-9999,-9999,-9999,-9999,-9999,-9999,-9999,-9999
-9999,-9999,-9999,-9999,-9999,-9999,3.72296999557875E-05,4.62561656604521E-05,0.000172254571225494,0.000577716098632663,0.000705895072314888,0.000741725729312748,0.000752849329728633,0.00075694581028074,0.000759477785322815,0.000761236413381994,0.000763179792556912,0.000763459887821227,0.000760839437134564,0.000754773966036737,0.000746400037314743,0.000739636248908937,0.000734226196072996,0.000726694765035063,0.00071777100674808,0.000710385385900736,0.000701133103575557,0.000691479130182415,0.000683508580550551,0.000675218354444951,0.000664965715259314,0.000659165438264608,0.000653107184916735,0.000647886074148118,0.000641477934550494,0.000638096767943352,0.000636708224192262,0.000635141332168132,0.000631054048426449,0.000626138877123594,0.000616919482126832,0.000612403207924217,0.00060678250156343,0.000603143009357154,0.00060082069830969,0.000600462430156767,0.000598478596657515,0.000599192280787975,0.00059844518546015,0.000600135768763721,0.000600416853558272,0.000604879052843899,0.000610956049058586,0.000502390845213085,0.000583767367061228,0.000501651898957789,1.38250734380563E-05,4.35563606515643E-06,4.37967810285045E-06,-9999,-9999,-9999,-9999,-9999,-9999,-9999,-9999,-9999,-9999,-9999,-9999,-9999,-9999,-9999,-9999,-9999,-9999,-9999,-9999,-9999,-9999,-9999,-9999,-9999,-9999,-9999,-9999,-9999,-9999,-9999,-9999,-9999,-9999,-9999,3.45942657986598E-06,3.41510940415901E-06,6.75550181767903E-05,0.000392196787288412,0.000474606000352651,0.000471498642582446,0.000467038684291765,0.000466073834104463,0.000467364385258406,0.000468404265120625,0.00046967837261036,0.000469685153802857,0.000468268757686019,0.00046662928070873,0.00046293786726892,0.000456813373602927,0.000431052292697132,0.000340916914865375,0.000144402380101383,3.72895519831218E-05,3.03113392874366E-05,2.38772281591082E-05,-9999,-9999,-9999,-9999,-9999,-9999,-9999,-9999,-9999,-9999,-9999,-9999,-9999,-9999,-9999
-9999,-9999,-9999,-9999,4.84576012240723E-05,5.32979211129714E-05,3.74399132851977E-05,0.000158603419549763,0.000612023228313774,0.000724974554032087,0.000751281098928303,0.00075294851558283,0.000751257641240954,0.000750415434595197,0.000750642968341708,0.00075222464511171,0.000754523614887148,0.000755211862269789,0.000752485764678568,0.000745805271435529,0.000736451882403344,0.000728987855836749,0.000725601916201413,0.000715214700903744,0.000706721970345825,0.000699735304806381,0.000688880973029882,0.000684173835907131,0.00067512592067942,0.000667047803290188,0.000655322161037475,0.000646222324576229,0.000638069468550384,0.000636805547401309,0.000627145753242075,0.000627035449724644,0.000627715373411775,0.000623590720351785,0.000625257089268416,8.52657467476092E-05,0.000427056569606066,0.000348498724633828,0.000592520402278751,0.000421628472395241,0.000543035916052759,0.000589223636779934,0.000590748502872884,0.000314518401864916,0.000100626399216708,0.000285455782432109,4.02250479965005E-05,3.4944067010656E-05,4.14245050706086E-06,4.16742250308744E-06,-9999,-9999,-9999,-9999,-9999,-9999,-9999,-9999,-9999,-9999,-9999,-9999,-9999,-9999,-9999,-9999,-9999,-9999,-9999,-9999,-9999,-9999,-9999,-9999,-9999,-9999,-9999,-9999,-9999,-9999,-9999,-9999,-9999,-9999,-9999,-9999,-9999,-9999,-9999,-9999,-9999,2.2404328774428E-06,3.27275802192162E-06,0.000105756371340249,0.000436589092714712,0.000460192997707054,0.000455441186204553,0.000453470624051988,0.000455521221738309,0.000456232577562332,0.000456312147434801,0.000455168832559139,0.000452923937700689,0.000450866180472076,0.000448811275418848,0.000444810924818739,0.000428012222982943,0.000327226473018527,0.000115786657261197,2.26865959120914E-05,2.28521312237717E-05,1.64806224347558E-05,2.41207926592324E-05,-9999,-9999,-9999,-9999,-9999,-9999,-9999,-9999,-9999,-9999,-9999,-9999,-9999,-9999
-9999,-9999,-9999,-9999,3.85909770557191E-05,5.91344251006376E-05,8.87137284735218E-05,0.000583972316235304,0.000736937392503023,0.000758541515097022,0.000756439403630793,0.000750371837057173,0.000745579600334167,0.000741494703106582,0.000739418203011155,0.000740192830562592,0.000742862874176353,0.000746932404581457,0.000745407654903829,0.000579670479055494,7.69369762565475E-06,4.9736963774194E-06,4.93082507091458E-06,4.88095156470081E-06,4.82741324958624E-06,4.77201865578536E-06,2.27039872697787E-05,4.65028824692126E-06,1.74660726770526E-05,4.51740606877138E-06,5.7814315368887E-05,0.000456062232842669,0.000603541964665055,0.000582915905397385,0.000621801766101271,0.000609155744314194,0.000618478283286095,0.000612362055107951,0.000176567322341725,4.23279061578796E-06,4.18953641201369E-06,4.15429030908854E-06,4.12412418882013E-06,4.10030315833865E-06,4.08098003390478E-06,4.06823210141738E-06,4.06149229092989E-06,-9999,-9999,-9999,-9999,-9999,-9999,-9999,-9999,-9999,-9999,-9999,-9999,-9999,-9999,-9999,-9999,-9999,-9999,-9999,-9999,-9999,-9999,-9999,-9999,-9999,-9999,-9999,-9999,-9999,-9999,-9999,-9999,-9999,-9999,-9999,-9999,-9999,-9999,-9999,-9999,-9999,-9999,-9999,-9999,-9999,-9999,-9999,-9999,-9999,3.1805893740966E-06,2.11918777495157E-05,0.000379150937078521,0.000445636920630932,0.000444438483100384,0.00044073408935219,0.000442277058027685,0.000442702497821301,0.000442017568275332,0.000440501258708537,0.000437627226347104,0.000435144262155518,0.000433319975854829,0.000430646818131208,0.000419500895077363,0.000350125454133376,0.000177208086824976,6.01597275817767E-05,1.0846807526832E-05,3.73565162590239E-05,2.28555418289034E-05,-9999,-9999,-9999,-9999,-9999,-9999,-9999,-9999,-9999,-9999,-9999,-9999,-9999,-9999
-9999,-9999,-9999,-9999,-9999,3.73171424143948E-05,0.000425461970735341,0.000733203254640102,0.000762528507038951,0.000761409057304263,0.00075326906517148,0.000744363060221076,0.000738530012313277,0.0007315807742998,0.000728270679246634,0.000731568725313991,0.000439858238678426,5.03095907333773E-06,5.04347190144472E-06,5.04533227285719E-06,-9999,-9999,-9999,-9999,-9999,-9999,-9999,-9999,-9999,-9999,-9999,-9999,-9999,1.6010133549571E-05,4.66017336293589E-05,4.02537298214156E-05,5.35386679985095E-05,4.26293945565703E-06,-9999,-9999,-9999,-9999,-9999,-9999,-9999,-9999,-9999,-9999,-9999,-9999,-9999,-9999,-9999,-9999,-9999,-9999,-9999,-9999,-9999,-9999,-9999,-9999,-9999,-9999,-9999,-9999,-9999,-9999,-9999,-9999,-9999,-9999,-9999,-9999,-9999,-9999,-9999,-9999,-9999,-9999,-9999,-9999,-9999,-9999,-9999,-9999,-9999,-9999,-9999,-9999,-9999,-9999,-9999,-9999,-9999,-9999,2.08166102311225E-06,3.03382216770842E-06,0.000321969826472923,0.000431612395914271,0.000431563501479104,0.000427875289460644,0.000430121086537838,0.000428506638854742,0.000427245046012104,0.000425586709752679,0.000423193530878052,0.000420895288698375,0.000418234674725682,0.000416095252148807,0.000411163084208965,0.00037237344076857,0.000242942784097977,7.16893264325336E-05,3.98817355744541E-05,2.45138944592327E-05,-9999,-9999,-9999,-9999,-9999,-9999,-9999,-9999,-9999,-9999,-9999,-9999,-9999,-9999,-9999
-9999,-9999,-9999,-9999,-9999,0.000147451573866419,0.000690629589371383,0.000762661395128816,0.000767441582866013,0.000759768765419722,0.00074957573087886,0.000738945440389216,0.000729700608644634,0.00072395260212943,0.000719934876542538,8.25881215860136E-05,4.99897168992902E-06,3.35974777954107E-06,-9999,-9999,-9999,-9999,-9999,-9999,-9999,-9999,-9999,-9999,-9999,-9999,-9999,-9999,-9999,-9999,-9999,-9999,-9999,-9999,-9999,-9999,-9999,-9999,-9999,-9999,-9999,-9999,-9999,-9999,-9999,-9999,-9999,-9999,-9999,-9999,-9999,-9999,-9999,-9999,-9999,-9999,-9999,-9999,-9999,-9999,-9999,-9999,-9999,-9999,-9999,-9999,-9999,-9999,-9999,-9999,-9999,-9999,-9999,-9999,-9999,-9999,-9999,-9999,-9999,-9999,-9999,-9999,-9999,-9999,-9999,-9999,-9999,-9999,-9999,-9999,-9999,-9999,-9999,2.92811182589503E-06,0.000243232963839546,0.000418647454353049,0.000418722425820306,0.000415878661442548,0.000417118309997022,0.000414228881709278,0.000412159832194448,0.00041062937816605,0.000409311731345952,0.000407435349188745,0.000405172031605616,0.000402793462853879,0.000398561474867165,0.000382403522962704,0.000275874859653413,0.000138988631078973,2.69027004833333E-05,1.96067394426791E-05,-9999,-9999,-9999,-9999,-9999,-9999,-9999,-9999,-9999,-9999,-9999,-9999,-9999,-9999,-9999
-9999,-9999,3.99984019168187E-05,3.93885493394919E-05,3.82252801500726E-05,0.000406605802709237,0.000751908228266984,0.000769917503930628,0.000766952987760305,0.000756534980610013,0.000745497643947601,0.000734293425921351,0.00072540738619864,0.000713292160071433,4.30506042903289E-05,4.97227301821113E-06,3.34070273311227E-06,-9999,-9999,-9999,-9999,-9999,-9999,-9999,-9999,-9999,-9999,-9999,-9999,-9999,-9999,-9999,-9999,-9999,-9999,-9999,-9999,-9999,-9999,-9999,-9999,-9999,-9999,-9999,-9999,-9999,-9999,-9999,-9999,-9999,-9999,-9999,-9999,-9999,-9999,-9999,-9999,-9999,-9999,-9999,-9999,-9999,-9999,-9999,-9999,-9999,-9999,-9999,-9999,-9999,-9999,-9999,-9999,-9999,-9999,-9999,-9999,-9999,-9999,-9999,-9999,-9999,-9999,-9999,-9999,-9999,-9999,-9999,-9999,-9999,-9999,-9999,-9999,-9999,-9999,-9999,-9999,2.8449662750063E-06,0.000140753021696582,0.000406174309318885,0.000407695712056011,0.000403589976485819,0.000401804456487298,0.000400390417780727,0.000397211668314412,0.000396826100768521,0.000396225252188742,0.000394884613342583,0.000392635207390413,0.000390054658055305,0.000387033098377287,0.000376601470634341,0.000331285002175719,0.000209696794627234,0.00011212322715437,2.54872466030065E-05,-9999,-9999,-9999,-9999,-9999,-9999,-9999,-9999,-9999,-9999,-9999,-9999,-9999,-9999,-9999
-9999,-9999,-9999,-9999,4.71474377263803E-05,0.000637535704299808,0.000764379627071321,0.000771518039982766,0.000764216121751815,0.000751572893932462,0.000740523217245936,0.00073089194484055,0.000724014709703624,6.2171406170819E-05,4.95773338116123E-06,3.32698846250423E-06,-9999,-9999,-9999,-9999,-9999,-9999,-9999,-9999,-9999,-9999,-9999,-9999,-9999,-9999,-9999,-9999,-9999,-9999,-9999,-9999,-9999,-9999,-9999,-9999,-9999,-9999,-9999,-9999,-9999,-9999,-9999,-9999,-9999,-9999,-9999,-9999,-9999,-9999,-9999,-9999,-9999,-9999,-9999,-9999,-9999,-9999,-9999,-9999,-9999,-9999,-9999,-9999,-9999,-9999,-9999,-9999,-9999,-9999,-9999,-9999,-9999,-9999,-9999,-9999,-9999,-9999,-9999,-9999,-9999,-9999,-9999,-9999,-9999,-9999,-9999,-9999,-9999,-9999,-9999,-9999,-9999,2.77287813332805E-06,7.33818233129568E-05,0.000392891233786941,0.000395509734516963,0.000392830581404269,0.000389212422305718,0.000387623440474272,0.000383924372727051,0.000383878301363438,0.000384469516575336,0.000383084290660918,0.000380587327526882,0.000378028169507161,0.000374481169274077,0.000368575070751831,0.000351691036485136,0.000304788671201095,0.000189252183190547,5.62727145734243E-05,-9999,-9999,-9999,-9999,-9999,-9999,-9999,-9999,-9999,-9999,-9999,-9999,-9999,-9999,-9999
-9999,-9999,-9999,-9999,9.98028845060617E-05,0.00069315533619374,0.0007677007233724,0.000770197191741318,0.000760823604650795,0.000746647943742573,0.000736396701540798,0.000728652812540531,0.000487885059555992,4.95615586260101E-06,3.32152762894111E-06,-9999,-9999,-9999,-9999,-9999,-9999,-9999,-9999,-9999,-9999,-9999,-9999,-9999,-9999,-9999,-9999,-9999,-9999,-9999,-9999,-9999,-9999,-9999,-9999,-9999,-9999,-9999,-9999,-9999,-9999,-9999,-9999,-9999,-9999,-9999,-9999,-9999,-9999,-9999,-9999,-9999,-9999,-9999,-9999,-9999,-9999,-9999,-9999,-9999,-9999,-9999,-9999,-9999,-9999,-9999,-9999,-9999,-9999,-9999,-9999,-9999,-9999,-9999,-9999,-9999,-9999,-9999,-9999,-9999,-9999,-9999,-9999,-9999,-9999,-9999,-9999,-9999,-9999,-9999,-9999,-9999,-9999,2.70795908363652E-06,2.93272114504362E-05,0.000377662188839167,0.000382978410925716,0.000382305821403861,0.000377684860723093,0.000374692754121497,0.000372367474483326,0.000370991416275501,0.000371695641661063,0.000370192457921803,0.000368470093235373,0.000365977233741432,0.000362848950317129,0.000358819786924869,0.0003512516268529,0.000334927957737818,0.000280220847344026,0.000150636886246502,2.05357882805401E-05,-9999,-9999,-9999,-9999,-9999,-9999,-9999,-9999,-9999,-9999,-9999,-9999,-9999,-9999
-9999,-9999,-9999,-9999,8.08671611594036E-05,0.000682909565512091,0.000766874116379768,0.000767574238125235,0.000757040514145046,0.000743147451430559,0.00073389703175053,0.000726972648408264,4.95519316245918E-06,3.31985393131617E-06,2.22517769543629E-06,-9999,-9999,-9999,-9999,-9999,-9999,-9999,-9999,-9999,-9999,-9999,-9999,-9999,-9999,-9999,-9999,-9999,-9999,-9999,-9999,-9999,-9999,-9999,-9999,-9999,-9999,-9999,-9999,-9999,-9999,-9999,-9999,-9999,-9999,-9999,-9999,-9999,-9999,-9999,-9999,-9999,-9999,-9999,-9999,-9999,-9999,-9999,-9999,-9999,-9999,-9999,-9999,-9999,-9999,-9999,-9999,-9999,-9999,-9999,-9999,-9999,-9999,-9999,-9999,-9999,-9999,-9999,-9999,-9999,-9999,-9999,-9999,-9999,-9999,-9999,-9999,-9999,-9999,-9999,-9999,-9999,-9999,1.76174296484533E-06,2.60114393313415E-06,0.000358002376742661,0.000371997826732695,0.000371559639461339,0.000367963104508817,0.000362574559403583,0.000360957870725542,0.000359537021722645,0.000358488643541932,0.000357698765583336,0.000356385775376111,0.000354589195922017,0.000351613387465477,0.000347697292454541,0.000343545427313074,0.000335719814756885,0.000310324889142066,0.000224587332922965,7.00770615367219E-05,1.59754508786136E-05,-9999,-9999,-9999,-9999,-9999,-9999,-9999,-9999,-9999,-9999,-9999,-9999,-9999
-9999,-9999,-9999,-9999,4.20885917264968E-05,0.000621546525508165,0.000763183285016567,0.000765270437113941,0.000755822286009789,0.000742294709198177,0.000732935674022883,0.000724319717846811,4.94985215482302E-06,3.31669866682205E-06,-9999,-9999,-9999,-9999,-9999,-9999,-9999,-9999,-9999,-9999,-9999,-9999,-9999,-9999,-9999,-9999,-9999,-9999,-9999,-9999,-9999,-9999,-9999,-9999,-9999,-9999,-9999,-9999,-9999,-9999,-9999,-9999,-9999,-9999,-9999,-9999,-9999,-9999,-9999,-9999,-9999,-9999,-9999,-9999,-9999,-9999,-9999,-9999,-9999,-9999,-9999,-9999,-9999,-9999,-9999,-9999,-9999,-9999,-9999,-9999,-9999,-9999,-9999,-9999,-9999,-9999,-9999,-9999,-9999,-9999,-9999,-9999,-9999,-9999,-9999,-9999,-9999,-9999,-9999,-9999,-9999,-9999,-9999,1.72689306054963E-06,2.5281956368417E-06,0.000338279874995351,0.000361318234354258,0.000360510050086305,0.000358824705472216,0.000353269279003143,0.000349553854903206,0.000348115223459899,0.000347061984939501,0.000347522698575631,0.000346285407431424,0.000344611471518874,0.000341349339578301,0.000337586330715567,0.000334303622366861,0.00032886175904423,0.000312838907120749,0.000275727594271302,0.000161852483870462,3.04712448269129E-05,2.18397835851647E-05,2.23562051360204E-06,-9999,-9999,-9999,-9999,-9999,-9999,-9999,-9999,-9999,-9999,-9999
-9999,-9999,-9999,-9999,3.76156895072199E-05,0.000336815952323377,0.000748030084650964,0.000763897318392992,0.00075814948650077,0.000747904181480408,0.000736777961719781,0.000728264392819256,1.09788961708546E-05,4.94284313390381E-06,-9999,-9999,-9999,-9999,-9999,-9999,-9999,-9999,-9999,-9999,-9999,-9999,-9999,-9999,-9999,-9999,-9999,-9999,-9999,-9999,-9999,-9999,-9999,-9999,-9999,-9999,-9999,-9999,-9999,-9999,-9999,-9999,-9999,-9999,-9999,-9999,-9999,-9999,-9999,-9999,-9999,-9999,-9999,-9999,-9999,-9999,-9999,-9999,-9999,-9999,-9999,-9999,-9999,-9999,-9999,-9999,-9999,-9999,-9999,-9999,-9999,-9999,-9999,-9999,-9999,-9999,-9999,-9999,-9999,-9999,-9999,-9999,-9999,-9999,-9999,-9999,-9999,-9999,-9999,-9999,-9999,-9999,-9999,-9999,2.45588012148801E-06,0.000323315121931955,0.000350953981978819,0.000349697831552476,0.000350160844391212,0.000344986299751326,0.000340563885401934,0.000339467165758833,0.000339138263370842,0.000338174984790385,0.000337411824148148,0.000335241027642041,0.000332428666297346,0.00032899749930948,0.00032596621895209,0.000322039442835376,0.000310594245092943,0.000283423927612603,0.000213541527045891,5.02605471410789E-05,1.7296875739703E-05,-9999,-9999,-9999,-9999,-9999,-9999,-9999,-9999,-9999,-9999,-9999,-9999
-9999,-9999,-9999,-9999,3.76510797650553E-05,0.000147367012687027,0.000692661153152585,0.000761008588597178,0.000758629583287984,0.000752715917769819,0.000743458222132176,0.000733607506845146,0.000496066350024194,4.93873631057795E-06,-9999,-9999,-9999,-9999,-9999,-9999,-9999,-9999,-9999,-9999,-9999,-9999,-9999,-9999,-9999,-9999,-9999,-9999,-9999,-9999,-9999,-9999,-9999,-9999,-9999,-9999,-9999,-9999,-9999,-9999,-9999,-9999,-9999,-9999,-9999,-9999,-9999,-9999,-9999,-9999,-9999,-9999,-9999,-9999,-9999,-9999,-9999,-9999,-9999,-9999,-9999,-9999,-9999,-9999,-9999,-9999,-9999,-9999,-9999,-9999,-9999,-9999,-9999,-9999,-9999,-9999,-9999,-9999,-9999,-9999,-9999,-9999,-9999,-9999,-9999,-9999,-9999,-9999,-9999,-9999,-9999,-9999,-9999,-9999,2.40345866586722E-06,0.000290156662231311,0.000342311977874488,0.000341204984579235,0.00034159782808274,0.00033922542934306,0.000334023905452341,0.000330054404912516,0.000330224051140249,0.000328733411151916,0.000327766349073499,0.000325790519127622,0.000323883316013962,0.00032113297493197,0.000318491394864395,0.000314347445964813,0.00030595128191635,0.000284128938801587,0.000245704461121932,9.36949654715136E-05,1.70264484040672E-05,1.53282744577155E-05,1.55113921209704E-05,-9999,-9999,-9999,-9999,-9999,-9999,-9999,-9999,-9999,-9999
-9999,-9999,-9999,-9999,-9999,4.14611640735529E-05,0.000565422000363469,0.00075462635140866,0.000757988425903022,0.000754298001993448,0.000747430778574198,0.000736879708711058,0.000725525489542633,4.93761308462126E-06,-9999,-9999,-9999,-9999,-9999,-9999,-9999,-9999,-9999,-9999,-9999,-9999,-9999,-9999,-9999,-9999,-9999,-9999,-9999,-9999,-9999,-9999,-9999,-9999,-9999,-9999,-9999,-9999,-9999,-9999,-9999,-9999,-9999,-9999,-9999,-9999,-9999,-9999,-9999,-9999,-9999,-9999,-9999,-9999,-9999,-9999,-9999,-9999,-9999,-9999,-9999,-9999,-9999,-9999,-9999,-9999,-9999,-9999,-9999,-9999,-9999,-9999,-9999,-9999,-9999,-9999,-9999,-9999,-9999,-9999,-9999,-9999,-9999,-9999,-9999,-9999,-9999,-9999,-9999,-9999,-9999,-9999,-9999,-9999,2.3654761207581E-06,0.00022961912327446,0.000332308583892882,0.000334243843099102,0.000333728065015748,0.000332111114403233,0.000326973909977823,0.000321629049722105,0.000321833096677437,0.000320257327985018,0.00031953101279214,0.000317477039061487,0.000315858225803822,0.00031373358797282,0.000311295472783968,0.000307971495203674,0.000302590371575207,0.000292411190457642,0.000234166262089275,0.000142618431709707,5.33113889105152E-05,3.59062032657675E-05,2.13542480196338E-05,1.55789621203439E-05,-9999,-9999,-9999,-9999,-9999,-9999,-9999,-9999,-9999
-9999,-9999,-9999,-9999,-9999,8.43895395519212E-06,0.000398967385990545,0.000738703063689172,0.000757039349991828,0.000754996028263122,0.00074965413659811,0.000739318085834384,0.000727095117326826,4.94442565468489E-06,-9999,-9999,-9999,-9999,-9999,-9999,-9999,-9999,-9999,-9999,-9999,-9999,-9999,-9999,-9999,-9999,-9999,-9999,-9999,-9999,-9999,-9999,-9999,-9999,-9999,-9999,-9999,-9999,-9999,-9999,-9999,-9999,-9999,-9999,-9999,-9999,-9999,-9999,-9999,-9999,-9999,-9999,-9999,-9999,-9999,-9999,-9999,-9999,-9999,-9999,-9999,-9999,-9999,-9999,-9999,-9999,-9999,-9999,-9999,-9999,-9999,-9999,-9999,-9999,-9999,-9999,-9999,-9999,-9999,-9999,-9999,-9999,-9999,-9999,-9999,-9999,-9999,-9999,-9999,-9999,-9999,-9999,-9999,-9999,2.34123831432953E-06,7.61053743190132E-05,0.000320879829814658,0.000327635993016884,0.000326652021612972,0.000324776658089831,0.000320333812851459,0.000315429613692686,0.000314392615109682,0.000313922966597602,0.000312496355036274,0.000309761730022728,0.000307969196001068,0.000306064990581945,0.000303909531794488,0.000301865977235138,0.000297900463920087,0.000284612411633134,0.000241509493207559,0.000200205395231023,0.000157735208631493,0.00013202078116592,3.95688439311925E-05,1.52077518578153E-05,-9999,-9999,-9999,-9999,-9999,-9999,-9999,-9999,-9999
-9999,-9999,-9999,-9999,-9999,5.18456272402545E-06,0.000286868627881631,0.000737046240828931,0.000755634449888021,0.000755118147935718,0.000750870618503541,0.000740405928809196,0.000720725860446692,4.95326457894407E-06,-9999,-9999,-9999,-9999,-9999,-9999,-9999,-9999,-9999,-9999,-9999,-9999,-9999,-9999,-9999,-9999,-9999,-9999,-9999,-9999,-9999,-9999,-9999,-9999,-9999,-9999,-9999,-9999,-9999,-9999,-9999,-9999,-9999,-9999,-9999,-9999,-9999,-9999,-9999,-9999,-9999,-9999,-9999,-9999,-9999,-9999,-9999,-9999,-9999,-9999,-9999,-9999,-9999,-9999,-9999,-9999,-9999,-9999,-9999,-9999,-9999,-9999,-9999,-9999,-9999,-9999,-9999,-9999,-9999,-9999,-9999,-9999,-9999,-9999,-9999,-9999,-9999,-9999,-9999,-9999,-9999,-9999,-9999,-9999,-9999,2.26355768973008E-06,0.000311201525619254,0.00031975086312741,0.000320436403853819,0.000318028265610337,0.000313863856717944,0.000308780232444406,0.000307578273350373,0.000307367095956579,0.000305584981106222,0.000303200649796054,0.000300917163258418,0.000299196544801816,0.000297060323646292,0.000295290752546862,0.000292977289063856,0.000283607165329158,0.000272042612778023,0.0002559577987995,0.000219007444684394,0.000138487346703187,5.22697737324052E-05,1.47921955431229E-05,-9999,-9999,-9999,-9999,-9999,-9999,-9999,-9999,-9999
-9999,-9999,-9999,-9999,-9999,-9999,0.000173993321368471,0.000737978843972087,0.000754097767639905,0.000754855922423303,0.00075023144017905,0.000738273141905665,0.00072981882840395,-9999,-9999,-9999,-9999,-9999,-9999,-9999,-9999,-9999,-9999,-9999,-9999,-9999,-9999,-9999,-9999,-9999,-9999,-9999,-9999,-9999,-9999,-9999,-9999,-9999,-9999,-9999,-9999,-9999,-9999,-9999,-9999,-9999,-9999,-9999,-9999,-9999,-9999,-9999,-9999,-9999,-9999,-9999,-9999,-9999,-9999,-9999,-9999,-9999,-9999,-9999,-9999,-9999,-9999,-9999,-9999,-9999,-9999,-9999,-9999,-9999,-9999,-9999,-9999,-9999,-9999,-9999,-9999,-9999,-9999,-9999,-9999,-9999,-9999,-9999,-9999,-9999,-9999,-9999,-9999,-9999,-9999,-9999,-9999,-9999,-9999,2.22352650780522E-06,0.000288381503196433,0.000312805292196572,0.000314934441121295,0.000312838878016919,0.000308937538648024,0.000304428598610684,0.000302177766570821,0.000301233434583992,0.000298970990115777,0.000296834885375574,0.000294553872663528,0.000292389740934595,0.000290369003778324,0.000288707175059244,0.000287884206045419,0.00028563043451868,0.000280389620456845,0.000262102927081287,0.000228118791710585,0.000170549028553069,8.80569859873503E-05,1.79412945726654E-05,-9999,-9999,-9999,-9999,-9999,-9999,-9999,-9999,-9999
-9999,-9999,-9999,-9999,-9999,-9999,0.000130784086650237,0.000737717666197568,0.00075456645572558,0.000754150794818997,0.000747287122067064,0.000735285750124604,0.000722791941370815,-9999,-9999,-9999,-9999,-9999,-9999,-9999,-9999,-9999,-9999,-9999,-9999,-9999,-9999,-9999,-9999,-9999,-9999,-9999,-9999,-9999,-9999,-9999,-9999,-9999,-9999,-9999,-9999,-9999,-9999,-9999,-9999,-9999,-9999,-9999,-9999,-9999,-9999,-9999,-9999,-9999,-9999,-9999,-9999,-9999,-9999,-9999,-9999,-9999,-9999,-9999,-9999,-9999,-9999,-9999,-9999,-9999,-9999,-9999,-9999,-9999,-9999,-9999,-9999,-9999,-9999,-9999,-9999,-9999,-9999,-9999,-9999,-9999,-9999,-9999,-9999,-9999,-9999,-9999,-9999,-9999,-9999,-9999,-9999,-9999,-9999,2.19174626181484E-06,0.00018990712123923,0.000307775830151513,0.000309890368953347,0.000307626323774457,0.000303773791529238,0.000299987819744274,0.000296331010758877,0.000296008511213586,0.000293674238491803,0.000291469623334706,0.000289100571535528,0.000287078350083902,0.00028496389859356,0.000283249042695388,0.000282402645098045,0.000281492189969867,0.000278211053228006,0.000269283074885607,0.000248455151449889,0.000191591971088201,0.000134206988150254,3.34422547894064E-05,1.74265078385361E-05,1.39676358230645E-05,-9999,-9999,-9999,-9999,-9999,-9999,-9999
-9999,-9999,-9999,-9999,-9999,-9999,0.000207701785257086,0.000748917285818607,0.000756472058128566,0.00075280579039827,0.000743655546102673,0.000732118205633014,0.000663230894133449,-9999,-9999,-9999,-9999,-9999,-9999,-9999,-9999,-9999,-9999,-9999,-9999,-9999,-9999,-9999,-9999,-9999,-9999,-9999,-9999,-9999,-9999,-9999,-9999,-9999,-9999,-9999,-9999,-9999,-9999,-9999,-9999,-9999,-9999,-9999,-9999,-9999,-9999,-9999,-9999,-9999,-9999,-9999,-9999,-9999,-9999,-9999,-9999,-9999,-9999,-9999,-9999,-9999,-9999,-9999,-9999,-9999,-9999,-9999,-9999,-9999,-9999,-9999,-9999,-9999,-9999,-9999,-9999,-9999,-9999,-9999,-9999,-9999,-9999,-9999,-9999,-9999,-9999,-9999,-9999,-9999,-9999,-9999,-9999,-9999,-9999,2.16534726860118E-06,1.27644443637109E-05,0.000303303299006075,0.000304230430629104,0.000302367116091773,0.00029818105394952,0.00029429083224386,0.000291131960693747,0.000290359079372138,0.000289106101263314,0.000286949856672436,0.000284276553429663,0.000281974935205653,0.000280135835055262,0.000278741965303198,0.00027740077348426,0.000276926904916763,0.000274253834504634,0.000267571012955159,0.00025135331088677,0.000221570749999955,0.000157255126396194,5.97233665757813E-05,2.96086054731859E-05,2.14468927879352E-05,1.36797352752183E-05,-9999,-9999,-9999,-9999,-9999,-9999
-9999,-9999,-9999,-9999,-9999,-9999,-9999,-9999,-9999,-9999,-9999,-9999,-9999,-9999,-9999,-9999,-9999,-9999,-9999,-9999,-9999,-9999,-9999,-9999,-9999,-9999,-9999,-9999,-9999,-9999,-9999,-9999,-9999,-9999,-9999,-9999,-9999,-9999,-9999,-9999,-9999,-9999,-9999,-9999,-9999,-9999,-9999,-9999,-9999,-9999,-9999,-9999,-9999,-9999,-9999,-9999,-9999,-9999,-9999,-9999,-9999,-9999,-9999,-9999,-9999,-9999,-9999,-9999,-9999,-9999,-9999,-9999,-9999,-9999,-9999,-9999,-9999,-9999,-9999,-9999,-9999,-9999,-9999,-9999,-9999,-9999,-9999,-9999,-9999,-9999,-9999,-9999,-9999,-9999,-9999,-9999,-9999,-9999,-9999,-9999,2.08992628358828E-06,0.000290888507151976,0.000298495753668249,0.000297045800834894,0.000293413118924946,0.000289595540380105,0.000286294904071838,0.000285644840914756,0.000285206653643399,0.000282544438960031,0.000280006672255695,0.000277795275906101,0.000275530648650602,0.000274313206318766,0.000273088575340807,0.000272410688921809,0.000271465687546879,0.00026782086933963,0.000257723440881819,0.000233507045777515,0.000171001302078366,9.08636138774455E-05,5.87884387641679E-05,4.395464566187E-05,2.3406020773109E-05,1.3337471500563E-05,-9999,-9999,-9999,-9999,-9999
-9999,-9999,-9999,-9999,-9999,-9999,-9999,-9999,-9999,-9999,-9999,-9999,-9999,-9999,-9999,-9999,-9999,-9999,-9999,-9999,-9999,-9999,-9999,-9999,-9999,-9999,-9999,-9999,-9999,-9999,-9999,-9999,-9999,-9999,-9999,-9999,-9999,-9999,-9999,-9999,-9999,-9999,-9999,-9999,-9999,-9999,-9999,-9999,-9999,-9999,-9999,-9999,-9999,-9999,-9999,-9999,-9999,-9999,-9999,-9999,-9999,-9999,-9999,-9999,-9999,-9999,-9999,-9999,-9999,-9999,-9999,-9999,-9999,-9999,-9999,-9999,-9999,-9999,-9999,-9999,-9999,-9999,-9999,-9999,-9999,-9999,-9999,-9999,-9999,-9999,-9999,-9999,-9999,-9999,-9999,-9999,-9999,-9999,-9999,-9999,2.05664127861382E-06,0.00021989710512571,0.000294127647066489,0.000291660922812298,0.000288576498860493,0.000284688343526796,0.00028111637220718,0.000281365006230772,0.000280992710031569,0.000278442486887798,0.000275349506409839,0.000273401878075674,0.000270967750111595,0.000270012358669192,0.000269195792498067,0.000269399373792112,0.000268699310254306,0.000266437884420156,0.000255783961620182,0.000229895464144647,0.00017604794993531,0.000112103698484134,8.24523303890601E-05,4.77788125863299E-05,3.17515878123231E-05,1.47288592415862E-05,1.30636481117108E-05,-9999,-9999,-9999,-9999
-9999,-9999,-9999,-9999,-9999,-9999,-9999,-9999,-9999,-9999,-9999,-9999,-9999,-9999,-9999,-9999,-9999,-9999,-9999,-9999,-9999,-9999,-9999,-9999,-9999,-9999,-9999,-9999,-9999,-9999,-9999,-9999,-9999,-9999,-9999,-9999,-9999,-9999,-9999,-9999,-9999,-9999,-9999,-9999,-9999,-9999,-9999,-9999,-9999,-9999,-9999,-9999,-9999,-9999,-9999,-9999,-9999,-9999,-9999,-9999,-9999,-9999,-9999,-9999,-9999,-9999,-9999,-9999,-9999,-9999,-9999,-9999,-9999,-9999,-9999,-9999,-9999,-9999,-9999,-9999,-9999,-9999,-9999,-9999,-9999,-9999,-9999,-9999,-9999,-9999,-9999,-9999,-9999,-9999,-9999,-9999,-9999,-9999,-9999,-9999,2.03343120119825E-06,5.20073353982298E-06,0.000290340802166611,0.000286867958493531,0.000284024979919195,0.000279969826806337,0.000277089129667729,0.000277418061159551,0.000276941689662635,0.00027470791246742,0.000271585304290056,0.000269490468781441,0.000267015944700688,0.000265805691014975,0.000265498354565352,0.000265705195488408,0.000263985188212246,0.000260851549683139,0.000252739351708442,0.000226474163355306,0.000187599391210824,0.000142190678161569,0.000102711463114247,6.24799940851517E-05,3.47137975040823E-05,1.81385821633739E-05,1.29122136058868E-05,-9999,-9999,-9999,-9999
-9999,-9999,-9999,-9999,-9999,-9999,-9999,-9999,-9999,-9999,-9999,-9999,-9999,-9999,-9999,-9999,-9999,-9999,-9999,-9999,-9999,-9999,-9999,-9999,-9999,-9999,-9999,-9999,-9999,-9999,-9999,-9999,-9999,-9999,-9999,-9999,-9999,-9999,-9999,-9999,-9999,-9999,-9999,-9999,-9999,-9999,-9999,-9999,-9999,-9999,-9999,-9999,-9999,-9999,-9999,-9999,-9999,-9999,-9999,-9999,-9999,-9999,-9999,-9999,-9999,-9999,-9999,-9999,-9999,-9999,-9999,-9999,-9999,-9999,-9999,-9999,-9999,-9999,-9999,-9999,-9999,-9999,-9999,-9999,-9999,-9999,-9999,-9999,-9999,-9999,-9999,-9999,-9999,-9999,-9999,-9999,-9999,-9999,-9999,-9999,-9999,1.98274960894196E-06,0.000266527262283489,0.000281824119156227,0.000279346335446462,0.000275673432042822,0.000273532641585916,0.000273234065389261,0.000272941077128053,0.000271054275799543,0.000267663272097707,0.000265421345829964,0.00026305127539672,0.000261459936155006,0.000261011620750651,0.000261523382505402,0.000261895183939487,0.000260423839790747,0.000251242076046765,0.000227472744882107,0.000191377999726683,0.000163518299814314,0.000116619681648444,6.16346296737902E-05,3.78727709176019E-05,1.78088866960024E-05,1.25613332784269E-05,-9999,-9999,1.14344666144461E-05,1.1402356904E-05
-9999,-9999,-9999,-9999,-9999,-9999,-9999,-9999,-9999,-9999,-9999,-9999,-9999,-9999,-9999,-9999,-9999,-9999,-9999,-9999,-9999,-9999,-9999,-9999,-9999,-9999,-9999,-9999,-9999,-9999,-9999,-9999,-9999,-9999,-9999,-9999,-9999,-9999,-9999,-9999,-9999,-9999,-9999,-9999,-9999,-9999,-9999,-9999,-9999,-9999,-9999,-9999,-9999,-9999,-9999,-9999,-9999,-9999,-9999,-9999,-9999,-9999,-9999,-9999,-9999,-9999,-9999,-9999,-9999,-9999,-9999,-9999,-9999,-9999,-9999,-9999,-9999,-9999,-9999,-9999,-9999,-9999,-9999,-9999,-9999,-9999,-9999,-9999,-9999,-9999,-9999,-9999,-9999,-9999,-9999,-9999,-9999,-9999,-9999,-9999,-9999,-9999,1.39543390105246E-05,0.000282310880720615,0.000275842321570963,0.000272915174718946,0.000270939664915204,0.000270547083346173,0.000269447162281722,0.000266900053247809,0.000263712252490222,0.000261450128164142,0.000259289430687204,0.000257880135904998,0.000257068400969729,0.000257249688729644,0.000257313309703022,0.000255520397331566,0.000246272393269464,0.00023489777231589,0.00021150050451979,0.00016866106307134,0.000115265269414522,7.26068610674702E-05,3.35588956659194E-05,1.93664727703435E-05,1.21058437798638E-05,1.16891606012359E-05,1.1510992408148E-05,1.13785199573613E-05,1.25509368444909E-05
-9999,-9999,-9999,-9999,-9999,-9999,-9999,-9999,-9999,-9999,-9999,-9999,-9999,-9999,-9999,-9999,-9999,-9999,-9999,-9999,-9999,-9999,-9999,-9999,-9999,-9999,-9999,-9999,-9999,-9999,-9999,-9999,-9999,-9999,-9999,-9999,-9999,-9999,-9999,-9999,-9999,-9999,-9999,-9999,-9999,-9999,-9999,-9999,-9999,-9999,-9999,-9999,-9999,-9999,-9999,-9999,-9999,-9999,-9999,-9999,-9999,-9999,-9999,-9999,-9999,-9999,-9999,-9999,-9999,-9999,-9999,-9999,-9999,-9999,-9999,-9999,-9999,-9999,-9999,-9999,-9999,-9999,-9999,-9999,-9999,-9999,-9999,-9999,-9999,-9999,-9999,-9999,-9999,-9999,-9999,-9999,-9999,-9999,-9999,-9999,-9999,-9999,-9999,0.000194952430319972,0.000276972452411428,0.000271172932116315,0.000270200776867568,0.000268785486696288,0.000267412542598322,0.000264143222011626,0.000260732253082097,0.00025791724328883,0.000255861319601536,0.000254570331890136,0.00025413537514396,0.000253371748840436,0.000252329919021577,0.000250436220085248,0.00024307583225891,0.000234793973504566,0.000213839783100411,0.000173736712895334,0.000129187799757347,5.97421203565318E-05,2.94630081043579E-05,1.67853850143729E-05,1.31659407998086E-05,1.15531966002891E-05,1.26904851640575E-05,1.38850118673872E-05,0.000113047171907965
-9999,-9999,-9999,-9999,-9999,-9999,-9999,-9999,-9999,-9999,-9999,-9999,-9999,-9999,-9999,-9999,-9999,-9999,-9999,-9999,-9999,-9999,-9999,-9999,-9999,-9999,-9999,-9999,-9999,-9999,-9999,-9999,-9999,-9999,-9999,-9999,-9999,-9999,-9999,-9999,-9999,-9999,-9999,-9999,-9999,-9999,-9999,-9999,-9999,-9999,-9999,-9999,-9999,-9999,-9999,-9999,-9999,-9999,-9999,-9999,-9999,-9999,-9999,-9999,-9999,-9999,-9999,-9999,-9999,-9999,-9999,-9999,-9999,-9999,-9999,-9999,-9999,-9999,-9999,-9999,-9999,-9999,-9999,-9999,-9999,-9999,-9999,-9999,-9999,-9999,-9999,-9999,-9999,-9999,-9999,-9999,-9999,-9999,-9999,-9999,-9999,-9999,-9999,1.89778802450746E-06,0.000194399530300871,0.000277541752438992,0.000271638389676809,0.000268929201411083,0.00026666303165257,0.000263127556536347,0.000259570981143042,0.000256786384852603,0.000254707469139248,0.000252926722168922,0.000251305376878008,0.000249986507697031,0.000247271149419248,0.00024334923364222,0.000240491717704572,0.000223204478970729,0.000196537162992172,0.000142724602483213,7.67434903536923E-05,2.35266361414688E-05,1.47951677718083E-05,1.45060330396518E-05,1.59755873028189E-05,1.57310114445863E-05,2.64294103544671E-05,0.000227764656301588,0.000230155710596591
-9999,-9999,-9999,-9999,-9999,-9999,-9999,-9999,-9999,-9999,-9999,-9999,-9999,-9999,-9999,-9999,-9999,-9999,-9999,-9999,-9999,-9999,-9999,-9999,-9999,-9999,-9999,-9999,-9999,-9999,-9999,-9999,-9999,-9999,-9999,-9999,-9999,-9999,-9999,-9999,-9999,-9999,-9999,-9999,-9999,-9999,-9999,-9999,-9999,-9999,-9999,-9999,-9999,-9999,-9999,-9999,-9999,-9999,-9999,-9999,-9999,-9999,-9999,-9999,-9999,-9999,-9999,-9999,-9999,-9999,-9999,-9999,-9999,-9999,-9999,-9999,-9999,-9999,-9999,-9999,-9999,-9999,-9999,-9999,-9999,-9999,-9999,-9999,-9999,-9999,-9999,-9999,-9999,-9999,-9999,-9999,-9999,-9999,-9999,-9999,-9999,-9999,-9999,-9999,1.88191916095093E-06,1.87633190762426E-06,0.000256427301792428,0.000271634402452037,0.000265674578258768,0.000262477464275435,0.000259134481893852,0.000256504805292934,0.000239434564718977,0.000198604626348242,0.000247541960561648,0.000239214830799028,0.000201665912754834,0.000168033977388404,0.000154846406076103,0.000132488639792427,6.91172899678349E-05,2.57216997852083E-05,1.31601755128941E-05,1.16062101369607E-05,1.9826273273793E-05,3.30202747136354E-05,0.000120066091767512,0.000227445329073817,0.000230492543778382,0.000231126774451695,0.000228034303290769
-9999,-9999,-9999,-9999,-9999,-9999,-9999,-9999,-9999,-9999,-9999,-9999,-9999,-9999,-9999,-9999,-9999,-9999,-9999,-9999,-9999,-9999,-9999,-9999,-9999,-9999,-9999,-9999,-9999,-9999,-9999,-9999,-9999,-9999,-9999,-9999,-9999,-9999,-9999,-9999,-9999,-9999,-9999,-9999,-9999,-9999,-9999,-9999,-9999,-9999,-9999,-9999,-9999,-9999,-9999,-9999,-9999,-9999,-9999,-9999,-9999,-9999,-9999,-9999,-9999,-9999,-9999,-9999,-9999,-9999,-9999,-9999,-9999,-9999,-9999,-9999,-9999,-9999,-9999,-9999,-9999,-9999,-9999,-9999,-9999,-9999,-9999,-9999,-9999,-9999,-9999,-9999,-9999,-9999,-9999,-9999,-9999,-9999,-9999,-9999,-9999,-9999,-9999,-9999,-9999,-9999,1.85478029379738E-06,9.266296729038E-06,0.000269439711701125,0.000265176640823483,0.000260122178588063,0.000256863335380331,0.000243117741774768,0.000242866779444739,0.000230577585170977,0.000179682479938492,0.000130522763356566,8.02780559752136E-05,3.14638200507034E-05,4.65910852653906E-05,2.78594052360859E-05,3.72311878891196E-05,0.000121674209367484,0.000230184028623626,0.00023208322818391,0.000232875114306808,0.000232191610848531,0.00022985483519733,0.000227849508519284,0.00021865323651582,0.000113497444544919
-9999,-9999,-9999,-9999,-9999,-9999,-9999,-9999,-9999,-9999,-9999,-9999,-9999,-9999,-9999,-9999,-9999,-9999,-9999,-9999,-9999,-9999,-9999,-9999,-9999,-9999,-9999,-9999,-9999,-9999,-9999,-9999,-9999,-9999,-9999,-9999,-9999,-9999,-9999,-9999,-9999,-9999,-9999,-9999,-9999,-9999,-9999,-9999,-9999,-9999,-9999,-9999,-9999,-9999,-9999,-9999,-9999,-9999,-9999,-9999,-9999,-9999,-9999,-9999,-9999,-9999,-9999,-9999,-9999,-9999,-9999,-9999,-9999,-9999,-9999,-9999,-9999,-9999,-9999,-9999,-9999,-9999,-9999,-9999,-9999,-9999,-9999,-9999,-9999,-9999,-9999,-9999,-9999,-9999,-9999,-9999,-9999,-9999,-9999,-9999,-9999,-9999,-9999,-9999,-9999,-9999,-9999,-9999,1.81065945525916E-06,7.30812826077454E-06,0.000256077735684812,0.000262007029959932,0.000259180436842144,0.000256655184784904,0.000253644655458629,0.000250750890700147,0.000247713935095817,0.00024564762134105,0.000243359172600321,0.000240881461650133,0.000238496184465475,0.000237411702983081,0.000236453051911667,0.000234628721955232,0.000232331469305791,0.000230541016208008,0.000227058524615131,0.000212441897019744,0.000126606348203495,8.78749324328965E-06,-9999
-9999,-9999,-9999,-9999,-9999,-9999,-9999,-9999,-9999,-9999,-9999,-9999,-9999,-9999,-9999,-9999,-9999,-9999,-9999,-9999,-9999,-9999,-9999,-9999,-9999,-9999,-9999,-9999,-9999,-9999,-9999,-9999,-9999,-9999,-9999,-9999,-9999,-9999,-9999,-9999,-9999,-9999,-9999,-9999,-9999,-9999,-9999,-9999,-9999,-9999,-9999,-9999,-9999,-9999,-9999,-9999,-9999,-9999,-9999,-9999,-9999,-9999,-9999,-9999,-9999,-9999,-9999,-9999,-9999,-9999,-9999,-9999,-9999,-9999,-9999,-9999,-9999,-9999,-9999,-9999,-9999,-9999,-9999,-9999,-9999,-9999,-9999,-9999,-9999,-9999,-9999,-9999,-9999,-9999,-9999,-9999,-9999,-9999,-9999,-9999,-9999,-9999,-9999,-9999,-9999,-9999,-9999,-9999,-9999,-9999,1.77947015345126E-06,1.77203378370905E-06,1.76136143181793E-06,1.74719332335371E-06,7.18089449947001E-06,1.00360557553358E-05,1.69438169450586E-06,1.67220832736348E-06,1.65093661053106E-06,3.11377152684145E-06,9.84154667094117E-06,4.27456798206549E-05,8.80070001585409E-05,9.64709252002649E-05,2.20883412112016E-05,1.58619207013544E-06,1.58247746639972E-06,1.58020020535332E-06,-9999,-9999,-9999
-9999,-9999,-9999,-9999,-9999,-9999,-9999,-9999,-9999,-9999,-9999,-9999,-9999,-9999,-9999,-9999,-9999,-9999,-9999,-9999,-9999,-9999,-9999,-9999,-9999,-9999,-9999,-9999,-9999,-9999,-9999,-9999,-9999,-9999,-9999,-9999,-9999,-9999,-9999,-9999,-9999,-9999,-9999,-9999,-9999,-9999,-9999,-9999,-9999,-9999,-9999,-9999,-9999,-9999,-9999,-9999,-9999,-9999,-9999,-9999,-9999,-9999,-9999,-9999,-9999,-9999,-9999,-9999,-9999,-9999,-9999,-9999,-9999,-9999,-9999,-9999,-9999,-9999,-9999,-9999,-9999,-9999,-9999,-9999,-9999,-9999,-9999,-9999,-9999,-9999,-9999,-9999,-9999,-9999,-9999,-9999,-9999,-9999,-9999,-9999,-9999,-9999,-9999,-9999,-9999,-9999,-9999,-9999,-9999,-9999,-9999,-9999,-9999,-9999,-9999,-9999,-9999,-9999,-9999,-9999,-9999,-9999,-9999,-9999,-9999,-9999,-9999,-9999,-9999,-9999,-9999
-9999,-9999,-9999,-9999,-9999,-9999,-9999,-9999,-9999,-9999,-9999,-9999,-9999,-9999,-9999,-9999,-9999,-9999,-9999,-9999,-9999,-9999,-9999,-9999,-9999,-9999,-9999,-9999,-9999,-9999,-9999,-9999,-9999,-9999,-9999,-9999,-9999,-9999,-9999,-9999,-9999,-9999,-9999,-9999,-9999,-9999,-9999,-9999,-9999,-9999,-9999,-9999,-9999,-9999,-9999,-9999,-9999,-9999,-9999,-9999,-9999,-9999,-9999,-9999,-9999,-9999,-9999,-9999,-9999,-9999,-9999,-9999,-9999,-9999,-9999,-9999,-9999,-9999,-9999,-9999,-9999,-9999,-9999,-9999,-9999,-9999,-9999,-9999,-9999,-9999,-9999,-9999,-9999,-9999,-9999,-9999,-9999,-9999,-9999,-9999,-9999,-9999,-9999,-9999,-9999,-9999,-9999,-9999,-9999,-9999,-9999,-9999,-9999,-9999,-9999,-9999,-9999,-9999,-9999,-9999,-9999,-9999,-9999,-9999,-9999,-9999,-9999,-9999,-9999,-9999,-9999

Step,253
Year,21.08333
-9999,-9999,-9999,-9999,-9999,-9999,-9999,-9999,-9999,-9999,-9999,-9999,-9999,-9999,-9999,-9999,-9999,-9999,-9999,-9999,-9999,-9999,-9999,-9999,-9999,-9999,-9999,-9999,-9999,-9999,-9999,-9999,-9999,-9999,-9999,-9999,-9999,-9999,-9999,-9999,-9999,-9999,-9999,-9999,-9999,-9999,-9999,-9999,-9999,-9999,-9999,-9999,-9999,-9999,-9999,-9999,-9999,-9999,-9999,-9999,-9999,-9999,-9999,-9999,-9999,-9999,-9999,-9999,-9999,-9999,-9999,-9999,-9999,-9999,-9999,-9999,-9999,-9999,-9999,-9999,-9999,-9999,-9999,-9999,-9999,-9999,-9999,-9999,-9999,-9999,-9999,-9999,-9999,-9999,-9999,-9999,-9999,-9999,-9999,-9999,-9999,-9999,-9999,-9999,-9999,-9999,-9999,-9999,-9999,-9999,-9999,-9999,-9999,-9999,-9999,-9999,-9999,-9999,-9999,-9999,-9999,-9999,-9999,-9999,-9999,-9999,-9999,-9999,-9999,-9999,-9999
-9999,-9999,-9999,-9999,-9999,-9999,-9999,-9999,-9999,-9999,-9999,-9999,-9999,-9999,-9999,-9999,-9999,-9999,-9999,-9999,-9999,-9999,-9999,-9999,-9999,-9999,-9999,-9999,-9999,-9999,-9999,-9999,-9999,-9999,-9999,-9999,-9999,-9999,-9999,-9999,-9999,-9999,-9999,-9999,-9999,-9999,-9999,-9999,-9999,-9999,-9999,-9999,-9999,-9999,-9999,-9999,-9999,-9999,-9999,-9999,-9999,-9999,-9999,-9999,-9999,-9999,-9999,-9999,-9999,-9999,-9999,-9999,-9999,-9999,-9999,-9999,-9999,-9999,-9999,-9999,-9999,-9999,-9999,-9999,-9999,-9999,-9999,-9999,-9999,-9999,-9999,-9999,-9999,-9999,-9999,-9999,-9999,-9999,-9999,-9999,-9999,-9999,-9999,-9999,-9999,-9999,-9999,-9999,-9999,-9999,-9999,-9999,-9999,-9999,-9999,-9999,-9999,-9999,-9999,-9999,-9999,-9999,-9999,-9999,-9999,-9999,-9999,-9999,-9999,-9999,-9999
-9999,-9999,-9999,-9999,-9999,-9999,-9999,-9999,-9999,-9999,-9999,-9999,-9999,-9999,-9999,-9999,-9999,-9999,-9999,-9999,-9999,-9999,-9999,-9999,-9999,-9999,-9999,-9999,-9999,-9999,-9999,-9999,-9999,-9999,-9999,-9999,-9999,-9999,-9999,-9999,-9999,-9999,-9999,-9999,-9999,-9999,-9999,-9999,-9999,-9999,-9999,-9999,-9999,-9999,-9999,-9999,-9999,-9999,-9999,-9999,-9999,-9999,-9999,-9999,-9999,-9999,-9999,-9999,-9999,-9999,-9999,-9999,-9999,-9999,1.88641888598795E-06,2.80471999758447E-06,-9999,-9999,-9999,-9999,-9999,-9999,-9999,-9999,-9999,-9999,-9999,-9999,-9999,-9999,-9999,-9999,-9999,-9999,-9999,-9999,-9999,-9999,-9999,-9999,-9999,-9999,-9999,-9999,-9999,-9999,-9999,-9999,-9999,-9999,-9999,-9999,-9999,-9999,-9999,-9999,-9999,-9999,-9999,-9999,-9999,-9999,-9999,-9999,-9999,-9999,-9999,-9999,-9999,-9999,-9999
-9999,-9999,-9999,-9999,-9999,-9999,-9999,-9999,-9999,-9999,-9999,-9999,-9999,-9999,-9999,-9999,-9999,-9999,-9999,-9999,-9999,-9999,-9999,-9999,-9999,-9999,-9999,-9999,-9999,-9999,-9999,-9999,-9999,-9999,-9999,-9999,-9999,-9999,-9999,-9999,-9999,-9999,-9999,-9999,-9999,-9999,-9999,-9999,-9999,-9999,-9999,-9999,-9999,-9999,-9999,-9999,-9999,-9999,-9999,-9999,-9999,-9999,-9999,-9999,-9999,-9999,-9999,-9999,-9999,-9999,-9999,-9999,-9999,-9999,2.70755435849424E-06,4.00606950279325E-06,-9999,-9999,-9999,-9999,-9999,-9999,-9999,-9999,-9999,-9999,-9999,-9999,-9999,-9999,-9999,-9999,-9999,-9999,-9999,-9999,-9999,-9999,-9999,-9999,-9999,-9999,-9999,-9999,-9999,-9999,-9999,-9999,-9999,-9999,-9999,-9999,-9999,-9999,-9999,-9999,-9999,-9999,-9999,-9999,-9999,-9999,-9999,-9999,-9999,-9999,-9999,-9999,-9999,-9999,-9999
-9999,-9999,-9999,-9999,-9999,-9999,-9999,-9999,-9999,-9999,-9999,-9999,-9999,-9999,-9999,-9999,-9999,-9999,-9999,-9999,-9999,-9999,-9999,-9999,-9999,-9999,-9999,-9999,-9999,-9999,-9999,-9999,-9999,-9999,-9999,-9999,-9999,-9999,-9999,-9999,-9999,-9999,-9999,-9999,-9999,-9999,-9999,-9999,-9999,-9999,-9999,-9999,-9999,-9999,-9999,-9999,1.88860511229905E-07,2.73701687092398E-07,3.89628809216447E-07,5.52794801933487E-07,-9999,-9999,-9999,-9999,-9999,3.42816451848194E-06,3.29616909766628E-06,4.64883714812458E-06,4.50813831776031E-06,2.89961053567822E-06,4.13228281104239E-06,2.05605956580257E-05,2.75524762400892E-05,2.72681336355163E-05,3.84495660910034E-06,1.96986129594734E-05,2.54858059633989E-05,-9999,-9999,2.37962940445868E-05,3.68258697562851E-05,3.22045416396577E-05,3.26584595313761E-05,8.38503256090917E-05,0.000111519082565792,0.000101818121038377,0.000102007805253379,6.22887455392629E-05,2.93172415695153E-05,-9999,-9999,-9999,-9999,-9999,-9999,-9999,-9999,-9999,-9999,-9999,-9999,-9999,-9999,-9999,-9999,-9999,-9999,-9999,-9999,-9999,-9999,-9999,-9999,-9999,-9999,-9999,-9999,-9999,-9999,-9999,-9999,-9999,-9999,-9999,-9999,-9999,-9999,-9999,-9999,-9999,-9999
-9999,-9999,-9999,-9999,-9999,-9999,-9999,-9999,-9999,-9999,-9999,-9999,-9999,-9999,-9999,-9999,-9999,-9999,-9999,-9999,-9999,-9999,-9999,-9999,-9999,-9999,-9999,-9999,-9999,-9999,-9999,-9999,-9999,-9999,-9999,-9999,-9999,-9999,-9999,-9999,-9999,-9999,-9999,-9999,-9999,-9999,-9999,-9999,-9999,-9999,-9999,-9999,-9999,-9999,-9999,1.95591226770375E-07,2.85950136458268E-07,4.12549155726083E-07,5.80474250000407E-07,7.93511901520105E-07,1.07376058622322E-06,1.50424682487937E-06,-9999,5.76635056859232E-06,1.54634108184837E-05,5.13325858264579E-06,4.79285881738178E-06,3.53845935023855E-05,3.56985256075859E-05,4.17989349443815E-06,4.03580406782567E-06,4.6434419346042E-05,5.87665563216433E-05,5.20930079801474E-05,4.57990900031291E-05,4.50795851065777E-05,3.48233043041546E-05,3.85381426895037E-05,6.41262668068521E-05,0.000113549671368673,0.000270216900389642,0.00041313364636153,0.00045774455065839,0.000456872512586415,0.000459938601125032,0.000463432748802006,0.000467277830466628,0.000472916639409959,0.000455166562460363,0.000239997316384688,0.000101863675809,-9999,-9999,-9999,-9999,-9999,-9999,-9999,-9999,-9999,-9999,-9999,-9999,-9999,-9999,-9999,-9999,-9999,-9999,-9999,-9999,-9999,-9999,-9999,-9999,-9999,-9999,-9999,-9999,-9999,-9999,-9999,-9999,-9999,-9999,-9999,-9999,-9999,-9999,-9999,-9999
-9999,-9999,-9999,-9999,-9999,-9999,-9999,-9999,-9999,-9999,-9999,-9999,-9999,-9999,-9999,-9999,-9999,-9999,-9999,-9999,-9999,-9999,-9999,-9999,-9999,-9999,-9999,-9999,-9999,-9999,-9999,-9999,-9999,-9999,-9999,-9999,-9999,-9999,-9999,-9999,-9999,-9999,-9999,-9999,-9999,-9999,-9999,-9999,-9999,-9999,-9999,-9999,-9999,-9999,-9999,2.933199709787E-07,4.31603240258482E-07,6.28110456091235E-07,8.84019300428918E-07,1.1950934322158E-06,1.57540614509344E-06,2.07791435968829E-06,2.79969913208333E-06,3.8669982131978E-06,5.37178129889071E-06,3.07854606944602E-05,5.31968107679859E-05,0.000133602166897617,0.000215270527405664,0.00030907872132957,0.000351872819010168,0.000313317432301119,0.000385232444386929,0.000429010018706322,0.000343579973559827,0.000337449251674116,0.000316607940476388,0.000338467856636271,0.000455925182905048,0.000465388817247003,0.000471640494652092,0.000474791420856491,0.000477287045214325,0.000477998342830688,0.000478292407933623,0.00047927547711879,0.000481225783005357,0.000483102339785546,0.000483461655676365,0.000481228373246267,0.000472901039756835,0.000392621615901589,9.33960618567653E-05,-9999,-9999,-9999,-9999,-9999,-9999,-9999,-9999,-9999,2.98181294056121E-05,2.98149097943678E-05,2.98603681585519E-05,-9999,-9999,-9999,-9999,-9999,-9999,-9999,-9999,-9999,-9999,-9999,-9999,-9999,-9999,-9999,-9999,-9999,-9999,-9999,-9999,-9999,-9999,-9999,-9999,-9999,-9999
-9999,-9999,-9999,-9999,-9999,-9999,-9999,-9999,-9999,-9999,-9999,-9999,-9999,-9999,-9999,-9999,-9999,-9999,-9999,-9999,-9999,-9999,-9999,-9999,-9999,-9999,-9999,-9999,-9999,-9999,-9999,1.46123402373632E-05,-9999,-9999,-9999,4.45609512098599E-05,-9999,-9999,-9999,-9999,-9999,-9999,-9999,-9999,-9999,-9999,-9999,-9999,-9999,-9999,-9999,-9999,-9999,-9999,-9999,-9999,-9999,4.27011087822393E-07,6.10253664490301E-07,8.56172505336872E-07,-9999,1.93129221770505E-06,2.7173073249287E-06,3.80056212634372E-06,5.28810733158025E-06,3.10470459226053E-05,5.52970814169385E-05,7.51927800592966E-05,4.63771320937667E-05,0.000253570731729269,0.000520729401614517,0.00054502283455804,0.000538604450412095,0.000530200661160052,0.000511827645823359,0.000497058499604464,0.000497162865940481,0.000496111577376723,0.000488879682961851,0.000483941403217614,0.000480932299979031,0.000480032409541309,0.000476408342365175,0.000474469445180148,0.000476039625937119,0.000477703753858805,0.000480290735140443,0.000483627867652103,0.000485833297716454,0.000486312725115567,0.000486912787891924,0.000477730995044112,0.000433422188507393,0.000113283764221705,-9999,-9999,-9999,-9999,-9999,-9999,-9999,-9999,4.04492202505935E-05,6.26436958555132E-05,4.08578889619093E-05,2.93162265734281E-05,2.95272620860487E-05,-9999,-9999,-9999,-9999,-9999,-9999,-9999,-9999,-9999,-9999,-9999,-9999,-9999,-9999,-9999,-9999,-9999,-9999,-9999,-9999,-9999,-9999,-9999,-9999
-9999,-9999,-9999,-9999,-9999,-9999,-9999,-9999,-9999,-9999,-9999,-9999,-9999,-9999,-9999,-9999,-9999,-9999,-9999,-9999,-9999,-9999,-9999,-9999,-9999,-9999,-9999,-9999,-9999,-9999,1.03435731944046E-05,1.98508423636667E-05,-9999,-9999,2.08241090149386E-05,3.54349467670545E-05,-9999,-9999,4.06060171371792E-05,7.19681556802243E-05,-9999,-9999,-9999,-9999,-9999,7.23420998838264E-06,-9999,-9999,-9999,-9999,-9999,-9999,-9999,-9999,-9999,-9999,-9999,-9999,-9999,-9999,-9999,2.76190326076176E-06,3.89747447115951E-06,5.52386927665793E-06,5.24889037478715E-06,3.00943793263286E-05,3.30008369928692E-05,3.15000615955796E-05,2.96224970952608E-05,0.000172596017364413,0.000527750526089221,0.000556312559638172,0.000550705357454717,0.000540666573215276,0.000528519216459244,0.000517191481776536,0.000507738324813545,0.000499384477734566,0.000492717314045876,0.0004871686687693,0.000482464296510443,0.000478030240628868,0.000472324929432943,0.000472237530630082,0.000473363877972588,0.000476897694170475,0.000479761947644874,0.000483431096654385,0.000486966921016574,0.00048897007945925,0.000490275211632252,0.000489565369207412,0.000481898692669347,0.000406768172979355,0.000114174341433682,-9999,-9999,-9999,-9999,-9999,4.73822619824205E-05,4.78280453535262E-05,9.0992973127868E-05,0.000134741101646796,0.000102231795608532,6.87705687596463E-05,4.52779459010344E-05,2.92336226266343E-05,-9999,-9999,-9999,-9999,-9999,-9999,-9999,-9999,-9999,-9999,-9999,-9999,-9999,-9999,-9999,-9999,-9999,-9999,-9999,-9999,-9999,-9999,-9999
-9999,-9999,-9999,-9999,-9999,-9999,-9999,-9999,-9999,-9999,-9999,-9999,-9999,-9999,-9999,-9999,-9999,-9999,-9999,-9999,-9999,-9999,-9999,2.41015222854912E-05,3.07312984659802E-05,-9999,-9999,-9999,-9999,2.51648907578783E-05,2.3724674974801E-05,9.4789802460582E-06,4.71261082566343E-05,4.98224608236342E-06,4.2095754906768E-05,7.39142124075443E-05,0.000132514862343669,5.77482205699198E-05,3.50388945662417E-05,-9999,3.59161494998261E-05,3.76958669221494E-05,-9999,-9999,7.66950324759819E-05,9.96721155388514E-06,5.84460576646961E-06,3.56143732460623E-06,-9999,-9999,-9999,-9999,-9999,-9999,-9999,-9999,-9999,1.47313430716167E-05,9.2832724476466E-06,-9999,-9999,-9999,5.54000598640414E-06,3.64780134987086E-05,3.49904548784252E-05,3.45727821695618E-05,3.31333758367691E-05,3.11214826069772E-05,4.05995378969237E-05,0.000249917968176305,0.000530196179170161,0.000556960701942444,0.000550116063095629,0.000540421111509204,0.000528703327290714,0.000517332518938929,0.000507592223584652,0.000498747802339494,0.000491793965920806,0.000486266420921311,0.000480141083244234,0.000457698421087116,0.000462615105789155,0.000469445891212672,0.00047207745956257,0.000474370899610221,0.000478641712106764,0.00048313123988919,0.000487081008031964,0.00048924214206636,0.000490531616378576,0.000490925565827638,0.000488173158373684,0.000466920057078823,0.000136610557092354,2.40901827055495E-05,3.49598053617228E-06,2.41491534325178E-06,3.68819860341318E-06,0.000114941693027504,0.000227250886382535,0.000295257457764819,0.000330627372022718,0.000283323752228171,0.000268766190856695,0.000204663490876555,0.000123524936498143,4.02734440285712E-05,2.92931144940667E-05,2.96756606985582E-05,-9999,-9999,-9999,-9999,-9999,-9999,-9999,-9999,-9999,-9999,-9999,-9999,-9999,-9999,-9999,-9999,-9999,-9999,-9999,-9999,-9999
-9999,-9999,-9999,-9999,-9999,-9999,-9999,-9999,-9999,-9999,-9999,-9999,-9999,-9999,-9999,-9999,-9999,-9999,-9999,-9999,-9999,-9999,3.61828242603224E-05,4.24415738962125E-05,2.87377297354396E-05,2.87431867036503E-05,3.15757752105128E-05,3.63768012903165E-05,6.82715981383808E-05,0.000102451158454642,7.69279504311271E-05,0.00018118652224075,0.000248765107244253,0.000267887458903715,0.000307669979520142,0.000266282266238704,0.000264224654529244,0.000240777633734979,0.000138936913572252,0.000106205814518034,3.45442822435871E-05,2.13958555832505E-05,1.8106993593392E-05,2.49468521360541E-05,7.47910780773964E-06,5.17781381859095E-06,4.88958858113619E-06,4.57539272247232E-06,2.89808554043702E-06,-9999,-9999,-9999,-9999,-9999,-9999,-9999,-9999,6.07864640187472E-05,5.41687404620461E-05,4.9580521590542E-05,-9999,-9999,3.58509969373699E-05,3.63616127287969E-05,3.59739824489225E-05,3.46449378412217E-05,3.2541822292842E-05,3.7715639336966E-05,0.000123155972687528,0.000349641195498407,0.000535887316800654,0.00055665650870651,0.00054787186672911,0.000538014224730432,0.000526401563547552,0.000514716957695782,0.000504662632010877,0.000496138411108404,0.000488899881020188,0.000483936921227723,0.000455475441413,0.000237382249906659,0.000281291344435886,0.000390732835512608,0.000452832464361563,0.000472006620839238,0.000476950663141906,0.00048198047443293,0.000485872675199062,0.000487755169160664,0.000490377307869494,0.000492248334921896,0.000488883000798523,0.000457255693618208,0.000219427485717461,0.000177343943505548,1.44123114296235E-05,3.58139914169442E-06,0.000174887507455423,0.000407020968850702,0.000454197957878932,0.00048333260929212,0.000478288013255224,0.00046396572724916,0.000446673831902444,0.000367583299521357,0.000235711224377155,0.000122615063446574,4.475426976569E-05,2.91910564556019E-05,-9999,-9999,-9999,-9999,-9999,-9999,-9999,-9999,-9999,-9999,-9999,-9999,-9999,-9999,-9999,-9999,-9999,-9999,-9999,-9999,-9999
-9999,-9999,-9999,-9999,-9999,-9999,-9999,-9999,-9999,-9999,-9999,-9999,-9999,-9999,-9999,-9999,-9999,-9999,-9999,-9999,-9999,-9999,3.59396726707928E-05,4.26898222940508E-05,3.59598743671086E-05,3.70060006389394E-05,0.00013640962424688,0.000271276396233588,0.00035802714410238,0.000314602046273649,0.00031338888220489,0.000251720426604152,0.000270374381216243,0.000309732451569289,0.000287944043520838,0.000327376124914736,0.000387511303415522,0.000385178718715906,0.000401990604586899,0.000357001961674541,0.000250105222221464,0.000161283373017795,6.65337865939364E-05,2.54398801189382E-05,1.26502854982391E-05,5.74345904169604E-06,5.75153626414249E-06,5.67186316402513E-06,3.76222988052177E-06,3.6943381473975E-06,3.69263420907373E-06,-9999,-9999,-9999,-9999,-9999,-9999,-9999,4.79200207337271E-05,4.27794293500483E-05,3.84751765523106E-05,3.48137218679767E-05,3.55004594894126E-05,3.57213029928971E-05,3.54922922269907E-05,3.38752397510689E-05,3.94039598177187E-05,0.000126032886328176,0.000338838435709476,0.000535543891601264,0.000562244211323559,0.000553395366296172,0.000543472298886627,0.000533455808181316,0.000521876616403461,0.000510350218974054,0.000501063070259988,0.000493457017000765,0.000486712815472856,0.000435330206528306,5.98409542362788E-06,3.27335465044598E-06,3.27050565829268E-06,3.26728172694857E-06,3.76861498807557E-05,0.000310875155264512,0.000463818403659388,0.000479398557217792,0.000483912939671427,0.00048734710435383,0.000490771955810487,0.000493319530505687,0.000491287035401911,0.000454017805168405,0.000464411365101114,0.000482562056276947,0.000427329738158733,0.000230586403631605,0.000468700658529997,0.000517778331413865,0.000526747084222734,0.000521937676239759,0.00050888437544927,0.000501432281453162,0.000490912410896271,0.000445813639089465,0.000333153700921685,0.000217504493775778,6.71912785037421E-05,2.83099525404396E-05,1.45584372148733E-05,-9999,-9999,-9999,-9999,-9999,-9999,-9999,-9999,-9999,-9999,-9999,-9999,-9999,-9999,-9999,-9999,-9999,-9999,-9999,-9999
-9999,-9999,-9999,-9999,-9999,-9999,-9999,-9999,-9999,-9999,-9999,-9999,-9999,-9999,-9999,-9999,-9999,-9999,-9999,-9999,-9999,-9999,3.48850117006805E-05,4.34813482570462E-05,6.81332749081776E-05,0.000311418116325513,0.000402756675612181,0.000444508565124124,0.000422414479544386,0.000335189863108099,0.000333309901179746,0.000373511109501123,0.000392626679968089,0.000411314977100119,0.000467779289465398,0.000465214252471924,0.000480580201838166,0.000494908250402659,0.000523709750268608,0.000489352445583791,0.000433196371886879,0.000270598946372047,0.000142870645504445,8.26306786620989E-05,7.13633926352486E-05,8.00026245997287E-05,7.02250545145944E-05,4.84671036247164E-05,4.95193717142683E-06,5.08544871991035E-06,5.1479851208569E-06,-9999,-9999,-9999,-9999,3.71306086890399E-05,3.78760851162951E-05,3.92215370084159E-05,4.0540486224927E-05,3.72673348465469E-05,4.14738606195897E-05,3.21317711495794E-05,2.75073671218706E-05,1.71060200955253E-05,4.77418179798406E-05,0.000157147165737115,7.39496535970829E-05,0.000410165812354535,0.000575947458855808,0.000568369054235518,0.000558349362108856,0.000548393814824522,0.000538289255928248,0.000528140168171376,0.000515802181325853,0.000506084063090384,0.000499701593071222,0.000468129379441962,3.32280978909694E-06,3.31187425217649E-06,3.31038199874456E-06,2.21737468564243E-06,2.21625532503822E-06,2.214937012468E-06,3.30015654981253E-06,1.22775063573499E-05,0.000161055926582776,0.000424020254286006,0.000478759611723945,0.000486555392853916,0.000490636040922254,0.00049352296628058,0.000496731780003756,0.000500658061355352,0.000505111471284181,0.000509569246787578,0.000507699092850089,0.000511568097863346,0.000524706265423447,0.000535625265911222,0.000539235887117684,0.000535113620571792,0.000528813048731536,0.000523040594998747,0.00050093448953703,0.000480809423606843,0.000404981314204633,0.000314234639517963,0.000143556913826615,5.31949372089002E-05,6.34355001238873E-06,4.08484538638731E-06,-9999,-9999,-9999,-9999,-9999,-9999,-9999,-9999,-9999,-9999,-9999,-9999,-9999,-9999,-9999,-9999,-9999,-9999,-9999
-9999,-9999,-9999,-9999,-9999,-9999,-9999,-9999,-9999,-9999,-9999,-9999,-9999,-9999,-9999,-9999,-9999,-9999,-9999,-9999,-9999,3.17176090902649E-05,3.75372583221179E-05,0.000145817844895646,0.000398730073357001,0.000520087487529963,0.000519502791576087,0.000481425027828664,0.000418966577854007,0.000493765866849571,0.000490583071950823,0.000505244999658316,0.00050322525203228,0.000501261674799025,0.000530859048012644,0.000556020357180387,0.000565437774639577,0.00056186126312241,0.000580083229579031,0.000575996178667992,0.000561584194656461,0.000459919188870117,0.00017887051217258,0.00011190703662578,0.000137641822220758,0.000125006816233508,0.000112483903649263,0.000113661262730602,0.000112748246465344,8.11690115369856E-05,5.24605347891338E-05,3.54616677213926E-05,3.5802604543278E-05,3.65857158612926E-05,3.73958100681193E-05,3.46506094501819E-05,3.92716974602081E-05,3.49839683622122E-05,3.5369725083001E-05,4.00252065446693E-05,0.000162444048328325,0.000344410567777231,0.000167308578966185,4.69338419861742E-06,4.63966262032045E-06,4.47308912043809E-06,1.74638698808849E-05,0.00015984836500138,0.000574517005588859,0.000564999645575881,0.000555526115931571,0.000542535446584225,0.0005319828633219,0.000457197602372617,1.93633131857496E-05,3.45797229783784E-06,3.40559176947863E-06,3.37404230776883E-06,2.24565474127303E-06,2.23849087888084E-06,2.23610550165176E-06,1.49968400364742E-06,1.50040250446182E-06,1.50215623762051E-06,2.24083578359568E-06,3.33628327098268E-06,2.15394120459678E-05,0.00014167845074553,0.000389246444683522,0.000474874395877123,0.000488403835333884,0.000492244027554989,0.000495104934088886,0.000498760782647878,0.000504403898958117,0.000509950215928257,0.000514945189934224,0.000520369969308376,0.000527259893715382,0.000533252314198762,0.000534889753907919,0.000535087310709059,0.00053391489200294,0.000532332865986973,0.000523773836903274,0.000496454886160791,0.000466567667899653,0.000357171229552478,0.00021191273117438,0.000117719457193743,3.23883286910132E-05,4.00074168283027E-06,4.1158245949191E-06,7.89979912951821E-06,-9999,-9999,-9999,-9999,-9999,-9999,-9999,-9999,-9999,-9999,-9999,-9999,-9999,-9999,-9999,-9999,-9999
-9999,-9999,-9999,-9999,-9999,-9999,-9999,-9999,-9999,-9999,-9999,-9999,-9999,-9999,-9999,-9999,-9999,-9999,-9999,-9999,-9999,6.27112676738761E-05,0.000352500617736951,0.000516918720677495,0.000580074032768607,0.000550392898730934,0.00051630224334076,0.00049618462799117,0.000527003954630345,0.000567004084587097,0.000597944774199277,0.000594510522205383,0.000611496332567185,0.000625261687673628,0.000615095952525735,0.00063811190193519,0.000634421885479242,0.000624437525402755,0.000629696703981608,0.000628367706667632,0.000614126794971526,0.000598929706029594,0.000564603717066348,0.000507503340486437,0.000447817874373868,0.000358274701284245,0.000227191369049251,0.000124049096484669,0.000136464033857919,0.000112339934275951,8.29546625027433E-05,5.45301445527002E-05,4.91248938487843E-05,3.96292889490724E-05,3.9659658796154E-05,6.09153066761792E-05,5.43550922884606E-05,5.35781946382485E-05,8.23670707177371E-05,0.000360430160071701,0.000594675249885768,0.00064936769194901,0.000632261857390404,0.000199909351067618,4.43374437963939E-06,4.33080867878743E-06,4.16683360526804E-06,0.000583462184295058,0.000573798140976578,0.000564446090720594,0.000401578523451462,3.72417480321019E-06,3.66866106560337E-06,3.637537247414E-06,-9999,-9999,-9999,-9999,-9999,-9999,-9999,1.01208706837497E-06,1.01268858543335E-06,1.51505992107559E-06,2.26083420784562E-06,3.36855032401218E-06,7.6246260505286E-06,4.64991317130625E-05,0.000186536752153188,0.000399506010580808,0.000479363807244226,0.000489450700115412,0.00049238681094721,0.000497621251270175,0.000502602837514132,0.000507463642861694,0.000512419268488884,0.000518510991241783,0.000523808295838535,0.000527602212969214,0.000528967997524887,0.000529314391314983,0.000530991062987596,0.000534551392775029,0.000531070516444743,0.00051579816499725,0.000481611583381891,0.000417396193370223,0.000319324957672507,0.00019254295330029,0.000104963881312869,3.38484423991758E-05,2.29360375669785E-05,1.85689405043377E-05,2.48846517933998E-05,-9999,-9999,-9999,-9999,-9999,-9999,-9999,-9999,-9999,-9999,-9999,-9999,-9999,-9999,-9999,-9999
-9999,-9999,-9999,-9999,-9999,-9999,-9999,-9999,-9999,-9999,-9999,-9999,-9999,-9999,-9999,-9999,-9999,-9999,-9999,3.27618581650313E-05,8.88097274582833E-05,0.000493877334520221,0.000589714385569096,0.000590196461416781,0.000576913356781006,0.000601059990003705,0.000586792477406561,0.000583168468438089,0.000620561826508492,0.000623039901256561,0.000631523784250021,0.000639160163700581,0.000632078910712153,0.000623846019152552,0.000637878256384283,0.000643718405626714,0.00064023700542748,0.000631565810181201,0.000633237883448601,0.000635130156297237,0.000633686548098922,0.000627905072178692,0.000625347951427102,0.000612854491919279,0.000600003113504499,0.000569747877307236,0.000533138634636998,0.000496875669341534,0.000387024250812829,0.000257019681157544,0.000109703236375935,0.000109759021142963,0.00012080576561857,0.000132406130433083,0.000173027772689238,0.000256914529018104,0.000388067070161924,0.000425026926677674,0.000527303549461067,0.000627733883447945,0.000649442023131996,0.000649537949357182,0.000646031694486737,0.0006461555021815,1.59085211635102E-05,0.000609635200817138,0.000613858341239393,0.000591738324146718,0.000456448498880491,9.89371710602427E-06,3.86935516871745E-06,-9999,-9999,-9999,-9999,-9999,-9999,-9999,-9999,-9999,-9999,-9999,-9999,1.02204171525955E-06,1.52541872466827E-06,2.2777294361731E-06,3.39307121066668E-06,2.33497266890481E-05,9.4813178293407E-05,0.000266439979895949,0.00043765438022092,0.000484528543893248,0.000491281796712428,0.000493644212838262,0.000497016124427319,0.000501408590935171,0.000506258511450142,0.000511520949658006,0.000515939434990287,0.000518733984790742,0.000520172878168523,0.000520542089361697,0.000520467932801694,0.000522952061146498,0.000524207891430706,0.000516601488925517,0.000501145084854215,0.000476934481412172,0.0004286638868507,0.000296147598419338,0.000161079951794818,0.000114651164039969,7.20412863302045E-05,2.81336106127128E-05,2.72912311629625E-05,-9999,-9999,-9999,-9999,-9999,-9999,-9999,-9999,-9999,-9999,-9999,-9999,-9999,-9999,-9999,-9999
-9999,-9999,-9999,-9999,-9999,-9999,-9999,-9999,-9999,-9999,-9999,-9999,-9999,-9999,-9999,-9999,-9999,-9999,9.75972652668133E-05,0.000245941628236324,0.000558262632694095,0.000630358117632568,0.000630598515272141,0.000646009808406234,0.000651669688522816,0.000642615894321352,0.000672930851578712,0.000681209785398096,0.000672400346957147,0.000661930593196303,0.00065164704574272,0.000639303587377071,0.000628077134024352,0.000642654020339251,0.000639913021586835,0.000648938002996147,0.000646089727524668,0.000647201435640454,0.00064088316867128,0.000637860328424722,0.000635086093097925,0.000631810631603003,0.000630047230515629,0.000628339825198054,0.0006249756552279,0.000616625824477524,0.00060646643396467,0.000587174319662154,0.000556122569832951,0.000485415250295773,0.000305275723803788,0.000169814840774052,0.000217264736420475,0.000396434799768031,0.000474959029816091,0.000514248677063733,0.000516960164532065,0.000564999820198864,0.000624961743596941,0.000639523612335324,0.000640423968434334,0.000635919626802206,0.000631736998911947,0.000628294073976576,0.000620755949057639,0.000612577539868653,0.00057870289310813,8.69884570420254E-06,-9999,-9999,-9999,-9999,-9999,-9999,-9999,-9999,-9999,-9999,-9999,-9999,-9999,-9999,-9999,-9999,-9999,2.28924523071328E-06,3.41325380759372E-06,1.02337407952291E-05,4.71147577627562E-05,0.000158599155838601,0.000348171568475664,0.000469444174086675,0.000487517158035189,0.000491016427986324,0.000492181745357811,0.000494051724672318,0.000497545581310987,0.000501896603964269,0.000505277886986732,0.000507242220919579,0.000507444434333593,0.000507485761772841,0.00050848547834903,0.000509831006638706,0.000512297148816288,0.00050897803157568,0.000494430656544864,0.000475051841931418,0.000450456631369889,0.000396055780583993,0.000258643995039165,0.000159003015141934,6.34222305961885E-05,3.08791786665097E-05,2.74265767075121E-05,-9999,-9999,-9999,-9999,-9999,-9999,-9999,-9999,-9999,-9999,-9999,-9999,-9999,-9999,-9999,-9999
-9999,-9999,-9999,-9999,-9999,-9999,-9999,-9999,-9999,-9999,-9999,-9999,4.98265762871597E-06,1.4664734408143E-05,-9999,3.36031771439593E-05,7.09245941834524E-05,0.000265749637037516,0.000491774932015687,0.000597445177845657,0.000669882167130709,0.000688789819832891,0.0006967160734348,0.000696205301210284,0.000691730354446918,0.000693124311510473,0.000691625289618969,0.000685258128214628,0.000681677716784179,0.00067317410139367,0.000663771934341639,0.000657388707622886,0.000655378855299205,0.000654650095384568,0.000652710790745914,0.000652647053357214,0.000650306174065918,0.000647345208562911,0.000642401457298547,0.000636774231679738,0.000631304574199021,0.000626032066065818,0.000623198749963194,0.000622319988906384,0.000621505081653595,0.000619524216745049,0.000616457778960466,0.000611511117313057,0.000604009896051139,0.000588537775911391,0.000548241892829537,0.000461668940261006,0.000404848222387955,0.00043867394560948,0.000469867023639381,0.000508983910549432,0.000549172109458596,0.000611589872278273,0.000628413166850805,0.000624370004516095,0.0006258932990022,0.000625181244686246,0.000622235063929111,0.000619016820564866,0.000614979304373264,0.000613485695794225,6.83784628563444E-06,-9999,-9999,-9999,-9999,-9999,-9999,-9999,-9999,-9999,-9999,-9999,-9999,-9999,-9999,-9999,-9999,-9999,-9999,-9999,2.29656484407315E-06,3.42099701811094E-06,1.67700545716798E-05,7.49979517422616E-05,0.000227813448873349,0.000414205016568303,0.000479549024021253,0.00048745286767371,0.000489512924104929,0.000487793644424528,0.000488789461087435,0.000491379876621068,0.000493204453960061,0.000494256499223411,0.00049380399286747,0.000492217019200325,0.000492515624500811,0.000495782005600631,0.000498194480314851,0.000497441622428596,0.000490247795823961,0.000476076675113291,0.000460136914625764,0.00042355278856121,0.000311526120640337,0.000167739082826301,6.8166213168297E-05,3.34296892106067E-05,2.66043152805651E-05,-9999,-9999,-9999,-9999,-9999,-9999,-9999,-9999,-9999,-9999,-9999,-9999,-9999,-9999,-9999,-9999
-9999,-9999,-9999,-9999,-9999,-9999,-9999,-9999,-9999,-9999,4.87442366647883E-06,4.85810778627638E-06,4.85506916447775E-06,5.39218599442393E-05,0.00013083302474115,0.000345319422194734,0.000524102768395096,0.000607579539064318,0.000663840561173856,0.000693230831529945,0.000704130623489618,0.000705500482581556,0.000704244303051382,0.000701903540175408,0.000698703981470317,0.000693886424414814,0.000689064851030707,0.000683222431689501,0.000676608178764582,0.000669061380904168,0.000661659869365394,0.000654604053124785,0.000649432942736894,0.00064671563450247,0.000644440413452685,0.00064350850880146,0.000641713966615498,0.000638102123048156,0.000633157615084201,0.000627680856268853,0.000621953222434968,0.000616031466051936,0.000611957744695246,0.000610530551057309,0.000609680428169668,0.000608225294854492,0.000606322661042213,0.000604000990279019,0.000601266918238252,0.000598705257289112,0.000595810124650598,0.000591873947996646,0.00058915646513924,0.000588772410992533,0.000593588803894818,0.000607361202128232,0.000615269935224205,0.000619258789811283,0.00062035012524575,0.00061623245710507,0.000157284652232192,4.21065760747297E-06,4.22917946707457E-06,1.14082904474344E-05,0.000279080530162901,3.16788646159694E-05,-9999,-9999,-9999,-9999,-9999,-9999,-9999,-9999,-9999,-9999,-9999,-9999,-9999,-9999,-9999,-9999,-9999,-9999,-9999,-9999,-9999,2.2982226255408E-06,3.41957365890266E-06,1.74636352312518E-05,8.97945647011511E-05,0.000268483039690182,0.000442959397332743,0.000482318428112194,0.000484149117255583,0.000483445153804496,0.000480599817819893,0.000480363290989771,0.000480355491163209,0.000481176452012733,0.000480148970382288,0.000478427507914603,0.000476897723274305,0.000480202259495854,0.000483477168017998,0.000483893905766308,0.000479593843920156,0.000472021318273619,0.000454656372312456,0.000419298768974841,0.000342188315698877,0.000217743072425947,8.0528378020972E-05,3.60542835551314E-05,2.57260799116921E-05,-9999,-9999,-9999,-9999,-9999,-9999,-9999,-9999,-9999,-9999,-9999,-9999,-9999,-9999,-9999,-9999
-9999,-9999,-9999,-9999,-9999,-9999,-9999,-9999,3.32511226588394E-05,3.31550181726925E-05,7.80108803155599E-06,1.30015550894313E-05,9.4512477517128E-05,0.000424934027250856,0.00057775987079367,0.000631516624707729,0.000670995155815035,0.000692017027176917,0.000698988966178149,0.000704327714629471,0.000705445476341993,0.000703871075529605,0.000701604352798313,0.000697378593031317,0.000692356377840042,0.000686306098941714,0.000679243821650743,0.000671592482831329,0.000664267688989639,0.000656615709885955,0.00064918224234134,0.000642110186163336,0.000636578653939068,0.000634630909189582,0.000632429029792547,0.000630909344181418,0.000628059555310756,0.000624163600150496,0.000619112339336425,0.000612861593253911,0.000606092566158623,0.000599694496486336,0.000595818157307804,0.000594727462157607,0.000593617500271648,0.000591893098317087,0.000589908915571868,0.000587856105994433,0.000585718837101012,0.000584299559704959,0.000584106135647744,0.000586219655815512,0.000590085750445724,0.000594989163801074,0.000600701838266104,0.000605206994805485,0.000608255271799862,0.000610959425102919,0.000611965777352452,0.000609545095358044,0.000594091485254467,4.16488546761684E-06,-9999,-9999,-9999,-9999,-9999,-9999,-9999,-9999,-9999,-9999,-9999,-9999,-9999,-9999,-9999,-9999,-9999,-9999,-9999,-9999,-9999,-9999,-9999,-9999,-9999,-9999,2.29460374612245E-06,3.41168515660684E-06,6.06739558861591E-06,4.87505458295345E-05,0.000221748749027029,0.000427738617872819,0.00047531514428556,0.000478317029774189,0.000475059088785201,0.00047086423728615,0.000467907200800255,0.000468133366666734,0.000467448000563309,0.000466567871626467,0.000465376971988007,0.00046548162936233,0.000468627113150433,0.000469893682748079,0.000467914069304243,0.000463089643744752,0.00045041591511108,0.000424798257881775,0.000364406587323174,0.000238795211771503,8.56843471410684E-05,3.48078538081609E-05,2.48657452175394E-05,-9999,-9999,-9999,-9999,-9999,-9999,-9999,-9999,-9999,-9999,-9999,-9999,-9999,-9999,-9999,-9999
-9999,-9999,-9999,-9999,-9999,-9999,-9999,-9999,3.2569147151662E-05,3.69789522665087E-05,4.04951861128211E-05,0.000155862304382026,0.000569075171370059,0.000650899659376591,0.000668353168293834,0.00068392651155591,0.000696811533998698,0.000702905410435051,0.000704828940797597,0.000703640514984727,0.000701064942404628,0.000698038609698415,0.00069365999661386,0.000688124739099294,0.000681765319313854,0.000674633192829788,0.000665912753902376,0.000656447082292289,0.00064935046248138,0.000643210543785244,0.000636847631540149,0.000630395486950874,0.000625347660388798,0.000622094667050987,0.000620203791186213,0.000618159538134933,0.000615149096120149,0.000610741146374494,0.000605005596298724,0.00059792777756229,0.000590788957197219,0.000584171677473933,0.000579705752898008,0.000577699276618659,0.000575565209146589,0.000573394645471126,0.000571463489905,0.000570213480386883,0.000568830233532935,0.000567931216210127,0.000567962706554681,0.000571103882975876,0.000576398626435548,0.000582894368562847,0.000589513627346605,0.000594475015532225,0.000597782549448311,0.000599327031522989,0.000600543688051403,0.000601743930019438,0.000576026213821024,4.14700480177999E-06,-9999,-9999,-9999,-9999,-9999,-9999,-9999,-9999,-9999,-9999,-9999,-9999,-9999,-9999,-9999,-9999,-9999,-9999,-9999,-9999,-9999,-9999,-9999,-9999,-9999,-9999,-9999,-9999,3.39848520525265E-06,3.38734503202431E-06,6.85194481775397E-06,6.8339824792929E-05,0.000334019889123738,0.000461399904452264,0.000468147336505353,0.000463711097836494,0.000458658701973036,0.000456076901173219,0.000455267407232895,0.000454020366305485,0.000453513290267438,0.00045344591489993,0.000454927183454856,0.000456496170954779,0.000454943830845878,0.000453075510449708,0.000444299803348258,0.000427453400334343,0.000386471365345642,0.000244038761593401,9.05609631445259E-05,2.99020248348825E-05,2.47226926148869E-05,-9999,-9999,-9999,-9999,-9999,-9999,-9999,-9999,-9999,-9999,-9999,-9999,-9999,-9999,-9999,-9999
-9999,-9999,-9999,-9999,-9999,-9999,3.3962627639994E-05,3.34721189574338E-05,3.32634444930591E-05,9.38672164920717E-05,0.000437185110058635,0.000606804329436272,0.000667763408273458,0.00068245327565819,0.000693696667440236,0.00069922674447298,0.000702379446011037,0.000702895747963339,0.000701410521287471,0.000697764568030834,0.0006925028283149,0.000687370426021516,0.00068241759436205,0.000675908871926367,0.000667983433231711,0.000661437108647078,0.000652733782771975,0.000644225277937949,0.000636944081634283,0.000630104739684612,0.000622695137280971,0.000617470068391412,0.000613687909208238,0.000610318558756262,0.000607691297773272,0.000605222943704575,0.000602101907134056,0.000598328129854053,0.000592697120737284,0.000585620058700442,0.000578000384848565,0.000572215183638036,0.000567057577427477,0.000563614419661462,0.000560758577194065,0.000558710307814181,0.000556858431082219,0.000555021630134434,0.000555038452148438,0.000554600439500064,0.000555133388843387,0.000558366009499878,0.000563286070246249,0.000570200150832534,0.000575935933738947,0.000581550586502999,0.000586698472034186,0.000588812399655581,0.000586678041145205,0.000282751949271187,4.10618213209091E-06,-9999,-9999,-9999,-9999,-9999,-9999,-9999,-9999,-9999,-9999,-9999,-9999,-9999,-9999,-9999,-9999,-9999,-9999,-9999,-9999,-9999,-9999,-9999,-9999,-9999,-9999,-9999,-9999,-9999,-9999,-9999,-9999,3.31269870912365E-06,9.22977687878301E-06,0.000153757137013599,0.000416816590586677,0.000454993016319349,0.000451435189461336,0.000446266232756898,0.000442921300418675,0.000442235148511827,0.000441495067207143,0.000442044343799353,0.00044261894072406,0.00044339569285512,0.000442151387687773,0.00043970174738206,0.000433870212873444,0.000423515535658225,0.000385944353183731,0.000273731799097732,0.000124430895084515,2.51260516961338E-05,-9999,-9999,-9999,-9999,-9999,-9999,-9999,-9999,-9999,-9999,-9999,-9999,-9999,-9999,-9999,-9999,-9999
-9999,-9999,-9999,-9999,-9999,-9999,3.37302262778394E-05,4.1972230974352E-05,0.000156602633069269,0.000525632931385189,0.000642329105176032,0.000675193616189063,0.000685868551954627,0.000690366257913411,0.000693393987603486,0.000695563910994679,0.000697711948305368,0.000698263291269541,0.000696057511959225,0.00069058605004102,0.000682905083522201,0.000676875817589462,0.000672133232001215,0.000665247847791761,0.0006569919642061,0.000650172180030495,0.000641575723420829,0.000632662035059184,0.000625448068603873,0.00061806378653273,0.000608925067353994,0.000604246801231056,0.000599296123255044,0.000595052842982113,0.000589632370974869,0.000586923211812973,0.000585844099987298,0.000584280234761536,0.000580039282795042,0.000574551522731781,0.000565763737540692,0.000561442226171494,0.000556385784875602,0.000552963057998568,0.000550822820514441,0.000550591968931258,0.000548870244529098,0.000549539865460247,0.000548894400708377,0.000550603203009814,0.000550724798813462,0.000554844038560987,0.000560639658942819,0.000461390387499705,0.000536536681465805,0.000461299379821867,1.2725274245895E-05,4.01468378186109E-06,4.0402842387266E-06,-9999,-9999,-9999,-9999,-9999,-9999,-9999,-9999,-9999,-9999,-9999,-9999,-9999,-9999,-9999,-9999,-9999,-9999,-9999,-9999,-9999,-9999,-9999,-9999,-9999,-9999,-9999,-9999,-9999,-9999,-9999,-9999,-9999,-9999,-9999,3.23736071550229E-06,3.19170362672594E-06,6.29825444775634E-05,0.000365022133337334,0.000441080774180591,0.000437293667346239,0.000432145257946104,0.000430304993642494,0.000430628715548664,0.000430777115980163,0.000431251566624269,0.000430576532380655,0.000428500177804381,0.000426086189690977,0.000421788834501058,0.000415294169215485,0.000391096924431622,0.000308747927192599,0.00013039619079791,3.35180884576403E-05,2.71600401902106E-05,2.13570965570398E-05,-9999,-9999,-9999,-9999,-9999,-9999,-9999,-9999,-9999,-9999,-9999,-9999,-9999,-9999,-9999
-9999,-9999,-9999,-9999,4.37521885032766E-05,4.82058094348758E-05,3.39413345500361E-05,0.000144161924254149,0.000556955696083605,0.00066012074239552,0.000684453116264194,0.000686510989908129,0.00068568391725421,0.000685703009366989,0.000686647777911276,0.000688681495375931,0.000691195135004818,0.000692140602041036,0.000689883250743151,0.000683750316966325,0.000674994604196399,0.000668346125166863,0.000665480562020093,0.000656055985018611,0.000648257089778781,0.000641795457340777,0.000631758710369468,0.000627360015641898,0.000619094469584525,0.000611961528193206,0.00060167524497956,0.000594261102378368,0.000587526592426002,0.000587002548854798,0.000578556442633271,0.000578833685722202,0.000579696730710566,0.000575798330828547,0.00057686137733981,7.85137817729264E-05,0.00039270194247365,0.000320395542075858,0.000544690992683172,0.000387578882509843,0.0004991585155949,0.000541659537702799,0.000543140689842403,0.00028923898935318,9.2569287517108E-05,0.000262673042016104,3.70139750884846E-05,3.21554180118255E-05,3.81349946110277E-06,3.83817223337246E-06,-9999,-9999,-9999,-9999,-9999,-9999,-9999,-9999,-9999,-9999,-9999,-9999,-9999,-9999,-9999,-9999,-9999,-9999,-9999,-9999,-9999,-9999,-9999,-9999,-9999,-9999,-9999,-9999,-9999,-9999,-9999,-9999,-9999,-9999,-9999,-9999,-9999,-9999,-9999,-9999,-9999,2.09479594559525E-06,3.05533831124194E-06,9.85177321126685E-05,0.000406191480578855,0.000427456601755694,0.000422103388700634,0.00041930572479032,0.000420322234276682,0.000420169439166784,0.000419506948674098,0.000417762232245877,0.000414990005083382,0.000412327528465539,0.000409640051657334,0.000405199330998585,0.000389247201383114,0.000297073973342776,0.000104863705928437,2.04490806936519E-05,2.05121341423364E-05,1.47529108289746E-05,2.15518175536999E-05,-9999,-9999,-9999,-9999,-9999,-9999,-9999,-9999,-9999,-9999,-9999,-9999,-9999,-9999
-9999,-9999,-9999,-9999,3.48720168403815E-05,5.35568906343542E-05,8.05548988864757E-05,0.000531412253621966,0.000671134155709296,0.0006914590485394,0.00069015595363453,0.000685390143189579,0.000681910605635494,0.000679062737617642,0.000677931180689484,0.000679168268106878,0.000681876379530877,0.00068581837695092,0.000684694619849324,0.00053259520791471,7.071800155245E-06,4.57410988019546E-06,4.53645043307915E-06,4.49132767244009E-06,4.44220268036588E-06,4.39097857451998E-06,2.08889523491962E-05,4.27814165959717E-06,1.60685376613401E-05,4.15862541558454E-06,5.32807389390655E-05,0.000420735828811303,0.000557206454686821,0.000538619526196271,0.000574993609916419,0.000563622743356973,0.000572452554479241,0.000566793780308217,0.000163393560796976,3.91161302104592E-06,3.86759757020627E-06,3.83302904083394E-06,3.80427627533209E-06,3.78191839445208E-06,3.76396064893925E-06,3.75235117644479E-06,3.74633486899256E-06,-9999,-9999,-9999,-9999,-9999,-9999,-9999,-9999,-9999,-9999,-9999,-9999,-9999,-9999,-9999,-9999,-9999,-9999,-9999,-9999,-9999,-9999,-9999,-9999,-9999,-9999,-9999,-9999,-9999,-9999,-9999,-9999,-9999,-9999,-9999,-9999,-9999,-9999,-9999,-9999,-9999,-9999,-9999,-9999,-9999,-9999,-9999,-9999,-9999,2.97098040391575E-06,1.97603785636602E-05,0.000353038951288909,0.000414418842410669,0.000412501627579331,0.000408089952543378,0.000408596475608647,0.000408163672545925,0.000406780134653673,0.000404722144594416,0.000401440338464454,0.00039854456554167,0.00039616774301976,0.000393065507523715,0.000382371305022389,0.000318633916322142,0.000161001444212161,5.45157454325818E-05,9.77240506472299E-06,3.35067124979105E-05,2.04444640985457E-05,-9999,-9999,-9999,-9999,-9999,-9999,-9999,-9999,-9999,-9999,-9999,-9999,-9999,-9999
-9999,-9999,-9999,-9999,-9999,3.38691497745458E-05,0.00038693961687386,0.000667435233481228,0.000694931717589498,0.000694750109687448,0.000688220548909158,0.000681094359606504,0.000676957075484097,0.00067167537054047,0.000669418077450246,0.000672736437991261,0.000404653896111995,4.63545029560919E-06,4.64806180389132E-06,4.65062248622417E-06,-9999,-9999,-9999,-9999,-9999,-9999,-9999,-9999,-9999,-9999,-9999,-9999,-9999,1.48428771353792E-05,4.32222368544899E-05,3.7347632314777E-05,4.96882348670624E-05,3.9568967622472E-06,-9999,-9999,-9999,-9999,-9999,-9999,-9999,-9999,-9999,-9999,-9999,-9999,-9999,-9999,-9999,-9999,-9999,-9999,-9999,-9999,-9999,-9999,-9999,-9999,-9999,-9999,-9999,-9999,-9999,-9999,-9999,-9999,-9999,-9999,-9999,-9999,-9999,-9999,-9999,-9999,-9999,-9999,-9999,-9999,-9999,-9999,-9999,-9999,-9999,-9999,-9999,-9999,-9999,-9999,-9999,-9999,-9999,-9999,1.94588915292115E-06,2.83243980447878E-06,0.00030003729625605,0.000401755358325318,0.000401013239752501,0.000396655523218215,0.00039777479832992,0.000395376206142828,0.000393450143747032,0.000391307199606672,0.000388573709642515,0.000385976192774251,0.000383027625503018,0.000380552490241826,0.000375600619008765,0.000339728256221861,0.000221344700548798,6.51513691991568E-05,3.61312850145623E-05,2.21229165617842E-05,-9999,-9999,-9999,-9999,-9999,-9999,-9999,-9999,-9999,-9999,-9999,-9999,-9999,-9999,-9999
-9999,-9999,-9999,-9999,-9999,0.000133986468426883,0.000628222653176636,0.000694375310558826,0.000699739321134984,0.000693835550919175,0.000685765000525862,0.000677347939927131,0.000670314882881939,0.000666156294755638,0.000662987644318491,7.61306582717225E-05,4.61600893686409E-06,3.10445420836913E-06,-9999,-9999,-9999,-9999,-9999,-9999,-9999,-9999,-9999,-9999,-9999,-9999,-9999,-9999,-9999,-9999,-9999,-9999,-9999,-9999,-9999,-9999,-9999,-9999,-9999,-9999,-9999,-9999,-9999,-9999,-9999,-9999,-9999,-9999,-9999,-9999,-9999,-9999,-9999,-9999,-9999,-9999,-9999,-9999,-9999,-9999,-9999,-9999,-9999,-9999,-9999,-9999,-9999,-9999,-9999,-9999,-9999,-9999,-9999,-9999,-9999,-9999,-9999,-9999,-9999,-9999,-9999,-9999,-9999,-9999,-9999,-9999,-9999,-9999,-9999,-9999,-9999,-9999,-9999,2.7351486551197E-06,0.000226834497880191,0.000389988708775491,0.000389449851354584,0.000385934108635411,0.000386078900191933,0.000382434052880853,0.000379719509510323,0.000377717282390222,0.000376108888303861,0.000374071096302941,0.000371653528418392,0.000369083165423945,0.000364811130566522,0.000349609967088327,0.000251923309406266,0.000126790284411982,2.44712828134652E-05,1.77927504410036E-05,-9999,-9999,-9999,-9999,-9999,-9999,-9999,-9999,-9999,-9999,-9999,-9999,-9999,-9999,-9999
-9999,-9999,3.62000391760375E-05,3.56763011950534E-05,3.46846973116044E-05,0.000369638175470755,0.000684061320498586,0.000701212964486331,0.000699613010510802,0.000691424706019461,0.000682863406836987,0.000674188137054443,0.000667502696160227,0.000657215248793364,3.9729529817123E-05,4.59854391010595E-06,3.09270694742736E-06,-9999,-9999,-9999,-9999,-9999,-9999,-9999,-9999,-9999,-9999,-9999,-9999,-9999,-9999,-9999,-9999,-9999,-9999,-9999,-9999,-9999,-9999,-9999,-9999,-9999,-9999,-9999,-9999,-9999,-9999,-9999,-9999,-9999,-9999,-9999,-9999,-9999,-9999,-9999,-9999,-9999,-9999,-9999,-9999,-9999,-9999,-9999,-9999,-9999,-9999,-9999,-9999,-9999,-9999,-9999,-9999,-9999,-9999,-9999,-9999,-9999,-9999,-9999,-9999,-9999,-9999,-9999,-9999,-9999,-9999,-9999,-9999,-9999,-9999,-9999,-9999,-9999,-9999,-9999,-9999,2.6590341803967E-06,0.000131358508951962,0.000378629716578871,0.000379515462554991,0.000374877534341067,0.000372213398804888,0.000369887799024582,0.000366094056516886,0.000365149637218565,0.000364284962415695,0.000362886901712045,0.000360623234882951,0.000357984856236726,0.000354909105226398,0.000345036532962695,0.000303227483527735,0.000191804487258196,0.000102490943390876,2.3253765903064E-05,-9999,-9999,-9999,-9999,-9999,-9999,-9999,-9999,-9999,-9999,-9999,-9999,-9999,-9999,-9999
-9999,-9999,-9999,-9999,4.28110106440727E-05,0.000579582527279854,0.000695408321917057,0.000702733057551086,0.000697312003467232,0.000687239109538496,0.000678864074870944,0.000671770889312029,0.000666749430820346,5.73702418478206E-05,4.58777549283695E-06,3.08328458231699E-06,-9999,-9999,-9999,-9999,-9999,-9999,-9999,-9999,-9999,-9999,-9999,-9999,-9999,-9999,-9999,-9999,-9999,-9999,-9999,-9999,-9999,-9999,-9999,-9999,-9999,-9999,-9999,-9999,-9999,-9999,-9999,-9999,-9999,-9999,-9999,-9999,-9999,-9999,-9999,-9999,-9999,-9999,-9999,-9999,-9999,-9999,-9999,-9999,-9999,-9999,-9999,-9999,-9999,-9999,-9999,-9999,-9999,-9999,-9999,-9999,-9999,-9999,-9999,-9999,-9999,-9999,-9999,-9999,-9999,-9999,-9999,-9999,-9999,-9999,-9999,-9999,-9999,-9999,-9999,-9999,-9999,2.59315174844232E-06,6.85319100739434E-05,0.000366526481229812,0.000368466484360397,0.000365214626071975,0.000360891019226983,0.000358387420419604,0.000354059768142179,0.00035339969326742,0.000353662820998579,0.000352317321812734,0.000349925161572173,0.000347403896739706,0.00034391219378449,0.000338264013407752,0.000322537322062999,0.00027937805862166,0.000173387714312412,5.15175852342509E-05,-9999,-9999,-9999,-9999,-9999,-9999,-9999,-9999,-9999,-9999,-9999,-9999,-9999,-9999,-9999
-9999,-9999,-9999,-9999,9.06496279640123E-05,0.000630183320026845,0.000698450719937682,0.000701584620401263,0.000694282935000956,0.000682869111187756,0.000675274699460715,0.000669886416289955,0.000449526007287204,4.58311205875361E-06,3.07903860630176E-06,-9999,-9999,-9999,-9999,-9999,-9999,-9999,-9999,-9999,-9999,-9999,-9999,-9999,-9999,-9999,-9999,-9999,-9999,-9999,-9999,-9999,-9999,-9999,-9999,-9999,-9999,-9999,-9999,-9999,-9999,-9999,-9999,-9999,-9999,-9999,-9999,-9999,-9999,-9999,-9999,-9999,-9999,-9999,-9999,-9999,-9999,-9999,-9999,-9999,-9999,-9999,-9999,-9999,-9999,-9999,-9999,-9999,-9999,-9999,-9999,-9999,-9999,-9999,-9999,-9999,-9999,-9999,-9999,-9999,-9999,-9999,-9999,-9999,-9999,-9999,-9999,-9999,-9999,-9999,-9999,-9999,-9999,2.5336603357573E-06,2.74038757197559E-05,0.000352494389517233,0.000357024429831654,0.000355725089320913,0.000350542104570195,0.000346754939528182,0.000343682913808152,0.000341769948136061,0.000342098210239783,0.000340635335305706,0.00033904574229382,0.000336703029461205,0.000333661446347833,0.000329798873281106,0.000322670181049034,0.000307449809042737,0.000257144682109356,0.000138184113893658,1.88337799045257E-05,-9999,-9999,-9999,-9999,-9999,-9999,-9999,-9999,-9999,-9999,-9999,-9999,-9999,-9999
-9999,-9999,-9999,-9999,7.34434070182033E-05,0.00062090513529256,0.000697618175763637,0.000699224357958883,0.00069082691334188,0.00067964952904731,0.000672918104100972,0.000668002001475543,4.57185342384037E-06,3.07361187878996E-06,2.06506047106814E-06,-9999,-9999,-9999,-9999,-9999,-9999,-9999,-9999,-9999,-9999,-9999,-9999,-9999,-9999,-9999,-9999,-9999,-9999,-9999,-9999,-9999,-9999,-9999,-9999,-9999,-9999,-9999,-9999,-9999,-9999,-9999,-9999,-9999,-9999,-9999,-9999,-9999,-9999,-9999,-9999,-9999,-9999,-9999,-9999,-9999,-9999,-9999,-9999,-9999,-9999,-9999,-9999,-9999,-9999,-9999,-9999,-9999,-9999,-9999,-9999,-9999,-9999,-9999,-9999,-9999,-9999,-9999,-9999,-9999,-9999,-9999,-9999,-9999,-9999,-9999,-9999,-9999,-9999,-9999,-9999,-9999,-9999,1.64924119872012E-06,2.4324092464667E-06,0.000334232056047767,0.000346973276464269,0.000345994252711535,0.000341850012773648,0.000335888529662043,0.000333434669300914,0.000331423478201032,0.000330099428538233,0.000329273549141362,0.000328092224663123,0.000326463836245239,0.00032364425715059,0.000319911865517497,0.000315964396577328,0.000308599788695574,0.00028509137337096,0.0002062211278826,6.43102248432115E-05,1.46441088872962E-05,-9999,-9999,-9999,-9999,-9999,-9999,-9999,-9999,-9999,-9999,-9999,-9999,-9999
-9999,-9999,-9999,-9999,3.82051985070575E-05,0.000565008609555662,0.000694402900990099,0.000697236391715705,0.000689827604219317,0.000678906566463411,0.000671982183121145,0.000665419909637421,4.56701809525839E-06,3.06939750771562E-06,-9999,-9999,-9999,-9999,-9999,-9999,-9999,-9999,-9999,-9999,-9999,-9999,-9999,-9999,-9999,-9999,-9999,-9999,-9999,-9999,-9999,-9999,-9999,-9999,-9999,-9999,-9999,-9999,-9999,-9999,-9999,-9999,-9999,-9999,-9999,-9999,-9999,-9999,-9999,-9999,-9999,-9999,-9999,-9999,-9999,-9999,-9999,-9999,-9999,-9999,-9999,-9999,-9999,-9999,-9999,-9999,-9999,-9999,-9999,-9999,-9999,-9999,-9999,-9999,-9999,-9999,-9999,-9999,-9999,-9999,-9999,-9999,-9999,-9999,-9999,-9999,-9999,-9999,-9999,-9999,-9999,-9999,-9999,1.6172034520423E-06,2.36519349527953E-06,0.000315953453537077,0.000337205943651497,0.000335968361468986,0.000333691044943407,0.00032763383933343,0.000323229847708717,0.000321138941217214,0.000319749873597175,0.000320086401188746,0.00031896514701657,0.000317448895657435,0.000314413307933137,0.000310864037601277,0.000307746144244447,0.000302593456581235,0.000287655595457181,0.000253368110861629,0.000148620019899681,2.79309151665075E-05,1.99835194507614E-05,2.0430093172763E-06,-9999,-9999,-9999,-9999,-9999,-9999,-9999,-9999,-9999,-9999,-9999
-9999,-9999,-9999,-9999,3.41408085660078E-05,0.000306157133309171,0.000680890982039273,0.000696445582434535,0.000692396075464785,0.000684362777974457,0.000675627728924155,0.000669057830236852,1.01225969046936E-05,4.57111536888988E-06,-9999,-9999,-9999,-9999,-9999,-9999,-9999,-9999,-9999,-9999,-9999,-9999,-9999,-9999,-9999,-9999,-9999,-9999,-9999,-9999,-9999,-9999,-9999,-9999,-9999,-9999,-9999,-9999,-9999,-9999,-9999,-9999,-9999,-9999,-9999,-9999,-9999,-9999,-9999,-9999,-9999,-9999,-9999,-9999,-9999,-9999,-9999,-9999,-9999,-9999,-9999,-9999,-9999,-9999,-9999,-9999,-9999,-9999,-9999,-9999,-9999,-9999,-9999,-9999,-9999,-9999,-9999,-9999,-9999,-9999,-9999,-9999,-9999,-9999,-9999,-9999,-9999,-9999,-9999,-9999,-9999,-9999,-9999,-9999,2.29798411055526E-06,0.000302140018902719,0.000327747373376042,0.000326162087731063,0.000325972971040756,0.000320362800266594,0.000315370067255571,0.000313572672894225,0.000312736490741372,0.000311616458930075,0.000310895033180714,0.000308922171825543,0.000306338246446103,0.000303144654026255,0.000300283078104258,0.000296526035526767,0.00028578843921423,0.000260591303231195,0.000196181048522703,4.60935589217115E-05,1.58243601617869E-05,-9999,-9999,-9999,-9999,-9999,-9999,-9999,-9999,-9999,-9999,-9999,-9999
-9999,-9999,-9999,-9999,3.41717241099104E-05,0.000133981156977825,0.00063114200020209,0.000694320420734584,0.000693273032084107,0.000689205073285848,0.00068208115408197,0.000674320675898343,0.00045699457405135,4.56480756838573E-06,-9999,-9999,-9999,-9999,-9999,-9999,-9999,-9999,-9999,-9999,-9999,-9999,-9999,-9999,-9999,-9999,-9999,-9999,-9999,-9999,-9999,-9999,-9999,-9999,-9999,-9999,-9999,-9999,-9999,-9999,-9999,-9999,-9999,-9999,-9999,-9999,-9999,-9999,-9999,-9999,-9999,-9999,-9999,-9999,-9999,-9999,-9999,-9999,-9999,-9999,-9999,-9999,-9999,-9999,-9999,-9999,-9999,-9999,-9999,-9999,-9999,-9999,-9999,-9999,-9999,-9999,-9999,-9999,-9999,-9999,-9999,-9999,-9999,-9999,-9999,-9999,-9999,-9999,-9999,-9999,-9999,-9999,-9999,-9999,2.24992413677683E-06,0.000271325203357264,0.000319907936500385,0.000318518781568855,0.000318327540298924,0.000315391516778618,0.000309716851916164,0.000305205059703439,0.000304728280752897,0.000302979024127126,0.000302027619909495,0.000300241343211383,0.000298542698146775,0.00029604381415993,0.000293552002403885,0.00028962770011276,0.000281677872408181,0.000261350884102285,0.000225773095735349,8.59438441693783E-05,1.55623820319306E-05,1.39580079121515E-05,1.40873271448072E-05,-9999,-9999,-9999,-9999,-9999,-9999,-9999,-9999,-9999,-9999
-9999,-9999,-9999,-9999,-9999,3.77252254111227E-05,0.000515732856001705,0.000689203850924969,0.000693336420226842,0.000691176159307361,0.000686125829815865,0.000677690026350319,0.000668523600324988,4.56346469945856E-06,-9999,-9999,-9999,-9999,-9999,-9999,-9999,-9999,-9999,-9999,-9999,-9999,-9999,-9999,-9999,-9999,-9999,-9999,-9999,-9999,-9999,-9999,-9999,-9999,-9999,-9999,-9999,-9999,-9999,-9999,-9999,-9999,-9999,-9999,-9999,-9999,-9999,-9999,-9999,-9999,-9999,-9999,-9999,-9999,-9999,-9999,-9999,-9999,-9999,-9999,-9999,-9999,-9999,-9999,-9999,-9999,-9999,-9999,-9999,-9999,-9999,-9999,-9999,-9999,-9999,-9999,-9999,-9999,-9999,-9999,-9999,-9999,-9999,-9999,-9999,-9999,-9999,-9999,-9999,-9999,-9999,-9999,-9999,-9999,2.21555342250213E-06,0.000214864077861421,0.000310809584334493,0.000312304706312716,0.000311299081658944,0.000309102819301188,0.000303511333186179,0.000297700345981866,0.000297183403745294,0.000295283738523722,0.000294526369543746,0.000292667915346101,0.000291259348159656,0.000289347517536953,0.00028706609737128,0.00028389718499966,0.000278741965303198,0.00026905961567536,0.000215173538890667,0.000130785047076643,4.87408542539924E-05,3.27349662256893E-05,1.94135172932874E-05,1.41374448503484E-05,-9999,-9999,-9999,-9999,-9999,-9999,-9999,-9999,-9999
-9999,-9999,-9999,-9999,-9999,7.69050166127272E-06,0.000364291307050735,0.000675496587064117,0.000693172973114997,0.000692479137796909,0.000688740285113454,0.000680407683830708,0.000670328678097576,4.5709966798313E-06,-9999,-9999,-9999,-9999,-9999,-9999,-9999,-9999,-9999,-9999,-9999,-9999,-9999,-9999,-9999,-9999,-9999,-9999,-9999,-9999,-9999,-9999,-9999,-9999,-9999,-9999,-9999,-9999,-9999,-9999,-9999,-9999,-9999,-9999,-9999,-9999,-9999,-9999,-9999,-9999,-9999,-9999,-9999,-9999,-9999,-9999,-9999,-9999,-9999,-9999,-9999,-9999,-9999,-9999,-9999,-9999,-9999,-9999,-9999,-9999,-9999,-9999,-9999,-9999,-9999,-9999,-9999,-9999,-9999,-9999,-9999,-9999,-9999,-9999,-9999,-9999,-9999,-9999,-9999,-9999,-9999,-9999,-9999,-9999,2.19396747525025E-06,7.12737237336114E-05,0.000300398474792019,0.000306434201775119,0.000304979417705908,0.000302554515656084,0.000297618098556995,0.00029220458236523,0.000290518568363041,0.000289630028419197,0.000288153125438839,0.0002856400096789,0.000284059147816151,0.000282368069747463,0.000280367792584002,0.000278369931038469,0.000274532270850614,0.000261984911048785,0.000221957365283743,0.000183627125807106,0.000144370482303202,0.000120606877317186,3.60744634235743E-05,1.38298237288836E-05,-9999,-9999,-9999,-9999,-9999,-9999,-9999,-9999,-9999
-9999,-9999,-9999,-9999,-9999,4.73012687507435E-06,0.000262271729297936,0.000674865383189172,0.000692740955855697,0.000693319307174534,0.000690525048412383,0.000682090234477073,0.000665035680867732,4.58114527646103E-06,-9999,-9999,-9999,-9999,-9999,-9999,-9999,-9999,-9999,-9999,-9999,-9999,-9999,-9999,-9999,-9999,-9999,-9999,-9999,-9999,-9999,-9999,-9999,-9999,-9999,-9999,-9999,-9999,-9999,-9999,-9999,-9999,-9999,-9999,-9999,-9999,-9999,-9999,-9999,-9999,-9999,-9999,-9999,-9999,-9999,-9999,-9999,-9999,-9999,-9999,-9999,-9999,-9999,-9999,-9999,-9999,-9999,-9999,-9999,-9999,-9999,-9999,-9999,-9999,-9999,-9999,-9999,-9999,-9999,-9999,-9999,-9999,-9999,-9999,-9999,-9999,-9999,-9999,-9999,-9999,-9999,-9999,-9999,-9999,-9999,2.12200166060938E-06,0.00029154124786146,0.000299279403407127,0.000299399602226913,0.000296495039947331,0.000291833654046059,0.000286252790829167,0.000284434965578839,0.000283746456261724,0.000281888293102384,0.0002796565531753,0.00027760851662606,0.000276082631899044,0.000274122634436935,0.000272430654149503,0.00027011230122298,0.000261182780377567,0.000250145560130477,0.000234940380323678,0.000200672468054108,0.000126707876916043,4.77512512588874E-05,1.34934871311998E-05,-9999,-9999,-9999,-9999,-9999,-9999,-9999,-9999,-9999
-9999,-9999,-9999,-9999,-9999,-9999,0.000159357892698608,0.00067673804005608,0.000692190660629421,0.000693780602887273,0.000690606480930001,0.000680779223330319,0.000674030394293368,-9999,-9999,-9999,-9999,-9999,-9999,-9999,-9999,-9999,-9999,-9999,-9999,-9999,-9999,-9999,-9999,-9999,-9999,-9999,-9999,-9999,-9999,-9999,-9999,-9999,-9999,-9999,-9999,-9999,-9999,-9999,-9999,-9999,-9999,-9999,-9999,-9999,-9999,-9999,-9999,-9999,-9999,-9999,-9999,-9999,-9999,-9999,-9999,-9999,-9999,-9999,-9999,-9999,-9999,-9999,-9999,-9999,-9999,-9999,-9999,-9999,-9999,-9999,-9999,-9999,-9999,-9999,-9999,-9999,-9999,-9999,-9999,-9999,-9999,-9999,-9999,-9999,-9999,-9999,-9999,-9999,-9999,-9999,-9999,-9999,-9999,2.08575420401758E-06,0.000270288554020226,0.000292914221063256,0.000294420897262171,0.000291837030090392,0.000287458067759871,0.000282451306702569,0.000279649160802364,0.000278249732218683,0.000275876460364088,0.000273810408543795,0.000271761207841337,0.000269842246780172,0.000268024363322183,0.000266460177954286,0.00026557783712633,0.000263274530880153,0.000258110638242215,0.000240901426877826,0.00020939955720678,0.000156420428538695,8.06780881248415E-05,1.64256198331714E-05,-9999,-9999,-9999,-9999,-9999,-9999,-9999,-9999,-9999
-9999,-9999,-9999,-9999,-9999,-9999,0.000119992233521771,0.000677347648888826,0.000693271751515567,0.000693716749083251,0.000688476546201855,0.000678614887874573,0.000668111257255077,-9999,-9999,-9999,-9999,-9999,-9999,-9999,-9999,-9999,-9999,-9999,-9999,-9999,-9999,-9999,-9999,-9999,-9999,-9999,-9999,-9999,-9999,-9999,-9999,-9999,-9999,-9999,-9999,-9999,-9999,-9999,-9999,-9999,-9999,-9999,-9999,-9999,-9999,-9999,-9999,-9999,-9999,-9999,-9999,-9999,-9999,-9999,-9999,-9999,-9999,-9999,-9999,-9999,-9999,-9999,-9999,-9999,-9999,-9999,-9999,-9999,-9999,-9999,-9999,-9999,-9999,-9999,-9999,-9999,-9999,-9999,-9999,-9999,-9999,-9999,-9999,-9999,-9999,-9999,-9999,-9999,-9999,-9999,-9999,-9999,-9999,2.05659875973652E-06,0.000178036178112961,0.000288237875793129,0.000289803429041058,0.000287087314063683,0.000282793247606605,0.00027849932666868,0.0002743873919826,0.000273524638032541,0.000271052005700767,0.000268900621449575,0.000266754359472543,0.00026498522493057,0.000263113062828779,0.000261552719166502,0.000260724133113399,0.000259740510955453,0.000256456667557359,0.000247954274527729,0.000228546021389775,0.000176121742697433,0.000123326230095699,3.07481204799842E-05,1.60491326823831E-05,1.28764022520045E-05,-9999,-9999,-9999,-9999,-9999,-9999,-9999
-9999,-9999,-9999,-9999,-9999,-9999,0.000190785605809651,0.000688291736878455,0.000695617112796754,0.000692937057465315,0.000685565290041268,0.000676111492794007,0.000613519514445215,-9999,-9999,-9999,-9999,-9999,-9999,-9999,-9999,-9999,-9999,-9999,-9999,-9999,-9999,-9999,-9999,-9999,-9999,-9999,-9999,-9999,-9999,-9999,-9999,-9999,-9999,-9999,-9999,-9999,-9999,-9999,-9999,-9999,-9999,-9999,-9999,-9999,-9999,-9999,-9999,-9999,-9999,-9999,-9999,-9999,-9999,-9999,-9999,-9999,-9999,-9999,-9999,-9999,-9999,-9999,-9999,-9999,-9999,-9999,-9999,-9999,-9999,-9999,-9999,-9999,-9999,-9999,-9999,-9999,-9999,-9999,-9999,-9999,-9999,-9999,-9999,-9999,-9999,-9999,-9999,-9999,-9999,-9999,-9999,-9999,-9999,2.03209719984443E-06,1.19666065074853E-05,0.000283961446257308,0.000284469744656235,0.000282201217487454,0.000277644110610709,0.000273284036666155,0.000269637414021417,0.000268364587100223,0.000266855320660397,0.000264738977421075,0.000262320274487138,0.000260323431575671,0.0002587539202068,0.000257541105384007,0.000256322353379801,0.00025582397938706,0.000253210630035028,0.000246846087975428,0.000231704616453499,0.000204173818929121,0.000144895078847185,5.50633267266676E-05,2.73221066890983E-05,1.98095585801639E-05,1.26517243188573E-05,-9999,-9999,-9999,-9999,-9999,-9999
-9999,-9999,-9999,-9999,-9999,-9999,-9999,-9999,-9999,-9999,-9999,-9999,-9999,-9999,-9999,-9999,-9999,-9999,-9999,-9999,-9999,-9999,-9999,-9999,-9999,-9999,-9999,-9999,-9999,-9999,-9999,-9999,-9999,-9999,-9999,-9999,-9999,-9999,-9999,-9999,-9999,-9999,-9999,-9999,-9999,-9999,-9999,-9999,-9999,-9999,-9999,-9999,-9999,-9999,-9999,-9999,-9999,-9999,-9999,-9999,-9999,-9999,-9999,-9999,-9999,-9999,-9999,-9999,-9999,-9999,-9999,-9999,-9999,-9999,-9999,-9999,-9999,-9999,-9999,-9999,-9999,-9999,-9999,-9999,-9999,-9999,-9999,-9999,-9999,-9999,-9999,-9999,-9999,-9999,-9999,-9999,-9999,-9999,-9999,-9999,1.95859229279449E-06,0.000272262055659667,0.0002790282596834,0.000277193437796086,0.000273196172202006,0.000268929696176201,0.000265149836195633,0.000263996626017615,0.000263249443378299,0.000260691420407966,0.000258418702287599,0.000256539235124364,0.000254617567406967,0.000253624544711784,0.000252588390139863,0.000251984252827242,0.000251057121204212,0.000247596530243754,0.000238172957324423,0.000215767984627746,0.000157993650645949,8.40132706798613E-05,5.43885871593375E-05,4.06940380344167E-05,2.16929947782774E-05,1.23801792142331E-05,-9999,-9999,-9999,-9999,-9999
-9999,-9999,-9999,-9999,-9999,-9999,-9999,-9999,-9999,-9999,-9999,-9999,-9999,-9999,-9999,-9999,-9999,-9999,-9999,-9999,-9999,-9999,-9999,-9999,-9999,-9999,-9999,-9999,-9999,-9999,-9999,-9999,-9999,-9999,-9999,-9999,-9999,-9999,-9999,-9999,-9999,-9999,-9999,-9999,-9999,-9999,-9999,-9999,-9999,-9999,-9999,-9999,-9999,-9999,-9999,-9999,-9999,-9999,-9999,-9999,-9999,-9999,-9999,-9999,-9999,-9999,-9999,-9999,-9999,-9999,-9999,-9999,-9999,-9999,-9999,-9999,-9999,-9999,-9999,-9999,-9999,-9999,-9999,-9999,-9999,-9999,-9999,-9999,-9999,-9999,-9999,-9999,-9999,-9999,-9999,-9999,-9999,-9999,-9999,-9999,1.92686707123357E-06,0.000205760894459672,0.000274795078439638,0.000272066594334319,0.000268627947662026,0.00026433082530275,0.000260296452324837,0.000259992375504225,0.000259359629126266,0.000256934901699424,0.000254176906310022,0.000252557569183409,0.00025051535340026,0.000249836855800822,0.000249243952566758,0.000249537173658609,0.000248925876803696,0.000246825540671125,0.000236925145145506,0.000212942250072956,0.000163080694619566,0.000103898295492399,7.64496435294859E-05,4.43265962530859E-05,2.94867986667668E-05,1.36972776090261E-05,1.21660687000258E-05,-9999,-9999,-9999,-9999
-9999,-9999,-9999,-9999,-9999,-9999,-9999,-9999,-9999,-9999,-9999,-9999,-9999,-9999,-9999,-9999,-9999,-9999,-9999,-9999,-9999,-9999,-9999,-9999,-9999,-9999,-9999,-9999,-9999,-9999,-9999,-9999,-9999,-9999,-9999,-9999,-9999,-9999,-9999,-9999,-9999,-9999,-9999,-9999,-9999,-9999,-9999,-9999,-9999,-9999,-9999,-9999,-9999,-9999,-9999,-9999,-9999,-9999,-9999,-9999,-9999,-9999,-9999,-9999,-9999,-9999,-9999,-9999,-9999,-9999,-9999,-9999,-9999,-9999,-9999,-9999,-9999,-9999,-9999,-9999,-9999,-9999,-9999,-9999,-9999,-9999,-9999,-9999,-9999,-9999,-9999,-9999,-9999,-9999,-9999,-9999,-9999,-9999,-9999,-9999,1.90475839190185E-06,4.8643018999428E-06,0.000271006836555898,0.000267437571892515,0.000264279660768807,0.000259865046245977,0.000256483850535005,0.000256284343777224,0.000255592749454081,0.000253495818469673,0.000250731070991606,0.000249012256972492,0.000246965762926266,0.000246114883339033,0.000246069976128638,0.000246441981289536,0.000244945695158094,0.000242105641518719,0.00023462504032068,0.000210269776289351,0.000174217057065107,0.00013210104953032,9.54550778260455E-05,5.80932610318996E-05,3.23007625411265E-05,1.68993665283779E-05,1.20421891551814E-05,-9999,-9999,-9999,-9999
-9999,-9999,-9999,-9999,-9999,-9999,-9999,-9999,-9999,-9999,-9999,-9999,-9999,-9999,-9999,-9999,-9999,-9999,-9999,-9999,-9999,-9999,-9999,-9999,-9999,-9999,-9999,-9999,-9999,-9999,-9999,-9999,-9999,-9999,-9999,-9999,-9999,-9999,-9999,-9999,-9999,-9999,-9999,-9999,-9999,-9999,-9999,-9999,-9999,-9999,-9999,-9999,-9999,-9999,-9999,-9999,-9999,-9999,-9999,-9999,-9999,-9999,-9999,-9999,-9999,-9999,-9999,-9999,-9999,-9999,-9999,-9999,-9999,-9999,-9999,-9999,-9999,-9999,-9999,-9999,-9999,-9999,-9999,-9999,-9999,-9999,-9999,-9999,-9999,-9999,-9999,-9999,-9999,-9999,-9999,-9999,-9999,-9999,-9999,-9999,-9999,1.85332555702189E-06,0.000248656375333667,0.000262564950389788,0.000259785912930965,0.000255755439866334,0.000253106409218162,0.000252352096140385,0.000251850753556937,0.000250084325671196,0.000247083633439615,0.000245254632318392,0.00024336164642591,0.00024221015337389,0.00024209484399762,0.000242827547481284,0.0002433625923004,0.000242127207457088,0.000233660291996785,0.000211610502447002,0.000178081216290593,0.000152212625835091,0.000108585794805549,5.74103614781052E-05,3.53064060618635E-05,1.66258778335759E-05,1.1742919923563E-05,-9999,-9999,1.08342646853998E-05,1.08072345028631E-05
-9999,-9999,-9999,-9999,-9999,-9999,-9999,-9999,-9999,-9999,-9999,-9999,-9999,-9999,-9999,-9999,-9999,-9999,-9999,-9999,-9999,-9999,-9999,-9999,-9999,-9999,-9999,-9999,-9999,-9999,-9999,-9999,-9999,-9999,-9999,-9999,-9999,-9999,-9999,-9999,-9999,-9999,-9999,-9999,-9999,-9999,-9999,-9999,-9999,-9999,-9999,-9999,-9999,-9999,-9999,-9999,-9999,-9999,-9999,-9999,-9999,-9999,-9999,-9999,-9999,-9999,-9999,-9999,-9999,-9999,-9999,-9999,-9999,-9999,-9999,-9999,-9999,-9999,-9999,-9999,-9999,-9999,-9999,-9999,-9999,-9999,-9999,-9999,-9999,-9999,-9999,-9999,-9999,-9999,-9999,-9999,-9999,-9999,-9999,-9999,-9999,-9999,1.30118851302541E-05,0.000262779038166627,0.000256371713476256,0.000253094651270658,0.000250653829425573,0.00024984756601043,0.000248614611336961,0.000246229930780828,0.000243416507146321,0.000241597314015962,0.000239945089560933,0.000239010769291781,0.000238603330217302,0.000239071756368503,0.000239354034420103,0.000237862011999823,0.000229362660320476,0.000218863366171718,0.000197131201275624,0.000157246278831735,0.00010749364446383,6.77428324706852E-05,3.13446616928559E-05,1.81233444891404E-05,1.13592304842314E-05,1.10105238491087E-05,1.08722670120187E-05,1.07710093288915E-05,1.18920270324452E-05
-9999,-9999,-9999,-9999,-9999,-9999,-9999,-9999,-9999,-9999,-9999,-9999,-9999,-9999,-9999,-9999,-9999,-9999,-9999,-9999,-9999,-9999,-9999,-9999,-9999,-9999,-9999,-9999,-9999,-9999,-9999,-9999,-9999,-9999,-9999,-9999,-9999,-9999,-9999,-9999,-9999,-9999,-9999,-9999,-9999,-9999,-9999,-9999,-9999,-9999,-9999,-9999,-9999,-9999,-9999,-9999,-9999,-9999,-9999,-9999,-9999,-9999,-9999,-9999,-9999,-9999,-9999,-9999,-9999,-9999,-9999,-9999,-9999,-9999,-9999,-9999,-9999,-9999,-9999,-9999,-9999,-9999,-9999,-9999,-9999,-9999,-9999,-9999,-9999,-9999,-9999,-9999,-9999,-9999,-9999,-9999,-9999,-9999,-9999,-9999,-9999,-9999,-9999,0.000181383438757621,0.000257284147664905,0.000251396064413711,0.000249978213105351,0.000248274183832109,0.000246809242526069,0.0002437423390802,0.000240714565734379,0.0002384072431596,0.000236882377066649,0.000236073028645478,0.00023603969020769,0.000235639134189114,0.000234912993619218,0.000233346974710003,0.000226621792535298,0.000219001856748946,0.000199532747501507,0.000162163196364418,0.000120616270578466,5.58141982764937E-05,2.75687434623251E-05,1.57465001393575E-05,1.2385004083626E-05,1.08960166471661E-05,1.19939559226623E-05,1.31429369503167E-05,0.00010711295180954
-9999,-9999,-9999,-9999,-9999,-9999,-9999,-9999,-9999,-9999,-9999,-9999,-9999,-9999,-9999,-9999,-9999,-9999,-9999,-9999,-9999,-9999,-9999,-9999,-9999,-9999,-9999,-9999,-9999,-9999,-9999,-9999,-9999,-9999,-9999,-9999,-9999,-9999,-9999,-9999,-9999,-9999,-9999,-9999,-9999,-9999,-9999,-9999,-9999,-9999,-9999,-9999,-9999,-9999,-9999,-9999,-9999,-9999,-9999,-9999,-9999,-9999,-9999,-9999,-9999,-9999,-9999,-9999,-9999,-9999,-9999,-9999,-9999,-9999,-9999,-9999,-9999,-9999,-9999,-9999,-9999,-9999,-9999,-9999,-9999,-9999,-9999,-9999,-9999,-9999,-9999,-9999,-9999,-9999,-9999,-9999,-9999,-9999,-9999,-9999,-9999,-9999,-9999,1.7650635300015E-06,0.000180480506969616,0.000257246836554259,0.000251359248068184,0.000248569675022736,0.000246303738094866,0.000242993701249361,0.000239833272644319,0.000237540123634972,0.000235978368436918,0.00023471110034734,0.000233568673138507,0.000232637321460061,0.000230337027460337,0.000226875141379423,0.000224365663598292,0.000208353405469097,0.00018353656923864,0.000133333844132721,7.17311922926456E-05,2.20271558646346E-05,1.38888117362512E-05,1.3650358596351E-05,1.5068260836415E-05,1.48623648783541E-05,2.50054581556469E-05,0.0002156784030376,0.00021800039394293
-9999,-9999,-9999,-9999,-9999,-9999,-9999,-9999,-9999,-9999,-9999,-9999,-9999,-9999,-9999,-9999,-9999,-9999,-9999,-9999,-9999,-9999,-9999,-9999,-9999,-9999,-9999,-9999,-9999,-9999,-9999,-9999,-9999,-9999,-9999,-9999,-9999,-9999,-9999,-9999,-9999,-9999,-9999,-9999,-9999,-9999,-9999,-9999,-9999,-9999,-9999,-9999,-9999,-9999,-9999,-9999,-9999,-9999,-9999,-9999,-9999,-9999,-9999,-9999,-9999,-9999,-9999,-9999,-9999,-9999,-9999,-9999,-9999,-9999,-9999,-9999,-9999,-9999,-9999,-9999,-9999,-9999,-9999,-9999,-9999,-9999,-9999,-9999,-9999,-9999,-9999,-9999,-9999,-9999,-9999,-9999,-9999,-9999,-9999,-9999,-9999,-9999,-9999,-9999,1.74753165538277E-06,1.74009016973287E-06,0.000237299085711129,0.000251182558713481,0.000245590083068237,0.000242611597059295,0.000239676126511768,0.000237504253163934,0.000222002228838392,0.000184430158697069,0.000230210484005511,0.000222710252273828,0.000187932571861893,0.000156725931446999,0.000144531062687747,0.000123747377074324,6.46065309410915E-05,2.40849767578766E-05,1.23452846310101E-05,1.09074735519243E-05,1.86770794243785E-05,3.11708936351351E-05,0.000113537404104136,0.000215220075915568,0.000218195302295499,0.000218882982153445,0.000216006126720458
-9999,-9999,-9999,-9999,-9999,-9999,-9999,-9999,-9999,-9999,-9999,-9999,-9999,-9999,-9999,-9999,-9999,-9999,-9999,-9999,-9999,-9999,-9999,-9999,-9999,-9999,-9999,-9999,-9999,-9999,-9999,-9999,-9999,-9999,-9999,-9999,-9999,-9999,-9999,-9999,-9999,-9999,-9999,-9999,-9999,-9999,-9999,-9999,-9999,-9999,-9999,-9999,-9999,-9999,-9999,-9999,-9999,-9999,-9999,-9999,-9999,-9999,-9999,-9999,-9999,-9999,-9999,-9999,-9999,-9999,-9999,-9999,-9999,-9999,-9999,-9999,-9999,-9999,-9999,-9999,-9999,-9999,-9999,-9999,-9999,-9999,-9999,-9999,-9999,-9999,-9999,-9999,-9999,-9999,-9999,-9999,-9999,-9999,-9999,-9999,-9999,-9999,-9999,-9999,-9999,-9999,1.71801730175503E-06,8.57734448800329E-06,0.000249288539635018,0.000245343981077895,0.000240890003624372,0.000238111970247701,0.00022561383957509,0.000225683994358405,0.00021449537598528,0.000167321210028604,0.000121660683362279,7.4895637226291E-05,2.93898083327804E-05,4.35743386333343E-05,2.60974920820445E-05,3.49669753632043E-05,0.000114596427010838,0.000217040069401264,0.000219030363950878,0.000220006113522686,0.000219569221371785,0.000217507724300958,0.000215718348044902,0.000207088552997448,0.000107527870568447
-9999,-9999,-9999,-9999,-9999,-9999,-9999,-9999,-9999,-9999,-9999,-9999,-9999,-9999,-9999,-9999,-9999,-9999,-9999,-9999,-9999,-9999,-9999,-9999,-9999,-9999,-9999,-9999,-9999,-9999,-9999,-9999,-9999,-9999,-9999,-9999,-9999,-9999,-9999,-9999,-9999,-9999,-9999,-9999,-9999,-9999,-9999,-9999,-9999,-9999,-9999,-9999,-9999,-9999,-9999,-9999,-9999,-9999,-9999,-9999,-9999,-9999,-9999,-9999,-9999,-9999,-9999,-9999,-9999,-9999,-9999,-9999,-9999,-9999,-9999,-9999,-9999,-9999,-9999,-9999,-9999,-9999,-9999,-9999,-9999,-9999,-9999,-9999,-9999,-9999,-9999,-9999,-9999,-9999,-9999,-9999,-9999,-9999,-9999,-9999,-9999,-9999,-9999,-9999,-9999,-9999,-9999,-9999,1.67821065133467E-06,6.77473917676252E-06,0.000237520653172396,0.000243146729189903,0.000240693363593891,0.000238599866861477,0.000236038729781285,0.000233570433920249,0.000230942969210446,0.00022927118698135,0.000227472628466785,0.000225516749196686,0.000223723924136721,0.000223229479161091,0.000222740898607299,0.000221290581976064,0.000219334920984693,0.000217845168663189,0.000214727813727222,0.000201028335141018,0.00011986555182375,8.32370551506756E-06,-9999
-9999,-9999,-9999,-9999,-9999,-9999,-9999,-9999,-9999,-9999,-9999,-9999,-9999,-9999,-9999,-9999,-9999,-9999,-9999,-9999,-9999,-9999,-9999,-9999,-9999,-9999,-9999,-9999,-9999,-9999,-9999,-9999,-9999,-9999,-9999,-9999,-9999,-9999,-9999,-9999,-9999,-9999,-9999,-9999,-9999,-9999,-9999,-9999,-9999,-9999,-9999,-9999,-9999,-9999,-9999,-9999,-9999,-9999,-9999,-9999,-9999,-9999,-9999,-9999,-9999,-9999,-9999,-9999,-9999,-9999,-9999,-9999,-9999,-9999,-9999,-9999,-9999,-9999,-9999,-9999,-9999,-9999,-9999,-9999,-9999,-9999,-9999,-9999,-9999,-9999,-9999,-9999,-9999,-9999,-9999,-9999,-9999,-9999,-9999,-9999,-9999,-9999,-9999,-9999,-9999,-9999,-9999,-9999,-9999,-9999,1.65396295415121E-06,1.64761752330378E-06,1.63870686265E-06,1.62694766459026E-06,6.69359405947034E-06,9.35956632019952E-06,1.58182797349582E-06,1.56302019149734E-06,1.54554663822637E-06,2.92101208287932E-06,9.25171116250567E-06,4.02580117224716E-05,8.29789350973442E-05,9.10168091650121E-05,2.08542296604719E-05,1.49932020576671E-06,1.49702395901841E-06,1.49557490658481E-06,-9999,-9999,-9999
-9999,-9999,-9999,-9999,-9999,-9999,-9999,-9999,-9999,-9999,-9999,-9999,-9999,-9999,-9999,-9999,-9999,-9999,-9999,-9999,-9999,-9999,-9999,-9999,-9999,-9999,-9999,-9999,-9999,-9999,-9999,-9999,-9999,-9999,-9999,-9999,-9999,-9999,-9999,-9999,-9999,-9999,-9999,-9999,-9999,-9999,-9999,-9999,-9999,-9999,-9999,-9999,-9999,-9999,-9999,-9999,-9999,-9999,-9999,-9999,-9999,-9999,-9999,-9999,-9999,-9999,-9999,-9999,-9999,-9999,-9999,-9999,-9999,-9999,-9999,-9999,-9999,-9999,-9999,-9999,-9999,-9999,-9999,-9999,-9999,-9999,-9999,-9999,-9999,-9999,-9999,-9999,-9999,-9999,-9999,-9999,-9999,-9999,-9999,-9999,-9999,-9999,-9999,-9999,-9999,-9999,-9999,-9999,-9999,-9999,-9999,-9999,-9999,-9999,-9999,-9999,-9999,-9999,-9999,-9999,-9999,-9999,-9999,-9999,-9999,-9999,-9999,-9999,-9999,-9999,-9999
-9999,-9999,-9999,-9999,-9999,-9999,-9999,-9999,-9999,-9999,-9999,-9999,-9999,-9999,-9999,-9999,-9999,-9999,-9999,-9999,-9999,-9999,-9999,-9999,-9999,-9999,-9999,-9999,-9999,-9999,-9999,-9999,-9999,-9999,-9999,-9999,-9999,-9999,-9999,-9999,-9999,-9999,-9999,-9999,-9999,-9999,-9999,-9999,-9999,-9999,-9999,-9999,-9999,-9999,-9999,-9999,-9999,-9999,-9999,-9999,-9999,-9999,-9999,-9999,-9999,-9999,-9999,-9999,-9999,-9999,-9999,-9999,-9999,-9999,-9999,-9999,-9999,-9999,-9999,-9999,-9999,-9999,-9999,-9999,-9999,-9999,-9999,-9999,-9999,-9999,-9999,-9999,-9999,-9999,-9999,-9999,-9999,-9999,-9999,-9999,-9999,-9999,-9999,-9999,-9999,-9999,-9999,-9999,-9999,-9999,-9999,-9999,-9999,-9999,-9999,-9999,-9999,-9999,-9999,-9999,-9999,-9999,-9999,-9999,-9999,-9999,-9999,-9999,-9999,-9999,-9999

Step,265
Year,22.08333
-9999,-9999,-9999,-9999,-9999,-9999,-9999,-9999,-9999,-9999,-9999,-9999,-9999,-9999,-9999,-9999,-9999,-9999,-9999,-9999,-9999,-9999,-9999,-9999,-9999,-9999,-9999,-9999,-9999,-9999,-9999,-9999,-9999,-9999,-9999,-9999,-9999,-9999,-9999,-9999,-9999,-9999,-9999,-9999,-9999,-9999,-9999,-9999,-9999,-9999,-9999,-9999,-9999,-9999,-9999,-9999,-9999,-9999,-9999,-9999,-9999,-9999,-9999,-9999,-9999,-9999,-9999,-9999,-9999,-9999,-9999,-9999,-9999,-9999,-9999,-9999,-9999,-9999,-9999,-9999,-9999,-9999,-9999,-9999,-9999,-9999,-9999,-9999,-9999,-9999,-9999,-9999,-9999,-9999,-9999,-9999,-9999,-9999,-9999,-9999,-9999,-9999,-9999,-9999,-9999,-9999,-9999,-9999,-9999,-9999,-9999,-9999,-9999,-9999,-9999,-9999,-9999,-9999,-9999,-9999,-9999,-9999,-9999,-9999,-9999,-9999,-9999,-9999,-9999,-9999,-9999
-9999,-9999,-9999,-9999,-9999,-9999,-9999,-9999,-9999,-9999,-9999,-9999,-9999,-9999,-9999,-9999,-9999,-9999,-9999,-9999,-9999,-9999,-9999,-9999,-9999,-9999,-9999,-9999,-9999,-9999,-9999,-9999,-9999,-9999,-9999,-9999,-9999,-9999,-9999,-9999,-9999,-9999,-9999,-9999,-9999,-9999,-9999,-9999,-9999,-9999,-9999,-9999,-9999,-9999,-9999,-9999,-9999,-9999,-9999,-9999,-9999,-9999,-9999,-9999,-9999,-9999,-9999,-9999,-9999,-9999,-9999,-9999,-9999,-9999,-9999,-9999,-9999,-9999,-9999,-9999,-9999,-9999,-9999,-9999,-9999,-9999,-9999,-9999,-9999,-9999,-9999,-9999,-9999,-9999,-9999,-9999,-9999,-9999,-9999,-9999,-9999,-9999,-9999,-9999,-9999,-9999,-9999,-9999,-9999,-9999,-9999,-9999,-9999,-9999,-9999,-9999,-9999,-9999,-9999,-9999,-9999,-9999,-9999,-9999,-9999,-9999,-9999,-9999,-9999,-9999,-9999
-9999,-9999,-9999,-9999,-9999,-9999,-9999,-9999,-9999,-9999,-9999,-9999,-9999,-9999,-9999,-9999,-9999,-9999,-9999,-9999,-9999,-9999,-9999,-9999,-9999,-9999,-9999,-9999,-9999,-9999,-9999,-9999,-9999,-9999,-9999,-9999,-9999,-9999,-9999,-9999,-9999,-9999,-9999,-9999,-9999,-9999,-9999,-9999,-9999,-9999,-9999,-9999,-9999,-9999,-9999,-9999,-9999,-9999,-9999,-9999,-9999,-9999,-9999,-9999,-9999,-9999,-9999,-9999,-9999,-9999,-9999,-9999,-9999,-9999,1.68279200352117E-06,2.50234120358073E-06,-9999,-9999,-9999,-9999,-9999,-9999,-9999,-9999,-9999,-9999,-9999,-9999,-9999,-9999,-9999,-9999,-9999,-9999,-9999,-9999,-9999,-9999,-9999,-9999,-9999,-9999,-9999,-9999,-9999,-9999,-9999,-9999,-9999,-9999,-9999,-9999,-9999,-9999,-9999,-9999,-9999,-9999,-9999,-9999,-9999,-9999,-9999,-9999,-9999,-9999,-9999,-9999,-9999,-9999,-9999
-9999,-9999,-9999,-9999,-9999,-9999,-9999,-9999,-9999,-9999,-9999,-9999,-9999,-9999,-9999,-9999,-9999,-9999,-9999,-9999,-9999,-9999,-9999,-9999,-9999,-9999,-9999,-9999,-9999,-9999,-9999,-9999,-9999,-9999,-9999,-9999,-9999,-9999,-9999,-9999,-9999,-9999,-9999,-9999,-9999,-9999,-9999,-9999,-9999,-9999,-9999,-9999,-9999,-9999,-9999,-9999,-9999,-9999,-9999,-9999,-9999,-9999,-9999,-9999,-9999,-9999,-9999,-9999,-9999,-9999,-9999,-9999,-9999,-9999,2.41602492678794E-06,3.57592011823726E-06,-9999,-9999,-9999,-9999,-9999,-9999,-9999,-9999,-9999,-9999,-9999,-9999,-9999,-9999,-9999,-9999,-9999,-9999,-9999,-9999,-9999,-9999,-9999,-9999,-9999,-9999,-9999,-9999,-9999,-9999,-9999,-9999,-9999,-9999,-9999,-9999,-9999,-9999,-9999,-9999,-9999,-9999,-9999,-9999,-9999,-9999,-9999,-9999,-9999,-9999,-9999,-9999,-9999,-9999,-9999
-9999,-9999,-9999,-9999,-9999,-9999,-9999,-9999,-9999,-9999,-9999,-9999,-9999,-9999,-9999,-9999,-9999,-9999,-9999,-9999,-9999,-9999,-9999,-9999,-9999,-9999,-9999,-9999,-9999,-9999,-9999,-9999,-9999,-9999,-9999,-9999,-9999,-9999,-9999,-9999,-9999,-9999,-9999,-9999,-9999,-9999,-9999,-9999,-9999,-9999,-9999,-9999,-9999,-9999,-9999,-9999,1.73370821698882E-07,2.50708183102688E-07,3.55859441469875E-07,5.03916396610293E-07,-9999,-9999,-9999,-9999,-9999,3.03064075524162E-06,2.91534638563462E-06,4.11512155551463E-06,3.99359760194784E-06,2.57268175118952E-06,3.6734820696438E-06,1.83107422344619E-05,2.45520513999509E-05,2.43080394284334E-05,3.43146530212834E-06,1.76066769199679E-05,2.27905948122498E-05,-9999,-9999,2.14382016565651E-05,3.31997871398926E-05,2.90514108201023E-05,2.94811670755735E-05,7.57399975555018E-05,0.000100770143035334,9.20357852010056E-05,9.22297476790845E-05,5.63348949071951E-05,2.65240414591972E-05,-9999,-9999,-9999,-9999,-9999,-9999,-9999,-9999,-9999,-9999,-9999,-9999,-9999,-9999,-9999,-9999,-9999,-9999,-9999,-9999,-9999,-9999,-9999,-9999,-9999,-9999,-9999,-9999,-9999,-9999,-9999,-9999,-9999,-9999,-9999,-9999,-9999,-9999,-9999,-9999,-9999,-9999
-9999,-9999,-9999,-9999,-9999,-9999,-9999,-9999,-9999,-9999,-9999,-9999,-9999,-9999,-9999,-9999,-9999,-9999,-9999,-9999,-9999,-9999,-9999,-9999,-9999,-9999,-9999,-9999,-9999,-9999,-9999,-9999,-9999,-9999,-9999,-9999,-9999,-9999,-9999,-9999,-9999,-9999,-9999,-9999,-9999,-9999,-9999,-9999,-9999,-9999,-9999,-9999,-9999,-9999,-9999,1.80000824911986E-07,2.62668777395447E-07,3.77888454750064E-07,5.29782937519485E-07,7.2143996021623E-07,9.70389123722271E-07,1.35370521547884E-06,-9999,5.10174686496612E-06,1.3672041859536E-05,4.53933898825198E-06,4.2400679376442E-06,3.13387099595275E-05,3.16332952934317E-05,3.71016358258203E-06,3.58913757736445E-06,4.13766501878854E-05,5.23915477970149E-05,4.64791737613268E-05,4.09108470194042E-05,4.03088924940675E-05,3.11795447487384E-05,3.45754742738791E-05,5.76427300984506E-05,0.000102229918411467,0.000243574206251651,0.000372711248928681,0.000413303234381601,0.00041276786942035,0.00041574306669645,0.000419074320234358,0.000422693032305688,0.000427892053266987,0.000411939399782568,0.000217256514588371,9.22199033084325E-05,-9999,-9999,-9999,-9999,-9999,-9999,-9999,-9999,-9999,-9999,-9999,-9999,-9999,-9999,-9999,-9999,-9999,-9999,-9999,-9999,-9999,-9999,-9999,-9999,-9999,-9999,-9999,-9999,-9999,-9999,-9999,-9999,-9999,-9999,-9999,-9999,-9999,-9999,-9999,-9999
-9999,-9999,-9999,-9999,-9999,-9999,-9999,-9999,-9999,-9999,-9999,-9999,-9999,-9999,-9999,-9999,-9999,-9999,-9999,-9999,-9999,-9999,-9999,-9999,-9999,-9999,-9999,-9999,-9999,-9999,-9999,-9999,-9999,-9999,-9999,-9999,-9999,-9999,-9999,-9999,-9999,-9999,-9999,-9999,-9999,-9999,-9999,-9999,-9999,-9999,-9999,-9999,-9999,-9999,-9999,2.69959457455116E-07,3.96528264445806E-07,5.75395915802801E-07,8.06993284641067E-07,1.08688902855647E-06,1.42273609071708E-06,1.86319323347561E-06,2.49591585088638E-06,3.43114515999332E-06,4.75785418529995E-06,2.7262254661764E-05,4.71222410851624E-05,0.000118406613182742,0.000191056926269084,0.000274792837444693,0.000313308846671134,0.000279248954029754,0.000343621359206736,0.000383013015380129,0.000307041686028242,0.000301885564113036,0.000283646280877292,0.000303681386867538,0.000409716943977401,0.000418852956499904,0.000425013451604173,0.000428348139394075,0.000431030814070255,0.00043199784704484,0.000432555098086596,0.000433628738392144,0.000435539666796103,0.000437367387348786,0.000437750713899732,0.000435814232332632,0.000428325089160353,0.000355657743057236,8.46321345306933E-05,-9999,-9999,-9999,-9999,-9999,-9999,-9999,-9999,-9999,2.65597791440086E-05,2.65531780314632E-05,2.65855560428463E-05,-9999,-9999,-9999,-9999,-9999,-9999,-9999,-9999,-9999,-9999,-9999,-9999,-9999,-9999,-9999,-9999,-9999,-9999,-9999,-9999,-9999,-9999,-9999,-9999,-9999,-9999
-9999,-9999,-9999,-9999,-9999,-9999,-9999,-9999,-9999,-9999,-9999,-9999,-9999,-9999,-9999,-9999,-9999,-9999,-9999,-9999,-9999,-9999,-9999,-9999,-9999,-9999,-9999,-9999,-9999,-9999,-9999,1.30232174342382E-05,-9999,-9999,-9999,3.96079813071992E-05,-9999,-9999,-9999,-9999,-9999,-9999,-9999,-9999,-9999,-9999,-9999,-9999,-9999,-9999,-9999,-9999,-9999,-9999,-9999,-9999,-9999,3.91003140975954E-07,5.57587725324993E-07,7.8125719937816E-07,-9999,1.72637533069064E-06,2.4230585040641E-06,3.37972187480773E-06,4.69351334686507E-06,2.75217553280527E-05,4.90190795972012E-05,6.6688604420051E-05,4.12062654504552E-05,0.000225771800614893,0.000464124866994098,0.0004861026245635,0.00048065950977616,0.000473641557618976,0.000457675225334242,0.000444929435616359,0.000445573212346062,0.000445229583419859,0.000439394905697554,0.000435663503594697,0.000433520937804133,0.000433263921877369,0.000430474930908531,0.000429087260272354,0.000430849788244814,0.000432604487286881,0.000435097608715296,0.000438207061961293,0.000440245203208178,0.000440709642134607,0.000441282521933317,0.000433013832662255,0.000392970105167478,0.000102750629594084,-9999,-9999,-9999,-9999,-9999,-9999,-9999,-9999,3.60566009476315E-05,5.58323299628682E-05,3.63984836440068E-05,2.61207678704523E-05,2.63092897512252E-05,-9999,-9999,-9999,-9999,-9999,-9999,-9999,-9999,-9999,-9999,-9999,-9999,-9999,-9999,-9999,-9999,-9999,-9999,-9999,-9999,-9999,-9999,-9999,-9999
-9999,-9999,-9999,-9999,-9999,-9999,-9999,-9999,-9999,-9999,-9999,-9999,-9999,-9999,-9999,-9999,-9999,-9999,-9999,-9999,-9999,-9999,-9999,-9999,-9999,-9999,-9999,-9999,-9999,-9999,9.21062201086897E-06,1.76777011802187E-05,-9999,-9999,1.84992350114044E-05,3.14904755214229E-05,-9999,-9999,3.61417332896963E-05,6.40566649963148E-05,-9999,-9999,-9999,-9999,-9999,6.72037094773259E-06,-9999,-9999,-9999,-9999,-9999,-9999,-9999,-9999,-9999,-9999,-9999,-9999,-9999,-9999,-9999,2.46802937908797E-06,3.4815473100025E-06,4.92712024424691E-06,4.67401514470112E-06,2.67544892267324E-05,2.93414541374659E-05,2.80242493317928E-05,2.63914917013608E-05,0.000154014531290159,0.000471031526103616,0.000496702210512012,0.000492022256366909,0.000483412877656519,0.00047295237891376,0.000463229633169249,0.000455313827842474,0.000448390172095969,0.000443040044046938,0.000438745482824743,0.000435105088399723,0.000431672728154808,0.000427064951509237,0.000427475693868473,0.000428878905950114,0.000432366185123101,0.000435154302977026,0.000438567658420652,0.000441790471086279,0.000443589553469792,0.00044479564530775,0.00044418967445381,0.000437295762822032,0.000369219924323261,0.000103673082776368,-9999,-9999,-9999,-9999,-9999,4.24114405177534E-05,4.27664854214527E-05,8.12431535450742E-05,0.000120223819976673,9.11734605324455E-05,6.1317827203311E-05,4.0359405829804E-05,2.60514116234845E-05,-9999,-9999,-9999,-9999,-9999,-9999,-9999,-9999,-9999,-9999,-9999,-9999,-9999,-9999,-9999,-9999,-9999,-9999,-9999,-9999,-9999,-9999,-9999
-9999,-9999,-9999,-9999,-9999,-9999,-9999,-9999,-9999,-9999,-9999,-9999,-9999,-9999,-9999,-9999,-9999,-9999,-9999,-9999,-9999,-9999,-9999,2.14391566260019E-05,2.73606437986018E-05,-9999,-9999,-9999,-9999,2.24059804168064E-05,2.11216483876342E-05,8.43727138999384E-06,4.18958006775938E-05,4.43024828200578E-06,3.74283263226971E-05,6.57161945127882E-05,0.000117804716865066,5.13523227709811E-05,3.1180854421109E-05,-9999,3.19597747875378E-05,3.35584918502718E-05,-9999,-9999,7.13399276719429E-05,9.23328025237424E-06,5.38383346793125E-06,3.26970371133939E-06,-9999,-9999,-9999,-9999,-9999,-9999,-9999,-9999,-9999,1.36414655571571E-05,8.59104966366431E-06,-9999,-9999,-9999,4.96488610224333E-06,3.26704721373972E-05,3.12992233375553E-05,3.0864954169374E-05,2.95603313134052E-05,2.77820545306895E-05,3.62936225428712E-05,0.000223562514293008,0.000474083761218935,0.000498099252581596,0.00049215427134186,0.000483762967633083,0.000473589956527576,0.00046373441000469,0.000455502507975325,0.000448091217549518,0.000442419666796923,0.000438074494013563,0.000433095206972212,0.000413494475651532,0.000418594223447144,0.000425356149207801,0.000428191910032183,0.000430605607107282,0.000434704677900299,0.00043891032692045,0.000442537624621764,0.000444471370428801,0.000445622426923364,0.000445966521510854,0.000443439319496974,0.000424104742705822,0.000124114827485755,2.18914647120982E-05,3.17146691486414E-06,2.1827615910297E-06,3.32041872752598E-06,0.000103177444543689,0.000203734496608377,0.000264333153609186,0.000295645761070773,0.000253073376370594,0.000239854154642671,0.000182574149221182,0.000110165929072537,3.59023033524863E-05,2.60938722931314E-05,2.64231148321414E-05,-9999,-9999,-9999,-9999,-9999,-9999,-9999,-9999,-9999,-9999,-9999,-9999,-9999,-9999,-9999,-9999,-9999,-9999,-9999,-9999,-9999
-9999,-9999,-9999,-9999,-9999,-9999,-9999,-9999,-9999,-9999,-9999,-9999,-9999,-9999,-9999,-9999,-9999,-9999,-9999,-9999,-9999,-9999,3.21891493513249E-05,3.7795052776346E-05,2.55714512604754E-05,2.55919621849898E-05,2.81157172139501E-05,3.23896056215744E-05,6.07747606409248E-05,9.11766692297533E-05,6.84475016896613E-05,0.000161113130161539,0.00022117214393802,0.000238100823480636,0.000273465702775866,0.000236662672250532,0.000234844555961899,0.000214033003430814,0.000123555393656716,9.44704952416942E-05,3.07533991872333E-05,1.90769551409176E-05,1.61751922860276E-05,2.23753304453567E-05,6.83704729453893E-06,4.74381931780954E-06,4.47285810878384E-06,4.17014143749839E-06,2.62721573562885E-06,-9999,-9999,-9999,-9999,-9999,-9999,-9999,-9999,5.61661036044825E-05,4.99341294926126E-05,4.56171837868169E-05,-9999,-9999,3.22512205457315E-05,3.26383924402762E-05,3.2241856388282E-05,3.10090872517321E-05,2.91232518065954E-05,3.37924830091652E-05,0.000110483597381972,0.000313493859721348,0.000480167887872085,0.000498682609759271,0.000490867532789707,0.000482195580843836,0.000472003885079175,0.000461882213130593,0.000453220534836873,0.000445986806880683,0.000439971801824868,0.00043598297634162,0.000410813372582197,0.000214534462429583,0.000254690239671618,0.000354317569872364,0.000411097193136811,0.000428958563134074,0.000433762819739059,0.00043851209920831,0.000442155520431697,0.000443865108536556,0.000446176913101226,0.000447747181169689,0.000444613513536751,0.000415742193581536,0.000199495858396403,0.000161199335707352,1.30859261844307E-05,3.23985454997455E-06,0.000157548245624639,0.000365967280231416,0.000407774321502075,0.00043330731568858,0.000428228784585372,0.000414935260778293,0.000399002368794754,0.000328120135236531,0.000210266836802475,0.000109386739495676,3.98845695599448E-05,2.60051674558781E-05,-9999,-9999,-9999,-9999,-9999,-9999,-9999,-9999,-9999,-9999,-9999,-9999,-9999,-9999,-9999,-9999,-9999,-9999,-9999,-9999,-9999
-9999,-9999,-9999,-9999,-9999,-9999,-9999,-9999,-9999,-9999,-9999,-9999,-9999,-9999,-9999,-9999,-9999,-9999,-9999,-9999,-9999,-9999,3.19888749800157E-05,3.80313940695487E-05,3.20310537063051E-05,3.29606045852415E-05,0.00012149615213275,0.000241572677623481,0.000318751932354644,0.000279955536825582,0.000278877327218652,0.000223914335947484,0.000240401917835698,0.000275362515822053,0.000255903170909733,0.00029100789106451,0.000344540196238086,0.000342519517289475,0.000357482291292399,0.000317613244988024,0.000222636590478942,0.000143695579026826,5.93585536989849E-05,2.27673026529374E-05,1.1385983270884E-05,5.19158129463904E-06,5.20040339324623E-06,5.12236874783412E-06,3.3922524380614E-06,3.32248259837797E-06,3.31972887579468E-06,-9999,-9999,-9999,-9999,-9999,-9999,-9999,4.39589020970743E-05,3.91663852497004E-05,3.50412992702331E-05,3.15750767185818E-05,3.20373437716626E-05,3.21304869430605E-05,3.18588681693655E-05,3.03881770378212E-05,3.5369517718209E-05,0.000113330330350436,0.000304648972814903,0.00048115974641405,0.000504775962326676,0.000496618391480297,0.000487641082145274,0.000478673580801114,0.000468401791295037,0.000458275462733582,0.000450204970547929,0.000443685043137521,0.000437969865743071,0.000391907000448555,5.40054998054984E-06,2.96269740829302E-06,2.96657503895403E-06,2.96834559776471E-06,3.42714265570976E-05,0.000282904133200645,0.000422361597884446,0.000436803966294974,0.000441054173279554,0.000444235716713592,0.000447270460426807,0.00044946203706786,0.000447379425168037,0.000413216737797484,0.000422444485593587,0.000438599061453715,0.000387970678275451,0.000208828467293642,0.000423084275098518,0.000466387195046991,0.000473617168609053,0.000468554004328325,0.000456159265013412,0.0004487884871196,0.000438879651483148,0.000398183241486549,0.000297406571917236,0.000194111053133383,5.99223058088683E-05,2.52315039688256E-05,1.2967927432328E-05,-9999,-9999,-9999,-9999,-9999,-9999,-9999,-9999,-9999,-9999,-9999,-9999,-9999,-9999,-9999,-9999,-9999,-9999,-9999,-9999
-9999,-9999,-9999,-9999,-9999,-9999,-9999,-9999,-9999,-9999,-9999,-9999,-9999,-9999,-9999,-9999,-9999,-9999,-9999,-9999,-9999,-9999,3.11117291857954E-05,3.87749423680361E-05,6.07444198976737E-05,0.000277557672234252,0.000358871417120099,0.00039600211312063,0.000376224226783961,0.000298399158054963,0.000296626472845674,0.000332336087012663,0.000349261448718607,0.000365846237400547,0.000416009104810655,0.000413779052905738,0.000427524035330862,0.000440339441411197,0.000466061552288011,0.000435618974734098,0.000385767314583063,0.000241137662669644,0.000127410254208371,7.37649170332588E-05,6.37611374258995E-05,7.15128189767711E-05,6.27960544079542E-05,4.33654313383158E-05,4.44065972260432E-06,4.56130646853126E-06,4.61913032268058E-06,-9999,-9999,-9999,-9999,3.3649801480351E-05,3.43674910254776E-05,3.56532400473952E-05,3.69670487998519E-05,3.39508624165319E-05,3.7685804272769E-05,2.9114735298208E-05,2.48521100729704E-05,1.54065419337712E-05,4.28971870860551E-05,0.000141231925226748,6.65006518829614E-05,0.000369430665159598,0.000518631713930517,0.000511461053974926,0.000502090028021485,0.000492844788823277,0.000483592128148302,0.000474369211588055,0.000463188043795526,0.000454504479421303,0.000448946724645793,0.000420727272285149,2.99256953439908E-06,2.98799818665429E-06,2.99305247608572E-06,2.01075454242527E-06,2.01444368030934E-06,2.0167708498775E-06,3.00828014587751E-06,1.11940789793152E-05,0.000146881153341383,0.000386904401239008,0.000437038310337812,0.000444228993728757,0.000447916507255286,0.000450372986961156,0.000453027634648606,0.000456248875707388,0.000459850998595357,0.000463379634311423,0.000461068208096549,0.000463738921098411,0.00047452247235924,0.000483249663375318,0.000485473428852856,0.000480953487567604,0.000474503554869443,0.000468588026706129,0.000448233156930655,0.000429745181463659,0.000361673242878169,0.000280458218185231,0.000128098341519944,4.7432113206014E-05,5.65031314181397E-06,3.63552612725471E-06,-9999,-9999,-9999,-9999,-9999,-9999,-9999,-9999,-9999,-9999,-9999,-9999,-9999,-9999,-9999,-9999,-9999,-9999,-9999
-9999,-9999,-9999,-9999,-9999,-9999,-9999,-9999,-9999,-9999,-9999,-9999,-9999,-9999,-9999,-9999,-9999,-9999,-9999,-9999,-9999,2.83416102320189E-05,3.35262302542105E-05,0.000130175292724743,0.000355743599357083,0.000463834119727835,0.000463313481304795,0.000429158040788025,0.000373304035747424,0.000439859199104831,0.000436945643741637,0.000449893996119499,0.000447962142061442,0.000446182035375386,0.000472592626465484,0.000494992651510984,0.000503427814692259,0.000500322610605508,0.000516677275300026,0.000513126084115356,0.000500431808177382,0.000410007371101528,0.000159566610818729,9.98921532300301E-05,0.000122929326607846,0.000111687055323273,0.000100531156931538,0.000101633529993705,0.000100871795439161,7.26589569239877E-05,4.69705264549702E-05,3.17943013214972E-05,3.21526604238898E-05,3.292084147688E-05,3.37160454364493E-05,3.13316413667053E-05,3.55698757630307E-05,3.17376034217887E-05,3.21219231409486E-05,3.631131403381E-05,0.000146946593304165,0.000311244133627042,0.000151228698086925,4.23643905378412E-06,4.1828188841464E-06,4.03167405238491E-06,1.5741625247756E-05,0.000144318008096889,0.000518159533385187,0.000509165285620838,0.000500172551255673,0.00048789253924042,0.000478121888590977,0.000410793436458334,1.73955559148453E-05,3.1077220228326E-06,3.06240963254822E-06,3.03640172205633E-06,2.02470005206123E-06,2.0222819330229E-06,2.02461365006457E-06,1.36279675189144E-06,1.3668535530087E-06,1.37131348765251E-06,2.04817001758784E-06,3.0502155823342E-06,1.96847013285151E-05,0.000129503852804191,0.000355916738044471,0.000434307963587344,0.000446638761786744,0.000449975486844778,0.000452291220426559,0.000455223285825923,0.000459827948361635,0.000464259297586977,0.000468113517854363,0.00047219087718986,0.000477464811410755,0.000481891736853868,0.00048234302084893,0.000481642782688141,0.000479726848425344,0.000477519468404353,0.000469166814582422,0.000444171397248283,0.000417016155552119,0.000318958685966209,0.000189075697562657,0.000104985512734856,2.88567134703044E-05,3.5578450479079E-06,3.65395499102306E-06,7.00610280546243E-06,-9999,-9999,-9999,-9999,-9999,-9999,-9999,-9999,-9999,-9999,-9999,-9999,-9999,-9999,-9999,-9999,-9999
-9999,-9999,-9999,-9999,-9999,-9999,-9999,-9999,-9999,-9999,-9999,-9999,-9999,-9999,-9999,-9999,-9999,-9999,-9999,-9999,-9999,5.60910339117981E-05,0.000315151031827554,0.000461863237433136,0.00051794748287648,0.000491303449962288,0.00046069425297901,0.000442610151367262,0.000469974911538884,0.000505509902723134,0.000533069833181798,0.000529940996784717,0.000545022659935057,0.000557207735255361,0.000548193056602031,0.000568728428333998,0.000565494003240019,0.000556635088287294,0.000561386754270643,0.000560356420464814,0.000547781179193407,0.000534406630322337,0.000504032010212541,0.000453190878033638,0.000400046032154933,0.000320176652166992,0.000203086412511766,0.000110939596197568,0.000122117606224492,0.000100607161584776,7.43415876058862E-05,4.89418453071266E-05,4.41454249084927E-05,3.56735909008421E-05,3.57537173840683E-05,5.4993484809529E-05,4.91236205562018E-05,4.84486045024823E-05,7.44777935324237E-05,0.000325703760609031,0.000537325977347791,0.000586852373089641,0.000571609532926232,0.000180799252120778,4.00875524064759E-06,3.91696585211321E-06,3.76960201720067E-06,0.000528081553056836,0.000518448650836945,0.000509246776346117,0.000361985934432596,3.35312984134362E-06,3.30111924995435E-06,3.27219572682225E-06,-9999,-9999,-9999,-9999,-9999,-9999,-9999,9.22521110169328E-07,9.24465098250948E-07,1.38615462219605E-06,2.0706338546006E-06,3.08625658362871E-06,6.98398571330472E-06,4.25913603976369E-05,0.00017087408923544,0.000366007210686803,0.00043914164416492,0.000448203907581046,0.000450564868515357,0.000454934517620131,0.000458943017292768,0.000462692289147526,0.000466502126073465,0.000471220322651789,0.000475086679216474,0.000477553141536191,0.000477849796880037,0.000477176305139437,0.000477853376651183,0.000480232498375699,0.000476332090329379,0.000461965682916343,0.000430798711022362,0.000372999464161694,0.000285116286249831,0.000171758307260461,9.35113639570773E-05,3.01302170555573E-05,2.038726961473E-05,1.64839475473855E-05,2.20792589971097E-05,-9999,-9999,-9999,-9999,-9999,-9999,-9999,-9999,-9999,-9999,-9999,-9999,-9999,-9999,-9999,-9999
-9999,-9999,-9999,-9999,-9999,-9999,-9999,-9999,-9999,-9999,-9999,-9999,-9999,-9999,-9999,-9999,-9999,-9999,-9999,2.93769098789198E-05,7.95884698163718E-05,0.000442172429757193,0.000527673168107867,0.000527808850165457,0.00051566114416346,0.0005370665458031,0.000524152535945177,0.000520718807820231,0.000553976511582732,0.000556131883058697,0.000563688518013805,0.000570489675737917,0.000564079033210874,0.000556712970137596,0.000569226918742061,0.00057448074221611,0.000571408774703741,0.00056369649246335,0.000565258087590337,0.000567030569072813,0.000565819733310491,0.000560744025278836,0.000558598781935871,0.000547628267668188,0.000536322244442999,0.000509426405187696,0.000476850749691948,0.000444650970166549,0.000346533575793728,0.000230289835599251,9.84040671028197E-05,9.85777442110702E-05,0.00010862854833249,0.000119177952001337,0.000155907444423065,0.000231638274271972,0.000350123242242262,0.000383616861654446,0.000476174318464473,0.000567009439691901,0.000586749985814095,0.000587106100283563,0.000584238499868661,0.000584621157031506,1.44122304845951E-05,0.000553002639207989,0.000556645914912224,0.000535934057552367,0.000412937079090625,8.94009281182662E-06,3.49373999597447E-06,-9999,-9999,-9999,-9999,-9999,-9999,-9999,-9999,-9999,-9999,-9999,-9999,9.36992194056074E-07,1.39940198096156E-06,2.09131212614011E-06,3.11531312036095E-06,2.14279261854244E-05,8.7005588284228E-05,0.000244491995545104,0.000401557452278212,0.000444436562247574,0.000450320541858673,0.000452040228992701,0.000454591470770538,0.000457938498584554,0.000461585354059935,0.000465524208266288,0.000468614074634388,0.000470242463052273,0.00047059720964171,0.000469951366540045,0.000469034392153844,0.000470457627670839,0.00047080364311114,0.000463140866486356,0.000448662816779688,0.00042646488873288,0.000382939877454191,0.000264278118265793,0.000143578989082016,0.000102061254438013,6.40596845187247E-05,2.4994234991027E-05,2.4235007003881E-05,-9999,-9999,-9999,-9999,-9999,-9999,-9999,-9999,-9999,-9999,-9999,-9999,-9999,-9999,-9999,-9999
-9999,-9999,-9999,-9999,-9999,-9999,-9999,-9999,-9999,-9999,-9999,-9999,-9999,-9999,-9999,-9999,-9999,-9999,8.76075428095646E-05,0.00022064772201702,0.000500544905662537,0.000564804009627551,0.000564713380299509,0.000578262726776302,0.000583106186240911,0.000574874982703477,0.000601808249484748,0.00060901913093403,0.000600955099798739,0.000591618707403541,0.000582395063247532,0.000571302545722574,0.000561221735551953,0.000574317877180874,0.00057190511142835,0.000579998944886029,0.000577474769670516,0.00057847413700074,0.00057285203365609,0.000570171512663364,0.000567758397664875,0.000564874964766204,0.000563435780350119,0.00056195812067017,0.000559039937797934,0.000551691045984626,0.000542849127668887,0.000525803363416344,0.000498269102536142,0.000435222318628803,0.000274011166766286,0.000152594715473242,0.000195428263396025,0.000356897129677236,0.000427889259299263,0.000463585456600413,0.000466337543912232,0.000509957899339497,0.000564363377634436,0.000577673316001892,0.000578695384319872,0.000574930512811989,0.0005714928265661,0.000568814168218523,0.000562572618946433,0.000555444974452257,0.000524736824445426,7.88408215157688E-06,-9999,-9999,-9999,-9999,-9999,-9999,-9999,-9999,-9999,-9999,-9999,-9999,-9999,-9999,-9999,-9999,-9999,2.10477878681559E-06,3.13874647872581E-06,9.40703284868505E-06,4.33003515354358E-05,0.000145742698805407,0.000319905375363305,0.000431217602454126,0.000447556376457214,0.000450350111350417,0.000450875581009313,0.000451919040642679,0.000454355293186381,0.000457482907222584,0.000459638016764075,0.000460498675238341,0.000459783565020189,0.000458933238405734,0.000458968803286552,0.000459294038591906,0.00046061136526987,0.000456856971140951,0.000443060387624428,0.000425118254497647,0.000402628735173494,0.000353659561369568,0.000230730031034909,0.000141704120323993,5.6452085118508E-05,2.74530502792913E-05,2.43695321842097E-05,-9999,-9999,-9999,-9999,-9999,-9999,-9999,-9999,-9999,-9999,-9999,-9999,-9999,-9999,-9999,-9999
-9999,-9999,-9999,-9999,-9999,-9999,-9999,-9999,-9999,-9999,-9999,-9999,4.48271430286695E-06,1.3202282389102E-05,-9999,3.02195949188899E-05,6.3766841776669E-05,0.000238785025430843,0.000441651849541813,0.000536263862159103,0.00060094881337136,0.000617598474491388,0.000624459586106241,0.00062378408620134,0.00061957782600075,0.000620732724200934,0.000619280152022839,0.000613453856203705,0.000610041723120958,0.000602516054641455,0.000594026932958513,0.000588333990890533,0.00058651267318055,0.000585900445003062,0.000584255496505648,0.000584218301810324,0.000582168227992952,0.000579421233851463,0.000575026089791209,0.000569911673665047,0.000565047434065491,0.000560364511329681,0.000557866762392223,0.000557126593776047,0.000556425948161632,0.000554791768081486,0.000552260200493038,0.000548048410564661,0.00054164370521903,0.000528140168171376,0.000492418126668781,0.000415057729696855,0.000364310457371175,0.00039504692540504,0.000423422228777781,0.00045896673691459,0.000495468731969595,0.000552074750885367,0.000567547336686403,0.000564046145882457,0.000565523281693459,0.000565178983379155,0.000562981877010316,0.000560522603336722,0.000557327817659825,0.000556170241907239,6.20054424871341E-06,-9999,-9999,-9999,-9999,-9999,-9999,-9999,-9999,-9999,-9999,-9999,-9999,-9999,-9999,-9999,-9999,-9999,-9999,-9999,2.11441374631249E-06,3.14961243930156E-06,1.54323934111744E-05,6.89978623995557E-05,0.000209542791708373,0.00038089367444627,0.000440784438978881,0.000447692262241617,0.000449073180789128,0.000446859106887132,0.000447043217718601,0.000448592472821474,0.000449375249445438,0.00044942315435037,0.000448112230515108,0.0004457788891159,0.000445174257038161,0.0004472324217204,0.00044852783321403,0.000447029800852761,0.000439793104305863,0.000426474958658218,0.000411700602853671,0.000378522148821503,0.000278162740869448,0.000149649160448462,6.07199799560476E-05,2.97493006655714E-05,2.36615051107947E-05,-9999,-9999,-9999,-9999,-9999,-9999,-9999,-9999,-9999,-9999,-9999,-9999,-9999,-9999,-9999,-9999
-9999,-9999,-9999,-9999,-9999,-9999,-9999,-9999,-9999,-9999,4.38898450738634E-06,4.37377275375184E-06,4.37011931353481E-06,4.85235577798449E-05,0.000117726987809874,0.000310635310597718,0.000471309031127021,0.000546209164895117,0.000596530095208436,0.000622667197603732,0.00063220172887668,0.000633216346614063,0.000631820585113019,0.000629497109912336,0.000626583467237651,0.000622066203504801,0.000617740675806999,0.000612425850704312,0.000606333545874804,0.000599627732299268,0.000593022326938808,0.000586767913773656,0.000582163105718791,0.000579762272536755,0.000577806436922401,0.000577052007429302,0.000575409503653646,0.000572155229747295,0.000567642913665622,0.000562591885682195,0.000557433522772044,0.000552153855096549,0.000548471813090146,0.000547195028048009,0.000546494557056576,0.000545280112419277,0.000543726258911192,0.000541873683687299,0.000539673026651144,0.000537712941877544,0.000535545405000448,0.000532497593667358,0.000530450139194727,0.000530446763150394,0.000535029277671129,0.000547814532183111,0.000555330945644528,0.000559208099730313,0.000560483662411571,0.000556923565454781,0.00014216017734725,3.80872506866581E-06,3.82837833967642E-06,1.03376351034967E-05,0.000253056699875742,2.87311268039048E-05,-9999,-9999,-9999,-9999,-9999,-9999,-9999,-9999,-9999,-9999,-9999,-9999,-9999,-9999,-9999,-9999,-9999,-9999,-9999,-9999,-9999,2.11820520235051E-06,3.15124157168611E-06,1.60836352733895E-05,8.26622417662293E-05,0.00024707498960197,0.000407464016461745,0.000443391385488212,0.000444663368398324,0.000443438329966739,0.000440134899690747,0.000439150055171922,0.000438334071077406,0.000438205752288923,0.000436378846643493,0.000433927867561579,0.000431645050412044,0.000433753564720973,0.000435814639786258,0.000435384834418073,0.000430831802077591,0.000423402525484562,0.000407248735427856,0.000375068746507168,0.000305789813864976,0.000194462336366996,7.1828078944236E-05,3.21209226967767E-05,2.29041925194906E-05,-9999,-9999,-9999,-9999,-9999,-9999,-9999,-9999,-9999,-9999,-9999,-9999,-9999,-9999,-9999,-9999
-9999,-9999,-9999,-9999,-9999,-9999,-9999,-9999,2.99272705888143E-05,2.9841950890841E-05,7.02404759067576E-06,1.17078252515057E-05,8.51007862365805E-05,0.000382443482521921,0.00051988463383168,0.000568211311474442,0.000603565480560064,0.0006224230164662,0.000628485751803964,0.000633028277661651,0.000633793184533715,0.000632210285402834,0.000629972433671355,0.000626040739007294,0.000621561775915325,0.000616054807323962,0.000609651091508567,0.000602758605964482,0.000596112222410738,0.000589303614106029,0.000582734239287674,0.000576470803935081,0.000571601267438382,0.000569890777114779,0.000567987386602908,0.000566696864552796,0.000564119371119887,0.000560610322281718,0.000555973732843995,0.000550216238480061,0.000544071663171053,0.000538305204827338,0.000534790742676705,0.000533778336830437,0.000532808131538332,0.000531320576556027,0.000529666431248188,0.000527990108821541,0.000526295858435333,0.000525302370078862,0.000525492359884083,0.000527757336385548,0.000531580531969666,0.000536305422428995,0.000541754707228392,0.00054615328554064,0.000549266347661614,0.000552002049516886,0.000553176854737103,0.000551205419469625,0.000537336163688451,3.76838329430029E-06,-9999,-9999,-9999,-9999,-9999,-9999,-9999,-9999,-9999,-9999,-9999,-9999,-9999,-9999,-9999,-9999,-9999,-9999,-9999,-9999,-9999,-9999,-9999,-9999,-9999,-9999,2.11640667657775E-06,3.14555336444755E-06,5.59172258363105E-06,4.48934879386798E-05,0.000204083975404501,0.000393413210986182,0.000436849542893469,0.000439126743003726,0.000435524387285113,0.000430988788139075,0.000427555409260094,0.000426938087912276,0.000425443315180019,0.000423779885750264,0.000421857577748597,0.000421090109739453,0.000423074117861688,0.000423412857344374,0.000420931406551972,0.000415867834817618,0.000403866986744106,0.000380420940928161,0.000326098204823211,0.000213500039535575,7.65180957387201E-05,3.10526920657139E-05,2.21710051846458E-05,-9999,-9999,-9999,-9999,-9999,-9999,-9999,-9999,-9999,-9999,-9999,-9999,-9999,-9999,-9999,-9999
-9999,-9999,-9999,-9999,-9999,-9999,-9999,-9999,2.931893504865E-05,3.32965537381824E-05,3.64715415344108E-05,0.000140375763294287,0.000512434868142009,0.000585873320233077,0.000601581006776541,0.0006155333830975,0.000627123401500285,0.000632550043519586,0.000634098309092224,0.000632978917565197,0.000630514463409781,0.000627565372269601,0.0006235291948542,0.000618497142568231,0.00061277428176254,0.000606315035838634,0.000598458515014499,0.00058997207088396,0.000583578483201563,0.000578126811888069,0.000572522054426372,0.000566852511838078,0.000562454224564135,0.000559638894628733,0.000558028114028275,0.000556245795451105,0.000553551595658064,0.000549532647710294,0.000544254609849304,0.000537741289008409,0.000531210855115205,0.00052517926087603,0.000521097972523421,0.000519238645210862,0.0005173230310902,0.000515420222654939,0.000513784354552627,0.000512789702042937,0.000511718797497451,0.000511134625412524,0.000511461053974926,0.00051457347581163,0.000519623165018857,0.000525756040588021,0.000532005447894335,0.000536796229425818,0.000540083972737193,0.000541736546438187,0.000543046044185758,0.000544286798685789,0.000521080975886434,3.7527788663283E-06,-9999,-9999,-9999,-9999,-9999,-9999,-9999,-9999,-9999,-9999,-9999,-9999,-9999,-9999,-9999,-9999,-9999,-9999,-9999,-9999,-9999,-9999,-9999,-9999,-9999,-9999,-9999,-9999,3.13425198328332E-06,3.1222505185724E-06,6.31004922979628E-06,6.28721827524714E-05,0.000307027366943657,0.000423734483774751,0.000429468520451337,0.000424815516453236,0.000419546966440976,0.000416464288718998,0.000414929236285388,0.000412974593928084,0.000411709275795147,0.000410825276048854,0.00041131631587632,0.000411933579016477,0.000409812753787264,0.000407395418733358,0.000398916832637042,0.000383350823540241,0.000346301472745836,0.000218503686483018,8.10154524515383E-05,2.6719721063273E-05,2.20663114305353E-05,-9999,-9999,-9999,-9999,-9999,-9999,-9999,-9999,-9999,-9999,-9999,-9999,-9999,-9999,-9999,-9999
-9999,-9999,-9999,-9999,-9999,-9999,3.05807079712395E-05,3.01337058772333E-05,2.99466482829303E-05,8.45408139866777E-05,0.000393808877561241,0.000546488852705806,0.000601443520281464,0.000614477379713207,0.000624630250968039,0.000629734888207167,0.000632596435025334,0.000632965995464474,0.000631657079793513,0.000628246576525271,0.000623377272859216,0.000618630088865757,0.000614096352364868,0.000608212023507804,0.000601088861003518,0.000595149002037942,0.000587309303227812,0.000579685205593705,0.000573188241105527,0.000567140756174922,0.000560639426112175,0.000556112849153578,0.000552901823539287,0.000550025550182909,0.00054777495097369,0.000545616028830409,0.000542790628969669,0.000539322674740106,0.000534090038854629,0.000527505879290402,0.000520467932801694,0.000515134073793888,0.000510415469761938,0.000507284072227776,0.000504715368151665,0.000502902141306549,0.00050131679745391,0.000499722780659795,0.000499829126056284,0.000499598158057779,0.000500293797813356,0.00050343555631116,0.000508131517563015,0.000514586747158319,0.00052000378491357,0.000525300740264356,0.000530123885255307,0.00053223775466904,0.000530512887053192,0.000255754945101216,3.71535293197667E-06,-9999,-9999,-9999,-9999,-9999,-9999,-9999,-9999,-9999,-9999,-9999,-9999,-9999,-9999,-9999,-9999,-9999,-9999,-9999,-9999,-9999,-9999,-9999,-9999,-9999,-9999,-9999,-9999,-9999,-9999,-9999,-9999,3.04853301713592E-06,8.48647687234916E-06,0.000141203388920985,0.000382409198209643,0.000417036266298965,0.000413274858146906,0.000407943938625976,0.000404193910071626,0.000402805890189484,0.000401355471694842,0.000401083118049428,0.000400818593334407,0.000400717428419739,0.000398896576371044,0.00039602123433724,0.00039018559618853,0.000380459387088194,0.000346376880770549,0.000245525676291436,0.000111552682938054,2.25012936425628E-05,-9999,-9999,-9999,-9999,-9999,-9999,-9999,-9999,-9999,-9999,-9999,-9999,-9999,-9999,-9999,-9999,-9999
-9999,-9999,-9999,-9999,-9999,-9999,3.03669094137149E-05,3.77924661734141E-05,0.000141021169838496,0.000473342137411237,0.000578609062358737,0.000608225236646831,0.000617942772805691,0.000621982733719051,0.000624764012172818,0.000626811874099076,0.000628834939561784,0.000629299785941839,0.000627300469204783,0.00062226434238255,0.000615249504335225,0.000609699112828821,0.00060532713541761,0.000599114981014282,0.000591708812862635,0.000585541070904583,0.000577829137910157,0.000569869356695563,0.000563459703698754,0.00055695726769045,0.000549025251530111,0.000545021728612483,0.000540800218004733,0.000537159154191613,0.000532408594153821,0.000530033838003874,0.00052904844051227,0.000527539406903088,0.000523467606399208,0.000518048705998808,0.000509951380081475,0.000505934935063124,0.000501308706589043,0.00049815297825262,0.00049625471001491,0.000496072578243911,0.000494559411890805,0.000495105923619121,0.000494542880915105,0.000496242137160152,0.000496470311190933,0.000500377325806767,0.000505801232066005,0.000416447903262451,0.000484499731101096,0.000416685623349622,1.14998292701785E-05,3.63023627869552E-06,3.65465211871197E-06,-9999,-9999,-9999,-9999,-9999,-9999,-9999,-9999,-9999,-9999,-9999,-9999,-9999,-9999,-9999,-9999,-9999,-9999,-9999,-9999,-9999,-9999,-9999,-9999,-9999,-9999,-9999,-9999,-9999,-9999,-9999,-9999,-9999,-9999,-9999,2.97745168609254E-06,2.93296102427121E-06,5.77864630031399E-05,0.000334614684106782,0.000404030783101916,0.000400113523937762,0.000394820381188765,0.000392460962757468,0.000392036017728969,0.000391433801269159,0.000391124398447573,0.000389766588341445,0.000387194042559713,0.000384403712814674,0.000379991601221263,0.000373722141375765,0.000351648544892669,0.000277428072877228,0.000117090232379269,3.00659266940784E-05,2.43504618993029E-05,1.91358412848786E-05,-9999,-9999,-9999,-9999,-9999,-9999,-9999,-9999,-9999,-9999,-9999,-9999,-9999,-9999,-9999
-9999,-9999,-9999,-9999,3.93649424950127E-05,4.33659843110945E-05,3.05527937598526E-05,0.000129834574181587,0.000501580070704222,0.000594475539401174,0.000616611039731652,0.000618604361079633,0.000618015474174172,0.000618170248344541,0.000619144120719284,0.000621083308942616,0.000623392756097019,0.000624215404968709,0.000622114748694003,0.000616457662545145,0.000608304224442691,0.000602147541940212,0.00059948832495138,0.000590967014431953,0.000583933317102492,0.000578125065658242,0.000569123076274991,0.00056523532839492,0.000557949475478381,0.000551717472262681,0.000542790337931365,0.000536569976247847,0.000530832621734589,0.000530555029399693,0.000523116497788578,0.000523439841344953,0.000524209171999246,0.000520583067554981,0.000521273934282362,7.08639272488654E-05,0.000354146672179922,0.000288878916762769,0.000491042213980108,0.00034935912117362,0.000449924060376361,0.000488251476781443,0.000489612226374447,0.000260738423094153,8.34660459076986E-05,0.000236901047173887,3.33916796080302E-05,2.90153511741664E-05,3.44267959917488E-06,3.46603451362171E-06,-9999,-9999,-9999,-9999,-9999,-9999,-9999,-9999,-9999,-9999,-9999,-9999,-9999,-9999,-9999,-9999,-9999,-9999,-9999,-9999,-9999,-9999,-9999,-9999,-9999,-9999,-9999,-9999,-9999,-9999,-9999,-9999,-9999,-9999,-9999,-9999,-9999,-9999,-9999,-9999,-9999,1.92526294995332E-06,2.80550557363313E-06,9.03421750990674E-05,0.00037227279972285,0.000391460431274027,0.000386081024771556,0.000382928847102448,0.000383184262318537,0.000382348167477176,0.000381057616323233,0.000378795230062678,0.000375627016182989,0.000372613372746855,0.000369683373719454,0.000365272804629058,0.000350614194758236,0.000267403287580237,9.43520572036505E-05,1.8382366761216E-05,1.84097934834426E-05,1.32257646328071E-05,1.93118285096716E-05,-9999,-9999,-9999,-9999,-9999,-9999,-9999,-9999,-9999,-9999,-9999,-9999,-9999,-9999
-9999,-9999,-9999,-9999,3.1370778742712E-05,4.81943425256759E-05,7.25287100067362E-05,0.000478503410704434,0.000604386674240232,0.00062274991068989,0.000621931336354464,0.000617858488112688,0.000614951248280704,0.000612589530646801,0.000611709139775485,0.000612890464253724,0.000615288852714002,0.000618681195192039,0.000617600802797824,0.000480354094179347,6.3765960476303E-06,4.1239513848268E-06,4.08982032240601E-06,4.04909224016592E-06,4.0048394112091E-06,3.95880897485767E-06,1.88341946341097E-05,3.85803423341713E-06,1.44944569910876E-05,3.75341460312484E-06,4.81307361042127E-05,0.000380294513888657,0.000503847899381071,0.000487209879793227,0.000520280678756535,0.00051007978618145,0.000518098589964211,0.00051292881835252,0.00014782567450311,3.5355426462047E-06,3.49325341630902E-06,3.46059914591024E-06,3.43375040756655E-06,3.41299369210901E-06,3.39648181579832E-06,3.3859155337268E-06,3.38051722792443E-06,-9999,-9999,-9999,-9999,-9999,-9999,-9999,-9999,-9999,-9999,-9999,-9999,-9999,-9999,-9999,-9999,-9999,-9999,-9999,-9999,-9999,-9999,-9999,-9999,-9999,-9999,-9999,-9999,-9999,-9999,-9999,-9999,-9999,-9999,-9999,-9999,-9999,-9999,-9999,-9999,-9999,-9999,-9999,-9999,-9999,-9999,-9999,-9999,-9999,2.72910051535291E-06,1.81328377948375E-05,0.000323811516864225,0.000379873294150457,0.000377709133317694,0.000373141694581136,0.000372987618902698,0.000371941190678626,0.000370040361303836,0.000367539760190994,0.000363947707228363,0.00036076080868952,0.000358139397576451,0.000354962714482099,0.000345013424521312,0.000287384609691799,0.000145182813866995,4.91484606754966E-05,8.79104391060537E-06,3.00844258163124E-05,1.83270258276025E-05,-9999,-9999,-9999,-9999,-9999,-9999,-9999,-9999,-9999,-9999,-9999,-9999,-9999,-9999
-9999,-9999,-9999,-9999,-9999,3.04980567307211E-05,0.000348467350704595,0.000600995903369039,0.000625880260486156,0.000625889224465936,0.000620388251263648,0.000614303338807076,0.000610824266914278,0.000606245710514486,0.000604289816692472,0.000607248628512025,0.000365235464414582,4.18512445321539E-06,4.19598200096516E-06,4.1981038521044E-06,-9999,-9999,-9999,-9999,-9999,-9999,-9999,-9999,-9999,-9999,-9999,-9999,-9999,1.34449192046304E-05,3.91581561416388E-05,3.38397767336573E-05,4.50242805527523E-05,3.58547072210058E-06,-9999,-9999,-9999,-9999,-9999,-9999,-9999,-9999,-9999,-9999,-9999,-9999,-9999,-9999,-9999,-9999,-9999,-9999,-9999,-9999,-9999,-9999,-9999,-9999,-9999,-9999,-9999,-9999,-9999,-9999,-9999,-9999,-9999,-9999,-9999,-9999,-9999,-9999,-9999,-9999,-9999,-9999,-9999,-9999,-9999,-9999,-9999,-9999,-9999,-9999,-9999,-9999,-9999,-9999,-9999,-9999,-9999,-9999,1.78849745680054E-06,2.60225078818621E-06,0.000275423633866012,0.000368621025700122,0.000367596774594858,0.00036312491283752,0.000363577040843666,0.00036078249104321,0.000358426361344755,0.000355880212737247,0.000352835457306355,0.000349965848727152,0.000346852233633399,0.000344214902725071,0.0003394803206902,0.000306941365124658,0.000199960632016882,5.88413786317687E-05,3.26001681969501E-05,1.99282385437982E-05,-9999,-9999,-9999,-9999,-9999,-9999,-9999,-9999,-9999,-9999,-9999,-9999,-9999,-9999,-9999
-9999,-9999,-9999,-9999,-9999,0.000120683762361296,0.000565824040677398,0.0006254956824705,0.000630405324045569,0.000625342596322298,0.000618440564721823,0.000611217343248427,0.00060511362971738,0.000601516687311232,0.000598676095250994,6.87527863192372E-05,4.17080536863068E-06,2.80532549368218E-06,-9999,-9999,-9999,-9999,-9999,-9999,-9999,-9999,-9999,-9999,-9999,-9999,-9999,-9999,-9999,-9999,-9999,-9999,-9999,-9999,-9999,-9999,-9999,-9999,-9999,-9999,-9999,-9999,-9999,-9999,-9999,-9999,-9999,-9999,-9999,-9999,-9999,-9999,-9999,-9999,-9999,-9999,-9999,-9999,-9999,-9999,-9999,-9999,-9999,-9999,-9999,-9999,-9999,-9999,-9999,-9999,-9999,-9999,-9999,-9999,-9999,-9999,-9999,-9999,-9999,-9999,-9999,-9999,-9999,-9999,-9999,-9999,-9999,-9999,-9999,-9999,-9999,-9999,-9999,2.51492406277976E-06,0.000208399724215269,0.000358172954292968,0.000357390788849443,0.000353722251020372,0.000353332550730556,0.000349436653777957,0.000346386979799718,0.000344015978043899,0.00034202347160317,0.000339696824084967,0.000337088713422418,0.00033443488064222,0.000330319628119469,0.000316446326905861,0.000227983473450877,0.000114740643766709,2.21301779674832E-05,1.60785948537523E-05,-9999,-9999,-9999,-9999,-9999,-9999,-9999,-9999,-9999,-9999,-9999,-9999,-9999,-9999,-9999
-9999,-9999,3.25589971907903E-05,3.20976141665597E-05,3.12270822178107E-05,0.000332912662997842,0.000616143806837499,0.000631743227131665,0.00063047488220036,0.000623429368715733,0.000616058183368295,0.000608577276580036,0.000602768617682159,0.000593576754909009,3.5892597225029E-05,4.15724480262725E-06,2.79669643532543E-06,-9999,-9999,-9999,-9999,-9999,-9999,-9999,-9999,-9999,-9999,-9999,-9999,-9999,-9999,-9999,-9999,-9999,-9999,-9999,-9999,-9999,-9999,-9999,-9999,-9999,-9999,-9999,-9999,-9999,-9999,-9999,-9999,-9999,-9999,-9999,-9999,-9999,-9999,-9999,-9999,-9999,-9999,-9999,-9999,-9999,-9999,-9999,-9999,-9999,-9999,-9999,-9999,-9999,-9999,-9999,-9999,-9999,-9999,-9999,-9999,-9999,-9999,-9999,-9999,-9999,-9999,-9999,-9999,-9999,-9999,-9999,-9999,-9999,-9999,-9999,-9999,-9999,-9999,-9999,-9999,2.44708826357964E-06,0.000120791475637816,0.000348083849530667,0.00034865626366809,0.000343996129231527,0.000341061764629558,0.000338397367158905,0.000334404146997258,0.000333023548591882,0.000331749062752351,0.000330040173139423,0.000327607325743884,0.000324913533404469,0.000321895000524819,0.000312802672851831,0.000274867517873645,0.00017387984553352,9.29416200960986E-05,2.10797807085328E-05,-9999,-9999,-9999,-9999,-9999,-9999,-9999,-9999,-9999,-9999,-9999,-9999,-9999,-9999,-9999
-9999,-9999,-9999,-9999,3.85685707442462E-05,0.000522119167726487,0.00062646996229887,0.0006333296187222,0.000628645590040833,0.000619903497863561,0.000612691161222756,0.000606577785219997,0.000602209242060781,5.1831899327226E-05,4.14853184338426E-06,2.78927041108545E-06,-9999,-9999,-9999,-9999,-9999,-9999,-9999,-9999,-9999,-9999,-9999,-9999,-9999,-9999,-9999,-9999,-9999,-9999,-9999,-9999,-9999,-9999,-9999,-9999,-9999,-9999,-9999,-9999,-9999,-9999,-9999,-9999,-9999,-9999,-9999,-9999,-9999,-9999,-9999,-9999,-9999,-9999,-9999,-9999,-9999,-9999,-9999,-9999,-9999,-9999,-9999,-9999,-9999,-9999,-9999,-9999,-9999,-9999,-9999,-9999,-9999,-9999,-9999,-9999,-9999,-9999,-9999,-9999,-9999,-9999,-9999,-9999,-9999,-9999,-9999,-9999,-9999,-9999,-9999,-9999,-9999,2.38857364820433E-06,6.30760187050328E-05,0.00033727873233147,0.000338872225256637,0.000335520599037409,0.000331083690980449,0.000328281545080245,0.000323820946505293,0.000322734675137326,0.000322509469697252,0.000320861436193809,0.000318347185384482,0.000315777288051322,0.000312388874590397,0.000307110254652798,0.000292782409815118,0.000253620441071689,0.00015742784307804,4.67873287561815E-05,-9999,-9999,-9999,-9999,-9999,-9999,-9999,-9999,-9999,-9999,-9999,-9999,-9999,-9999,-9999
-9999,-9999,-9999,-9999,8.16868705442175E-05,0.000567862647585571,0.000629458809271455,0.000632486597169191,0.000626166351139545,0.000616207136772573,0.000609675014857203,0.000605019740760326,0.000406065431889147,4.14432270190446E-06,2.78632342087803E-06,-9999,-9999,-9999,-9999,-9999,-9999,-9999,-9999,-9999,-9999,-9999,-9999,-9999,-9999,-9999,-9999,-9999,-9999,-9999,-9999,-9999,-9999,-9999,-9999,-9999,-9999,-9999,-9999,-9999,-9999,-9999,-9999,-9999,-9999,-9999,-9999,-9999,-9999,-9999,-9999,-9999,-9999,-9999,-9999,-9999,-9999,-9999,-9999,-9999,-9999,-9999,-9999,-9999,-9999,-9999,-9999,-9999,-9999,-9999,-9999,-9999,-9999,-9999,-9999,-9999,-9999,-9999,-9999,-9999,-9999,-9999,-9999,-9999,-9999,-9999,-9999,-9999,-9999,-9999,-9999,-9999,-9999,2.33570222007984E-06,2.52437548624584E-05,0.000324685737723485,0.000328695983625948,0.000327173591358587,0.000321973493555561,0.000318011676426977,0.000314699893351644,0.000312478630803525,0.000312354211928323,0.000310632691252977,0.000308860762743279,0.000306444766465575,0.000303498934954405,0.00029984230059199,0.000293277902528644,0.000279430270893499,0.000233729238971137,0.000125647886306979,1.71369410963962E-05,-9999,-9999,-9999,-9999,-9999,-9999,-9999,-9999,-9999,-9999,-9999,-9999,-9999,-9999
-9999,-9999,-9999,-9999,6.62083839415573E-05,0.000559724867343903,0.000629052519798279,0.00063065264839679,0.000623371219262481,0.00061361154075712,0.00060778803890571,0.000603485736064613,4.13381621910958E-06,2.78172888101835E-06,1.86980082617083E-06,-9999,-9999,-9999,-9999,-9999,-9999,-9999,-9999,-9999,-9999,-9999,-9999,-9999,-9999,-9999,-9999,-9999,-9999,-9999,-9999,-9999,-9999,-9999,-9999,-9999,-9999,-9999,-9999,-9999,-9999,-9999,-9999,-9999,-9999,-9999,-9999,-9999,-9999,-9999,-9999,-9999,-9999,-9999,-9999,-9999,-9999,-9999,-9999,-9999,-9999,-9999,-9999,-9999,-9999,-9999,-9999,-9999,-9999,-9999,-9999,-9999,-9999,-9999,-9999,-9999,-9999,-9999,-9999,-9999,-9999,-9999,-9999,-9999,-9999,-9999,-9999,-9999,-9999,-9999,-9999,-9999,-9999,1.52209599946218E-06,2.24390828407195E-06,0.000308170914649963,0.000319765735184774,0.000318570237141103,0.000314352713758126,0.000308410817524418,0.000305686931824312,0.000303394335787743,0.000301770429359749,0.000300653366139159,0.000299268838716671,0.000297518650768325,0.000294758268864825,0.00029122072737664,0.000287514121737331,0.000280745967756957,0.000259370892308652,0.000187647325219586,5.85336892982014E-05,1.33349685711437E-05,-9999,-9999,-9999,-9999,-9999,-9999,-9999,-9999,-9999,-9999,-9999,-9999,-9999
-9999,-9999,-9999,-9999,3.44697618857026E-05,0.000509587349370122,0.000626488355919719,0.000629244255833328,0.000622840307187289,0.000613304611761123,0.000607284135185182,0.000601445091888309,4.13209181715501E-06,2.77940762316575E-06,-9999,-9999,-9999,-9999,-9999,-9999,-9999,-9999,-9999,-9999,-9999,-9999,-9999,-9999,-9999,-9999,-9999,-9999,-9999,-9999,-9999,-9999,-9999,-9999,-9999,-9999,-9999,-9999,-9999,-9999,-9999,-9999,-9999,-9999,-9999,-9999,-9999,-9999,-9999,-9999,-9999,-9999,-9999,-9999,-9999,-9999,-9999,-9999,-9999,-9999,-9999,-9999,-9999,-9999,-9999,-9999,-9999,-9999,-9999,-9999,-9999,-9999,-9999,-9999,-9999,-9999,-9999,-9999,-9999,-9999,-9999,-9999,-9999,-9999,-9999,-9999,-9999,-9999,-9999,-9999,-9999,-9999,-9999,1.49349057210202E-06,2.18399736695574E-06,0.000291586853563786,0.000311064795823768,0.000309660856146365,0.000307190552121028,0.000301175779895857,0.000296681129839271,0.000294326193397865,0.000292645359877497,0.000292564945993945,0.000291254196781665,0.000289639108814299,0.000286681664874777,0.000283301691524684,0.000280324165942147,0.000275534141110256,0.000261917506577447,0.000230702498811297,0.000135363487061113,2.54399346886203E-05,1.82062558451435E-05,1.86043109806633E-06,-9999,-9999,-9999,-9999,-9999,-9999,-9999,-9999,-9999,-9999,-9999
-9999,-9999,-9999,-9999,3.08133858197834E-05,0.000276281905826181,0.000614625634625554,0.000628821668215096,0.000625493586994708,0.000618584279436618,0.000610982649959624,0.00060517032397911,9.16446970222751E-06,4.1416010390094E-06,-9999,-9999,-9999,-9999,-9999,-9999,-9999,-9999,-9999,-9999,-9999,-9999,-9999,-9999,-9999,-9999,-9999,-9999,-9999,-9999,-9999,-9999,-9999,-9999,-9999,-9999,-9999,-9999,-9999,-9999,-9999,-9999,-9999,-9999,-9999,-9999,-9999,-9999,-9999,-9999,-9999,-9999,-9999,-9999,-9999,-9999,-9999,-9999,-9999,-9999,-9999,-9999,-9999,-9999,-9999,-9999,-9999,-9999,-9999,-9999,-9999,-9999,-9999,-9999,-9999,-9999,-9999,-9999,-9999,-9999,-9999,-9999,-9999,-9999,-9999,-9999,-9999,-9999,-9999,-9999,-9999,-9999,-9999,-9999,2.12363283935701E-06,0.000279076804872602,0.000302615982946008,0.000300919869914651,0.00030040045385249,0.000294808152830228,0.000289761082967743,0.000287669390672818,0.000286498398054391,0.000285125162918121,0.000284165027551353,0.000282137567410246,0.000279594445601106,0.000276530714472756,0.000273785641184077,0.000270264456048608,0.000260420812992379,0.000237448650295846,0.000178777045221068,4.20052565459628E-05,1.44230598380091E-05,-9999,-9999,-9999,-9999,-9999,-9999,-9999,-9999,-9999,-9999,-9999,-9999
-9999,-9999,-9999,-9999,3.08560411212966E-05,0.000121006269182544,0.00057010748423636,0.000627369794528931,0.000626797380391508,0.000623401196207851,0.000617299578152597,0.000610569841228426,0.000414005713537335,4.1377761590411E-06,-9999,-9999,-9999,-9999,-9999,-9999,-9999,-9999,-9999,-9999,-9999,-9999,-9999,-9999,-9999,-9999,-9999,-9999,-9999,-9999,-9999,-9999,-9999,-9999,-9999,-9999,-9999,-9999,-9999,-9999,-9999,-9999,-9999,-9999,-9999,-9999,-9999,-9999,-9999,-9999,-9999,-9999,-9999,-9999,-9999,-9999,-9999,-9999,-9999,-9999,-9999,-9999,-9999,-9999,-9999,-9999,-9999,-9999,-9999,-9999,-9999,-9999,-9999,-9999,-9999,-9999,-9999,-9999,-9999,-9999,-9999,-9999,-9999,-9999,-9999,-9999,-9999,-9999,-9999,-9999,-9999,-9999,-9999,-9999,2.08075698537868E-06,0.000250804325332865,0.00029562451527454,0.000294135563308373,0.000293641147436574,0.000290529802441597,0.000284853624179959,0.000280266569461673,0.000279428786598146,0.000277506042039022,0.000276328384643421,0.000274474412435666,0.00027275102911517,0.000270296266535297,0.000267900963081047,0.000264207395957783,0.000256893981713802,0.000238317952607758,0.00020586114260368,7.83770883572288E-05,1.41945010909694E-05,1.27361427075812E-05,1.28606861835578E-05,-9999,-9999,-9999,-9999,-9999,-9999,-9999,-9999,-9999,-9999
-9999,-9999,-9999,-9999,-9999,3.41126797138713E-05,0.000466347351903096,0.000623353407718241,0.000627328990958631,0.000625650805886835,0.000621463696006685,0.000614161952398717,0.000605970155447721,4.13844691138365E-06,-9999,-9999,-9999,-9999,-9999,-9999,-9999,-9999,-9999,-9999,-9999,-9999,-9999,-9999,-9999,-9999,-9999,-9999,-9999,-9999,-9999,-9999,-9999,-9999,-9999,-9999,-9999,-9999,-9999,-9999,-9999,-9999,-9999,-9999,-9999,-9999,-9999,-9999,-9999,-9999,-9999,-9999,-9999,-9999,-9999,-9999,-9999,-9999,-9999,-9999,-9999,-9999,-9999,-9999,-9999,-9999,-9999,-9999,-9999,-9999,-9999,-9999,-9999,-9999,-9999,-9999,-9999,-9999,-9999,-9999,-9999,-9999,-9999,-9999,-9999,-9999,-9999,-9999,-9999,-9999,-9999,-9999,-9999,-9999,2.05023616217659E-06,0.000198730878764763,0.000287427275907248,0.000288633222226053,0.000287409609882161,0.000284995621768758,0.000279405590845272,0.000273620447842404,0.000272752862656489,0.000270682241534814,0.000269680545898154,0.0002677527081687,0.000266284449025989,0.000264387810602784,0.000262185640167445,0.000259191816439852,0.000254402926657349,0.000245533796260133,0.00019634143973235,0.000119359785458073,4.44912657258101E-05,2.98897630273132E-05,1.7729575120029E-05,1.29227737488691E-05,-9999,-9999,-9999,-9999,-9999,-9999,-9999,-9999,-9999
-9999,-9999,-9999,-9999,-9999,6.95935523253866E-06,0.000329735659761354,0.000611536030191928,0.000627765490207821,0.000627328641712666,0.000624293286819011,0.000617054407484829,0.00060794671298936,4.14715304941637E-06,-9999,-9999,-9999,-9999,-9999,-9999,-9999,-9999,-9999,-9999,-9999,-9999,-9999,-9999,-9999,-9999,-9999,-9999,-9999,-9999,-9999,-9999,-9999,-9999,-9999,-9999,-9999,-9999,-9999,-9999,-9999,-9999,-9999,-9999,-9999,-9999,-9999,-9999,-9999,-9999,-9999,-9999,-9999,-9999,-9999,-9999,-9999,-9999,-9999,-9999,-9999,-9999,-9999,-9999,-9999,-9999,-9999,-9999,-9999,-9999,-9999,-9999,-9999,-9999,-9999,-9999,-9999,-9999,-9999,-9999,-9999,-9999,-9999,-9999,-9999,-9999,-9999,-9999,-9999,-9999,-9999,-9999,-9999,-9999,2.03104241336405E-06,6.59579454804771E-05,0.000277966377325356,0.000283396075246856,0.000281783228274435,0.00027917098486796,0.000274193997029215,0.000268778181634843,0.00026683256146498,0.000265666254563257,0.00026403323863633,0.000261507753748447,0.000259894412010908,0.000258211395703256,0.000256272149272263,0.000254353653872386,0.000250768702244386,0.00023924870765768,0.000202667812118307,0.000167662568856031,0.000131826192955486,0.000110169981780928,3.29492140735965E-05,1.26396289488184E-05,-9999,-9999,-9999,-9999,-9999,-9999,-9999,-9999,-9999
-9999,-9999,-9999,-9999,-9999,4.28342264058301E-06,0.000237603555433452,0.000611499126534909,0.000627847097348422,0.000628537498414516,0.000626325374469161,0.000618922989815474,0.000603497261181474,4.15759495808743E-06,-9999,-9999,-9999,-9999,-9999,-9999,-9999,-9999,-9999,-9999,-9999,-9999,-9999,-9999,-9999,-9999,-9999,-9999,-9999,-9999,-9999,-9999,-9999,-9999,-9999,-9999,-9999,-9999,-9999,-9999,-9999,-9999,-9999,-9999,-9999,-9999,-9999,-9999,-9999,-9999,-9999,-9999,-9999,-9999,-9999,-9999,-9999,-9999,-9999,-9999,-9999,-9999,-9999,-9999,-9999,-9999,-9999,-9999,-9999,-9999,-9999,-9999,-9999,-9999,-9999,-9999,-9999,-9999,-9999,-9999,-9999,-9999,-9999,-9999,-9999,-9999,-9999,-9999,-9999,-9999,-9999,-9999,-9999,-9999,-9999,1.96538735508511E-06,0.000269905984168872,0.000276927632512525,0.000276786333415657,0.00027374571072869,0.000269034819211811,0.000263479712884873,0.000261408160440624,0.000260427565081045,0.000258453510468826,0.000256192055530846,0.000254157930612564,0.000252649217145517,0.000250755139859393,0.000249123055255041,0.000246939598582685,0.000238710912526585,0.000228591510676779,0.000214676401810721,0.000183369484147988,0.000115799935883842,4.36607333540451E-05,1.23393492685864E-05,-9999,-9999,-9999,-9999,-9999,-9999,-9999,-9999,-9999
-9999,-9999,-9999,-9999,-9999,-9999,0.000144506266224198,0.000613684707786888,0.000627778004854918,0.000629393674898893,0.000626802677288651,0.000618101563304663,0.00061202235519886,-9999,-9999,-9999,-9999,-9999,-9999,-9999,-9999,-9999,-9999,-9999,-9999,-9999,-9999,-9999,-9999,-9999,-9999,-9999,-9999,-9999,-9999,-9999,-9999,-9999,-9999,-9999,-9999,-9999,-9999,-9999,-9999,-9999,-9999,-9999,-9999,-9999,-9999,-9999,-9999,-9999,-9999,-9999,-9999,-9999,-9999,-9999,-9999,-9999,-9999,-9999,-9999,-9999,-9999,-9999,-9999,-9999,-9999,-9999,-9999,-9999,-9999,-9999,-9999,-9999,-9999,-9999,-9999,-9999,-9999,-9999,-9999,-9999,-9999,-9999,-9999,-9999,-9999,-9999,-9999,-9999,-9999,-9999,-9999,-9999,-9999,1.93269465853518E-06,0.000250309240072966,0.000271125376457348,0.000272284465609118,0.000269560667220503,0.000265125388978049,0.000260098342550918,0.00025713216746226,0.000255516788456589,0.00025307311443612,0.000250982993748039,0.000248956639552489,0.000247099815169349,0.000245349219767377,0.000243848320678808,0.000242971567786299,0.000240813416894525,0.000236071035033092,0.000220329617150128,0.000191479994100519,0.000143045312142931,7.38261442165822E-05,1.50387777466676E-05,-9999,-9999,-9999,-9999,-9999,-9999,-9999,-9999,-9999
-9999,-9999,-9999,-9999,-9999,-9999,0.000108896361780353,0.000614610966295004,0.000629199028480798,0.000629732850939035,0.000625197601038963,0.000616425764746964,0.000606928835622966,-9999,-9999,-9999,-9999,-9999,-9999,-9999,-9999,-9999,-9999,-9999,-9999,-9999,-9999,-9999,-9999,-9999,-9999,-9999,-9999,-9999,-9999,-9999,-9999,-9999,-9999,-9999,-9999,-9999,-9999,-9999,-9999,-9999,-9999,-9999,-9999,-9999,-9999,-9999,-9999,-9999,-9999,-9999,-9999,-9999,-9999,-9999,-9999,-9999,-9999,-9999,-9999,-9999,-9999,-9999,-9999,-9999,-9999,-9999,-9999,-9999,-9999,-9999,-9999,-9999,-9999,-9999,-9999,-9999,-9999,-9999,-9999,-9999,-9999,-9999,-9999,-9999,-9999,-9999,-9999,-9999,-9999,-9999,-9999,-9999,-9999,1.90610012396064E-06,0.000164894256158732,0.000266809161985293,0.000268046278506517,0.000265235983533785,0.000260902103036642,0.00025655297213234,0.0002523900475353,0.000251276913331822,0.00024875346571207,0.00024659326300025,0.000244502065470442,0.00024278718046844,0.000241012996411882,0.000239535525906831,0.000238739303313196,0.000237810003454797,0.000234799765166827,0.000227008189540356,0.000209250400075689,0.000161276868311688,0.000112964393338189,2.81950779026374E-05,1.47394021041691E-05,1.18392481454066E-05,-9999,-9999,-9999,-9999,-9999,-9999,-9999
-9999,-9999,-9999,-9999,-9999,-9999,0.000173224645550363,0.000624684733338654,0.00063147145556286,0.000629214686341584,0.000622687628492713,0.000614271964877844,0.000557425431907177,-9999,-9999,-9999,-9999,-9999,-9999,-9999,-9999,-9999,-9999,-9999,-9999,-9999,-9999,-9999,-9999,-9999,-9999,-9999,-9999,-9999,-9999,-9999,-9999,-9999,-9999,-9999,-9999,-9999,-9999,-9999,-9999,-9999,-9999,-9999,-9999,-9999,-9999,-9999,-9999,-9999,-9999,-9999,-9999,-9999,-9999,-9999,-9999,-9999,-9999,-9999,-9999,-9999,-9999,-9999,-9999,-9999,-9999,-9999,-9999,-9999,-9999,-9999,-9999,-9999,-9999,-9999,-9999,-9999,-9999,-9999,-9999,-9999,-9999,-9999,-9999,-9999,-9999,-9999,-9999,-9999,-9999,-9999,-9999,-9999,-9999,1.88340334261738E-06,1.10832534119254E-05,0.0002627944923006,0.000263101275777444,0.000260729575529695,0.000256180792348459,0.000251795951044187,0.000248080701567233,0.000246605835855007,0.000244988448685035,0.000242879497818649,0.000240555513300933,0.000238655207795091,0.00023718157899566,0.000236058316659182,0.000234932929743081,0.000234456427278928,0.000232062317081727,0.000226238480536267,0.000212407991057262,0.000187191209988669,0.000132906701765023,5.05584794154856E-05,2.51167693932075E-05,1.82322291948367E-05,1.16559867819888E-05,-9999,-9999,-9999,-9999,-9999,-9999
-9999,-9999,-9999,-9999,-9999,-9999,-9999,-9999,-9999,-9999,-9999,-9999,-9999,-9999,-9999,-9999,-9999,-9999,-9999,-9999,-9999,-9999,-9999,-9999,-9999,-9999,-9999,-9999,-9999,-9999,-9999,-9999,-9999,-9999,-9999,-9999,-9999,-9999,-9999,-9999,-9999,-9999,-9999,-9999,-9999,-9999,-9999,-9999,-9999,-9999,-9999,-9999,-9999,-9999,-9999,-9999,-9999,-9999,-9999,-9999,-9999,-9999,-9999,-9999,-9999,-9999,-9999,-9999,-9999,-9999,-9999,-9999,-9999,-9999,-9999,-9999,-9999,-9999,-9999,-9999,-9999,-9999,-9999,-9999,-9999,-9999,-9999,-9999,-9999,-9999,-9999,-9999,-9999,-9999,-9999,-9999,-9999,-9999,-9999,-9999,1.81355471795541E-06,0.000251907622441649,0.000258011772530153,0.000256065628491342,0.000252060766797513,0.000247783464146778,0.000243983449763618,0.000242643844103441,0.000241756119066849,0.0002392525493633,0.000237077969359234,0.000235311541473493,0.000233544240472838,0.000232653474085964,0.000231721816817299,0.000231180732953362,0.000230345263844356,0.000227196869673207,0.000218593530007638,0.000198073670617305,0.000145114740007557,7.72262501413934E-05,5.00573078170419E-05,3.74930787074845E-05,2.00060021597892E-05,1.1428590369178E-05,-9999,-9999,-9999,-9999,-9999
-9999,-9999,-9999,-9999,-9999,-9999,-9999,-9999,-9999,-9999,-9999,-9999,-9999,-9999,-9999,-9999,-9999,-9999,-9999,-9999,-9999,-9999,-9999,-9999,-9999,-9999,-9999,-9999,-9999,-9999,-9999,-9999,-9999,-9999,-9999,-9999,-9999,-9999,-9999,-9999,-9999,-9999,-9999,-9999,-9999,-9999,-9999,-9999,-9999,-9999,-9999,-9999,-9999,-9999,-9999,-9999,-9999,-9999,-9999,-9999,-9999,-9999,-9999,-9999,-9999,-9999,-9999,-9999,-9999,-9999,-9999,-9999,-9999,-9999,-9999,-9999,-9999,-9999,-9999,-9999,-9999,-9999,-9999,-9999,-9999,-9999,-9999,-9999,-9999,-9999,-9999,-9999,-9999,-9999,-9999,-9999,-9999,-9999,-9999,-9999,1.78374170900497E-06,0.000190324717550538,0.000253994396189228,0.000251253950409591,0.000247798045165837,0.000243525821133517,0.000239522341871634,0.000238987675402313,0.000238224194617942,0.000235878746025264,0.000233284154091962,0.00023178500123322,0.000229936456889845,0.000229351688176394,0.0002288639661856,0.000229176046559587,0.00022866744257044,0.000226783347898163,0.000217759283259511,0.00019576282647904,0.000150003645103425,9.56427684286609E-05,7.04372359905392E-05,4.08770611102227E-05,2.72178513114341E-05,1.26590402942384E-05,1.12563502625562E-05,-9999,-9999,-9999,-9999
-9999,-9999,-9999,-9999,-9999,-9999,-9999,-9999,-9999,-9999,-9999,-9999,-9999,-9999,-9999,-9999,-9999,-9999,-9999,-9999,-9999,-9999,-9999,-9999,-9999,-9999,-9999,-9999,-9999,-9999,-9999,-9999,-9999,-9999,-9999,-9999,-9999,-9999,-9999,-9999,-9999,-9999,-9999,-9999,-9999,-9999,-9999,-9999,-9999,-9999,-9999,-9999,-9999,-9999,-9999,-9999,-9999,-9999,-9999,-9999,-9999,-9999,-9999,-9999,-9999,-9999,-9999,-9999,-9999,-9999,-9999,-9999,-9999,-9999,-9999,-9999,-9999,-9999,-9999,-9999,-9999,-9999,-9999,-9999,-9999,-9999,-9999,-9999,-9999,-9999,-9999,-9999,-9999,-9999,-9999,-9999,-9999,-9999,-9999,-9999,1.76285323050251E-06,4.49792150902795E-06,0.000250332930590957,0.000246870331466198,0.000243712638621219,0.000239365224842913,0.000236004256294109,0.000235587780480273,0.000234786013606936,0.000232767764828168,0.000230197110795416,0.000228636868996546,0.000226817122893408,0.000226103802560829,0.000226140968152322,0.000226558215217665,0.000225261377636343,0.000222728805965744,0.000215916355955414,0.000193578511243686,0.000160487732500769,0.00012177034659544,8.80547740962356E-05,5.36375373485498E-05,2.98515260510612E-05,1.56391870405059E-05,1.11553372335038E-05,-9999,-9999,-9999,-9999
-9999,-9999,-9999,-9999,-9999,-9999,-9999,-9999,-9999,-9999,-9999,-9999,-9999,-9999,-9999,-9999,-9999,-9999,-9999,-9999,-9999,-9999,-9999,-9999,-9999,-9999,-9999,-9999,-9999,-9999,-9999,-9999,-9999,-9999,-9999,-9999,-9999,-9999,-9999,-9999,-9999,-9999,-9999,-9999,-9999,-9999,-9999,-9999,-9999,-9999,-9999,-9999,-9999,-9999,-9999,-9999,-9999,-9999,-9999,-9999,-9999,-9999,-9999,-9999,-9999,-9999,-9999,-9999,-9999,-9999,-9999,-9999,-9999,-9999,-9999,-9999,-9999,-9999,-9999,-9999,-9999,-9999,-9999,-9999,-9999,-9999,-9999,-9999,-9999,-9999,-9999,-9999,-9999,-9999,-9999,-9999,-9999,-9999,-9999,-9999,-9999,1.71287103967188E-06,0.000229583180043846,0.000242257883655839,0.000239482527831569,0.00023552673519589,0.00023286824580282,0.000231986414291896,0.000231387879466638,0.000229692974244244,0.000226935007958673,0.000225299663725309,0.000223637107410468,0.000222678645513952,0.000222672446398064,0.000223451948841102,0.000224045041250065,0.000223003313294612,0.000215320978895761,0.000195091764908284,0.000164274722919799,0.00014049670426175,0.000100288933026604,5.30682591488585E-05,3.26725930790417E-05,1.54128283611499E-05,1.09033899207134E-05,-9999,-9999,1.02132680694922E-05,1.01908271972206E-05
-9999,-9999,-9999,-9999,-9999,-9999,-9999,-9999,-9999,-9999,-9999,-9999,-9999,-9999,-9999,-9999,-9999,-9999,-9999,-9999,-9999,-9999,-9999,-9999,-9999,-9999,-9999,-9999,-9999,-9999,-9999,-9999,-9999,-9999,-9999,-9999,-9999,-9999,-9999,-9999,-9999,-9999,-9999,-9999,-9999,-9999,-9999,-9999,-9999,-9999,-9999,-9999,-9999,-9999,-9999,-9999,-9999,-9999,-9999,-9999,-9999,-9999,-9999,-9999,-9999,-9999,-9999,-9999,-9999,-9999,-9999,-9999,-9999,-9999,-9999,-9999,-9999,-9999,-9999,-9999,-9999,-9999,-9999,-9999,-9999,-9999,-9999,-9999,-9999,-9999,-9999,-9999,-9999,-9999,-9999,-9999,-9999,-9999,-9999,-9999,-9999,-9999,1.20071981655201E-05,0.000242301655816846,0.000236240783124231,0.000233021200983785,0.000230593461310491,0.000229695840971544,0.00022845042985864,0.000226217380259186,0.000223657785682008,0.000222045244299807,0.000220626592636108,0.000219886380364187,0.000219640234718099,0.00022019405150786,0.000220578542212024,0.000219318259041756,0.000211594524444081,0.000202020673896186,0.000182062445674092,0.000145307203638367,9.93892317637801E-05,6.26933469902724E-05,2.90541393042076E-05,1.6840855096234E-05,1.05914650703198E-05,1.03151096482179E-05,1.02198055174085E-05,1.01473551694653E-05,1.12144571176032E-05
-9999,-9999,-9999,-9999,-9999,-9999,-9999,-9999,-9999,-9999,-9999,-9999,-9999,-9999,-9999,-9999,-9999,-9999,-9999,-9999,-9999,-9999,-9999,-9999,-9999,-9999,-9999,-9999,-9999,-9999,-9999,-9999,-9999,-9999,-9999,-9999,-9999,-9999,-9999,-9999,-9999,-9999,-9999,-9999,-9999,-9999,-9999,-9999,-9999,-9999,-9999,-9999,-9999,-9999,-9999,-9999,-9999,-9999,-9999,-9999,-9999,-9999,-9999,-9999,-9999,-9999,-9999,-9999,-9999,-9999,-9999,-9999,-9999,-9999,-9999,-9999,-9999,-9999,-9999,-9999,-9999,-9999,-9999,-9999,-9999,-9999,-9999,-9999,-9999,-9999,-9999,-9999,-9999,-9999,-9999,-9999,-9999,-9999,-9999,-9999,-9999,-9999,-9999,0.000167174774105661,0.000236990774283186,0.000231409532716498,0.000229946483159438,0.000228270175284706,0.000226834963541478,0.000223999784793705,0.000221268608584069,0.00021922096493654,0.000217930501094088,0.000217320601223037,0.000217438544495963,0.000217216482269578,0.000216679400182329,0.000215358362765983,0.000209275603992864,0.00020235261763446,0.000184462143806741,0.000149993065861054,0.00011163363524247,5.17174885317218E-05,2.56029998126905E-05,1.46739312185673E-05,1.15829716378357E-05,1.02250851341523E-05,1.12868074211292E-05,1.23911640912411E-05,0.000101098958111834
-9999,-9999,-9999,-9999,-9999,-9999,-9999,-9999,-9999,-9999,-9999,-9999,-9999,-9999,-9999,-9999,-9999,-9999,-9999,-9999,-9999,-9999,-9999,-9999,-9999,-9999,-9999,-9999,-9999,-9999,-9999,-9999,-9999,-9999,-9999,-9999,-9999,-9999,-9999,-9999,-9999,-9999,-9999,-9999,-9999,-9999,-9999,-9999,-9999,-9999,-9999,-9999,-9999,-9999,-9999,-9999,-9999,-9999,-9999,-9999,-9999,-9999,-9999,-9999,-9999,-9999,-9999,-9999,-9999,-9999,-9999,-9999,-9999,-9999,-9999,-9999,-9999,-9999,-9999,-9999,-9999,-9999,-9999,-9999,-9999,-9999,-9999,-9999,-9999,-9999,-9999,-9999,-9999,-9999,-9999,-9999,-9999,-9999,-9999,-9999,-9999,-9999,-9999,1.62627031841112E-06,0.000166173413163051,0.00023674160183873,0.00023120065452531,0.000228534510824829,0.000226409320021048,0.000223374692723155,0.000220532936509699,0.000218523840885609,0.000217208988033235,0.000216198852285743,0.000215306077734567,0.000214599334867671,0.000212624305277131,0.00020955472427886,0.000207355769816786,0.000192667212104425,0.000169809791259468,0.000123433084809221,6.64656399749219E-05,2.04639836738352E-05,1.29523359646555E-05,1.27716120914556E-05,1.41424061439466E-05,1.39813400892308E-05,2.35705101658823E-05,0.000203552626771852,0.000205780321266502
-9999,-9999,-9999,-9999,-9999,-9999,-9999,-9999,-9999,-9999,-9999,-9999,-9999,-9999,-9999,-9999,-9999,-9999,-9999,-9999,-9999,-9999,-9999,-9999,-9999,-9999,-9999,-9999,-9999,-9999,-9999,-9999,-9999,-9999,-9999,-9999,-9999,-9999,-9999,-9999,-9999,-9999,-9999,-9999,-9999,-9999,-9999,-9999,-9999,-9999,-9999,-9999,-9999,-9999,-9999,-9999,-9999,-9999,-9999,-9999,-9999,-9999,-9999,-9999,-9999,-9999,-9999,-9999,-9999,-9999,-9999,-9999,-9999,-9999,-9999,-9999,-9999,-9999,-9999,-9999,-9999,-9999,-9999,-9999,-9999,-9999,-9999,-9999,-9999,-9999,-9999,-9999,-9999,-9999,-9999,-9999,-9999,-9999,-9999,-9999,-9999,-9999,-9999,-9999,1.60874560606317E-06,1.60114564096148E-06,0.000218201166717336,0.000230937483138405,0.000225805080845021,0.000223100971197709,0.000220492074731737,0.000218601169763133,0.000204458658117801,0.000169994455063716,0.000212351893424056,0.000205569012905471,0.000173600987181999,0.000144872523378581,0.000133685258333571,0.000114555245090742,5.98803562752437E-05,2.23787483264459E-05,1.15022121462971E-05,1.01896821433911E-05,1.75055502040777E-05,2.92946660920279E-05,0.000106937935925089,0.000202895374968648,0.000205820353585295,0.000206567652639933,0.00020389947167132
-9999,-9999,-9999,-9999,-9999,-9999,-9999,-9999,-9999,-9999,-9999,-9999,-9999,-9999,-9999,-9999,-9999,-9999,-9999,-9999,-9999,-9999,-9999,-9999,-9999,-9999,-9999,-9999,-9999,-9999,-9999,-9999,-9999,-9999,-9999,-9999,-9999,-9999,-9999,-9999,-9999,-9999,-9999,-9999,-9999,-9999,-9999,-9999,-9999,-9999,-9999,-9999,-9999,-9999,-9999,-9999,-9999,-9999,-9999,-9999,-9999,-9999,-9999,-9999,-9999,-9999,-9999,-9999,-9999,-9999,-9999,-9999,-9999,-9999,-9999,-9999,-9999,-9999,-9999,-9999,-9999,-9999,-9999,-9999,-9999,-9999,-9999,-9999,-9999,-9999,-9999,-9999,-9999,-9999,-9999,-9999,-9999,-9999,-9999,-9999,-9999,-9999,-9999,-9999,-9999,-9999,1.57984425186442E-06,7.88625129644061E-06,0.000229223049245775,0.000225657189730555,0.000221692025661469,0.00021924423344899,0.00020787438552361,0.000208101409953088,0.000197940651560202,0.000154555120388977,0.000112482608528808,6.93201000103727E-05,2.72442466666689E-05,4.04570128011983E-05,2.42863570747431E-05,3.2650674256729E-05,0.000107426574686542,0.000203797011636198,0.000205879419809207,0.000207016710191965,0.00020681691239588,0.000205042175366543,0.000203477989998646,0.000195425178389996,0.000101498837466352
-9999,-9999,-9999,-9999,-9999,-9999,-9999,-9999,-9999,-9999,-9999,-9999,-9999,-9999,-9999,-9999,-9999,-9999,-9999,-9999,-9999,-9999,-9999,-9999,-9999,-9999,-9999,-9999,-9999,-9999,-9999,-9999,-9999,-9999,-9999,-9999,-9999,-9999,-9999,-9999,-9999,-9999,-9999,-9999,-9999,-9999,-9999,-9999,-9999,-9999,-9999,-9999,-9999,-9999,-9999,-9999,-9999,-9999,-9999,-9999,-9999,-9999,-9999,-9999,-9999,-9999,-9999,-9999,-9999,-9999,-9999,-9999,-9999,-9999,-9999,-9999,-9999,-9999,-9999,-9999,-9999,-9999,-9999,-9999,-9999,-9999,-9999,-9999,-9999,-9999,-9999,-9999,-9999,-9999,-9999,-9999,-9999,-9999,-9999,-9999,-9999,-9999,-9999,-9999,-9999,-9999,-9999,-9999,1.54388237660896E-06,6.23419964540517E-06,0.000218679386307485,0.000223941256990656,0.000221823545871302,0.000220064626773819,0.000217901440919377,0.000215860200114548,0.000213727966183797,0.000212530969292857,0.000211274804314598,0.000209905163501389,0.000208744982955977,0.000208776706131175,0.000208773024496622,0.000207744771614671,0.000206166034331545,0.000204992466024123,0.000202251379960217,0.000189482030691579,0.000113037567643914,7.85360680310987E-06,-9999
-9999,-9999,-9999,-9999,-9999,-9999,-9999,-9999,-9999,-9999,-9999,-9999,-9999,-9999,-9999,-9999,-9999,-9999,-9999,-9999,-9999,-9999,-9999,-9999,-9999,-9999,-9999,-9999,-9999,-9999,-9999,-9999,-9999,-9999,-9999,-9999,-9999,-9999,-9999,-9999,-9999,-9999,-9999,-9999,-9999,-9999,-9999,-9999,-9999,-9999,-9999,-9999,-9999,-9999,-9999,-9999,-9999,-9999,-9999,-9999,-9999,-9999,-9999,-9999,-9999,-9999,-9999,-9999,-9999,-9999,-9999,-9999,-9999,-9999,-9999,-9999,-9999,-9999,-9999,-9999,-9999,-9999,-9999,-9999,-9999,-9999,-9999,-9999,-9999,-9999,-9999,-9999,-9999,-9999,-9999,-9999,-9999,-9999,-9999,-9999,-9999,-9999,-9999,-9999,-9999,-9999,-9999,-9999,-9999,-9999,1.5239902495523E-06,1.51854192154133E-06,1.51116785218619E-06,1.50153539379971E-06,6.18416470388183E-06,8.65239144332008E-06,1.46473325912666E-06,1.44997738971142E-06,1.43691136145208E-06,2.72317606686556E-06,8.64734283823054E-06,3.77051874238532E-05,7.78227113187313E-05,8.54303580126725E-05,1.95919783436693E-05,1.41062957936811E-06,1.40987481245247E-06,1.40930433190078E-06,-9999,-9999,-9999
-9999,-9999,-9999,-9999,-9999,-9999,-9999,-9999,-9999,-9999,-9999,-9999,-9999,-9999,-9999,-9999,-9999,-9999,-9999,-9999,-9999,-9999,-9999,-9999,-9999,-9999,-9999,-9999,-9999,-9999,-9999,-9999,-9999,-9999,-9999,-9999,-9999,-9999,-9999,-9999,-9999,-9999,-9999,-9999,-9999,-9999,-9999,-9999,-9999,-9999,-9999,-9999,-9999,-9999,-9999,-9999,-9999,-9999,-9999,-9999,-9999,-9999,-9999,-9999,-9999,-9999,-9999,-9999,-9999,-9999,-9999,-9999,-9999,-9999,-9999,-9999,-9999,-9999,-9999,-9999,-9999,-9999,-9999,-9999,-9999,-9999,-9999,-9999,-9999,-9999,-9999,-9999,-9999,-9999,-9999,-9999,-9999,-9999,-9999,-9999,-9999,-9999,-9999,-9999,-9999,-9999,-9999,-9999,-9999,-9999,-9999,-9999,-9999,-9999,-9999,-9999,-9999,-9999,-9999,-9999,-9999,-9999,-9999,-9999,-9999,-9999,-9999,-9999,-9999,-9999,-9999
-9999,-9999,-9999,-9999,-9999,-9999,-9999,-9999,-9999,-9999,-9999,-9999,-9999,-9999,-9999,-9999,-9999,-9999,-9999,-9999,-9999,-9999,-9999,-9999,-9999,-9999,-9999,-9999,-9999,-9999,-9999,-9999,-9999,-9999,-9999,-9999,-9999,-9999,-9999,-9999,-9999,-9999,-9999,-9999,-9999,-9999,-9999,-9999,-9999,-9999,-9999,-9999,-9999,-9999,-9999,-9999,-9999,-9999,-9999,-9999,-9999,-9999,-9999,-9999,-9999,-9999,-9999,-9999,-9999,-9999,-9999,-9999,-9999,-9999,-9999,-9999,-9999,-9999,-9999,-9999,-9999,-9999,-9999,-9999,-9999,-9999,-9999,-9999,-9999,-9999,-9999,-9999,-9999,-9999,-9999,-9999,-9999,-9999,-9999,-9999,-9999,-9999,-9999,-9999,-9999,-9999,-9999,-9999,-9999,-9999,-9999,-9999,-9999,-9999,-9999,-9999,-9999,-9999,-9999,-9999,-9999,-9999,-9999,-9999,-9999,-9999,-9999,-9999,-9999,-9999,-9999

Step,277
Year,23.08333
-9999,-9999,-9999,-9999,-9999,-9999,-9999,-9999,-9999,-9999,-9999,-9999,-9999,-9999,-9999,-9999,-9999,-9999,-9999,-9999,-9999,-9999,-9999,-9999,-9999,-9999,-9999,-9999,-9999,-9999,-9999,-9999,-9999,-9999,-9999,-9999,-9999,-9999,-9999,-9999,-9999,-9999,-9999,-9999,-9999,-9999,-9999,-9999,-9999,-9999,-9999,-9999,-9999,-9999,-9999,-9999,-9999,-9999,-9999,-9999,-9999,-9999,-9999,-9999,-9999,-9999,-9999,-9999,-9999,-9999,-9999,-9999,-9999,-9999,-9999,-9999,-9999,-9999,-9999,-9999,-9999,-9999,-9999,-9999,-9999,-9999,-9999,-9999,-9999,-9999,-9999,-9999,-9999,-9999,-9999,-9999,-9999,-9999,-9999,-9999,-9999,-9999,-9999,-9999,-9999,-9999,-9999,-9999,-9999,-9999,-9999,-9999,-9999,-9999,-9999,-9999,-9999,-9999,-9999,-9999,-9999,-9999,-9999,-9999,-9999,-9999,-9999,-9999,-9999,-9999,-9999
-9999,-9999,-9999,-9999,-9999,-9999,-9999,-9999,-9999,-9999,-9999,-9999,-9999,-9999,-9999,-9999,-9999,-9999,-9999,-9999,-9999,-9999,-9999,-9999,-9999,-9999,-9999,-9999,-9999,-9999,-9999,-9999,-9999,-9999,-9999,-9999,-9999,-9999,-9999,-9999,-9999,-9999,-9999,-9999,-9999,-9999,-9999,-9999,-9999,-9999,-9999,-9999,-9999,-9999,-9999,-9999,-9999,-9999,-9999,-9999,-9999,-9999,-9999,-9999,-9999,-9999,-9999,-9999,-9999,-9999,-9999,-9999,-9999,-9999,-9999,-9999,-9999,-9999,-9999,-9999,-9999,-9999,-9999,-9999,-9999,-9999,-9999,-9999,-9999,-9999,-9999,-9999,-9999,-9999,-9999,-9999,-9999,-9999,-9999,-9999,-9999,-9999,-9999,-9999,-9999,-9999,-9999,-9999,-9999,-9999,-9999,-9999,-9999,-9999,-9999,-9999,-9999,-9999,-9999,-9999,-9999,-9999,-9999,-9999,-9999,-9999,-9999,-9999,-9999,-9999,-9999
-9999,-9999,-9999,-9999,-9999,-9999,-9999,-9999,-9999,-9999,-9999,-9999,-9999,-9999,-9999,-9999,-9999,-9999,-9999,-9999,-9999,-9999,-9999,-9999,-9999,-9999,-9999,-9999,-9999,-9999,-9999,-9999,-9999,-9999,-9999,-9999,-9999,-9999,-9999,-9999,-9999,-9999,-9999,-9999,-9999,-9999,-9999,-9999,-9999,-9999,-9999,-9999,-9999,-9999,-9999,-9999,-9999,-9999,-9999,-9999,-9999,-9999,-9999,-9999,-9999,-9999,-9999,-9999,-9999,-9999,-9999,-9999,-9999,-9999,1.58014449880284E-06,2.34962044487474E-06,-9999,-9999,-9999,-9999,-9999,-9999,-9999,-9999,-9999,-9999,-9999,-9999,-9999,-9999,-9999,-9999,-9999,-9999,-9999,-9999,-9999,-9999,-9999,-9999,-9999,-9999,-9999,-9999,-9999,-9999,-9999,-9999,-9999,-9999,-9999,-9999,-9999,-9999,-9999,-9999,-9999,-9999,-9999,-9999,-9999,-9999,-9999,-9999,-9999,-9999,-9999,-9999,-9999,-9999,-9999
-9999,-9999,-9999,-9999,-9999,-9999,-9999,-9999,-9999,-9999,-9999,-9999,-9999,-9999,-9999,-9999,-9999,-9999,-9999,-9999,-9999,-9999,-9999,-9999,-9999,-9999,-9999,-9999,-9999,-9999,-9999,-9999,-9999,-9999,-9999,-9999,-9999,-9999,-9999,-9999,-9999,-9999,-9999,-9999,-9999,-9999,-9999,-9999,-9999,-9999,-9999,-9999,-9999,-9999,-9999,-9999,-9999,-9999,-9999,-9999,-9999,-9999,-9999,-9999,-9999,-9999,-9999,-9999,-9999,-9999,-9999,-9999,-9999,-9999,2.26730753638549E-06,3.35458685185586E-06,-9999,-9999,-9999,-9999,-9999,-9999,-9999,-9999,-9999,-9999,-9999,-9999,-9999,-9999,-9999,-9999,-9999,-9999,-9999,-9999,-9999,-9999,-9999,-9999,-9999,-9999,-9999,-9999,-9999,-9999,-9999,-9999,-9999,-9999,-9999,-9999,-9999,-9999,-9999,-9999,-9999,-9999,-9999,-9999,-9999,-9999,-9999,-9999,-9999,-9999,-9999,-9999,-9999,-9999,-9999
-9999,-9999,-9999,-9999,-9999,-9999,-9999,-9999,-9999,-9999,-9999,-9999,-9999,-9999,-9999,-9999,-9999,-9999,-9999,-9999,-9999,-9999,-9999,-9999,-9999,-9999,-9999,-9999,-9999,-9999,-9999,-9999,-9999,-9999,-9999,-9999,-9999,-9999,-9999,-9999,-9999,-9999,-9999,-9999,-9999,-9999,-9999,-9999,-9999,-9999,-9999,-9999,-9999,-9999,-9999,-9999,1.61511053420327E-07,2.33934954962933E-07,3.32763306687411E-07,4.71845709171248E-07,-9999,-9999,-9999,-9999,-9999,2.86847580355243E-06,2.75712545771967E-06,3.88652915717103E-06,3.76856928596681E-06,2.42338228417793E-06,3.45404532708926E-06,1.71869760379195E-05,2.30359528359259E-05,2.28015887842048E-05,3.21589755003515E-06,1.64803932420909E-05,2.13234197872225E-05,-9999,-9999,1.99618352780817E-05,3.09066635963973E-05,2.70428172370885E-05,2.74446410912788E-05,7.0530608354602E-05,9.38712328206748E-05,8.5764448158443E-05,8.59772553667426E-05,5.25360301253386E-05,2.47430998570053E-05,-9999,-9999,-9999,-9999,-9999,-9999,-9999,-9999,-9999,-9999,-9999,-9999,-9999,-9999,-9999,-9999,-9999,-9999,-9999,-9999,-9999,-9999,-9999,-9999,-9999,-9999,-9999,-9999,-9999,-9999,-9999,-9999,-9999,-9999,-9999,-9999,-9999,-9999,-9999,-9999,-9999,-9999
-9999,-9999,-9999,-9999,-9999,-9999,-9999,-9999,-9999,-9999,-9999,-9999,-9999,-9999,-9999,-9999,-9999,-9999,-9999,-9999,-9999,-9999,-9999,-9999,-9999,-9999,-9999,-9999,-9999,-9999,-9999,-9999,-9999,-9999,-9999,-9999,-9999,-9999,-9999,-9999,-9999,-9999,-9999,-9999,-9999,-9999,-9999,-9999,-9999,-9999,-9999,-9999,-9999,-9999,-9999,1.67421092100994E-07,2.44648703073835E-07,3.52730097574749E-07,4.95806034450652E-07,6.76808042499033E-07,9.13428493731772E-07,1.276826310459E-06,-9999,4.83355097458116E-06,1.29495474538999E-05,4.29547480962356E-06,4.00755970986211E-06,2.95560239464976E-05,2.98060658678878E-05,3.48881985701155E-06,3.36788275490107E-06,3.87418040190823E-05,4.90352285851259E-05,4.34777030022815E-05,3.82284306397196E-05,3.76436473743524E-05,2.90955995296827E-05,3.22101695928723E-05,5.36347870365717E-05,9.50674220803194E-05,0.000226442061830312,0.00034642725950107,0.000384151411708444,0.000383809645427391,0.000386737636290491,0.00039002310950309,0.000393595430068672,0.000398619740735739,0.000383858976420015,0.000202503782929853,8.59768551890738E-05,-9999,-9999,-9999,-9999,-9999,-9999,-9999,-9999,-9999,-9999,-9999,-9999,-9999,-9999,-9999,-9999,-9999,-9999,-9999,-9999,-9999,-9999,-9999,-9999,-9999,-9999,-9999,-9999,-9999,-9999,-9999,-9999,-9999,-9999,-9999,-9999,-9999,-9999,-9999,-9999
-9999,-9999,-9999,-9999,-9999,-9999,-9999,-9999,-9999,-9999,-9999,-9999,-9999,-9999,-9999,-9999,-9999,-9999,-9999,-9999,-9999,-9999,-9999,-9999,-9999,-9999,-9999,-9999,-9999,-9999,-9999,-9999,-9999,-9999,-9999,-9999,-9999,-9999,-9999,-9999,-9999,-9999,-9999,-9999,-9999,-9999,-9999,-9999,-9999,-9999,-9999,-9999,-9999,-9999,-9999,2.51114443017286E-07,3.69391983667811E-07,5.37352946139436E-07,7.55595522150543E-07,1.01990099210525E-06,1.33971980176284E-06,1.75971399585251E-06,2.36129949371389E-06,3.2488419492438E-06,4.50296647613868E-06,2.57562678598333E-05,4.44726101704873E-05,0.000111560017103329,0.000179571245098487,0.000257484614849091,0.000293005839921534,0.000260898261331022,0.000320759834721684,0.000357253797119483,0.000286185095319524,0.000281214248389006,0.000264024536591023,0.000282445078482851,0.000380792946089059,0.000389077933505177,0.00039475248195231,0.000397838593926281,0.000400327175157145,0.000401371216867119,0.000402042118366808,0.00040328101022169,0.000405260070692748,0.000407211889978498,0.000407726067351177,0.00040604334208183,0.000399169104639441,0.000331539398757741,7.89084224379621E-05,-9999,-9999,-9999,-9999,-9999,-9999,-9999,-9999,-9999,2.50683497142745E-05,2.50588145718211E-05,2.50957345997449E-05,-9999,-9999,-9999,-9999,-9999,-9999,-9999,-9999,-9999,-9999,-9999,-9999,-9999,-9999,-9999,-9999,-9999,-9999,-9999,-9999,-9999,-9999,-9999,-9999,-9999,-9999
-9999,-9999,-9999,-9999,-9999,-9999,-9999,-9999,-9999,-9999,-9999,-9999,-9999,-9999,-9999,-9999,-9999,-9999,-9999,-9999,-9999,-9999,-9999,-9999,-9999,-9999,-9999,-9999,-9999,-9999,-9999,1.20696076919558E-05,-9999,-9999,-9999,3.67542488675099E-05,-9999,-9999,-9999,-9999,-9999,-9999,-9999,-9999,-9999,-9999,-9999,-9999,-9999,-9999,-9999,-9999,-9999,-9999,-9999,-9999,-9999,3.65485647080277E-07,5.22079858455982E-07,7.32148919269093E-07,-9999,1.63300990152493E-06,2.29299416787399E-06,3.19890250466415E-06,4.4403914216673E-06,2.60034594248282E-05,4.62613279523794E-05,6.28352936473675E-05,3.86992323910818E-05,0.000211207865504548,0.00043338251998648,0.000453503482276574,0.000448182370746508,0.000441264186520129,0.000426056154537946,0.000413908448535949,0.000414273497881368,0.000413682108046487,0.000407973217079416,0.000404283113311976,0.000402191304601729,0.000401873869122937,0.000399322365410626,0.000398221280192956,0.000400011515012011,0.000401849712943658,0.000404449529014528,0.000407664687372744,0.000409833766752854,0.000410454609664157,0.000411137996707112,0.000403595448005944,0.000366392720025033,9.58217860898003E-05,-9999,-9999,-9999,-9999,-9999,-9999,-9999,-9999,3.39381986123044E-05,5.25389368704055E-05,3.42659914167598E-05,2.45821138378233E-05,2.47667103394633E-05,-9999,-9999,-9999,-9999,-9999,-9999,-9999,-9999,-9999,-9999,-9999,-9999,-9999,-9999,-9999,-9999,-9999,-9999,-9999,-9999,-9999,-9999,-9999,-9999
-9999,-9999,-9999,-9999,-9999,-9999,-9999,-9999,-9999,-9999,-9999,-9999,-9999,-9999,-9999,-9999,-9999,-9999,-9999,-9999,-9999,-9999,-9999,-9999,-9999,-9999,-9999,-9999,-9999,-9999,8.57328632264398E-06,1.64254524861462E-05,-9999,-9999,1.72401232703123E-05,2.93010871246224E-05,-9999,-9999,3.33356583723798E-05,5.88973416597582E-05,-9999,-9999,-9999,-9999,-9999,6.23106552666286E-06,-9999,-9999,-9999,-9999,-9999,-9999,-9999,-9999,-9999,-9999,-9999,-9999,-9999,-9999,-9999,2.3356969904853E-06,3.29388490172278E-06,4.66046776637086E-06,4.41806014350732E-06,2.52568679570686E-05,2.76528626272921E-05,2.63490437646396E-05,2.47303396463394E-05,0.000143761630170047,0.000439135241322219,0.000462732103187591,0.000458104477729648,0.000449719140306115,0.000439697643741965,0.000430400192271918,0.000422804150730371,0.00041612604400143,0.000410889624617994,0.000406657432904467,0.000403129146434367,0.000399943237425759,0.000395720358937979,0.000396202492993325,0.000397694821003824,0.000401171040721238,0.000404057529522106,0.000407609128160402,0.000410969369113445,0.000412936438806355,0.000414284295402467,0.000413928326452151,0.000407679559430107,0.000344325031619519,9.67243104241788E-05,-9999,-9999,-9999,-9999,-9999,3.96643808926456E-05,4.00209755753167E-05,7.61502597015351E-05,0.000112769725092221,8.5543688328471E-05,5.75528320041485E-05,3.79172488464974E-05,2.44938000832917E-05,-9999,-9999,-9999,-9999,-9999,-9999,-9999,-9999,-9999,-9999,-9999,-9999,-9999,-9999,-9999,-9999,-9999,-9999,-9999,-9999,-9999,-9999,-9999
-9999,-9999,-9999,-9999,-9999,-9999,-9999,-9999,-9999,-9999,-9999,-9999,-9999,-9999,-9999,-9999,-9999,-9999,-9999,-9999,-9999,-9999,-9999,2.00044378289022E-05,2.55237355304416E-05,-9999,-9999,-9999,-9999,2.0939967726008E-05,1.97262743313331E-05,7.87092631071573E-06,3.91832872992381E-05,4.14110309066018E-06,3.49343426933046E-05,6.12900184933096E-05,0.000109868327854201,4.78321526315995E-05,2.89364106720313E-05,-9999,2.96879279630957E-05,3.11590811179485E-05,-9999,-9999,6.60630539641716E-05,8.56544465932529E-06,5.00624537380645E-06,3.04419859276095E-06,-9999,-9999,-9999,-9999,-9999,-9999,-9999,-9999,-9999,1.25585947898799E-05,7.91274578659795E-06,-9999,-9999,-9999,4.68937969344552E-06,3.08516137010884E-05,2.9536526199081E-05,2.90893767669331E-05,2.78045135928551E-05,2.60489232459804E-05,3.38978170475457E-05,0.000208201527129859,0.000441182375652716,0.000463262578705326,0.000457478075986728,0.000449409853899851,0.00043969601392746,0.000430296524427831,0.000422445649746805,0.000415340473409742,0.000409816566389054,0.000405578641220927,0.000400966062443331,0.000382773258024827,0.000387455918826163,0.000393780879676342,0.000396606890717521,0.000399145850678906,0.000403296668082476,0.000407563435146585,0.000411313463700935,0.00041347328806296,0.000414875219576061,0.000415450951550156,0.000413331435993314,0.00039549806388095,0.000115780021587852,2.04271927941591E-05,2.95973131869687E-06,2.03677132049052E-06,3.09725828628871E-06,9.6257179393433E-05,0.000190159378689714,0.000246843468630686,0.000276271806797013,0.000236679930821992,0.000224442832404748,0.000170905608683825,0.000103207654319704,3.37067940563429E-05,2.45522642217111E-05,2.48964297497878E-05,-9999,-9999,-9999,-9999,-9999,-9999,-9999,-9999,-9999,-9999,-9999,-9999,-9999,-9999,-9999,-9999,-9999,-9999,-9999,-9999,-9999
-9999,-9999,-9999,-9999,-9999,-9999,-9999,-9999,-9999,-9999,-9999,-9999,-9999,-9999,-9999,-9999,-9999,-9999,-9999,-9999,-9999,-9999,3.00160209008027E-05,3.52344286511652E-05,2.38645825447747E-05,2.38875873037614E-05,2.62518387899036E-05,3.0248880648287E-05,5.67611277801916E-05,8.51711301947944E-05,6.39358549960889E-05,0.000150497900904156,0.000206637487281114,0.000222404487431049,0.000255348510108888,0.00022089974663686,0.000219069595914334,0.000199532994884066,0.000115093891508877,8.79892031662166E-05,2.86075810436159E-05,1.77348010765854E-05,1.50545183714712E-05,2.08261972147739E-05,6.35141213933821E-06,4.41064958067727E-06,4.16360489907674E-06,3.88737407774897E-06,2.45205387727765E-06,-9999,-9999,-9999,-9999,-9999,-9999,-9999,-9999,5.17695079906844E-05,4.61025738331955E-05,4.21750337409321E-05,-9999,-9999,3.03701381199062E-05,3.07661684928462E-05,3.03778670058819E-05,2.91695087071275E-05,2.73193436441943E-05,3.15679099003319E-05,0.00010281538561685,0.000291390460915864,0.000446081161499023,0.000463049684185535,0.000455558183602989,0.000447271973825991,0.000437619513832033,0.000427949969889596,0.00041973203769885,0.000412834051530808,0.000407082814490423,0.00040330967749469,0.00038010417483747,0.000198441121028736,0.00023556016094517,0.000327787274727598,0.000380524841602892,0.000397350173443556,0.000402149569708854,0.000406929524615407,0.000410650041885674,0.000412592547945678,0.000415128684835508,0.000416946422774345,0.000414286652812734,0.000387607200536877,0.000186021585250273,0.00015032033843454,1.22016344903386E-05,3.01969930660562E-06,0.000146762205986306,0.000341048347763717,0.000380155339371413,0.00040409155189991,0.00039952460792847,0.000387304549803957,0.000372695125406608,0.000306687754346058,0.000196698238141835,0.000102416757727042,3.74468108930159E-05,2.44642687903251E-05,-9999,-9999,-9999,-9999,-9999,-9999,-9999,-9999,-9999,-9999,-9999,-9999,-9999,-9999,-9999,-9999,-9999,-9999,-9999,-9999,-9999
-9999,-9999,-9999,-9999,-9999,-9999,-9999,-9999,-9999,-9999,-9999,-9999,-9999,-9999,-9999,-9999,-9999,-9999,-9999,-9999,-9999,-9999,2.9827117032255E-05,3.54559961124323E-05,2.98744525935035E-05,3.07481423078571E-05,0.000113348694867454,0.000225411131395958,0.00029740235186182,0.000261337583651766,0.00026022078236565,0.000208941666642204,0.000224404851906002,0.0002569951757323,0.000238784123212099,0.000271410797722638,0.000321179802995175,0.000319160462822765,0.000333045492880046,0.000295852514682338,0.000207331628189422,0.00013381325697992,5.52862511540297E-05,2.12055165320635E-05,1.06045145003009E-05,4.83794929095893E-06,4.85005921291304E-06,4.78073980048066E-06,3.1644071896153E-06,3.09817573906912E-06,3.09408824250568E-06,-9999,-9999,-9999,-9999,-9999,-9999,-9999,4.07059924327768E-05,3.63271428795997E-05,3.26419358316343E-05,2.95209229079774E-05,3.00812407658668E-05,3.0223949579522E-05,2.99611092486884E-05,2.85210862784879E-05,3.30708498950116E-05,0.000105413397250231,0.000282904133200645,0.000446527061285451,0.000468255311716348,0.000460459326859564,0.000451901694759727,0.000443385040853173,0.000433665642049164,0.000424107216531411,0.000416484836023301,0.000410324253607541,0.000405007303925231,0.000362527236575261,4.98982490171329E-06,2.73506884695962E-06,2.73847899734392E-06,2.74203102890169E-06,3.17110861942638E-05,0.000262019078945741,0.000391462090192363,0.000405171245802194,0.000409443950047716,0.000412705296184868,0.000415908463764936,0.000418274605181068,0.00041665363823995,0.000385047198506072,0.000393677852116525,0.000408709602197632,0.000361417507519946,0.000194446256500669,0.000393854890717193,0.000434210029197857,0.000441128184320405,0.000436487316619605,0.00042510571074672,0.00041846523527056,0.0004094447940588,0.00037169799907133,0.000277831917628646,0.000181468989467248,5.61445267521776E-05,2.36911510000937E-05,1.21948214655276E-05,-9999,-9999,-9999,-9999,-9999,-9999,-9999,-9999,-9999,-9999,-9999,-9999,-9999,-9999,-9999,-9999,-9999,-9999,-9999,-9999
-9999,-9999,-9999,-9999,-9999,-9999,-9999,-9999,-9999,-9999,-9999,-9999,-9999,-9999,-9999,-9999,-9999,-9999,-9999,-9999,-9999,-9999,2.89871168206446E-05,3.61339916707948E-05,5.66286253160797E-05,0.000258808227954432,0.000334633950842544,0.000369304354535416,0.000350837945006788,0.000278301391517743,0.000276647071586922,0.000309951166855171,0.000325710047036409,0.000341065024258569,0.000387707725167274,0.000385511462809518,0.000398192874854431,0.00041006226092577,0.000433958222856745,0.000405586382839829,0.000359197205398232,0.000224559174966998,0.000118692245450802,6.87626961735077E-05,5.94730590819381E-05,6.67457134113647E-05,5.8645338867791E-05,4.05124374083243E-05,4.14436271967134E-06,4.25552798333229E-06,4.3078084672743E-06,-9999,-9999,-9999,-9999,3.1260286050383E-05,3.19290920742787E-05,3.31283918058034E-05,3.43343563145027E-05,3.1581617804477E-05,3.51426024280954E-05,2.72148408839712E-05,2.328357368242E-05,1.44640252983663E-05,4.02618352381978E-05,0.000132259898236953,6.20475912000984E-05,0.000342943560099229,0.000481010385556147,0.000474084576126188,0.00046517830924131,0.00045636756112799,0.000447568425443023,0.000438894290709868,0.000428542291047052,0.000420542026404291,0.000415300979511812,0.00038913227035664,2.76396599474538E-06,2.75730917564943E-06,2.75955949291529E-06,1.85277008313278E-06,1.85640737981885E-06,1.86018246495223E-06,2.779301667033E-06,1.03608963399893E-05,0.00013611868780572,0.000358825229341164,0.000405591737944633,0.000412557361414656,0.000416253547882661,0.00041886221151799,0.000421621254645288,0.00042482215212658,0.000428289436968043,0.000431568478234112,0.00042928202310577,0.000431589694926515,0.000441524607595056,0.000449627288617194,0.00045176365529187,0.000447653204901144,0.000441748357843608,0.000436397967860103,0.000417685107095167,0.000400707038352266,0.000337489298544824,0.000261911045527086,0.000119786178402137,4.44285687990487E-05,5.30608667759225E-06,3.41979216500476E-06,-9999,-9999,-9999,-9999,-9999,-9999,-9999,-9999,-9999,-9999,-9999,-9999,-9999,-9999,-9999,-9999,-9999,-9999,-9999
-9999,-9999,-9999,-9999,-9999,-9999,-9999,-9999,-9999,-9999,-9999,-9999,-9999,-9999,-9999,-9999,-9999,-9999,-9999,-9999,-9999,2.64003665506607E-05,3.12271986331325E-05,0.000121239310828969,0.000331431772792712,0.000432165514212102,0.000431673222919926,0.000399975397158414,0.000347957655321807,0.000409908563597128,0.000407142390031368,0.0004191986809019,0.000417343399021775,0.000415521120885387,0.000439945550169796,0.00046069934614934,0.000468479905975983,0.000465540564619005,0.000480736052850261,0.000477485824376345,0.000465790159069002,0.000381688441848382,0.000148590101161972,9.30798560148105E-05,0.000114594455226324,0.000104172446299344,9.38191806199029E-05,9.48852684814483E-05,9.41509861149825E-05,6.78219003020786E-05,4.38477145507932E-05,2.9657277991646E-05,2.99695420835633E-05,3.06638939946424E-05,3.13947966787964E-05,2.91485357593047E-05,3.30890688928775E-05,2.95281624858035E-05,2.98970007861499E-05,3.38401659973897E-05,0.000137223585625179,0.000290859024971724,0.000141290569445118,3.96304903915734E-06,3.9111159821914E-06,3.76239017896296E-06,1.46422371471999E-05,0.000133699606521986,0.000479898822959512,0.000471448351163417,0.000462969590444118,0.000451619736850262,0.000442447606474161,0.000380055658752099,1.60891522682505E-05,2.87267835119565E-06,2.82920836980338E-06,2.80359381577E-06,1.86729550932796E-06,1.86325121376285E-06,1.8640072312337E-06,1.25392682548409E-06,1.25798965200374E-06,1.26327586258412E-06,1.88985279692133E-06,2.81949405689375E-06,1.82312214747071E-05,0.000120063246868085,0.000330194685375318,0.000403152225771919,0.000414868991356343,0.000418237468693405,0.000420611992012709,0.000423557299654931,0.000427949300501496,0.000432127475505695,0.000435658381320536,0.000439333962276578,0.000444089906523004,0.000448152568424121,0.000448504550149664,0.000447876896942034,0.000446174730313942,0.000444315548520535,0.000436805014032871,0.000413674424635246,0.000388711516279727,0.000297632301226258,0.000176644127350301,9.82100755209103E-05,2.70364016614622E-05,3.34677611135703E-06,3.44830050380551E-06,6.62891989122727E-06,-9999,-9999,-9999,-9999,-9999,-9999,-9999,-9999,-9999,-9999,-9999,-9999,-9999,-9999,-9999,-9999,-9999
-9999,-9999,-9999,-9999,-9999,-9999,-9999,-9999,-9999,-9999,-9999,-9999,-9999,-9999,-9999,-9999,-9999,-9999,-9999,-9999,-9999,5.22157642990351E-05,0.000293371616862714,0.000429955805884674,0.000482219213154167,0.000457440241007134,0.000429006671765819,0.000412221852457151,0.000437690643593669,0.000470713101094589,0.00049630383728072,0.000493301602546126,0.000507243676111102,0.000518407090567052,0.000509842939209193,0.000528876320458949,0.000525761279277503,0.000517472682986408,0.000521915499120951,0.00052099337335676,0.000509429373778403,0.000497178116347641,0.000469036458525807,0.000421909207943827,0.00037253784830682,0.000298297876724973,0.000189332698937505,0.000103473910712637,0.000113913120003417,9.3860799097456E-05,6.93659312673844E-05,4.56445486634038E-05,4.11587679991499E-05,3.32490526488982E-05,3.33176649292E-05,5.12465885549318E-05,4.57777532574255E-05,4.51616688224021E-05,6.94596601533704E-05,0.000303935288684443,0.000501418893691152,0.00054757681209594,0.000533081765752286,0.000168547790963203,3.73365742234455E-06,3.64151696885529E-06,3.49623633155716E-06,0.000488449702970684,0.000479767215438187,0.000471362582175061,0.000335016491590068,3.10116070068034E-06,3.0513406272803E-06,3.02367425319972E-06,-9999,-9999,-9999,-9999,-9999,-9999,-9999,8.48028491873265E-07,8.50259880280646E-07,1.2763323411491E-06,1.9093347418675E-06,2.85057808468991E-06,6.4622408899595E-06,3.94606468034908E-05,0.000158436261699535,0.000339560909196734,0.000407629908295348,0.000416298367781565,0.000418744806665927,0.000422960001742467,0.000426796148531139,0.000430351123213768,0.000433910521678627,0.000438189337728545,0.000441688171122223,0.000443907803855836,0.000444054341642186,0.000443429715232924,0.000444107805378735,0.000446404068497941,0.000443023076513782,0.00042993517126888,0.000401279743527994,0.000347728200722486,0.000266086834017187,0.000160539129865356,8.75750847626477E-05,2.82864039036212E-05,1.92007792065851E-05,1.55792804434896E-05,2.0906711142743E-05,-9999,-9999,-9999,-9999,-9999,-9999,-9999,-9999,-9999,-9999,-9999,-9999,-9999,-9999,-9999,-9999
-9999,-9999,-9999,-9999,-9999,-9999,-9999,-9999,-9999,-9999,-9999,-9999,-9999,-9999,-9999,-9999,-9999,-9999,-9999,2.73398636636557E-05,7.4050527473446E-05,0.000411381071899086,0.000490928185172379,0.000491073238663375,0.000479789974633604,0.000499687565024942,0.000487687182612717,0.000484522577608004,0.000515413645189255,0.000517388281878084,0.000524277566000819,0.00053050834685564,0.000524516392033547,0.000517513894010335,0.000528993783518672,0.000533740501850843,0.000530807010363787,0.00052360410336405,0.000525056617334485,0.000526741903740913,0.000525772920809686,0.000521224865224212,0.000519459950737655,0.000509454344864935,0.000499065441545099,0.000474252010462806,0.000444115692516789,0.000414227542933077,0.000322889391100034,0.000214639760088176,9.17389988899231E-05,9.19166923267767E-05,0.000101297904620878,0.00011113867367385,0.000145373080158606,0.000216001004446298,0.000326487002894282,0.000357709010131657,0.000443944503786042,0.000528640346601605,0.00054706318769604,0.000547212781384587,0.00054417154751718,0.000543985865078866,1.33758076117374E-05,0.000511978229042143,0.000515142281074077,0.000495911110192537,0.000382116762921214,8.27014446258545E-06,3.23075528285699E-06,-9999,-9999,-9999,-9999,-9999,-9999,-9999,-9999,-9999,-9999,-9999,-9999,8.62846661675576E-07,1.2900552519568E-06,1.93060691344726E-06,2.88004548565368E-06,1.98400011868216E-05,8.06200914666988E-05,0.000226686272071674,0.000372505164705217,0.000412484136177227,0.000418182171415538,0.00041997863445431,0.000422431970946491,0.000425630889367312,0.000429096369771287,0.000432729866588488,0.000435557740274817,0.000436958391219378,0.000437188282376155,0.000436587200965732,0.000435674999607727,0.00043709299643524,0.000437549024354666,0.0004307221097406,0.000417593953898177,0.000397319410694763,0.000357186887413263,0.000246896554017439,0.000134408910525963,9.57697629928589E-05,6.02636609983165E-05,2.35917832469568E-05,2.29173856496345E-05,-9999,-9999,-9999,-9999,-9999,-9999,-9999,-9999,-9999,-9999,-9999,-9999,-9999,-9999,-9999,-9999
-9999,-9999,-9999,-9999,-9999,-9999,-9999,-9999,-9999,-9999,-9999,-9999,-9999,-9999,-9999,-9999,-9999,-9999,8.1511796452105E-05,0.00020524367573671,0.000465546501800418,0.000525245442986488,0.00052510155364871,0.000537666375748813,0.000542112218681723,0.000534370716195554,0.000559442676603794,0.000566129863727838,0.000558681844267994,0.000549887306988239,0.00054121227003634,0.000530883902683854,0.00052152294665575,0.000533465296030045,0.000531075056642294,0.000538451538886875,0.000536000938154757,0.000536901992745697,0.000531630590558052,0.000529199198354036,0.000527067692019045,0.000524534552823752,0.000523368013091385,0.000522317131981254,0.000519828114192933,0.000513176841195673,0.000505161180626601,0.000489414378535002,0.00046385484165512,0.000405251514166594,0.000255118851782754,0.000142139193485491,0.000182078059879132,0.000332617084495723,0.000398753007175401,0.000432009517680854,0.000434557383414358,0.000475114793516695,0.000525681301951408,0.000538025284186006,0.000538954569492489,0.000535258324816823,0.00053165084682405,0.000528504431713372,0.000521782669238746,0.000514628307428211,0.000485948927234858,7.29759949535946E-06,-9999,-9999,-9999,-9999,-9999,-9999,-9999,-9999,-9999,-9999,-9999,-9999,-9999,-9999,-9999,-9999,-9999,1.94332233149908E-06,2.90065418084851E-06,8.70437452249462E-06,4.01007710024714E-05,0.000135056165163405,0.000296593148959801,0.00039995345287025,0.000415290473029017,0.000418078037910163,0.000418716721469536,0.000419800926465541,0.000422140670707449,0.000425078062107787,0.000427075865445659,0.000427819933975115,0.000427071325248107,0.000426193058956414,0.000426176586188376,0.000426543701905757,0.000427953782491386,0.000424670055508614,0.000412193650845438,0.000395911192754284,0.000375383388018236,0.00033013557549566,0.000215752559597604,0.000132795423269272,5.30614197487012E-05,2.58896016021026E-05,2.30263049161294E-05,-9999,-9999,-9999,-9999,-9999,-9999,-9999,-9999,-9999,-9999,-9999,-9999,-9999,-9999,-9999,-9999
-9999,-9999,-9999,-9999,-9999,-9999,-9999,-9999,-9999,-9999,-9999,-9999,4.18057743445388E-06,1.2305962627579E-05,-9999,2.81370575976325E-05,5.93530094192829E-05,0.000222175614908338,0.000410759879741818,0.00049864815082401,0.000558690459001809,0.000574044650420547,0.000580346037168056,0.000579604355152696,0.00057561881840229,0.000576568651013076,0.000575169513467699,0.000569726282265037,0.000566643488127738,0.00055953481933102,0.000551598088350147,0.00054623739561066,0.000544536218512803,0.000543794478289783,0.000542093301191926,0.000541941146366298,0.000539914704859257,0.000537362124305218,0.000533220823854208,0.000528574513737112,0.000524185074027628,0.000519981083925813,0.000517836539074779,0.00051735999295488,0.000516950967721641,0.000515556195750833,0.000513303559273481,0.000509525882080197,0.000503648538142443,0.000491173239424825,0.000457959482446313,0.000386069936212152,0.000338969432050362,0.000367713044397533,0.000394177535781637,0.000427275634137914,0.000461197079857811,0.000513725273776799,0.000527955417055637,0.000524707429576665,0.00052633712766692,0.000525941315572709,0.000523391179740429,0.000520532892551273,0.000516904750838876,0.000515504973009229,5.74314890400274E-06,-9999,-9999,-9999,-9999,-9999,-9999,-9999,-9999,-9999,-9999,-9999,-9999,-9999,-9999,-9999,-9999,-9999,-9999,-9999,1.9539302229532E-06,2.91265973828558E-06,1.42854596560937E-05,6.39114732621238E-05,0.00019418763986323,0.000353089446434751,0.000408722349675372,0.00041528616566211,0.000416747352574021,0.00041485350811854,0.000415129034081474,0.000416623428463936,0.000417394447140396,0.000417467032093555,0.000416219496401027,0.000413950765505433,0.000413321802625433,0.000415284041082487,0.000416615046560764,0.000415418617194518,0.000408998283091933,0.000396977062337101,0.000383600883651525,0.000353174458723515,0.000259923370322213,0.000140086791361682,5.7006622228073E-05,2.80255626421422E-05,2.23348615691066E-05,-9999,-9999,-9999,-9999,-9999,-9999,-9999,-9999,-9999,-9999,-9999,-9999,-9999,-9999,-9999,-9999
-9999,-9999,-9999,-9999,-9999,-9999,-9999,-9999,-9999,-9999,4.09467384088202E-06,4.07817879022332E-06,4.07232937504887E-06,4.51881242042873E-05,0.000109583241282962,0.000289049494313076,0.000438474293332547,0.000507983146235347,0.000554511207155883,0.000578659877646714,0.000587321526836604,0.000588038528803736,0.000586668902542442,0.000584361783694476,0.000581636908464134,0.00057737116003409,0.000573199824430048,0.00056819140445441,0.00056260748533532,0.000556328392121941,0.000550135504454374,0.000544304028153419,0.000539950153324753,0.000537586864084005,0.000535648257937282,0.000534794991835952,0.000533191254362464,0.00053010112605989,0.000525918090716004,0.000521374575328082,0.000516665168106556,0.000511868740431964,0.000508597237057984,0.000507574004586786,0.000507067830767483,0.000506084645166993,0.000504699884913862,0.000503109360579401,0.00050114473560825,0.00049941724864766,0.000497465720400214,0.000494652660563588,0.000492863531690091,0.000492997991386801,0.000497328583151102,0.00050918769557029,0.000516061205416918,0.000519563443958759,0.000520597910508513,0.000517167267389596,0.000132015193230473,3.5356936223252E-06,3.55354086423176E-06,9.58632972469786E-06,0.000234455306781456,2.66097904386697E-05,-9999,-9999,-9999,-9999,-9999,-9999,-9999,-9999,-9999,-9999,-9999,-9999,-9999,-9999,-9999,-9999,-9999,-9999,-9999,-9999,-9999,1.95846087081009E-06,2.91520314021909E-06,1.48910630741739E-05,7.65739096095785E-05,0.000228941673412919,0.000377634132746607,0.000411037181038409,0.000412364723160863,0.000411411019740626,0.000408509513363242,0.000407686602557078,0.000406995182856917,0.000406962470151484,0.000405282306019217,0.000402939680498093,0.000400752353016287,0.000402748817577958,0.000404781167162582,0.000404492107918486,0.000400427816202864,0.000393826165236533,0.000379234494175762,0.00034978351322934,0.000285536516457796,0.000181871961103752,6.7338791268412E-05,3.02219250443159E-05,2.15960790228564E-05,-9999,-9999,-9999,-9999,-9999,-9999,-9999,-9999,-9999,-9999,-9999,-9999,-9999,-9999,-9999,-9999
-9999,-9999,-9999,-9999,-9999,-9999,-9999,-9999,2.79586329270387E-05,2.787046287267E-05,6.55154053674778E-06,1.09082102426328E-05,7.92046048445627E-05,0.000355898053385317,0.000483683397760615,0.00052847753977403,0.00056117819622159,0.000578444742131978,0.000583827553782612,0.000587884453125298,0.00058837968390435,0.000586669251788408,0.000584466732107103,0.00058067450299859,0.000576416729018092,0.000571216514799744,0.00056515057804063,0.000558658677618951,0.000552560144569725,0.000546192342881113,0.000540044449735433,0.000534205406438559,0.000529552693478763,0.000527899828739464,0.000526001560501754,0.000524679315276444,0.000522188900504261,0.00051884091226384,0.000514573766849935,0.000509322562720627,0.000503677118103951,0.00049837603000924,0.000495227286592126,0.000494431587867439,0.000493626634124666,0.000492351071443409,0.000490889477077872,0.000489414960611612,0.000487937621073797,0.000487133162096143,0.000487382465507835,0.000489578407723457,0.000493242405354977,0.000497784931212664,0.000502919778227806,0.000506901938933879,0.000509665638674051,0.000512083992362022,0.000513001112267375,0.000510967860464007,0.00049790641060099,3.49156857737398E-06,-9999,-9999,-9999,-9999,-9999,-9999,-9999,-9999,-9999,-9999,-9999,-9999,-9999,-9999,-9999,-9999,-9999,-9999,-9999,-9999,-9999,-9999,-9999,-9999,-9999,-9999,1.95730376617576E-06,2.91040691990929E-06,5.17596436111489E-06,4.15781905758195E-05,0.000189066282473505,0.000364562263712287,0.000404916179832071,0.00040718331001699,0.000404025631723925,0.000399954355088994,0.000396822753828019,0.00039638567250222,0.000395095179555938,0.000393545982660726,0.000391687965020537,0.000390965753467754,0.00039288611151278,0.000393278780393302,0.000391089473851025,0.000386705272831023,0.000375943956896663,0.000354536954546347,0.000304251705529168,0.000199473826796748,7.16593131073751E-05,2.91834403469693E-05,2.08807068702299E-05,-9999,-9999,-9999,-9999,-9999,-9999,-9999,-9999,-9999,-9999,-9999,-9999,-9999,-9999,-9999,-9999
-9999,-9999,-9999,-9999,-9999,-9999,-9999,-9999,2.73703153652605E-05,3.10591276502237E-05,3.39811631420162E-05,0.000130634754896164,0.00047670491039753,0.000544931972399354,0.00055935641285032,0.000572142656892538,0.000582543201744556,0.000587385788094252,0.00058854726376012,0.00058732129400596,0.000584858353249729,0.000581972941290587,0.000578071281779557,0.000573160476051271,0.000567714392673224,0.000561618129722774,0.000554209749680012,0.000546223600395024,0.000540327455382794,0.000535259896423668,0.00053002720233053,0.000524675473570824,0.000520447792951018,0.000517702428624034,0.000516075699124485,0.0005143076996319,0.000511703605297953,0.000507938559167087,0.000503074435982853,0.000497085798997432,0.000491071841679513,0.000485509546706453,0.000481804483570158,0.000480192160466686,0.00047847896348685,0.000476767745567486,0.000475328619359061,0.000474479311378673,0.000473595166113228,0.000473149586468935,0.00047352776164189,0.00047653607907705,0.000481355207739398,0.000487177458126098,0.000493042694870383,0.00049745780415833,0.000500448048114777,0.000501901493407786,0.000503026531077921,0.000504123221617192,0.000482588220620528,3.47431250702357E-06,-9999,-9999,-9999,-9999,-9999,-9999,-9999,-9999,-9999,-9999,-9999,-9999,-9999,-9999,-9999,-9999,-9999,-9999,-9999,-9999,-9999,-9999,-9999,-9999,-9999,-9999,-9999,-9999,2.89987519863644E-06,2.88968044515059E-06,5.84257304581115E-06,5.8240482758265E-05,0.000284515233943239,0.000392791524063796,0.000398251053411514,0.000394107250031084,0.00038931256858632,0.000386580359190702,0.000385271036066115,0.000383505161153153,0.000382288359105587,0.000381401012418792,0.00038190875784494,0.000382595520932227,0.000380743615096435,0.00037874560803175,0.000371165428077802,0.000357024604454637,0.000322895735735074,0.000203979594516568,7.57850284571759E-05,2.50817502092104E-05,2.07676184800221E-05,-9999,-9999,-9999,-9999,-9999,-9999,-9999,-9999,-9999,-9999,-9999,-9999,-9999,-9999,-9999,-9999
-9999,-9999,-9999,-9999,-9999,-9999,2.85667756543262E-05,2.81288994301576E-05,2.79292617051397E-05,7.87351455073804E-05,0.000366447609849274,0.000508324359543622,0.000559138716198504,0.000571134267374873,0.000580303778406233,0.000584769761189818,0.00058711291057989,0.000587270769756287,0.000585714529734105,0.000582382665015757,0.000577677739784122,0.000573095749132335,0.000568715040571988,0.000563051202334464,0.000556234735995531,0.000550670432858169,0.000543332484085113,0.000536173291038722,0.000530129997059703,0.000524481292814016,0.000518337008543313,0.000514020677655935,0.000510866346303374,0.000508023193106055,0.000505799835082144,0.000503674265928566,0.000500974361784756,0.000497734523378313,0.000492936582304537,0.000486911041662097,0.000480447197332978,0.000475559965707362,0.000471224455395713,0.000468336133053526,0.000465974240796641,0.000464334880234674,0.000462907832115889,0.000461567280581221,0.000461842137156054,0.000461767776869237,0.000462530791992322,0.000465569668449461,0.000470013183075935,0.000476184242870659,0.000481310184113681,0.000486280885525048,0.000490947917569429,0.000492916733492166,0.000491223006974906,0.000236760024563409,3.43817464454332E-06,-9999,-9999,-9999,-9999,-9999,-9999,-9999,-9999,-9999,-9999,-9999,-9999,-9999,-9999,-9999,-9999,-9999,-9999,-9999,-9999,-9999,-9999,-9999,-9999,-9999,-9999,-9999,-9999,-9999,-9999,-9999,-9999,2.8226759241079E-06,7.86051896284334E-06,0.000130865329992957,0.000354563700966537,0.000386807165341452,0.000383449281798676,0.00037860291195102,0.000375240575522184,0.00037403788883239,0.000372709706425667,0.000372422189684585,0.000372184294974431,0.000372204114682972,0.000370592169929296,0.000368102162610739,0.000362922670319676,0.000354152405634522,0.000322746956953779,0.000229003373533487,0.00010418252350064,2.10843645618297E-05,-9999,-9999,-9999,-9999,-9999,-9999,-9999,-9999,-9999,-9999,-9999,-9999,-9999,-9999,-9999,-9999,-9999
-9999,-9999,-9999,-9999,-9999,-9999,2.83506087725982E-05,3.52420429408085E-05,0.000131314809550531,0.000440400413936004,0.000538141466677189,0.000565459602512419,0.00057412008754909,0.000577641534619033,0.000579928688239306,0.000581533531658351,0.000583087443374097,0.000583291635848582,0.000581176253035665,0.000576306367293,0.000569598516449332,0.000564270652830601,0.000560082495212555,0.0005541006103158,0.000547028495930135,0.000541250803507864,0.000534004531800747,0.000526541261933744,0.000520582892931998,0.000514475279487669,0.000506817188579589,0.000502996845170856,0.000498892506584525,0.000495339394547045,0.000490797276142985,0.000488493242301047,0.000487520010210574,0.00048610899830237,0.000482468487462029,0.000477769935969263,0.000470276805572212,0.000466551340650767,0.000462308671558276,0.000459412112832069,0.000457594636827707,0.000457447080407292,0.00045613938709721,0.000456886598840356,0.000456606911029667,0.000458284746855497,0.000458739348687232,0.000462520343717188,0.00046767556341365,0.000385154882678762,0.000448146427515894,0.000385446212021634,1.06386614788789E-05,3.35798290507228E-06,3.38009976985632E-06,-9999,-9999,-9999,-9999,-9999,-9999,-9999,-9999,-9999,-9999,-9999,-9999,-9999,-9999,-9999,-9999,-9999,-9999,-9999,-9999,-9999,-9999,-9999,-9999,-9999,-9999,-9999,-9999,-9999,-9999,-9999,-9999,-9999,-9999,-9999,2.75670868177258E-06,2.71663657258614E-06,5.35715516889468E-05,0.000310348113998771,0.000374841678421944,0.000371305592125282,0.00036649004323408,0.000364395295036957,0.000364048639312387,0.000363492144970223,0.000363219995051622,0.00036200214526616,0.000359694386133924,0.000357190438080579,0.000353264098521322,0.000347696943208575,0.00032745604403317,0.000258576561463997,0.000109298445750028,2.8167882192065E-05,2.2879376047058E-05,1.80146453203633E-05,-9999,-9999,-9999,-9999,-9999,-9999,-9999,-9999,-9999,-9999,-9999,-9999,-9999,-9999,-9999
-9999,-9999,-9999,-9999,3.68230466847308E-05,4.05402861360926E-05,2.85116639133776E-05,0.000120917662570719,0.000466782250441611,0.000552961428184062,0.000573213037569076,0.000574710953515023,0.000573787605389953,0.000573539349716157,0.000574104662518948,0.000575591344386339,0.000577485654503107,0.000578051956836134,0.000575918820686638,0.000570567441172898,0.000563016452360898,0.0005572191439569,0.00055457791313529,0.00054649991216138,0.000539825588930398,0.000534331426024437,0.00052589934784919,0.000522209389600903,0.000515347928740084,0.00050945341354236,0.000500891939736903,0.000494715408422053,0.000489110476337373,0.000488682417199016,0.000481610302813351,0.000481792550999671,0.000482441566418856,0.000479113339679316,0.000479919865028933,6.52843154966831E-05,0.000326361216139048,0.000266213755821809,0.000452508713351563,0.000321954867104068,0.00041463045636192,0.000449960352852941,0.000451245403382927,0.000240353198023513,7.69604885135777E-05,0.000218481713091023,3.08073831547517E-05,2.67773411906091E-05,3.17823219120328E-06,3.20036610901298E-06,-9999,-9999,-9999,-9999,-9999,-9999,-9999,-9999,-9999,-9999,-9999,-9999,-9999,-9999,-9999,-9999,-9999,-9999,-9999,-9999,-9999,-9999,-9999,-9999,-9999,-9999,-9999,-9999,-9999,-9999,-9999,-9999,-9999,-9999,-9999,-9999,-9999,-9999,-9999,-9999,-9999,1.78290360963729E-06,2.59959529103071E-06,8.37811239762232E-05,0.0003453727113083,0.000363274302799255,0.000358372664777562,0.000355531723471358,0.000355848402250558,0.00035510363522917,0.000353934097802266,0.000351853115716949,0.000348950852639973,0.000346218468621373,0.000343624880770221,0.000339720689225942,0.000326283246977255,0.000249066040851176,8.79891449585557E-05,1.72005620697746E-05,1.72853560798103E-05,1.24489461086341E-05,1.82044532266445E-05,-9999,-9999,-9999,-9999,-9999,-9999,-9999,-9999,-9999,-9999,-9999,-9999,-9999,-9999
-9999,-9999,-9999,-9999,2.93406337732449E-05,4.50125771749299E-05,6.76055060466751E-05,0.000445375713752583,0.000562228553462774,0.00057905464200303,0.000577796716243029,0.000573582772631198,0.000570427044294775,0.000567765906453133,0.000566607690416276,0.000567475683055818,0.000569577037822455,0.000572742021176964,0.000571628275793046,0.000444511126261204,5.89814635532093E-06,3.812426029981E-06,3.77899868908571E-06,3.73979628420784E-06,3.69770032193628E-06,3.65424784831703E-06,1.73813841684023E-05,3.55985002897796E-06,1.33715584524907E-05,3.4611948649399E-06,4.43529097537976E-05,0.000350252637872472,0.000463864911580458,0.000448378326836973,0.000478623551316559,0.000469109043478966,0.000476398679893464,0.000471636129077524,0.000135939320898615,3.25229893860524E-06,3.21395350511011E-06,3.18404818244744E-06,3.15939860229264E-06,3.14037743009976E-06,3.12526208290365E-06,3.11561962007545E-06,3.11070084535459E-06,-9999,-9999,-9999,-9999,-9999,-9999,-9999,-9999,-9999,-9999,-9999,-9999,-9999,-9999,-9999,-9999,-9999,-9999,-9999,-9999,-9999,-9999,-9999,-9999,-9999,-9999,-9999,-9999,-9999,-9999,-9999,-9999,-9999,-9999,-9999,-9999,-9999,-9999,-9999,-9999,-9999,-9999,-9999,-9999,-9999,-9999,-9999,-9999,-9999,2.52866107075533E-06,1.68139431480085E-05,0.000300420535495505,0.000352534319972619,0.000350633141351864,0.000346467655617744,0.000346423097653314,0.000345502543495968,0.000343774125212803,0.000341462291544303,0.000338128476869315,0.000335197197273374,0.000332835479639471,0.000330023525748402,0.000320972438203171,0.00026749970857054,0.000135246809804812,4.5856308133807E-05,8.23881237010937E-06,2.82893633993808E-05,1.72709951584693E-05,-9999,-9999,-9999,-9999,-9999,-9999,-9999,-9999,-9999,-9999,-9999,-9999,-9999,-9999
-9999,-9999,-9999,-9999,-9999,2.84379839285975E-05,0.000324485852615908,0.00055937806610018,0.000582169624976814,0.000581774453166872,0.000576069869566709,0.000569816620554775,0.00056611408945173,0.000561475288122892,0.0005594328395091,0.00056209194008261,0.000338020268827677,3.86976944355411E-06,3.87896034226287E-06,3.8802304516139E-06,-9999,-9999,-9999,-9999,-9999,-9999,-9999,-9999,-9999,-9999,-9999,-9999,-9999,1.23534728118102E-05,3.59709156327881E-05,3.1080206099432E-05,4.13484231103212E-05,3.29253407471697E-06,-9999,-9999,-9999,-9999,-9999,-9999,-9999,-9999,-9999,-9999,-9999,-9999,-9999,-9999,-9999,-9999,-9999,-9999,-9999,-9999,-9999,-9999,-9999,-9999,-9999,-9999,-9999,-9999,-9999,-9999,-9999,-9999,-9999,-9999,-9999,-9999,-9999,-9999,-9999,-9999,-9999,-9999,-9999,-9999,-9999,-9999,-9999,-9999,-9999,-9999,-9999,-9999,-9999,-9999,-9999,-9999,-9999,-9999,1.65710571309319E-06,2.41270163314766E-06,0.000255557068157941,0.000342131592333317,0.000341293722158298,0.000337241712259129,0.000337754812790081,0.00033521736622788,0.000333067087922245,0.000330721901264042,0.000327869027387351,0.00032520093373023,0.000322324311127886,0.000319991668220609,0.000315694487653673,0.000285554444417357,0.00018613190331962,5.4849104344612E-05,3.04618624795694E-05,1.8673345039133E-05,-9999,-9999,-9999,-9999,-9999,-9999,-9999,-9999,-9999,-9999,-9999,-9999,-9999,-9999,-9999
-9999,-9999,-9999,-9999,-9999,0.00011244295455981,0.000526886084116995,0.00058204575907439,0.000586238165851682,0.000581019965466112,0.000573979923501611,0.000566608970984817,0.000560505373869091,0.000556849117856473,0.000554052938241512,6.36001786915585E-05,3.85420071324916E-06,2.5911131160683E-06,-9999,-9999,-9999,-9999,-9999,-9999,-9999,-9999,-9999,-9999,-9999,-9999,-9999,-9999,-9999,-9999,-9999,-9999,-9999,-9999,-9999,-9999,-9999,-9999,-9999,-9999,-9999,-9999,-9999,-9999,-9999,-9999,-9999,-9999,-9999,-9999,-9999,-9999,-9999,-9999,-9999,-9999,-9999,-9999,-9999,-9999,-9999,-9999,-9999,-9999,-9999,-9999,-9999,-9999,-9999,-9999,-9999,-9999,-9999,-9999,-9999,-9999,-9999,-9999,-9999,-9999,-9999,-9999,-9999,-9999,-9999,-9999,-9999,-9999,-9999,-9999,-9999,-9999,-9999,2.33243576985842E-06,0.000193399580894038,0.00033250282285735,0.000331890070810914,0.000328597496263683,0.000328324851579964,0.000324782478855923,0.000321981962770224,0.000319774990202859,0.000317927537253127,0.000315727200359106,0.000313281314447522,0.000310816540149972,0.000307057634927332,0.00029424499371089,0.000212105689570308,0.000106831168523058,2.0643134121201E-05,1.50248197314795E-05,-9999,-9999,-9999,-9999,-9999,-9999,-9999,-9999,-9999,-9999,-9999,-9999,-9999,-9999,-9999
-9999,-9999,3.04582827084232E-05,3.00076862913556E-05,2.91451869998127E-05,0.000310179253574461,0.000573742028791457,0.000587914779316634,0.000586235604714602,0.00057906616711989,0.000571581942494959,0.000564032059628516,0.000558230909518898,0.00054942280985415,3.31979135808069E-05,3.84024087907164E-06,2.58168006439519E-06,-9999,-9999,-9999,-9999,-9999,-9999,-9999,-9999,-9999,-9999,-9999,-9999,-9999,-9999,-9999,-9999,-9999,-9999,-9999,-9999,-9999,-9999,-9999,-9999,-9999,-9999,-9999,-9999,-9999,-9999,-9999,-9999,-9999,-9999,-9999,-9999,-9999,-9999,-9999,-9999,-9999,-9999,-9999,-9999,-9999,-9999,-9999,-9999,-9999,-9999,-9999,-9999,-9999,-9999,-9999,-9999,-9999,-9999,-9999,-9999,-9999,-9999,-9999,-9999,-9999,-9999,-9999,-9999,-9999,-9999,-9999,-9999,-9999,-9999,-9999,-9999,-9999,-9999,-9999,-9999,2.27010059461463E-06,0.000112120746052824,0.000323229236528277,0.000323870568536222,0.000319667451549321,0.000317036581691355,0.000314638949930668,0.000310953386360779,0.000309679278871045,0.000308477523503825,0.000306852394714952,0.000304530025459826,0.000301975203910843,0.000299215578706935,0.000290790689177811,0.000255620485404506,0.000161782110808417,8.65109614096582E-05,1.96455421246355E-05,-9999,-9999,-9999,-9999,-9999,-9999,-9999,-9999,-9999,-9999,-9999,-9999,-9999,-9999,-9999
-9999,-9999,-9999,-9999,3.59704026777763E-05,0.000486482051201165,0.000583412242121994,0.000589368806686252,0.000584507070016116,0.000575732672587037,0.000568413233850151,0.000562228902708739,0.000557788240257651,4.79647460451815E-05,3.83296037398395E-06,2.57457918451109E-06,-9999,-9999,-9999,-9999,-9999,-9999,-9999,-9999,-9999,-9999,-9999,-9999,-9999,-9999,-9999,-9999,-9999,-9999,-9999,-9999,-9999,-9999,-9999,-9999,-9999,-9999,-9999,-9999,-9999,-9999,-9999,-9999,-9999,-9999,-9999,-9999,-9999,-9999,-9999,-9999,-9999,-9999,-9999,-9999,-9999,-9999,-9999,-9999,-9999,-9999,-9999,-9999,-9999,-9999,-9999,-9999,-9999,-9999,-9999,-9999,-9999,-9999,-9999,-9999,-9999,-9999,-9999,-9999,-9999,-9999,-9999,-9999,-9999,-9999,-9999,-9999,-9999,-9999,-9999,-9999,-9999,2.21638856601203E-06,5.8562869526213E-05,0.000313318654661998,0.000314890639856458,0.000311907497234643,0.000307903595967218,0.000305374269373715,0.000301250605843961,0.000300229381537065,0.000300013605738059,0.000298439961625263,0.00029601325513795,0.000293522229185328,0.000290345778921619,0.000285478599835187,0.00027222340577282,0.000235859581152909,0.00014646076306235,4.35467591159977E-05,-9999,-9999,-9999,-9999,-9999,-9999,-9999,-9999,-9999,-9999,-9999,-9999,-9999,-9999,-9999
-9999,-9999,-9999,-9999,7.61751143727452E-05,0.00052915420383215,0.000586260459385812,0.00058865052415058,0.000582238251809031,0.000572360237129033,0.000565727706998587,0.00056102080270648,0.000376198091544211,3.83262977265986E-06,2.5731569621712E-06,-9999,-9999,-9999,-9999,-9999,-9999,-9999,-9999,-9999,-9999,-9999,-9999,-9999,-9999,-9999,-9999,-9999,-9999,-9999,-9999,-9999,-9999,-9999,-9999,-9999,-9999,-9999,-9999,-9999,-9999,-9999,-9999,-9999,-9999,-9999,-9999,-9999,-9999,-9999,-9999,-9999,-9999,-9999,-9999,-9999,-9999,-9999,-9999,-9999,-9999,-9999,-9999,-9999,-9999,-9999,-9999,-9999,-9999,-9999,-9999,-9999,-9999,-9999,-9999,-9999,-9999,-9999,-9999,-9999,-9999,-9999,-9999,-9999,-9999,-9999,-9999,-9999,-9999,-9999,-9999,-9999,-9999,2.16792977880687E-06,2.34443850786192E-05,0.000301750696962699,0.000305553898215294,0.000304261746350676,0.000299550651106983,0.000295947422273457,0.000292918499326333,0.000290862255496904,0.00029070588061586,0.000289014162262902,0.000287281844066456,0.000284934823866934,0.000282118504401296,0.000278720777714625,0.00027265987591818,0.000259836815530434,0.000217411492485553,0.000116895207611378,1.5952256944729E-05,-9999,-9999,-9999,-9999,-9999,-9999,-9999,-9999,-9999,-9999,-9999,-9999,-9999,-9999
-9999,-9999,-9999,-9999,6.17417608737014E-05,0.000521581794600934,0.000585857895202935,0.000586977344937623,0.000579682237002999,0.000570044678170234,0.000564197602216154,0.000560004147700965,3.82961161449202E-06,2.57252008850628E-06,1.72654176822107E-06,-9999,-9999,-9999,-9999,-9999,-9999,-9999,-9999,-9999,-9999,-9999,-9999,-9999,-9999,-9999,-9999,-9999,-9999,-9999,-9999,-9999,-9999,-9999,-9999,-9999,-9999,-9999,-9999,-9999,-9999,-9999,-9999,-9999,-9999,-9999,-9999,-9999,-9999,-9999,-9999,-9999,-9999,-9999,-9999,-9999,-9999,-9999,-9999,-9999,-9999,-9999,-9999,-9999,-9999,-9999,-9999,-9999,-9999,-9999,-9999,-9999,-9999,-9999,-9999,-9999,-9999,-9999,-9999,-9999,-9999,-9999,-9999,-9999,-9999,-9999,-9999,-9999,-9999,-9999,-9999,-9999,-9999,1.41327200253727E-06,2.08473738894099E-06,0.00028652761830017,0.000297374295769259,0.000296369049465284,0.000292562268441543,0.000287123373709619,0.00028462105547078,0.00028249088791199,0.000280947191640735,0.000279828265774995,0.000278439227258787,0.000276732578640804,0.000274068559519947,0.000270727497991174,0.000267306342720985,0.000261057110037655,0.000241240762989037,0.000174599219462834,5.45017974218354E-05,1.24303460324882E-05,-9999,-9999,-9999,-9999,-9999,-9999,-9999,-9999,-9999,-9999,-9999,-9999,-9999
-9999,-9999,-9999,-9999,3.21533443639055E-05,0.000475007545901462,0.000583604152780026,0.000585758942179382,0.000579261861275882,0.000569869123864919,0.000563907728064805,0.000558383530005813,3.83022461392102E-06,2.57282408711035E-06,-9999,-9999,-9999,-9999,-9999,-9999,-9999,-9999,-9999,-9999,-9999,-9999,-9999,-9999,-9999,-9999,-9999,-9999,-9999,-9999,-9999,-9999,-9999,-9999,-9999,-9999,-9999,-9999,-9999,-9999,-9999,-9999,-9999,-9999,-9999,-9999,-9999,-9999,-9999,-9999,-9999,-9999,-9999,-9999,-9999,-9999,-9999,-9999,-9999,-9999,-9999,-9999,-9999,-9999,-9999,-9999,-9999,-9999,-9999,-9999,-9999,-9999,-9999,-9999,-9999,-9999,-9999,-9999,-9999,-9999,-9999,-9999,-9999,-9999,-9999,-9999,-9999,-9999,-9999,-9999,-9999,-9999,-9999,1.38720042741625E-06,2.02997171072639E-06,0.000271216034889221,0.000289386400254443,0.000288171519059688,0.000285982503555715,0.000280475011095405,0.000276306818705052,0.000274109741440043,0.000272524252068251,0.000272443110588938,0.000271116063231602,0.000269492651568726,0.000266630377154797,0.000263424124568701,0.000260671222349629,0.00025626685237512,0.000243665068410337,0.000214720232179388,0.000126055820146576,2.37268886849051E-05,1.70024413819192E-05,1.73940600234346E-06,-9999,-9999,-9999,-9999,-9999,-9999,-9999,-9999,-9999,-9999,-9999
-9999,-9999,-9999,-9999,2.87540751742199E-05,0.000257561739999801,0.000572615012060851,0.000585504400078207,0.000581904780119658,0.000574978243093938,0.000567503040656447,0.000561988563276827,8.50255037221359E-06,3.83763654099312E-06,-9999,-9999,-9999,-9999,-9999,-9999,-9999,-9999,-9999,-9999,-9999,-9999,-9999,-9999,-9999,-9999,-9999,-9999,-9999,-9999,-9999,-9999,-9999,-9999,-9999,-9999,-9999,-9999,-9999,-9999,-9999,-9999,-9999,-9999,-9999,-9999,-9999,-9999,-9999,-9999,-9999,-9999,-9999,-9999,-9999,-9999,-9999,-9999,-9999,-9999,-9999,-9999,-9999,-9999,-9999,-9999,-9999,-9999,-9999,-9999,-9999,-9999,-9999,-9999,-9999,-9999,-9999,-9999,-9999,-9999,-9999,-9999,-9999,-9999,-9999,-9999,-9999,-9999,-9999,-9999,-9999,-9999,-9999,-9999,1.97491999642807E-06,0.000259654072578996,0.000281600194284692,0.000280102103715762,0.000279723026324064,0.000274620048003271,0.000269977637799457,0.000268056435743347,0.00026695744600147,0.000265617651166394,0.00026464113034308,0.000262634945102036,0.000260145985521376,0.000257228035479784,0.000254665414104238,0.000251441320870072,0.000242366309976205,0.000221081543713808,0.000166573983733542,3.91849571315106E-05,1.34755264298292E-05,-9999,-9999,-9999,-9999,-9999,-9999,-9999,-9999,-9999,-9999,-9999,-9999
-9999,-9999,-9999,-9999,2.87985203613061E-05,0.000112820096546784,0.000531118363142014,0.000584133027587086,0.000583183718845248,0.000579600164201111,0.00057347962865606,0.000566913280636072,0.000384354178095236,3.83649421564769E-06,-9999,-9999,-9999,-9999,-9999,-9999,-9999,-9999,-9999,-9999,-9999,-9999,-9999,-9999,-9999,-9999,-9999,-9999,-9999,-9999,-9999,-9999,-9999,-9999,-9999,-9999,-9999,-9999,-9999,-9999,-9999,-9999,-9999,-9999,-9999,-9999,-9999,-9999,-9999,-9999,-9999,-9999,-9999,-9999,-9999,-9999,-9999,-9999,-9999,-9999,-9999,-9999,-9999,-9999,-9999,-9999,-9999,-9999,-9999,-9999,-9999,-9999,-9999,-9999,-9999,-9999,-9999,-9999,-9999,-9999,-9999,-9999,-9999,-9999,-9999,-9999,-9999,-9999,-9999,-9999,-9999,-9999,-9999,-9999,1.93555479199858E-06,0.000233389262575656,0.00027513736858964,0.000273826590273529,0.000273468205705285,0.000270681746769696,0.000265481387032196,0.000261234934441745,0.000260448869084939,0.000258565996773541,0.000257426814641804,0.000255584513070062,0.000253876816714182,0.000251532765105367,0.000249289500061423,0.000245904608163983,0.000239188913838007,0.000222011702135205,0.000191938364878297,7.31471227481961E-05,1.32828236019122E-05,1.19540045488975E-05,1.20885415526573E-05,-9999,-9999,-9999,-9999,-9999,-9999,-9999,-9999,-9999,-9999
-9999,-9999,-9999,-9999,-9999,3.18030652124435E-05,0.000434411660535261,0.000580387481022626,0.000583740067668259,0.000581718166358769,0.000577345083002001,0.000570138276088983,0.00056255713570863,3.83818814952974E-06,-9999,-9999,-9999,-9999,-9999,-9999,-9999,-9999,-9999,-9999,-9999,-9999,-9999,-9999,-9999,-9999,-9999,-9999,-9999,-9999,-9999,-9999,-9999,-9999,-9999,-9999,-9999,-9999,-9999,-9999,-9999,-9999,-9999,-9999,-9999,-9999,-9999,-9999,-9999,-9999,-9999,-9999,-9999,-9999,-9999,-9999,-9999,-9999,-9999,-9999,-9999,-9999,-9999,-9999,-9999,-9999,-9999,-9999,-9999,-9999,-9999,-9999,-9999,-9999,-9999,-9999,-9999,-9999,-9999,-9999,-9999,-9999,-9999,-9999,-9999,-9999,-9999,-9999,-9999,-9999,-9999,-9999,-9999,-9999,1.90734272109694E-06,0.000184948541573249,0.000267526862444356,0.0002687206142582,0.000267685274593532,0.000265555019723251,0.000260447763139382,0.000255096558248624,0.000254286860581487,0.000252296042162925,0.00025134498719126,0.000249465490924194,0.000247997930273414,0.000246158830123022,0.000244089897023514,0.000241332818404771,0.00023697700817138,0.000228846940444782,0.000183151511009783,0.000111471228592563,4.16463954024948E-05,2.80321110039949E-05,1.66641402756795E-05,1.21648490676307E-05,-9999,-9999,-9999,-9999,-9999,-9999,-9999,-9999,-9999
-9999,-9999,-9999,-9999,-9999,6.48764944344293E-06,0.000307063426589593,0.000569203577470034,0.000583954737521708,0.000583175045903772,0.000579926185309887,0.0005727952811867,0.000564354122616351,3.8465532270493E-06,-9999,-9999,-9999,-9999,-9999,-9999,-9999,-9999,-9999,-9999,-9999,-9999,-9999,-9999,-9999,-9999,-9999,-9999,-9999,-9999,-9999,-9999,-9999,-9999,-9999,-9999,-9999,-9999,-9999,-9999,-9999,-9999,-9999,-9999,-9999,-9999,-9999,-9999,-9999,-9999,-9999,-9999,-9999,-9999,-9999,-9999,-9999,-9999,-9999,-9999,-9999,-9999,-9999,-9999,-9999,-9999,-9999,-9999,-9999,-9999,-9999,-9999,-9999,-9999,-9999,-9999,-9999,-9999,-9999,-9999,-9999,-9999,-9999,-9999,-9999,-9999,-9999,-9999,-9999,-9999,-9999,-9999,-9999,-9999,1.8895627817983E-06,6.1383907450363E-05,0.00025873351842165,0.000263855792582035,0.000262455694610253,0.000260149477981031,0.000255623308476061,0.000250628188950941,0.000248839642154053,0.000247737654717639,0.000246189534664154,0.000243750124354847,0.000242157344473526,0.000240514156757854,0.000238680804613978,0.000236930456594564,0.000233679573284462,0.000223100621951744,0.000189169892109931,0.000156708978465758,0.000123405756312422,0.00010325667244615,3.09441493300255E-05,1.189225622511E-05,-9999,-9999,-9999,-9999,-9999,-9999,-9999,-9999,-9999
-9999,-9999,-9999,-9999,-9999,3.99230020775576E-06,0.000221183086978272,0.000568921968806535,0.000583816843573004,0.000584155030082911,0.000581711938139051,0.00057448580628261,0.000560127606149763,3.85633620680892E-06,-9999,-9999,-9999,-9999,-9999,-9999,-9999,-9999,-9999,-9999,-9999,-9999,-9999,-9999,-9999,-9999,-9999,-9999,-9999,-9999,-9999,-9999,-9999,-9999,-9999,-9999,-9999,-9999,-9999,-9999,-9999,-9999,-9999,-9999,-9999,-9999,-9999,-9999,-9999,-9999,-9999,-9999,-9999,-9999,-9999,-9999,-9999,-9999,-9999,-9999,-9999,-9999,-9999,-9999,-9999,-9999,-9999,-9999,-9999,-9999,-9999,-9999,-9999,-9999,-9999,-9999,-9999,-9999,-9999,-9999,-9999,-9999,-9999,-9999,-9999,-9999,-9999,-9999,-9999,-9999,-9999,-9999,-9999,-9999,-9999,1.82890153155313E-06,0.00025123346131295,0.000257836742093787,0.000257810781477019,0.000255111895967275,0.000250840384978801,0.000245706323767081,0.000243841976043768,0.00024293115711771,0.00024106926866807,0.000238900189287961,0.00023691967362538,0.000235431987675838,0.000233637212659232,0.000232137608691119,0.000230193109018728,0.000222686387132853,0.000213445804547518,0.000200698152184486,0.000171625491930172,0.000108499480120372,4.09616950491909E-05,1.1594705938478E-05,-9999,-9999,-9999,-9999,-9999,-9999,-9999,-9999,-9999
-9999,-9999,-9999,-9999,-9999,-9999,0.000134444708237424,0.000570648699067533,0.000583517597988248,0.000584753055591136,0.000581966596655548,0.000573566590901464,0.000567859096918255,-9999,-9999,-9999,-9999,-9999,-9999,-9999,-9999,-9999,-9999,-9999,-9999,-9999,-9999,-9999,-9999,-9999,-9999,-9999,-9999,-9999,-9999,-9999,-9999,-9999,-9999,-9999,-9999,-9999,-9999,-9999,-9999,-9999,-9999,-9999,-9999,-9999,-9999,-9999,-9999,-9999,-9999,-9999,-9999,-9999,-9999,-9999,-9999,-9999,-9999,-9999,-9999,-9999,-9999,-9999,-9999,-9999,-9999,-9999,-9999,-9999,-9999,-9999,-9999,-9999,-9999,-9999,-9999,-9999,-9999,-9999,-9999,-9999,-9999,-9999,-9999,-9999,-9999,-9999,-9999,-9999,-9999,-9999,-9999,-9999,-9999,1.7984453961617E-06,0.000233000071602874,0.000252448196988553,0.000253633537795395,0.000251231715083122,0.000247227144427598,0.000242625654209405,0.000239919376326725,0.00023841648362577,0.000236116989981383,0.000234116101637483,0.000232152233365923,0.000230352074140683,0.000228683478781022,0.000227292737690732,0.000226570191443898,0.000224696268560365,0.000220437868847512,0.000205951248062775,0.000179179463884793,0.000133994457428344,6.92029425408691E-05,1.41122491186252E-05,-9999,-9999,-9999,-9999,-9999,-9999,-9999,-9999,-9999
-9999,-9999,-9999,-9999,-9999,-9999,0.000101247111160774,0.000571224780287594,0.000584571505896747,0.000584864465054125,0.000580284162424505,0.000571831536944956,0.000562940491363406,-9999,-9999,-9999,-9999,-9999,-9999,-9999,-9999,-9999,-9999,-9999,-9999,-9999,-9999,-9999,-9999,-9999,-9999,-9999,-9999,-9999,-9999,-9999,-9999,-9999,-9999,-9999,-9999,-9999,-9999,-9999,-9999,-9999,-9999,-9999,-9999,-9999,-9999,-9999,-9999,-9999,-9999,-9999,-9999,-9999,-9999,-9999,-9999,-9999,-9999,-9999,-9999,-9999,-9999,-9999,-9999,-9999,-9999,-9999,-9999,-9999,-9999,-9999,-9999,-9999,-9999,-9999,-9999,-9999,-9999,-9999,-9999,-9999,-9999,-9999,-9999,-9999,-9999,-9999,-9999,-9999,-9999,-9999,-9999,-9999,-9999,1.7737295365805E-06,0.000153505054186098,0.000248466531047598,0.00024972137180157,0.000247227057116106,0.000243318761931732,0.000239363827859052,0.00023554106883239,0.000234526509302668,0.000232168968068436,0.000230110628763214,0.000228089047595859,0.000226425589062274,0.000224723233259283,0.000223340437514707,0.00022266193991527,0.000221897658775561,0.000219239183934405,0.000212132479646243,0.00019571723532863,0.000150947322254069,0.000105800165329129,2.64233731286367E-05,1.38214263643022E-05,1.11057443064055E-05,-9999,-9999,-9999,-9999,-9999,-9999,-9999
-9999,-9999,-9999,-9999,-9999,-9999,0.000160992523888126,0.000580483698286116,0.000586582289543003,0.000584274239372462,0.000577887345571071,0.00056976469932124,0.000516933563631028,-9999,-9999,-9999,-9999,-9999,-9999,-9999,-9999,-9999,-9999,-9999,-9999,-9999,-9999,-9999,-9999,-9999,-9999,-9999,-9999,-9999,-9999,-9999,-9999,-9999,-9999,-9999,-9999,-9999,-9999,-9999,-9999,-9999,-9999,-9999,-9999,-9999,-9999,-9999,-9999,-9999,-9999,-9999,-9999,-9999,-9999,-9999,-9999,-9999,-9999,-9999,-9999,-9999,-9999,-9999,-9999,-9999,-9999,-9999,-9999,-9999,-9999,-9999,-9999,-9999,-9999,-9999,-9999,-9999,-9999,-9999,-9999,-9999,-9999,-9999,-9999,-9999,-9999,-9999,-9999,-9999,-9999,-9999,-9999,-9999,-9999,1.75275295077881E-06,1.03189950095839E-05,0.000244790251599625,0.000245152041316032,0.000243062895606272,0.0002389502042206,0.000234964842093177,0.000231561512919143,0.000230223871767521,0.000228710036026314,0.000226703748921864,0.000224476490984671,0.000222645132453181,0.000221218084334396,0.000220142639591359,0.00021912193915341,0.000218769651837647,0.000216658154386096,0.000211335136555135,0.000198549591004848,0.000175104534719139,0.000124390368000604,4.73450199933723E-05,2.35381085076369E-05,1.70943385455757E-05,1.09322018033708E-05,-9999,-9999,-9999,-9999,-9999,-9999
-9999,-9999,-9999,-9999,-9999,-9999,-9999,-9999,-9999,-9999,-9999,-9999,-9999,-9999,-9999,-9999,-9999,-9999,-9999,-9999,-9999,-9999,-9999,-9999,-9999,-9999,-9999,-9999,-9999,-9999,-9999,-9999,-9999,-9999,-9999,-9999,-9999,-9999,-9999,-9999,-9999,-9999,-9999,-9999,-9999,-9999,-9999,-9999,-9999,-9999,-9999,-9999,-9999,-9999,-9999,-9999,-9999,-9999,-9999,-9999,-9999,-9999,-9999,-9999,-9999,-9999,-9999,-9999,-9999,-9999,-9999,-9999,-9999,-9999,-9999,-9999,-9999,-9999,-9999,-9999,-9999,-9999,-9999,-9999,-9999,-9999,-9999,-9999,-9999,-9999,-9999,-9999,-9999,-9999,-9999,-9999,-9999,-9999,-9999,-9999,1.68885117091122E-06,0.000234698425629176,0.000240458524785936,0.000238757755141705,0.000235147163039073,0.000231264377362095,0.000227775133680552,0.000226576114073396,0.000225755808060057,0.000223398164962418,0.000221308262553066,0.000219600333366543,0.000217886539758183,0.000217011591303162,0.000216137690586038,0.000215687119634822,0.000214993226109073,0.000212164319236763,0.000204246476641856,0.000185176962986588,0.000135746202431619,7.22874392522499E-05,4.68778926006053E-05,3.51270500686951E-05,1.87525438377634E-05,1.07146488517174E-05,-9999,-9999,-9999,-9999,-9999
-9999,-9999,-9999,-9999,-9999,-9999,-9999,-9999,-9999,-9999,-9999,-9999,-9999,-9999,-9999,-9999,-9999,-9999,-9999,-9999,-9999,-9999,-9999,-9999,-9999,-9999,-9999,-9999,-9999,-9999,-9999,-9999,-9999,-9999,-9999,-9999,-9999,-9999,-9999,-9999,-9999,-9999,-9999,-9999,-9999,-9999,-9999,-9999,-9999,-9999,-9999,-9999,-9999,-9999,-9999,-9999,-9999,-9999,-9999,-9999,-9999,-9999,-9999,-9999,-9999,-9999,-9999,-9999,-9999,-9999,-9999,-9999,-9999,-9999,-9999,-9999,-9999,-9999,-9999,-9999,-9999,-9999,-9999,-9999,-9999,-9999,-9999,-9999,-9999,-9999,-9999,-9999,-9999,-9999,-9999,-9999,-9999,-9999,-9999,-9999,1.66134236678772E-06,0.000177357505890541,0.000236772597418167,0.000234318082220852,0.000231212354265153,0.000227333657676354,0.000223653216380626,0.000223205803195015,0.000222515489440411,0.00022031475964468,0.000217837456148118,0.000216370506677777,0.000214563813642599,0.000213969920878299,0.000213484192499891,0.000213800740311854,0.000213380088098347,0.000211696955375373,0.000203361210878938,0.000182906776899472,0.000140229327371344,8.94610639079474E-05,6.5924963564612E-05,3.82780744985212E-05,2.55003888014471E-05,1.18662046588724E-05,1.05543413155829E-05,-9999,-9999,-9999,-9999
-9999,-9999,-9999,-9999,-9999,-9999,-9999,-9999,-9999,-9999,-9999,-9999,-9999,-9999,-9999,-9999,-9999,-9999,-9999,-9999,-9999,-9999,-9999,-9999,-9999,-9999,-9999,-9999,-9999,-9999,-9999,-9999,-9999,-9999,-9999,-9999,-9999,-9999,-9999,-9999,-9999,-9999,-9999,-9999,-9999,-9999,-9999,-9999,-9999,-9999,-9999,-9999,-9999,-9999,-9999,-9999,-9999,-9999,-9999,-9999,-9999,-9999,-9999,-9999,-9999,-9999,-9999,-9999,-9999,-9999,-9999,-9999,-9999,-9999,-9999,-9999,-9999,-9999,-9999,-9999,-9999,-9999,-9999,-9999,-9999,-9999,-9999,-9999,-9999,-9999,-9999,-9999,-9999,-9999,-9999,-9999,-9999,-9999,-9999,-9999,1.64210041475599E-06,4.19199432144524E-06,0.000233435421250761,0.00023027989664115,0.000227439668378793,0.000223485854803585,0.000220406844164245,0.000220074973185547,0.000219362060306594,0.000217479624552652,0.000215026637306437,0.000213497172808275,0.000211709353607148,0.000210974540095776,0.000210969388717785,0.000211349804885685,0.000210159909329377,0.000207851597224362,0.00020156500977464,0.000180784016265534,0.000149949002661742,0.000113831360067707,8.23562149889767E-05,5.01969298056792E-05,2.79581945505925E-05,1.46590155054582E-05,1.04621713035158E-05,-9999,-9999,-9999,-9999
-9999,-9999,-9999,-9999,-9999,-9999,-9999,-9999,-9999,-9999,-9999,-9999,-9999,-9999,-9999,-9999,-9999,-9999,-9999,-9999,-9999,-9999,-9999,-9999,-9999,-9999,-9999,-9999,-9999,-9999,-9999,-9999,-9999,-9999,-9999,-9999,-9999,-9999,-9999,-9999,-9999,-9999,-9999,-9999,-9999,-9999,-9999,-9999,-9999,-9999,-9999,-9999,-9999,-9999,-9999,-9999,-9999,-9999,-9999,-9999,-9999,-9999,-9999,-9999,-9999,-9999,-9999,-9999,-9999,-9999,-9999,-9999,-9999,-9999,-9999,-9999,-9999,-9999,-9999,-9999,-9999,-9999,-9999,-9999,-9999,-9999,-9999,-9999,-9999,-9999,-9999,-9999,-9999,-9999,-9999,-9999,-9999,-9999,-9999,-9999,-9999,1.59675005306781E-06,0.000214135201531462,0.000226021002163179,0.000223525305045769,0.000219927707803436,0.000217498512938619,0.00021673267474398,0.000216227665077895,0.000214654195588082,0.000212017184821889,0.000210417638299987,0.000208785349968821,0.00020780973136425,0.000207756864256226,0.000208455123356543,0.000209007470402867,0.000208072407986037,0.000200938549824059,0.000182124495040625,0.000153422370203771,0.000131270368001424,9.37556760618463E-05,4.96499378641602E-05,3.05972243950237E-05,1.4451900824497E-05,1.02348794825957E-05,-9999,-9999,9.66716470429674E-06,9.64759419730399E-06
-9999,-9999,-9999,-9999,-9999,-9999,-9999,-9999,-9999,-9999,-9999,-9999,-9999,-9999,-9999,-9999,-9999,-9999,-9999,-9999,-9999,-9999,-9999,-9999,-9999,-9999,-9999,-9999,-9999,-9999,-9999,-9999,-9999,-9999,-9999,-9999,-9999,-9999,-9999,-9999,-9999,-9999,-9999,-9999,-9999,-9999,-9999,-9999,-9999,-9999,-9999,-9999,-9999,-9999,-9999,-9999,-9999,-9999,-9999,-9999,-9999,-9999,-9999,-9999,-9999,-9999,-9999,-9999,-9999,-9999,-9999,-9999,-9999,-9999,-9999,-9999,-9999,-9999,-9999,-9999,-9999,-9999,-9999,-9999,-9999,-9999,-9999,-9999,-9999,-9999,-9999,-9999,-9999,-9999,-9999,-9999,-9999,-9999,-9999,-9999,-9999,-9999,1.12010338852997E-05,0.000226117379497737,0.000220529531361535,0.000217607215745375,0.000215385647607036,0.0002146110200556,0.000213495717616752,0.00021141761681065,0.000208967190701514,0.000207407618290745,0.000206006297958083,0.000205234260647558,0.00020494285854511,0.000205421616556123,0.000205767704755999,0.000204603449674323,0.000197434841538779,0.000188549427548423,0.000169987950357608,0.000135725669679232,9.28954686969519E-05,5.86475616728421E-05,2.72165016212966E-05,1.58054681378417E-05,9.96366179606412E-06,9.73199530562852E-06,9.66115658229683E-06,9.60487705015112E-06,1.06208017314202E-05
-9999,-9999,-9999,-9999,-9999,-9999,-9999,-9999,-9999,-9999,-9999,-9999,-9999,-9999,-9999,-9999,-9999,-9999,-9999,-9999,-9999,-9999,-9999,-9999,-9999,-9999,-9999,-9999,-9999,-9999,-9999,-9999,-9999,-9999,-9999,-9999,-9999,-9999,-9999,-9999,-9999,-9999,-9999,-9999,-9999,-9999,-9999,-9999,-9999,-9999,-9999,-9999,-9999,-9999,-9999,-9999,-9999,-9999,-9999,-9999,-9999,-9999,-9999,-9999,-9999,-9999,-9999,-9999,-9999,-9999,-9999,-9999,-9999,-9999,-9999,-9999,-9999,-9999,-9999,-9999,-9999,-9999,-9999,-9999,-9999,-9999,-9999,-9999,-9999,-9999,-9999,-9999,-9999,-9999,-9999,-9999,-9999,-9999,-9999,-9999,-9999,-9999,-9999,0.000156035908730701,0.000221258029341698,0.00021610243129544,0.000214784842683002,0.000213254825212061,0.000211976483114995,0.000209323756280355,0.000206730459467508,0.000204775933525525,0.000203505827812478,0.000202863186132163,0.000202908588107675,0.000202655282919295,0.000202139970497228,0.000200910173589364,0.000195255473954603,0.000188847174285911,0.000172207684954628,0.00014009268488735,0.000104331760667264,4.83906915178522E-05,2.4002283680602E-05,1.37925380840898E-05,1.09153770608827E-05,9.65756225923542E-06,1.06792322185356E-05,1.17376312118722E-05,9.5846044132486E-05
-9999,-9999,-9999,-9999,-9999,-9999,-9999,-9999,-9999,-9999,-9999,-9999,-9999,-9999,-9999,-9999,-9999,-9999,-9999,-9999,-9999,-9999,-9999,-9999,-9999,-9999,-9999,-9999,-9999,-9999,-9999,-9999,-9999,-9999,-9999,-9999,-9999,-9999,-9999,-9999,-9999,-9999,-9999,-9999,-9999,-9999,-9999,-9999,-9999,-9999,-9999,-9999,-9999,-9999,-9999,-9999,-9999,-9999,-9999,-9999,-9999,-9999,-9999,-9999,-9999,-9999,-9999,-9999,-9999,-9999,-9999,-9999,-9999,-9999,-9999,-9999,-9999,-9999,-9999,-9999,-9999,-9999,-9999,-9999,-9999,-9999,-9999,-9999,-9999,-9999,-9999,-9999,-9999,-9999,-9999,-9999,-9999,-9999,-9999,-9999,-9999,-9999,-9999,1.51799576997291E-06,0.000155173911480233,0.000221099093323573,0.000215980981010944,0.00021354464115575,0.000211574966670014,0.000208717858185992,0.000206035314477049,0.000204114970983937,0.000202827213797718,0.000201814749743789,0.000200920505449176,0.000200226553715765,0.0001983677939279,0.000195504078874364,0.000193483458133414,0.000179831084096804,0.000158550392370671,0.000115306524094194,6.21401995886117E-05,1.91753661056282E-05,1.21739285532385E-05,1.20349814096699E-05,1.33578196255257E-05,1.3227359886514E-05,2.23302577069262E-05,0.000192999446881004,0.000195140353753231
-9999,-9999,-9999,-9999,-9999,-9999,-9999,-9999,-9999,-9999,-9999,-9999,-9999,-9999,-9999,-9999,-9999,-9999,-9999,-9999,-9999,-9999,-9999,-9999,-9999,-9999,-9999,-9999,-9999,-9999,-9999,-9999,-9999,-9999,-9999,-9999,-9999,-9999,-9999,-9999,-9999,-9999,-9999,-9999,-9999,-9999,-9999,-9999,-9999,-9999,-9999,-9999,-9999,-9999,-9999,-9999,-9999,-9999,-9999,-9999,-9999,-9999,-9999,-9999,-9999,-9999,-9999,-9999,-9999,-9999,-9999,-9999,-9999,-9999,-9999,-9999,-9999,-9999,-9999,-9999,-9999,-9999,-9999,-9999,-9999,-9999,-9999,-9999,-9999,-9999,-9999,-9999,-9999,-9999,-9999,-9999,-9999,-9999,-9999,-9999,-9999,-9999,-9999,-9999,1.50213827510015E-06,1.49554580275435E-06,0.000203916511964053,0.000215796128031798,0.000210993341170251,0.000208438417757861,0.000205942225875333,0.0002041435072897,0.000190893042599782,0.000158665905473754,0.000198151828953996,0.000191808139788918,0.000161985255545005,0.000135196867631748,0.000124782760394737,0.000106973755464423,5.59556392545346E-05,2.09523659577826E-05,1.07934174593538E-05,9.5836294349283E-06,1.65093260875437E-05,2.76870596280787E-05,0.000101244717370719,0.000192229461390525,0.000195090309716761,0.000195874512428418,0.00019338088168297
-9999,-9999,-9999,-9999,-9999,-9999,-9999,-9999,-9999,-9999,-9999,-9999,-9999,-9999,-9999,-9999,-9999,-9999,-9999,-9999,-9999,-9999,-9999,-9999,-9999,-9999,-9999,-9999,-9999,-9999,-9999,-9999,-9999,-9999,-9999,-9999,-9999,-9999,-9999,-9999,-9999,-9999,-9999,-9999,-9999,-9999,-9999,-9999,-9999,-9999,-9999,-9999,-9999,-9999,-9999,-9999,-9999,-9999,-9999,-9999,-9999,-9999,-9999,-9999,-9999,-9999,-9999,-9999,-9999,-9999,-9999,-9999,-9999,-9999,-9999,-9999,-9999,-9999,-9999,-9999,-9999,-9999,-9999,-9999,-9999,-9999,-9999,-9999,-9999,-9999,-9999,-9999,-9999,-9999,-9999,-9999,-9999,-9999,-9999,-9999,-9999,-9999,-9999,-9999,-9999,-9999,1.47632908920059E-06,7.370411822194E-06,0.000214228130062111,0.000210821046493948,0.000207035700441338,0.000204704716452397,0.00019403948681429,0.000194218999240547,0.000184712378541008,0.000144227844430134,0.000104993596323766,6.47315901005641E-05,2.54620554187568E-05,3.78489785362035E-05,2.27561231440632E-05,3.06746260321233E-05,0.000101236008049455,0.000192342646187171,0.000194516207557172,0.0001958074135473,0.000195806671399623,0.000194259395357221,0.000192874562344514,0.000185309152584523,9.62653211900033E-05
-9999,-9999,-9999,-9999,-9999,-9999,-9999,-9999,-9999,-9999,-9999,-9999,-9999,-9999,-9999,-9999,-9999,-9999,-9999,-9999,-9999,-9999,-9999,-9999,-9999,-9999,-9999,-9999,-9999,-9999,-9999,-9999,-9999,-9999,-9999,-9999,-9999,-9999,-9999,-9999,-9999,-9999,-9999,-9999,-9999,-9999,-9999,-9999,-9999,-9999,-9999,-9999,-9999,-9999,-9999,-9999,-9999,-9999,-9999,-9999,-9999,-9999,-9999,-9999,-9999,-9999,-9999,-9999,-9999,-9999,-9999,-9999,-9999,-9999,-9999,-9999,-9999,-9999,-9999,-9999,-9999,-9999,-9999,-9999,-9999,-9999,-9999,-9999,-9999,-9999,-9999,-9999,-9999,-9999,-9999,-9999,-9999,-9999,-9999,-9999,-9999,-9999,-9999,-9999,-9999,-9999,-9999,-9999,1.44240493682446E-06,5.82365100854076E-06,0.000204232055693865,0.000209101825021207,0.000207046075956896,0.000205382239073515,0.000203351068194024,0.000201495160581544,0.000199578236788511,0.000198620240553282,0.000197702334844507,0.000196693785255775,0.00019594666082412,0.000196374981896952,0.000196732537006028,0.000196053661056794,0.000194811596884392,0.000193912128452212,0.000191480969078839,0.000179497597855516,0.000107126979855821,7.44527960705454E-06,-9999
-9999,-9999,-9999,-9999,-9999,-9999,-9999,-9999,-9999,-9999,-9999,-9999,-9999,-9999,-9999,-9999,-9999,-9999,-9999,-9999,-9999,-9999,-9999,-9999,-9999,-9999,-9999,-9999,-9999,-9999,-9999,-9999,-9999,-9999,-9999,-9999,-9999,-9999,-9999,-9999,-9999,-9999,-9999,-9999,-9999,-9999,-9999,-9999,-9999,-9999,-9999,-9999,-9999,-9999,-9999,-9999,-9999,-9999,-9999,-9999,-9999,-9999,-9999,-9999,-9999,-9999,-9999,-9999,-9999,-9999,-9999,-9999,-9999,-9999,-9999,-9999,-9999,-9999,-9999,-9999,-9999,-9999,-9999,-9999,-9999,-9999,-9999,-9999,-9999,-9999,-9999,-9999,-9999,-9999,-9999,-9999,-9999,-9999,-9999,-9999,-9999,-9999,-9999,-9999,-9999,-9999,-9999,-9999,-9999,-9999,1.42256408253161E-06,1.41734938097215E-06,1.4102796512816E-06,1.40121028380236E-06,5.77117862121668E-06,8.07571814220864E-06,1.36812127493613E-06,1.35570485326753E-06,1.34538777274429E-06,2.55462964560138E-06,8.12778489489574E-06,3.54992371285334E-05,7.33563647372648E-05,8.05889358161949E-05,1.84984146471834E-05,1.33372600430448E-06,1.33420530801232E-06,1.33431603899226E-06,-9999,-9999,-9999
-9999,-9999,-9999,-9999,-9999,-9999,-9999,-9999,-9999,-9999,-9999,-9999,-9999,-9999,-9999,-9999,-9999,-9999,-9999,-9999,-9999,-9999,-9999,-9999,-9999,-9999,-9999,-9999,-9999,-9999,-9999,-9999,-9999,-9999,-9999,-9999,-9999,-9999,-9999,-9999,-9999,-9999,-9999,-9999,-9999,-9999,-9999,-9999,-9999,-9999,-9999,-9999,-9999,-9999,-9999,-9999,-9999,-9999,-9999,-9999,-9999,-9999,-9999,-9999,-9999,-9999,-9999,-9999,-9999,-9999,-9999,-9999,-9999,-9999,-9999,-9999,-9999,-9999,-9999,-9999,-9999,-9999,-9999,-9999,-9999,-9999,-9999,-9999,-9999,-9999,-9999,-9999,-9999,-9999,-9999,-9999,-9999,-9999,-9999,-9999,-9999,-9999,-9999,-9999,-9999,-9999,-9999,-9999,-9999,-9999,-9999,-9999,-9999,-9999,-9999,-9999,-9999,-9999,-9999,-9999,-9999,-9999,-9999,-9999,-9999,-9999,-9999,-9999,-9999,-9999,-9999
-9999,-9999,-9999,-9999,-9999,-9999,-9999,-9999,-9999,-9999,-9999,-9999,-9999,-9999,-9999,-9999,-9999,-9999,-9999,-9999,-9999,-9999,-9999,-9999,-9999,-9999,-9999,-9999,-9999,-9999,-9999,-9999,-9999,-9999,-9999,-9999,-9999,-9999,-9999,-9999,-9999,-9999,-9999,-9999,-9999,-9999,-9999,-9999,-9999,-9999,-9999,-9999,-9999,-9999,-9999,-9999,-9999,-9999,-9999,-9999,-9999,-9999,-9999,-9999,-9999,-9999,-9999,-9999,-9999,-9999,-9999,-9999,-9999,-9999,-9999,-9999,-9999,-9999,-9999,-9999,-9999,-9999,-9999,-9999,-9999,-9999,-9999,-9999,-9999,-9999,-9999,-9999,-9999,-9999,-9999,-9999,-9999,-9999,-9999,-9999,-9999,-9999,-9999,-9999,-9999,-9999,-9999,-9999,-9999,-9999,-9999,-9999,-9999,-9999,-9999,-9999,-9999,-9999,-9999,-9999,-9999,-9999,-9999,-9999,-9999,-9999,-9999,-9999,-9999,-9999,-9999

Step,289
Year,24.08333
-9999,-9999,-9999,-9999,-9999,-9999,-9999,-9999,-9999,-9999,-9999,-9999,-9999,-9999,-9999,-9999,-9999,-9999,-9999,-9999,-9999,-9999,-9999,-9999,-9999,-9999,-9999,-9999,-9999,-9999,-9999,-9999,-9999,-9999,-9999,-9999,-9999,-9999,-9999,-9999,-9999,-9999,-9999,-9999,-9999,-9999,-9999,-9999,-9999,-9999,-9999,-9999,-9999,-9999,-9999,-9999,-9999,-9999,-9999,-9999,-9999,-9999,-9999,-9999,-9999,-9999,-9999,-9999,-9999,-9999,-9999,-9999,-9999,-9999,-9999,-9999,-9999,-9999,-9999,-9999,-9999,-9999,-9999,-9999,-9999,-9999,-9999,-9999,-9999,-9999,-9999,-9999,-9999,-9999,-9999,-9999,-9999,-9999,-9999,-9999,-9999,-9999,-9999,-9999,-9999,-9999,-9999,-9999,-9999,-9999,-9999,-9999,-9999,-9999,-9999,-9999,-9999,-9999,-9999,-9999,-9999,-9999,-9999,-9999,-9999,-9999,-9999,-9999,-9999,-9999,-9999
-9999,-9999,-9999,-9999,-9999,-9999,-9999,-9999,-9999,-9999,-9999,-9999,-9999,-9999,-9999,-9999,-9999,-9999,-9999,-9999,-9999,-9999,-9999,-9999,-9999,-9999,-9999,-9999,-9999,-9999,-9999,-9999,-9999,-9999,-9999,-9999,-9999,-9999,-9999,-9999,-9999,-9999,-9999,-9999,-9999,-9999,-9999,-9999,-9999,-9999,-9999,-9999,-9999,-9999,-9999,-9999,-9999,-9999,-9999,-9999,-9999,-9999,-9999,-9999,-9999,-9999,-9999,-9999,-9999,-9999,-9999,-9999,-9999,-9999,-9999,-9999,-9999,-9999,-9999,-9999,-9999,-9999,-9999,-9999,-9999,-9999,-9999,-9999,-9999,-9999,-9999,-9999,-9999,-9999,-9999,-9999,-9999,-9999,-9999,-9999,-9999,-9999,-9999,-9999,-9999,-9999,-9999,-9999,-9999,-9999,-9999,-9999,-9999,-9999,-9999,-9999,-9999,-9999,-9999,-9999,-9999,-9999,-9999,-9999,-9999,-9999,-9999,-9999,-9999,-9999,-9999
-9999,-9999,-9999,-9999,-9999,-9999,-9999,-9999,-9999,-9999,-9999,-9999,-9999,-9999,-9999,-9999,-9999,-9999,-9999,-9999,-9999,-9999,-9999,-9999,-9999,-9999,-9999,-9999,-9999,-9999,-9999,-9999,-9999,-9999,-9999,-9999,-9999,-9999,-9999,-9999,-9999,-9999,-9999,-9999,-9999,-9999,-9999,-9999,-9999,-9999,-9999,-9999,-9999,-9999,-9999,-9999,-9999,-9999,-9999,-9999,-9999,-9999,-9999,-9999,-9999,-9999,-9999,-9999,-9999,-9999,-9999,-9999,-9999,-9999,1.40369490964076E-06,2.08729966288956E-06,-9999,-9999,-9999,-9999,-9999,-9999,-9999,-9999,-9999,-9999,-9999,-9999,-9999,-9999,-9999,-9999,-9999,-9999,-9999,-9999,-9999,-9999,-9999,-9999,-9999,-9999,-9999,-9999,-9999,-9999,-9999,-9999,-9999,-9999,-9999,-9999,-9999,-9999,-9999,-9999,-9999,-9999,-9999,-9999,-9999,-9999,-9999,-9999,-9999,-9999,-9999,-9999,-9999,-9999,-9999
-9999,-9999,-9999,-9999,-9999,-9999,-9999,-9999,-9999,-9999,-9999,-9999,-9999,-9999,-9999,-9999,-9999,-9999,-9999,-9999,-9999,-9999,-9999,-9999,-9999,-9999,-9999,-9999,-9999,-9999,-9999,-9999,-9999,-9999,-9999,-9999,-9999,-9999,-9999,-9999,-9999,-9999,-9999,-9999,-9999,-9999,-9999,-9999,-9999,-9999,-9999,-9999,-9999,-9999,-9999,-9999,-9999,-9999,-9999,-9999,-9999,-9999,-9999,-9999,-9999,-9999,-9999,-9999,-9999,-9999,-9999,-9999,-9999,-9999,2.01024181478715E-06,2.9752141017525E-06,-9999,-9999,-9999,-9999,-9999,-9999,-9999,-9999,-9999,-9999,-9999,-9999,-9999,-9999,-9999,-9999,-9999,-9999,-9999,-9999,-9999,-9999,-9999,-9999,-9999,-9999,-9999,-9999,-9999,-9999,-9999,-9999,-9999,-9999,-9999,-9999,-9999,-9999,-9999,-9999,-9999,-9999,-9999,-9999,-9999,-9999,-9999,-9999,-9999,-9999,-9999,-9999,-9999,-9999,-9999
-9999,-9999,-9999,-9999,-9999,-9999,-9999,-9999,-9999,-9999,-9999,-9999,-9999,-9999,-9999,-9999,-9999,-9999,-9999,-9999,-9999,-9999,-9999,-9999,-9999,-9999,-9999,-9999,-9999,-9999,-9999,-9999,-9999,-9999,-9999,-9999,-9999,-9999,-9999,-9999,-9999,-9999,-9999,-9999,-9999,-9999,-9999,-9999,-9999,-9999,-9999,-9999,-9999,-9999,-9999,-9999,1.49492592527167E-07,2.16009041764664E-07,3.06101583191776E-07,4.32145895956637E-07,-9999,-9999,-9999,-9999,-9999,2.53159169005812E-06,2.43231397689669E-06,3.42650923812471E-06,3.32361446453433E-06,2.13942166737979E-06,3.05114394905104E-06,1.51759277287056E-05,2.03373165277299E-05,2.01344173547113E-05,2.84597263089381E-06,1.45965541378246E-05,1.8897102563642E-05,-9999,-9999,1.78306472662371E-05,2.76233604381559E-05,2.41904235736001E-05,2.4565853891545E-05,6.31574002909474E-05,8.40594584587961E-05,7.68094250815921E-05,7.70122860558331E-05,4.70679406134877E-05,2.21771606447874E-05,-9999,-9999,-9999,-9999,-9999,-9999,-9999,-9999,-9999,-9999,-9999,-9999,-9999,-9999,-9999,-9999,-9999,-9999,-9999,-9999,-9999,-9999,-9999,-9999,-9999,-9999,-9999,-9999,-9999,-9999,-9999,-9999,-9999,-9999,-9999,-9999,-9999,-9999,-9999,-9999,-9999,-9999
-9999,-9999,-9999,-9999,-9999,-9999,-9999,-9999,-9999,-9999,-9999,-9999,-9999,-9999,-9999,-9999,-9999,-9999,-9999,-9999,-9999,-9999,-9999,-9999,-9999,-9999,-9999,-9999,-9999,-9999,-9999,-9999,-9999,-9999,-9999,-9999,-9999,-9999,-9999,-9999,-9999,-9999,-9999,-9999,-9999,-9999,-9999,-9999,-9999,-9999,-9999,-9999,-9999,-9999,-9999,1.55352068986758E-07,2.26598857011595E-07,3.25725977745606E-07,4.5571607643069E-07,6.17737725860934E-07,8.2794878153436E-07,1.15231136987859E-06,-9999,4.28932980867103E-06,1.14643371489365E-05,3.79401944883284E-06,3.53358541360649E-06,2.60163124039536E-05,2.6249916118104E-05,3.07934260490583E-06,2.97563519779942E-06,3.4250391763635E-05,4.33591194450855E-05,3.84633167413995E-05,3.38539139193017E-05,3.3369280572515E-05,2.58305426541483E-05,2.86580634565325E-05,4.78238034702372E-05,8.49176431074739E-05,0.000202573661226779,0.000310260220430791,0.000344281375873834,0.000344182131811976,0.000346903456375003,0.000349916401319206,0.000353240786353126,0.000357804645318538,0.000344677362591028,0.000181958501343615,7.73129067965783E-05,-9999,-9999,-9999,-9999,-9999,-9999,-9999,-9999,-9999,-9999,-9999,-9999,-9999,-9999,-9999,-9999,-9999,-9999,-9999,-9999,-9999,-9999,-9999,-9999,-9999,-9999,-9999,-9999,-9999,-9999,-9999,-9999,-9999,-9999,-9999,-9999,-9999,-9999,-9999,-9999
-9999,-9999,-9999,-9999,-9999,-9999,-9999,-9999,-9999,-9999,-9999,-9999,-9999,-9999,-9999,-9999,-9999,-9999,-9999,-9999,-9999,-9999,-9999,-9999,-9999,-9999,-9999,-9999,-9999,-9999,-9999,-9999,-9999,-9999,-9999,-9999,-9999,-9999,-9999,-9999,-9999,-9999,-9999,-9999,-9999,-9999,-9999,-9999,-9999,-9999,-9999,-9999,-9999,-9999,-9999,2.33045867048531E-07,3.42239701467406E-07,4.96350139655988E-07,6.94590198691003E-07,9.30186217829032E-07,1.21235302685818E-06,1.58042053044483E-06,2.10760890695383E-06,2.88743513010559E-06,3.98720794692053E-06,2.27317086682888E-05,3.92021829611622E-05,9.82926649157889E-05,0.000158356764586642,0.000227554701268673,0.000259336171438918,0.000231115307542495,0.000284304580418393,0.000316854013362899,0.000253951438935474,0.00024975129053928,0.000234804872889072,0.000251598219620064,0.000339782418450341,0.000347746215993538,0.000353363197064027,0.00035661255242303,0.000359199446393177,0.000360428413841873,0.00036113234818913,0.000362288759788498,0.000364104169420898,0.000366017775377259,0.000366647087503225,0.000365353538654745,0.00035934426705353,0.000298603670671582,7.10895110387355E-05,-9999,-9999,-9999,-9999,-9999,-9999,-9999,-9999,-9999,2.21860173041932E-05,2.21770314965397E-05,2.22079906961881E-05,-9999,-9999,-9999,-9999,-9999,-9999,-9999,-9999,-9999,-9999,-9999,-9999,-9999,-9999,-9999,-9999,-9999,-9999,-9999,-9999,-9999,-9999,-9999,-9999,-9999,-9999
-9999,-9999,-9999,-9999,-9999,-9999,-9999,-9999,-9999,-9999,-9999,-9999,-9999,-9999,-9999,-9999,-9999,-9999,-9999,-9999,-9999,-9999,-9999,-9999,-9999,-9999,-9999,-9999,-9999,-9999,-9999,1.09936081571504E-05,-9999,-9999,-9999,3.34916876454372E-05,-9999,-9999,-9999,-9999,-9999,-9999,-9999,-9999,-9999,-9999,-9999,-9999,-9999,-9999,-9999,-9999,-9999,-9999,-9999,-9999,-9999,3.37502569891512E-07,4.80338371744438E-07,6.69750193083019E-07,-9999,1.45966964737454E-06,2.04328739528137E-06,2.84194970845419E-06,3.93303480450413E-06,2.29610959650017E-05,4.08016458095517E-05,5.54140060557984E-05,3.41841805493459E-05,0.000186980265425518,0.00038428875268437,0.000402466394007206,0.000397863099351525,0.00039190286770463,0.000378531403839588,0.000368061853805557,0.000368756212992594,0.000368704320862889,0.000364203762728721,0.000361589336534962,0.000360379461199045,0.000360767502570525,0.000359059515176341,0.000358549994416535,0.000360282341716811,0.000361826358130202,0.000364128936780617,0.000367112865205854,0.000369140267139301,0.000369747926015407,0.000370433088392019,0.000363705155905336,0.000330210808897391,8.6361906141974E-05,-9999,-9999,-9999,-9999,-9999,-9999,-9999,-9999,3.00797109957784E-05,4.65584744233638E-05,3.0358864023583E-05,2.1780344468425E-05,2.19340909097809E-05,-9999,-9999,-9999,-9999,-9999,-9999,-9999,-9999,-9999,-9999,-9999,-9999,-9999,-9999,-9999,-9999,-9999,-9999,-9999,-9999,-9999,-9999,-9999,-9999
-9999,-9999,-9999,-9999,-9999,-9999,-9999,-9999,-9999,-9999,-9999,-9999,-9999,-9999,-9999,-9999,-9999,-9999,-9999,-9999,-9999,-9999,-9999,-9999,-9999,-9999,-9999,-9999,-9999,-9999,7.73268220655154E-06,1.48798981172149E-05,-9999,-9999,1.5549938325421E-05,2.65002327068942E-05,-9999,-9999,3.04775458062068E-05,5.42417546967044E-05,-9999,-9999,-9999,-9999,-9999,5.77666060053161E-06,-9999,-9999,-9999,-9999,-9999,-9999,-9999,-9999,-9999,-9999,-9999,-9999,-9999,-9999,-9999,2.08182336791651E-06,2.92961726700014E-06,4.13651332564768E-06,3.91535468224902E-06,2.23375063796993E-05,2.44501261477126E-05,2.33117825700901E-05,2.19083340198267E-05,0.000127589359181002,0.000390176457585767,0.000411413318943232,0.000407410261686891,0.000400120305130258,0.00039127457421273,0.000383259175578132,0.000376790878362954,0.000371226691640913,0.000367109023500234,0.000364064704626799,0.000361718644853681,0.000359829951776192,0.000356888747774065,0.000357843469828367,0.000359330151695758,0.000362308870535344,0.000364732550224289,0.000367869681213051,0.000370812078472227,0.0003725060087163,0.000373637216398492,0.000373178132576868,0.00036752744927071,0.000310396688291803,8.71484880917706E-05,-9999,-9999,-9999,-9999,-9999,3.53580107912421E-05,3.56457312591374E-05,6.76977724651806E-05,0.000100159057183191,7.59410759201273E-05,5.10732497787103E-05,3.36185330525041E-05,2.17134038393851E-05,-9999,-9999,-9999,-9999,-9999,-9999,-9999,-9999,-9999,-9999,-9999,-9999,-9999,-9999,-9999,-9999,-9999,-9999,-9999,-9999,-9999,-9999,-9999
-9999,-9999,-9999,-9999,-9999,-9999,-9999,-9999,-9999,-9999,-9999,-9999,-9999,-9999,-9999,-9999,-9999,-9999,-9999,-9999,-9999,-9999,-9999,1.79787839442724E-05,2.2868702217238E-05,-9999,-9999,-9999,-9999,1.86366596608423E-05,1.75920886249514E-05,7.03593650541734E-06,3.48452413163614E-05,3.68512792192632E-06,3.11830153805204E-05,5.47226227354258E-05,9.79634714894928E-05,4.27282284363173E-05,2.60462584265042E-05,-9999,2.66806237050332E-05,2.80400417977944E-05,-9999,-9999,6.13854863331653E-05,7.92003174865386E-06,4.59722650703043E-06,2.77829940387164E-06,-9999,-9999,-9999,-9999,-9999,-9999,-9999,-9999,-9999,1.16502151286113E-05,7.33458728063852E-06,-9999,-9999,-9999,4.16565399063984E-06,2.73530095000751E-05,2.61750701611163E-05,2.57749670709018E-05,2.46475647145417E-05,2.31165140576195E-05,3.01280633721035E-05,0.000185266093467362,0.000392846908653155,0.000412657333072275,0.00040759562398307,0.00040045942296274,0.00039187420043163,0.000383625330869108,0.000376854120986536,0.000370919675333425,0.000366536871297285,0.000363518833182752,0.000360518955858424,0.000345166627084836,0.000350228743627667,0.000356498232576996,0.000359306199243292,0.000361585291102529,0.000365138141205534,0.000368700595572591,0.000371785397874191,0.000373485992895439,0.000374491355614737,0.000374819210264832,0.000372799637261778,0.000356628763256595,0.000104350059700664,1.84077198355226E-05,2.66495703726832E-06,1.83120152996707E-06,2.77756612376834E-06,8.61015723785385E-05,0.000169896768056788,0.000220301444642246,0.000246214069193229,0.000210812213481404,0.000199890986550599,0.000152064691064879,9.16913704713807E-05,2.99038401863072E-05,2.17602610064205E-05,2.20558667933801E-05,-9999,-9999,-9999,-9999,-9999,-9999,-9999,-9999,-9999,-9999,-9999,-9999,-9999,-9999,-9999,-9999,-9999,-9999,-9999,-9999,-9999
-9999,-9999,-9999,-9999,-9999,-9999,-9999,-9999,-9999,-9999,-9999,-9999,-9999,-9999,-9999,-9999,-9999,-9999,-9999,-9999,-9999,-9999,2.69999654847197E-05,3.15960132866167E-05,2.13676667044638E-05,2.12948252737988E-05,2.33431765082059E-05,2.68777639576001E-05,5.04147501487751E-05,7.56605877541006E-05,5.68107570870779E-05,0.000133678244310431,0.000183559328434058,0.000197602843400091,0.000226954653044231,0.000196444016182795,0.000194926731637679,0.000177568654180504,0.000102500678622164,7.83531868364662E-05,2.55438098974992E-05,1.58602560986765E-05,1.34943229568307E-05,1.87391069630394E-05,5.80699270358309E-06,4.03362537326757E-06,3.78873892259435E-06,3.52400275005493E-06,2.21935943045537E-06,-9999,-9999,-9999,-9999,-9999,-9999,-9999,-9999,4.79205482406542E-05,4.25489342887886E-05,3.88345397368539E-05,-9999,-9999,2.70374821411679E-05,2.73385976470308E-05,2.6970568796969E-05,2.5907038434525E-05,2.42866881308146E-05,2.81033062492497E-05,9.16786739253439E-05,0.000259895838098601,0.000397958472603932,0.000413188157835975,0.000406569219194353,0.000399162876419723,0.000390507513657212,0.000381939578801394,0.000374793220544234,0.000368931796401739,0.000364270148565993,0.000361700309440494,0.000342015060596168,0.000179219598066993,0.000213300969335251,0.000297261052764952,0.000345351872965693,0.000360764213837683,0.000365029001841322,0.000369021203368902,0.000371898437151685,0.000373179180314764,0.000375162955606356,0.000376571202650666,0.000374012859538198,0.00034978412440978,0.000167828606208786,0.000135596346808597,1.09989014163148E-05,2.71675480689737E-06,0.000131738401250914,0.000305778376059607,0.00034039726597257,0.000361327169230208,0.000356744596501812,0.000345560343703255,0.000332410476403311,0.000273339479463175,0.000175068125827238,9.10321832634509E-05,3.32263844029512E-05,2.16880398511421E-05,-9999,-9999,-9999,-9999,-9999,-9999,-9999,-9999,-9999,-9999,-9999,-9999,-9999,-9999,-9999,-9999,-9999,-9999,-9999,-9999,-9999
-9999,-9999,-9999,-9999,-9999,-9999,-9999,-9999,-9999,-9999,-9999,-9999,-9999,-9999,-9999,-9999,-9999,-9999,-9999,-9999,-9999,-9999,2.67767627519788E-05,3.17256562993862E-05,2.66726437985199E-05,2.73805726465071E-05,0.000100683340860996,0.000200184833374806,0.000264147005509585,0.000232081190915778,0.000231161015108228,0.000185611905180849,0.000199372589122504,0.000228375633014366,0.00021224730880931,0.000241286426899023,0.000285516551230103,0.000283744157059118,0.000296056823572144,0.000262972433120012,0.000184223070391454,0.00011887562868651,4.91549581056461E-05,1.89328784472309E-05,9.50770208874019E-06,4.3515178731468E-06,4.35985975855147E-06,4.29370493293391E-06,2.8440681489883E-06,2.78887887361634E-06,2.78879065263027E-06,-9999,-9999,-9999,-9999,-9999,-9999,-9999,3.73597868019715E-05,3.32442432409152E-05,2.96344824164407E-05,2.65675898845075E-05,2.68923758994788E-05,2.69319989456562E-05,2.66692768491339E-05,2.53990929195425E-05,2.9485758204828E-05,9.41432008403353E-05,0.000252867088420317,0.000399142794776708,0.000418533367337659,0.000411584769608453,0.000403887679567561,0.000396164716221392,0.000387319683795795,0.000378801138140261,0.000372212671209127,0.000366987864254043,0.000362564373062924,0.000325231027090922,4.49990284323576E-06,2.47753860094235E-06,2.48752121478901E-06,2.49465983870323E-06,2.88579994958127E-05,0.000238348671700805,0.000356003671186045,0.000368267064914107,0.000371681235264987,0.00037406402407214,0.000376576703274623,0.000378381344489753,0.000376654177671298,0.00034789348137565,0.000355630822014064,0.00036908031324856,0.000326148176100105,0.000175213092006743,0.000354254269041121,0.000390053639421239,0.000395689450670034,0.000390990724554285,0.000380308425519615,0.000374061986804008,0.000365770829375833,0.000331752031343058,0.00024762240354903,0.00016155639605131,4.98745102959219E-05,2.10174730455037E-05,1.08083222585265E-05,-9999,-9999,-9999,-9999,-9999,-9999,-9999,-9999,-9999,-9999,-9999,-9999,-9999,-9999,-9999,-9999,-9999,-9999,-9999,-9999
-9999,-9999,-9999,-9999,-9999,-9999,-9999,-9999,-9999,-9999,-9999,-9999,-9999,-9999,-9999,-9999,-9999,-9999,-9999,-9999,-9999,-9999,2.59112093772274E-05,3.22520390909631E-05,5.04562849528156E-05,0.000230137738981284,0.000297327060252428,0.000328041292959824,0.000311616720864549,0.000247274321736768,0.000245811563218012,0.000275367114227265,0.000289480114588514,0.000303181644994766,0.000344716681865975,0.000342741142958403,0.000353965995600447,0.000364460342098027,0.000385662133339792,0.000360304140485823,0.000318945210892707,0.000199320769752376,0.000105356913991272,6.10775969107635E-05,5.2851733926218E-05,5.93100412515923E-05,5.21186739206314E-05,3.60118938260712E-05,3.70041107089492E-06,3.81490144718555E-06,3.86994133805274E-06,-9999,-9999,-9999,-9999,2.83727458736394E-05,2.89948147838004E-05,3.01099698845064E-05,3.12778283841908E-05,2.86975464405259E-05,3.17161648126785E-05,2.44483871938428E-05,2.08465553441783E-05,1.29167292470811E-05,3.59012956323568E-05,0.000118032257887535,5.54250182176474E-05,0.000306844478473067,0.00043067371007055,0.000424486992415041,0.000416466820752248,0.000408525665989146,0.000400516524678096,0.000392593181459233,0.000383132108254358,0.000376203068299219,0.000371832284145057,0.000348693080013618,2.48624564846978E-06,2.48770879807125E-06,2.49807726504514E-06,1.68340875461581E-06,1.69103736880061E-06,1.6970623164525E-06,2.53687630902277E-06,9.45012834563386E-06,0.000124053243780509,0.000326736917486414,0.000369054236216471,0.000374976109014824,0.000377823482267559,0.000379718956537545,0.000381766178179532,0.000384374288842082,0.000387265521567315,0.000390014203730971,0.000387594249332324,0.000389258610084653,0.00039772636955604,0.000404595222789794,0.000405955564929172,0.000401655765017495,0.000395865266909823,0.000390754110412672,0.000373691815184429,0.000358168967068195,0.000301256106467918,0.000233480022870935,0.00010655965161277,3.94514499930665E-05,4.70705072075361E-06,3.03256729239365E-06,-9999,-9999,-9999,-9999,-9999,-9999,-9999,-9999,-9999,-9999,-9999,-9999,-9999,-9999,-9999,-9999,-9999,-9999,-9999
-9999,-9999,-9999,-9999,-9999,-9999,-9999,-9999,-9999,-9999,-9999,-9999,-9999,-9999,-9999,-9999,-9999,-9999,-9999,-9999,-9999,2.35370280279312E-05,2.78435309155611E-05,0.000108003187051509,0.000295044737868011,0.000384545797714964,0.000383779522962868,0.000355414173100144,0.000309161783661693,0.000364303967216983,0.000361792335752398,0.000372549635358155,0.000370904075680301,0.000369427551049739,0.000391168345231563,0.000409636646509171,0.000416481721913442,0.000413783767726272,0.000427154824137688,0.000424043944803998,0.000413472764194012,0.000338698795530945,0.000131853186758235,8.26168688945472E-05,0.00010173751070397,9.25051717786118E-05,8.33210942801088E-05,8.42801455291919E-05,8.36811304907314E-05,6.03479966230225E-05,3.91813155147247E-05,2.65709968516603E-05,2.69108022621367E-05,2.7588706871029E-05,2.83009867416695E-05,2.6344812795287E-05,2.99230741802603E-05,2.66733259195462E-05,2.69955598923843E-05,3.04775821859948E-05,0.000123051475384273,0.000260553701082245,0.000126553990412503,3.54750955011696E-06,3.50206232724304E-06,3.37091069013695E-06,1.31138649521745E-05,0.000119888689368963,0.00043045828351751,0.00042289961129427,0.00041521035018377,0.000405049475375563,0.000396849180106074,0.0003408930497244,1.44375944728381E-05,2.5798938168009E-06,2.54317296821682E-06,2.52310610449058E-06,1.68509393461136E-06,1.68622671026242E-06,1.69169697983307E-06,1.14248746285739E-06,1.14892748115381E-06,1.15563670988195E-06,1.72981333435018E-06,2.57926353697258E-06,1.6654739738442E-05,0.00010958803613903,0.000301122083328664,0.000367390806786716,0.000377688236767426,0.000380183919332922,0.00038170866901055,0.000383811391657218,0.000387367006624117,0.000390802480978891,0.000393639144022018,0.000396595161873847,0.000400581629946828,0.000403746031224728,0.000403573299990967,0.000402439007302746,0.000400459597585723,0.000398377189412713,0.00039122297312133,0.000370160036254674,0.00034729004255496,0.000265519833192229,0.00015732241445221,8.72798045747913E-05,2.39999808400171E-05,2.96630355478555E-06,3.04864920508408E-06,5.84960434935056E-06,-9999,-9999,-9999,-9999,-9999,-9999,-9999,-9999,-9999,-9999,-9999,-9999,-9999,-9999,-9999,-9999,-9999
-9999,-9999,-9999,-9999,-9999,-9999,-9999,-9999,-9999,-9999,-9999,-9999,-9999,-9999,-9999,-9999,-9999,-9999,-9999,-9999,-9999,4.6528504753951E-05,0.000261311273789033,0.000382926315069199,0.000429336098022759,0.000407112907851115,0.000381653313525021,0.000366508436854929,0.000389038701541722,0.000418301584431902,0.000440926902228966,0.00043825147440657,0.000450761493993923,0.000460811337688938,0.000453331886092201,0.000470287719508633,0.000467507634311914,0.000460036069853231,0.000463784643216059,0.000462653319118544,0.000452150008641183,0.000441191135905683,0.000416225288063288,0.000374458264559507,0.000330727576510981,0.000264871981926262,0.000168134749401361,9.19246522244066E-05,0.000101241326774471,8.34663296700455E-05,6.17850237176754E-05,4.07393963541836E-05,3.6814028135268E-05,2.97957503789803E-05,2.98920731438557E-05,4.59948205389082E-05,4.11077417084016E-05,4.05414066335652E-05,6.23170271865092E-05,0.000272402190603316,0.000449399434728548,0.000490783422719687,0.000477892375783995,0.000151147120050155,3.35290746988903E-06,3.27328280036454E-06,3.14355065711425E-06,0.000439176248619333,0.000431334046879783,0.000423774647060782,0.000301257008686662,2.79043706541415E-06,2.74632316177303E-06,2.72170836979058E-06,-9999,-9999,-9999,-9999,-9999,-9999,-9999,7.75368675931531E-07,7.78295600412093E-07,1.17010881695023E-06,1.75100444721465E-06,2.61304853665933E-06,5.9173435147386E-06,3.61000566044822E-05,0.000144833029480651,0.000310124189127237,0.000371992908185348,0.000379447941668332,0.000381064193788916,0.00038411928107962,0.000386953674023971,0.000389707420254126,0.000392428599298,0.000395946786738932,0.000398776726797223,0.00040033258846961,0.00039998849388212,0.000398863572627306,0.000398998643504456,0.000400620599975809,0.0003971325349994,0.00038490243605338,0.000358796853106469,0.000310458883177489,0.000237205807934515,0.000142806326039135,7.77801178628579E-05,2.50711163971573E-05,1.69801351148635E-05,1.37473043650971E-05,1.84191103471676E-05,-9999,-9999,-9999,-9999,-9999,-9999,-9999,-9999,-9999,-9999,-9999,-9999,-9999,-9999,-9999,-9999
-9999,-9999,-9999,-9999,-9999,-9999,-9999,-9999,-9999,-9999,-9999,-9999,-9999,-9999,-9999,-9999,-9999,-9999,-9999,2.43676458921982E-05,6.59864163026214E-05,0.000366592343198135,0.000437410722952336,0.000437525275629014,0.000427392136771232,0.000444972858531401,0.000434096960816532,0.00043104580254294,0.000458277994766831,0.000459773524198681,0.000465710705611855,0.000471166655188426,0.000466055469587445,0.00045998758287169,0.00047031239955686,0.000474639469757676,0.000472096086014062,0.000465643621282652,0.000466724304715171,0.000467878096969798,0.00046668469440192,0.000462521624285728,0.000461032905150205,0.000452279607998207,0.000443217140855268,0.000421309669036418,0.000394635950215161,0.000368171400623396,0.000287062110146508,0.000190890568774194,8.16710307844914E-05,8.19130800664425E-05,9.03772961464711E-05,9.92568675428629E-05,0.000129927168018185,0.000193178944755346,0.000292156881187111,0.000320336024742573,0.000397833064198494,0.0004739451687783,0.000490627426188439,0.000490899081341922,0.000488395395223051,0.000488625548314303,1.20448976304033E-05,0.000461869145510718,0.000464717915747315,0.000446921476395801,0.000344561878591776,7.45934221413336E-06,2.91455671685981E-06,-9999,-9999,-9999,-9999,-9999,-9999,-9999,-9999,-9999,-9999,-9999,-9999,7.92401635862916E-07,1.18479169941565E-06,1.77289894054411E-06,2.6428474484419E-06,1.8184378859587E-05,7.38430244382471E-05,0.000207487231818959,0.000340683443937451,0.00037676194915548,0.000381438265321776,0.00038236627005972,0.000383778271498159,0.000386067287763581,0.000388652726542205,0.000391488487366587,0.000393583963159472,0.000394359085476026,0.000394080823753029,0.000392978225136176,0.000391708745155483,0.000392506830394268,0.000392451882362366,0.000385847204597667,0.000373588787624612,0.000354913849150762,0.00031858091824688,0.000219819121412002,0.000119394433568232,8.48981653689407E-05,5.33137863385491E-05,2.08334240596741E-05,2.02113897103118E-05,-9999,-9999,-9999,-9999,-9999,-9999,-9999,-9999,-9999,-9999,-9999,-9999,-9999,-9999,-9999,-9999
-9999,-9999,-9999,-9999,-9999,-9999,-9999,-9999,-9999,-9999,-9999,-9999,-9999,-9999,-9999,-9999,-9999,-9999,7.26975995348766E-05,0.000183006486622617,0.000415013637393713,0.00046821846626699,0.000468026264570653,0.000479204463772476,0.000483069074107334,0.000476034765597433,0.000498241919558495,0.00050399184692651,0.000497031782288104,0.000488816003780812,0.000480863876873627,0.000471577048301697,0.000463451258838177,0.000474206259241328,0.000472187442937866,0.000478971429402009,0.000476896675536409,0.000477635505376384,0.000472748593892902,0.000470257946290076,0.000468128506327048,0.000465718534542248,0.000464758952148259,0.000463950622361153,0.000461919407825917,0.000456151203252375,0.000449101877165958,0.000435245980042964,0.000412677094573155,0.000360630278009921,0.000227182667003945,0.000126669052406214,0.000162442665896378,0.00029702766914852,0.00035634046071209,0.000386316940421239,0.000388903863495216,0.000425573060056195,0.000471358187496662,0.000482789444504306,0.000483906653244048,0.000480796414194629,0.000477848050650209,0.000475627166451886,0.000470570987090468,0.000464698066934943,0.000439058669144288,6.5962349253823E-06,-9999,-9999,-9999,-9999,-9999,-9999,-9999,-9999,-9999,-9999,-9999,-9999,-9999,-9999,-9999,-9999,-9999,1.78637958470063E-06,2.66526944869838E-06,7.99035478848964E-06,3.67832471965812E-05,0.000123793157399632,0.00027158300508745,0.000365888350643218,0.00037950521800667,0.000381471298169345,0.000381297519197688,0.000381554535124451,0.000382992380764335,0.000385076913516968,0.00038632401265204,0.000386445346521214,0.000385217106668279,0.000383821898140013,0.000383302802219987,0.000383246515411884,0.000384033774025738,0.000380695011699572,0.000368983863154426,0.000353795592673123,0.000334851851221174,0.000294040568405762,0.000191773258848116,0.000117834068078082,4.6972963900771E-05,2.28786357183708E-05,2.03250401682453E-05,-9999,-9999,-9999,-9999,-9999,-9999,-9999,-9999,-9999,-9999,-9999,-9999,-9999,-9999,-9999,-9999
-9999,-9999,-9999,-9999,-9999,-9999,-9999,-9999,-9999,-9999,-9999,-9999,3.74550745618762E-06,1.10007058538031E-05,-9999,2.5118872144958E-05,5.29760000063106E-05,0.000198307301616296,0.000366565102012828,0.000444870791397989,0.00049833272350952,0.000512011407408863,0.000517494569066912,0.000516815867740661,0.000513210950884968,0.000513950537424535,0.000512532889842987,0.000507473188918084,0.000504431838635355,0.000497789587825537,0.000490464037284255,0.000485469092382118,0.000484099931782112,0.000483503652503714,0.000482063391245902,0.000482208502944559,0.00048058683751151,0.000478314643260092,0.0004745383921545,0.000470199011033401,0.000466099561890587,0.000462130061350763,0.000460184615803882,0.000459974718978629,0.00045974223758094,0.000458629103377461,0.00045681738993153,0.00045356311602518,0.000448474223958328,0.000437508220784366,0.000408183841500431,0.000344371976098046,0.000302604137687013,0.000328514870489016,0.000352459959685802,0.000382322992663831,0.000413026311434805,0.000460515671875328,0.0004738062270917,0.000471393490443006,0.000473391148261726,0.000473200401756912,0.000470984290586784,0.00046909975935705,0.000466860714368522,0.000466058991150931,5.19891455041943E-06,-9999,-9999,-9999,-9999,-9999,-9999,-9999,-9999,-9999,-9999,-9999,-9999,-9999,-9999,-9999,-9999,-9999,-9999,-9999,1.79696178292943E-06,2.67732025349687E-06,1.31187998704263E-05,5.86445712542627E-05,0.000178007263457403,0.000323413172736764,0.000374079740140587,0.000379631586838514,0.000380335346562788,0.000377876916900277,0.000377323856810108,0.000377883203327656,0.000377899879822508,0.000377371878130361,0.000375623698346317,0.000372941925888881,0.000371854694094509,0.000373287708498538,0.000374141935026273,0.000372616021195427,0.000366295775165781,0.000354889227310196,0.000342250714311376,0.000314687873469666,0.000231291152886115,0.000124463986139745,5.05407115269918E-05,2.47952157224063E-05,1.97354584088316E-05,-9999,-9999,-9999,-9999,-9999,-9999,-9999,-9999,-9999,-9999,-9999,-9999,-9999,-9999,-9999,-9999
-9999,-9999,-9999,-9999,-9999,-9999,-9999,-9999,-9999,-9999,3.65926757694979E-06,3.64573725164519E-06,3.64215952686209E-06,4.03791964345146E-05,9.78907337412238E-05,0.000258167827269062,0.000391601730370894,0.000453612068668008,0.000495127984322608,0.000516563595738262,0.000524239323567599,0.000524904869962484,0.000523586466442794,0.000521504844073206,0.000518900284077972,0.00051486399024725,0.000511020713020116,0.0005063870921731,0.00050120142986998,0.000495346437674016,0.000489623402245343,0.000484159943880513,0.000480243848869577,0.000478345609735698,0.000476738263387233,0.000476276851259172,0.000474996253615245,0.00047223933506757,0.000468423793790862,0.000464207696495578,0.000459864095319062,0.000455379369668663,0.000452430918812752,0.000451696047093719,0.000451437168521807,0.000450654537416995,0.000449588143965229,0.000448215869255364,0.000446632504463196,0.000445252808276564,0.000443735596491024,0.000441592041170225,0.000440295756561682,0.000440829375293106,0.000445092213340104,0.000456119392765686,0.000462696712929755,0.000466246739961207,0.000467718724394217,0.000465182907646522,0.000119008182082325,3.19286073136027E-06,3.21091397381679E-06,8.67427479533944E-06,0.000212440674658865,2.41217767324997E-05,-9999,-9999,-9999,-9999,-9999,-9999,-9999,-9999,-9999,-9999,-9999,-9999,-9999,-9999,-9999,-9999,-9999,-9999,-9999,-9999,-9999,1.8017054799202E-06,2.68041503659333E-06,1.36775361170294E-05,7.02617908245884E-05,0.000209924706723541,0.000346123619237915,0.000376380805391818,0.000376949843484908,0.000375395029550418,0.000371933943824843,0.000370251887943596,0.00036878339597024,0.000368137494660914,0.00036599999293685,0.000363215280231088,0.000360718026058748,0.000362210150342435,0.000363776256563142,0.000363100378308445,0.000358771387254819,0.000352213042788208,0.000338685465976596,0.000312017160467803,0.000254406011663377,0.000161819523782469,5.98013866692781E-05,2.67742143478245E-05,1.91059407370631E-05,-9999,-9999,-9999,-9999,-9999,-9999,-9999,-9999,-9999,-9999,-9999,-9999,-9999,-9999,-9999,-9999
-9999,-9999,-9999,-9999,-9999,-9999,-9999,-9999,2.49487929977477E-05,2.4874596419977E-05,5.85173393119476E-06,9.74602698988747E-06,7.07766012055799E-05,0.000318059086566791,0.000432274100603536,0.000472312472993508,0.000501507660374045,0.000516870408318937,0.000521673762705177,0.000525228446349502,0.000525673502124846,0.000524171628057957,0.000522126676514745,0.000518674671184272,0.00051475316286087,0.000509856967255473,0.000504200230352581,0.000498130451887846,0.000492477149236947,0.000486580858705565,0.000480908260215074,0.000475522363558412,0.000471370120067149,0.000470230297651142,0.000468777288915589,0.000467837497126311,0.000465705670649186,0.000462730356957763,0.000458840484498069,0.0004539932415355,0.000448732520453632,0.000443799566710368,0.00044096156489104,0.000440455274656415,0.000439896393800154,0.00043888675281778,0.000437722250353545,0.000436493195593357,0.000435294728958979,0.000434700195910409,0.000435131194535643,0.00043743010610342,0.000441078213043511,0.00044555714703165,0.000450568681117147,0.000454594352049753,0.00045750051504001,0.000460186274722219,0.000461621297290549,0.000460499286418781,0.000449662969913334,3.1587646844855E-06,-9999,-9999,-9999,-9999,-9999,-9999,-9999,-9999,-9999,-9999,-9999,-9999,-9999,-9999,-9999,-9999,-9999,-9999,-9999,-9999,-9999,-9999,-9999,-9999,-9999,-9999,1.80100448687881E-06,2.67631367023569E-06,4.75602882943349E-06,3.81669160560705E-05,0.000173429376445711,0.000334090553224087,0.000370526657206938,0.000372014939785004,0.000368380511645228,0.000363723404007033,0.000359893718268722,0.000358867429895326,0.000357110810000449,0.000355100899469107,0.000352837552782148,0.000351790338754654,0.000353309151250869,0.000353297800756991,0.000350670772604644,0.000346213462762535,0.000336178636644036,0.000316669931635261,0.000271383381914347,0.000177725349203683,6.37210978311487E-05,2.58909876720281E-05,1.84934524440905E-05,-9999,-9999,-9999,-9999,-9999,-9999,-9999,-9999,-9999,-9999,-9999,-9999,-9999,-9999,-9999,-9999
-9999,-9999,-9999,-9999,-9999,-9999,-9999,-9999,2.44374969042838E-05,2.77373110293411E-05,3.03583565255394E-05,0.000116736700874753,0.000426004990004003,0.000487136276206002,0.000500156660564244,0.000511702499352396,0.000521042093168944,0.000525328505318612,0.00052637531189248,0.000525280483998358,0.000523002061527222,0.000520397443324327,0.000516844156663865,0.000512368802446872,0.000507333897985518,0.000501658068969846,0.000494684441946447,0.000487244193209335,0.00048187660286203,0.000477303052321076,0.00047262103180401,0.000467806239612401,0.000464069365989417,0.000461799732875079,0.000460609328001738,0.000459248258266598,0.000457037473097444,0.000453687825938687,0.000449250219389796,0.000443671102402732,0.000438089307863265,0.00043293199269101,0.000429602339863777,0.000428317638579756,0.000426878512371331,0.000425454752985388,0.00042429513996467,0.000423671561293304,0.000423090124968439,0.000422836455982178,0.000423279299866408,0.000426252401666716,0.000430949468864128,0.00043665012344718,0.000442405726062134,0.000446784135419875,0.000449890532763675,0.000451759056886658,0.000453403044957668,0.000455023546237499,0.000436156231444329,3.14608178086928E-06,-9999,-9999,-9999,-9999,-9999,-9999,-9999,-9999,-9999,-9999,-9999,-9999,-9999,-9999,-9999,-9999,-9999,-9999,-9999,-9999,-9999,-9999,-9999,-9999,-9999,-9999,-9999,-9999,2.6666637040762E-06,2.65556172962533E-06,5.36361176273203E-06,5.33997445018031E-05,0.00026055087801069,0.000359251775080338,0.000363545026630163,0.000358967023203149,0.000353686249582097,0.000350455404259264,0.000348652392858639,0.000346468645147979,0.000344787491485476,0.000343520659953356,0.000343681604135782,0.000344033061992377,0.000341847946401685,0.000339624501066282,0.000332384777721018,0.000319293438224122,0.000288398325210437,0.000181991839781404,6.74893381074071E-05,2.22808321268531E-05,1.84090222319355E-05,-9999,-9999,-9999,-9999,-9999,-9999,-9999,-9999,-9999,-9999,-9999,-9999,-9999,-9999,-9999,-9999
-9999,-9999,-9999,-9999,-9999,-9999,2.55039012699854E-05,2.5125002139248E-05,2.4956556444522E-05,7.03814512235112E-05,0.00032756628934294,0.000454343477031216,0.000499821035191417,0.00051089352928102,0.000519359076861292,0.000523492286447436,0.000525702256709337,0.000525814713910222,0.000524394272360951,0.000521396403200924,0.000517071865033358,0.000512907688971609,0.00050899462075904,0.000503753311932087,0.000497425266075879,0.000492333143483847,0.000485531927552074,0.000478914676932618,0.000473442283691838,0.000468446989543736,0.000462940050056204,0.000459217582829297,0.000456529582152143,0.000454143097158521,0.00045235498691909,0.000450676801847294,0.000448376144049689,0.000445456651505083,0.000440977717516944,0.000435270980233327,0.000429324805736542,0.000424899917561561,0.000421028526034206,0.000418451090808958,0.000416365393903106,0.000415020098444074,0.000413858448155224,0.000412870023865253,0.00041343315388076,0.000413576111895964,0.000414355134125799,0.000417280069086701,0.000421556353103369,0.000427570077590644,0.000432722794357687,0.000437555048847571,0.000442123971879482,0.000444510427769274,0.000443504512077197,0.000214012034120969,3.11208714265376E-06,-9999,-9999,-9999,-9999,-9999,-9999,-9999,-9999,-9999,-9999,-9999,-9999,-9999,-9999,-9999,-9999,-9999,-9999,-9999,-9999,-9999,-9999,-9999,-9999,-9999,-9999,-9999,-9999,-9999,-9999,-9999,-9999,2.58926343121857E-06,7.20293382983073E-06,0.000119735283078626,0.00032392077264376,0.000352716131601483,0.000348946283338591,0.000343791063642129,0.000340067024808377,0.000338385347276926,0.000336634868290275,0.000335860124323517,0.000335276534315199,0.000335067044943571,0.000333190604578704,0.000330493290675804,0.000325405591866001,0.000317142257699743,0.000288698269287124,0.000204610216314904,9.29631059989333E-05,1.87744881259277E-05,-9999,-9999,-9999,-9999,-9999,-9999,-9999,-9999,-9999,-9999,-9999,-9999,-9999,-9999,-9999,-9999,-9999
-9999,-9999,-9999,-9999,-9999,-9999,2.53236739808926E-05,3.14981989504304E-05,0.000117451258120127,0.000394029542803764,0.000481349328765646,0.000505632197018713,0.000513617822434753,0.000517136882990599,0.000519486435223371,0.000521134468726814,0.000522705318871886,0.000522966380231082,0.000521048321388662,0.000516586762387305,0.000510373269207776,0.000505592965055257,0.000501972797792405,0.000496473396196961,0.000489886733703315,0.00048462807899341,0.000477942172437906,0.000471056613605469,0.000465728808194399,0.000460309092886746,0.000453282846137881,0.000450256426120177,0.000446871534222737,0.000443949276814237,0.000440073403296992,0.000438264454714954,0.000437547831097618,0.000436220347182825,0.000432696804637089,0.000428011844633147,0.000421155913500115,0.00041774520650506,0.00041413790313527,0.000411508459364995,0.000409900967497379,0.000409912783652544,0.000408920983318239,0.0004097156052012,0.000409766478696838,0.000411536660976708,0.00041200767736882,0.000415540765970945,0.000420445227064192,0.000346613436704502,0.000403687357902527,0.000347443594364449,9.60261604632251E-06,3.03545675706118E-06,3.05801563627028E-06,-9999,-9999,-9999,-9999,-9999,-9999,-9999,-9999,-9999,-9999,-9999,-9999,-9999,-9999,-9999,-9999,-9999,-9999,-9999,-9999,-9999,-9999,-9999,-9999,-9999,-9999,-9999,-9999,-9999,-9999,-9999,-9999,-9999,-9999,-9999,2.52732729677518E-06,2.48795981860894E-06,4.89610101794824E-05,0.000283153465716168,0.000341583479894325,0.000337734731147066,0.000332678871927783,0.000330171576933935,0.000329326838254929,0.000328335940139368,0.000327717658365145,0.00032626764732413,0.000323776825098321,0.000321090454235673,0.000317166181048378,0.000311786599922925,0.000293309567496181,0.000231382320635021,9.766714356374E-05,2.5124114472419E-05,2.03934632736491E-05,1.60530107677914E-05,-9999,-9999,-9999,-9999,-9999,-9999,-9999,-9999,-9999,-9999,-9999,-9999,-9999,-9999,-9999
-9999,-9999,-9999,-9999,3.28487403749023E-05,3.61891616194043E-05,2.54782862612046E-05,0.000108172032923903,0.000417784525780007,0.000494987354613841,0.000513150414917618,0.000514517480041832,0.000513945997226983,0.000514041050337255,0.000514825514983386,0.000516437343321741,0.000518384680617601,0.000519060762599111,0.000517220643814653,0.000512326369062066,0.000505309668369591,0.000500233669299632,0.000498026260174811,0.000490741396788508,0.000484593911096454,0.000479562644613907,0.000471838691737503,0.00046828348422423,0.000461999996332452,0.000456820533145219,0.000449179206043482,0.000444010074716061,0.00043932645348832,0.000439297931734473,0.000433086126577109,0.000433478824561462,0.000434281362686306,0.00043124842341058,0.000431739492341876,5.86778114666231E-05,0.000293053715722635,0.000239033732214011,0.000406332837883383,0.000289131770841777,0.00037238490767777,0.000404211314162239,0.000405493716243654,0.000216091400943696,6.9253335823305E-05,0.00019670209439937,2.77527069556527E-05,2.41300804191269E-05,2.86614840661059E-06,2.8878655484732E-06,-9999,-9999,-9999,-9999,-9999,-9999,-9999,-9999,-9999,-9999,-9999,-9999,-9999,-9999,-9999,-9999,-9999,-9999,-9999,-9999,-9999,-9999,-9999,-9999,-9999,-9999,-9999,-9999,-9999,-9999,-9999,-9999,-9999,-9999,-9999,-9999,-9999,-9999,-9999,-9999,-9999,1.63350887305569E-06,2.37901008404151E-06,7.65341828810051E-05,0.000315179117023945,0.000330992566887289,0.000325882254401222,0.000322680687531829,0.000322424864862114,0.000321251776767895,0.000319761747960001,0.000317501835525036,0.000314468343276531,0.000311608077026904,0.000308921880787238,0.000305079011013731,0.000292718905257061,0.000223269642447121,7.87844037404284E-05,1.53751934703905E-05,1.54287572513567E-05,1.11069111881079E-05,1.62381747941254E-05,-9999,-9999,-9999,-9999,-9999,-9999,-9999,-9999,-9999,-9999,-9999,-9999,-9999,-9999
-9999,-9999,-9999,-9999,2.61831992247608E-05,4.02110163122416E-05,6.046675844118E-05,0.00039873065543361,0.00050350115634501,0.000518713204655796,0.000517768727149814,0.000514168757945299,0.000511675025336444,0.000509594916366041,0.000508935598190874,0.00051002751570195,0.000512119091581553,0.000515161431394517,0.00051437970250845,0.00040007583447732,5.31048954144353E-06,3.43374199474056E-06,3.40419046551688E-06,3.36855259774893E-06,3.32996592078416E-06,3.29007184518559E-06,1.56446712935576E-05,3.20307731271896E-06,1.20282629723079E-05,3.11394796881359E-06,3.99111013393849E-05,0.000315256882458925,0.000417658680817112,0.000403892801841721,0.000431299529736862,0.000422873010393232,0.000429568608524278,0.000425285717938095,0.00012259092181921,2.93207654067373E-06,2.8962015221623E-06,2.86860699816316E-06,2.84630300484423E-06,2.82932387563051E-06,2.81597249340848E-06,2.80771268990065E-06,2.80366430160939E-06,-9999,-9999,-9999,-9999,-9999,-9999,-9999,-9999,-9999,-9999,-9999,-9999,-9999,-9999,-9999,-9999,-9999,-9999,-9999,-9999,-9999,-9999,-9999,-9999,-9999,-9999,-9999,-9999,-9999,-9999,-9999,-9999,-9999,-9999,-9999,-9999,-9999,-9999,-9999,-9999,-9999,-9999,-9999,-9999,-9999,-9999,-9999,-9999,-9999,2.31560898100724E-06,1.53753953782143E-05,0.000274372287094593,0.000321611645631492,0.000319333048537374,0.000314928125590086,0.000314333563437685,0.000312972959363833,0.000310935458401218,0.000308454211335629,0.000305075838696212,0.000302074942737818,0.000299626059131697,0.00029678680584766,0.000288401817670092,0.000240242326981388,0.000121366596431471,4.11122819059528E-05,7.37254777050111E-06,2.5283563445555E-05,1.54152803588659E-05,-9999,-9999,-9999,-9999,-9999,-9999,-9999,-9999,-9999,-9999,-9999,-9999,-9999,-9999
-9999,-9999,-9999,-9999,-9999,2.54358437814517E-05,0.000290484022116289,0.000500896363519132,0.000521481852047145,0.000521420559380203,0.000516611209604889,0.000511312216985971,0.000508602766785771,0.000505035975947976,0.000503682065755129,0.000506295764353126,0.000304598826915026,3.49229844687216E-06,3.50144614458259E-06,3.50308164343005E-06,-9999,-9999,-9999,-9999,-9999,-9999,-9999,-9999,-9999,-9999,-9999,-9999,-9999,1.11605459096609E-05,3.25026558130048E-05,2.80898311757483E-05,3.73792427126318E-05,2.97684937322629E-06,-9999,-9999,-9999,-9999,-9999,-9999,-9999,-9999,-9999,-9999,-9999,-9999,-9999,-9999,-9999,-9999,-9999,-9999,-9999,-9999,-9999,-9999,-9999,-9999,-9999,-9999,-9999,-9999,-9999,-9999,-9999,-9999,-9999,-9999,-9999,-9999,-9999,-9999,-9999,-9999,-9999,-9999,-9999,-9999,-9999,-9999,-9999,-9999,-9999,-9999,-9999,-9999,-9999,-9999,-9999,-9999,-9999,-9999,1.51869505771174E-06,2.20938977690821E-06,0.000233638522331603,0.000312492251396179,0.000311242911266163,0.00030696633621119,0.000306838832329959,0.00030395106296055,0.000301503401715308,0.00029900690424256,0.000296134181553498,0.000293463410343975,0.000290580268483609,0.000288264825940132,0.000284220121102408,0.000256929459283128,0.000167419406352565,4.92818362545222E-05,2.73437181022018E-05,1.67383714142488E-05,-9999,-9999,-9999,-9999,-9999,-9999,-9999,-9999,-9999,-9999,-9999,-9999,-9999,-9999,-9999
-9999,-9999,-9999,-9999,-9999,0.000100640609161928,0.000471744046080858,0.000521278998348862,0.000525360286701471,0.000521040870808065,0.000515176332555711,0.000509106030222028,0.000504475552588701,0.000501912902109325,0.000499731802847236,5.74264158785809E-05,3.48478647538286E-06,2.34397361964511E-06,-9999,-9999,-9999,-9999,-9999,-9999,-9999,-9999,-9999,-9999,-9999,-9999,-9999,-9999,-9999,-9999,-9999,-9999,-9999,-9999,-9999,-9999,-9999,-9999,-9999,-9999,-9999,-9999,-9999,-9999,-9999,-9999,-9999,-9999,-9999,-9999,-9999,-9999,-9999,-9999,-9999,-9999,-9999,-9999,-9999,-9999,-9999,-9999,-9999,-9999,-9999,-9999,-9999,-9999,-9999,-9999,-9999,-9999,-9999,-9999,-9999,-9999,-9999,-9999,-9999,-9999,-9999,-9999,-9999,-9999,-9999,-9999,-9999,-9999,-9999,-9999,-9999,-9999,-9999,2.13762973544362E-06,0.000176998335518874,0.00030403328128159,0.000303053267998621,0.000299499515676871,0.000298612139886245,0.000294737837975845,0.000291661825031042,0.000289282441372052,0.000287401751847938,0.000285269517917186,0.000282875029370189,0.00028045306680724,0.000276911567198113,0.00026521654217504,0.000191125174751505,9.62328194873407E-05,1.85791632247856E-05,1.35100508487085E-05,-9999,-9999,-9999,-9999,-9999,-9999,-9999,-9999,-9999,-9999,-9999,-9999,-9999,-9999,-9999
-9999,-9999,2.72563684120541E-05,2.68582734861411E-05,2.6094681743416E-05,0.000277753308182582,0.000513855193275958,0.000526662508491427,0.000525545503478497,0.000519570254255086,0.000513532955665141,0.000507562013808638,0.000503257382661104,0.000495852087624371,3.00058436550898E-05,3.4767890610965E-06,2.33899686463701E-06,-9999,-9999,-9999,-9999,-9999,-9999,-9999,-9999,-9999,-9999,-9999,-9999,-9999,-9999,-9999,-9999,-9999,-9999,-9999,-9999,-9999,-9999,-9999,-9999,-9999,-9999,-9999,-9999,-9999,-9999,-9999,-9999,-9999,-9999,-9999,-9999,-9999,-9999,-9999,-9999,-9999,-9999,-9999,-9999,-9999,-9999,-9999,-9999,-9999,-9999,-9999,-9999,-9999,-9999,-9999,-9999,-9999,-9999,-9999,-9999,-9999,-9999,-9999,-9999,-9999,-9999,-9999,-9999,-9999,-9999,-9999,-9999,-9999,-9999,-9999,-9999,-9999,-9999,-9999,-9999,2.08242045118823E-06,0.00010272170038661,0.000295886042295024,0.000296118640108034,0.000291748088784516,0.000288687122520059,0.000285808753687888,0.000281862448900938,0.000280319334706292,0.000279064057394862,0.000277567567536607,0.000275369442533702,0.000272901699645445,0.000270294665824622,0.000262570771155879,0.00023078742378857,0.000146049802424386,7.81063135946169E-05,1.77228266693419E-05,-9999,-9999,-9999,-9999,-9999,-9999,-9999,-9999,-9999,-9999,-9999,-9999,-9999,-9999,-9999
-9999,-9999,-9999,-9999,3.22083360515535E-05,0.000435708730947226,0.000522537564393133,0.000528051983565092,0.000524096481967717,0.000516728614456952,0.000511053251102567,0.00050649861805141,0.000503320479765534,4.33577988587786E-05,3.47213313034445E-06,2.33464766097313E-06,-9999,-9999,-9999,-9999,-9999,-9999,-9999,-9999,-9999,-9999,-9999,-9999,-9999,-9999,-9999,-9999,-9999,-9999,-9999,-9999,-9999,-9999,-9999,-9999,-9999,-9999,-9999,-9999,-9999,-9999,-9999,-9999,-9999,-9999,-9999,-9999,-9999,-9999,-9999,-9999,-9999,-9999,-9999,-9999,-9999,-9999,-9999,-9999,-9999,-9999,-9999,-9999,-9999,-9999,-9999,-9999,-9999,-9999,-9999,-9999,-9999,-9999,-9999,-9999,-9999,-9999,-9999,-9999,-9999,-9999,-9999,-9999,-9999,-9999,-9999,-9999,-9999,-9999,-9999,-9999,-9999,2.0350298655103E-06,5.37110499863047E-05,0.000287198374280706,0.0002882678527385,0.000285041955066845,0.000280750158708543,0.000277738028671592,0.000273336423560977,0.000271967146545649,0.000271649478236213,0.000270259188255295,0.000268011790467426,0.000265639333520085,0.000262634770479053,0.000258159154327586,0.000246151961619034,0.000213270061067306,0.000132439570734277,3.9368293073494E-05,-9999,-9999,-9999,-9999,-9999,-9999,-9999,-9999,-9999,-9999,-9999,-9999,-9999,-9999,-9999
-9999,-9999,-9999,-9999,6.82090176269412E-05,0.000473899563075975,0.000525073905009776,0.000527461466845125,0.000522079993970692,0.000513743259944022,0.000508771801833063,0.000505644828081131,0.000339663994964212,3.47043624060461E-06,2.33402920457593E-06,-9999,-9999,-9999,-9999,-9999,-9999,-9999,-9999,-9999,-9999,-9999,-9999,-9999,-9999,-9999,-9999,-9999,-9999,-9999,-9999,-9999,-9999,-9999,-9999,-9999,-9999,-9999,-9999,-9999,-9999,-9999,-9999,-9999,-9999,-9999,-9999,-9999,-9999,-9999,-9999,-9999,-9999,-9999,-9999,-9999,-9999,-9999,-9999,-9999,-9999,-9999,-9999,-9999,-9999,-9999,-9999,-9999,-9999,-9999,-9999,-9999,-9999,-9999,-9999,-9999,-9999,-9999,-9999,-9999,-9999,-9999,-9999,-9999,-9999,-9999,-9999,-9999,-9999,-9999,-9999,-9999,-9999,1.99216606233676E-06,2.1521567759919E-05,0.000276853214018047,0.000280021515209228,0.000278392893960699,0.000273502111667767,0.000269529467914253,0.000266142160398886,0.00026383445947431,0.000263491558143869,0.000261920678894967,0.000260373257333413,0.00025819952134043,0.000255554070463404,0.000252429366810247,0.000246847164817154,0.000235222789342515,0.000196834007510915,0.000105848579551093,1.4449250556936E-05,-9999,-9999,-9999,-9999,-9999,-9999,-9999,-9999,-9999,-9999,-9999,-9999,-9999,-9999
-9999,-9999,-9999,-9999,5.52808924112469E-05,0.000467140256660059,0.000524818140547723,0.00052599108312279,0.000519727007485926,0.000511637597810477,0.00050738692516461,0.000504631549119949,3.46245474247553E-06,2.33166247198824E-06,1.56739668000228E-06,-9999,-9999,-9999,-9999,-9999,-9999,-9999,-9999,-9999,-9999,-9999,-9999,-9999,-9999,-9999,-9999,-9999,-9999,-9999,-9999,-9999,-9999,-9999,-9999,-9999,-9999,-9999,-9999,-9999,-9999,-9999,-9999,-9999,-9999,-9999,-9999,-9999,-9999,-9999,-9999,-9999,-9999,-9999,-9999,-9999,-9999,-9999,-9999,-9999,-9999,-9999,-9999,-9999,-9999,-9999,-9999,-9999,-9999,-9999,-9999,-9999,-9999,-9999,-9999,-9999,-9999,-9999,-9999,-9999,-9999,-9999,-9999,-9999,-9999,-9999,-9999,-9999,-9999,-9999,-9999,-9999,-9999,1.29997727071895E-06,1.91615981748328E-06,0.000263019639533013,0.00027277521439828,0.000271482771495357,0.000267477182205766,0.000261847046203911,0.000258893764112145,0.000256467697909102,0.000254834740189835,0.00025377533165738,0.000252535042818636,0.000251010991632938,0.000248513912083581,0.000245420058490708,0.00024228313122876,0.000236592095461674,0.000218644068809226,0.000158243550686166,4.93972693220712E-05,1.12658808575361E-05,-9999,-9999,-9999,-9999,-9999,-9999,-9999,-9999,-9999,-9999,-9999,-9999,-9999
-9999,-9999,-9999,-9999,2.87779876089189E-05,0.000425328005803749,0.000522763293702155,0.000524923845659941,0.000519370194524527,0.000511466816533357,0.00050707533955574,0.000503107788972557,3.46342790180643E-06,2.33149785344722E-06,-9999,-9999,-9999,-9999,-9999,-9999,-9999,-9999,-9999,-9999,-9999,-9999,-9999,-9999,-9999,-9999,-9999,-9999,-9999,-9999,-9999,-9999,-9999,-9999,-9999,-9999,-9999,-9999,-9999,-9999,-9999,-9999,-9999,-9999,-9999,-9999,-9999,-9999,-9999,-9999,-9999,-9999,-9999,-9999,-9999,-9999,-9999,-9999,-9999,-9999,-9999,-9999,-9999,-9999,-9999,-9999,-9999,-9999,-9999,-9999,-9999,-9999,-9999,-9999,-9999,-9999,-9999,-9999,-9999,-9999,-9999,-9999,-9999,-9999,-9999,-9999,-9999,-9999,-9999,-9999,-9999,-9999,-9999,1.27681835238036E-06,1.86740157914755E-06,0.000249160686507821,0.000265696289716288,0.000264266680460423,0.00026179346605204,0.000256145111052319,0.000251648394623771,0.000249096541665494,0.000247373100137338,0.000247331714490429,0.000246136769419536,0.000244649476371706,0.000241977628320456,0.00023899924417492,0.00023649177455809,0.000232477294048294,0.000221029986278154,0.000194760898011737,0.000114326874609105,2.15117306652246E-05,1.54010704136454E-05,1.57499164288311E-06,-9999,-9999,-9999,-9999,-9999,-9999,-9999,-9999,-9999,-9999,-9999
-9999,-9999,-9999,-9999,2.57414885709295E-05,0.000230690289754421,0.000513238250277936,0.000525019713677466,0.000522201240528375,0.000516464293468744,0.000510439916979522,0.000506311713252217,7.6844371506013E-06,3.47628451891069E-06,-9999,-9999,-9999,-9999,-9999,-9999,-9999,-9999,-9999,-9999,-9999,-9999,-9999,-9999,-9999,-9999,-9999,-9999,-9999,-9999,-9999,-9999,-9999,-9999,-9999,-9999,-9999,-9999,-9999,-9999,-9999,-9999,-9999,-9999,-9999,-9999,-9999,-9999,-9999,-9999,-9999,-9999,-9999,-9999,-9999,-9999,-9999,-9999,-9999,-9999,-9999,-9999,-9999,-9999,-9999,-9999,-9999,-9999,-9999,-9999,-9999,-9999,-9999,-9999,-9999,-9999,-9999,-9999,-9999,-9999,-9999,-9999,-9999,-9999,-9999,-9999,-9999,-9999,-9999,-9999,-9999,-9999,-9999,-9999,1.81796269771439E-06,0.000238742795772851,0.000258792919339612,0.00025715830270201,0.000256403785897419,0.000251197488978505,0.000246336916461587,0.000244070164626464,0.000242713635088876,0.000241322268266231,0.000240421155467629,0.000238584223552607,0.000236291496548802,0.000233579252380878,0.000231243568123318,0.000228310425882228,0.000220025540329516,0.00020066840806976,0.00015114652342163,3.55396769009531E-05,1.22090059448965E-05,-9999,-9999,-9999,-9999,-9999,-9999,-9999,-9999,-9999,-9999,-9999,-9999
-9999,-9999,-9999,-9999,2.57841802522307E-05,0.000101074299891479,0.000476336310384795,0.000524200964719057,0.000523737515322864,0.000521001056768,0.000516084721311927,0.000510839396156371,0.000347037304891273,3.47385798704636E-06,-9999,-9999,-9999,-9999,-9999,-9999,-9999,-9999,-9999,-9999,-9999,-9999,-9999,-9999,-9999,-9999,-9999,-9999,-9999,-9999,-9999,-9999,-9999,-9999,-9999,-9999,-9999,-9999,-9999,-9999,-9999,-9999,-9999,-9999,-9999,-9999,-9999,-9999,-9999,-9999,-9999,-9999,-9999,-9999,-9999,-9999,-9999,-9999,-9999,-9999,-9999,-9999,-9999,-9999,-9999,-9999,-9999,-9999,-9999,-9999,-9999,-9999,-9999,-9999,-9999,-9999,-9999,-9999,-9999,-9999,-9999,-9999,-9999,-9999,-9999,-9999,-9999,-9999,-9999,-9999,-9999,-9999,-9999,-9999,1.78303582742956E-06,0.000214776140637696,0.000253083766438067,0.000251649005804211,0.000250966084422544,0.000247935618972406,0.000242608643020503,0.000238170716329478,0.000237016545725055,0.000234966675634496,0.000233921193284914,0.00023223680909723,0.000230728677706793,0.000228607328608632,0.000226532691158354,0.000223472306970507,0.00021730583102908,0.00020161914289929,0.0001742255553836,6.63617902318947E-05,1.20305012387689E-05,1.08092317532282E-05,1.09192260424607E-05,-9999,-9999,-9999,-9999,-9999,-9999,-9999,-9999,-9999,-9999
-9999,-9999,-9999,-9999,-9999,2.85065234493231E-05,0.000389944674680009,0.000521195586770773,0.000524563656654209,0.000523255614098161,0.000519792025443166,0.000513811246491969,0.000507903576362878,3.47523700838792E-06,-9999,-9999,-9999,-9999,-9999,-9999,-9999,-9999,-9999,-9999,-9999,-9999,-9999,-9999,-9999,-9999,-9999,-9999,-9999,-9999,-9999,-9999,-9999,-9999,-9999,-9999,-9999,-9999,-9999,-9999,-9999,-9999,-9999,-9999,-9999,-9999,-9999,-9999,-9999,-9999,-9999,-9999,-9999,-9999,-9999,-9999,-9999,-9999,-9999,-9999,-9999,-9999,-9999,-9999,-9999,-9999,-9999,-9999,-9999,-9999,-9999,-9999,-9999,-9999,-9999,-9999,-9999,-9999,-9999,-9999,-9999,-9999,-9999,-9999,-9999,-9999,-9999,-9999,-9999,-9999,-9999,-9999,-9999,-9999,1.75829109139158E-06,0.000170333791174926,0.000246312527451664,0.000247217190917581,0.000245923351030797,0.000243500384385698,0.000238295673625544,0.000232824386330321,0.0002315934834769,0.000229417841183022,0.000228546021389775,0.000226846634177491,0.00022554503811989,0.000223907671170309,0.000222003844100982,0.000219496083445847,0.000215477193705738,0.000207991513889283,0.000166349971550517,0.000101160228950903,3.77385113097262E-05,2.53670859819977E-05,1.5060661098687E-05,1.09818511191406E-05,-9999,-9999,-9999,-9999,-9999,-9999,-9999,-9999,-9999
-9999,-9999,-9999,-9999,-9999,5.82267921345192E-06,0.000275796686764807,0.000511609076056629,0.000525212788488716,0.000524960574693978,0.000522468762937933,0.000516518426593393,0.000509772915393114,3.48377921000065E-06,-9999,-9999,-9999,-9999,-9999,-9999,-9999,-9999,-9999,-9999,-9999,-9999,-9999,-9999,-9999,-9999,-9999,-9999,-9999,-9999,-9999,-9999,-9999,-9999,-9999,-9999,-9999,-9999,-9999,-9999,-9999,-9999,-9999,-9999,-9999,-9999,-9999,-9999,-9999,-9999,-9999,-9999,-9999,-9999,-9999,-9999,-9999,-9999,-9999,-9999,-9999,-9999,-9999,-9999,-9999,-9999,-9999,-9999,-9999,-9999,-9999,-9999,-9999,-9999,-9999,-9999,-9999,-9999,-9999,-9999,-9999,-9999,-9999,-9999,-9999,-9999,-9999,-9999,-9999,-9999,-9999,-9999,-9999,-9999,1.74291233179247E-06,5.65876434848178E-05,0.000238506152527407,0.000243041751673445,0.000241351473960094,0.000238748019910417,0.000234101782552898,0.000228954333579168,0.000226839067181572,0.000225496667553671,0.000223990471567959,0.000221756316022947,0.000220346992136911,0.000218890781980008,0.000217237597098574,0.000215631618630141,0.00021262324298732,0.000202902054297738,0.000171921608853154,0.000142286779009737,0.000111917586764321,9.35364951146767E-05,2.8006990760332E-05,1.07506057247519E-05,-9999,-9999,-9999,-9999,-9999,-9999,-9999,-9999,-9999
-9999,-9999,-9999,-9999,-9999,3.58613692696963E-06,0.000198848079890013,0.000511828111484647,0.000525514653418213,0.00052623578812927,0.000524534145370126,0.000518586952239275,0.000506422540638596,3.49405490851495E-06,-9999,-9999,-9999,-9999,-9999,-9999,-9999,-9999,-9999,-9999,-9999,-9999,-9999,-9999,-9999,-9999,-9999,-9999,-9999,-9999,-9999,-9999,-9999,-9999,-9999,-9999,-9999,-9999,-9999,-9999,-9999,-9999,-9999,-9999,-9999,-9999,-9999,-9999,-9999,-9999,-9999,-9999,-9999,-9999,-9999,-9999,-9999,-9999,-9999,-9999,-9999,-9999,-9999,-9999,-9999,-9999,-9999,-9999,-9999,-9999,-9999,-9999,-9999,-9999,-9999,-9999,-9999,-9999,-9999,-9999,-9999,-9999,-9999,-9999,-9999,-9999,-9999,-9999,-9999,-9999,-9999,-9999,-9999,-9999,-9999,1.68809356182464E-06,0.000231776037253439,0.000237690939684398,0.000237269516219385,0.000234312377870083,0.000229909492190927,0.000224616131163202,0.000222485614358447,0.000221310212509707,0.000219476671190932,0.00021745462436229,0.000215691106859595,0.000214374726056121,0.000212763960007578,0.000211385951843113,0.00020960287656635,0.000202672847080976,0.000194141859537922,0.000182389994733967,0.000155841466039419,9.84244252322242E-05,3.71357491530944E-05,1.05073895610985E-05,-9999,-9999,-9999,-9999,-9999,-9999,-9999,-9999,-9999
-9999,-9999,-9999,-9999,-9999,-9999,0.000121016739285551,0.00051392539171502,0.000525729323271662,0.000527214142493904,0.000525199400726706,0.000518238404765725,0.000513848965056241,-9999,-9999,-9999,-9999,-9999,-9999,-9999,-9999,-9999,-9999,-9999,-9999,-9999,-9999,-9999,-9999,-9999,-9999,-9999,-9999,-9999,-9999,-9999,-9999,-9999,-9999,-9999,-9999,-9999,-9999,-9999,-9999,-9999,-9999,-9999,-9999,-9999,-9999,-9999,-9999,-9999,-9999,-9999,-9999,-9999,-9999,-9999,-9999,-9999,-9999,-9999,-9999,-9999,-9999,-9999,-9999,-9999,-9999,-9999,-9999,-9999,-9999,-9999,-9999,-9999,-9999,-9999,-9999,-9999,-9999,-9999,-9999,-9999,-9999,-9999,-9999,-9999,-9999,-9999,-9999,-9999,-9999,-9999,-9999,-9999,-9999,1.66113159139059E-06,0.000215069114346988,0.000232854406931438,0.000233582395594567,0.000230930585530587,0.000226799587835558,0.000222039117943496,0.000219103065319359,0.000217366192373447,0.000215070831472985,0.000213154853554443,0.000211401144042611,0.000209826946957037,0.000208340949029662,0.000207084201974794,0.000206451426493004,0.000204683077754453,0.000200692709768191,0.000187372163054533,0.000162901007570326,0.000121789278637152,6.28992202109657E-05,1.28312049127999E-05,-9999,-9999,-9999,-9999,-9999,-9999,-9999,-9999,-9999
-9999,-9999,-9999,-9999,-9999,-9999,9.12694740691222E-05,0.000515071908012033,0.000527247495483607,0.000527764088474214,0.000524130475241691,0.000517149339430034,0.00050985167035833,-9999,-9999,-9999,-9999,-9999,-9999,-9999,-9999,-9999,-9999,-9999,-9999,-9999,-9999,-9999,-9999,-9999,-9999,-9999,-9999,-9999,-9999,-9999,-9999,-9999,-9999,-9999,-9999,-9999,-9999,-9999,-9999,-9999,-9999,-9999,-9999,-9999,-9999,-9999,-9999,-9999,-9999,-9999,-9999,-9999,-9999,-9999,-9999,-9999,-9999,-9999,-9999,-9999,-9999,-9999,-9999,-9999,-9999,-9999,-9999,-9999,-9999,-9999,-9999,-9999,-9999,-9999,-9999,-9999,-9999,-9999,-9999,-9999,-9999,-9999,-9999,-9999,-9999,-9999,-9999,-9999,-9999,-9999,-9999,-9999,-9999,1.63897198035556E-06,0.000141739583341405,0.000229253098950721,0.000230132151045837,0.000227404932957143,0.000223356895730831,0.000219225679757074,0.000215258289244957,0.000213943130802363,0.00021157437004149,0.000209589503356256,0.000207763951038942,0.000206318800337613,0.000204828669666313,0.000203596951905638,0.00020304300414864,0.00020233794930391,0.000199848291231319,0.000193277024663985,0.00017822983500082,0.000137469891342334,9.64093997026794E-05,2.41046891460428E-05,1.2633427104447E-05,1.01629057098762E-05,-9999,-9999,-9999,-9999,-9999,-9999,-9999
-9999,-9999,-9999,-9999,-9999,-9999,0.000145272351801395,0.000523833616171032,0.000529509386979043,0.000527577707543969,0.000522362301126122,0.000515672087203711,0.000468639424070716,-9999,-9999,-9999,-9999,-9999,-9999,-9999,-9999,-9999,-9999,-9999,-9999,-9999,-9999,-9999,-9999,-9999,-9999,-9999,-9999,-9999,-9999,-9999,-9999,-9999,-9999,-9999,-9999,-9999,-9999,-9999,-9999,-9999,-9999,-9999,-9999,-9999,-9999,-9999,-9999,-9999,-9999,-9999,-9999,-9999,-9999,-9999,-9999,-9999,-9999,-9999,-9999,-9999,-9999,-9999,-9999,-9999,-9999,-9999,-9999,-9999,-9999,-9999,-9999,-9999,-9999,-9999,-9999,-9999,-9999,-9999,-9999,-9999,-9999,-9999,-9999,-9999,-9999,-9999,-9999,-9999,-9999,-9999,-9999,-9999,-9999,1.61983928137488E-06,9.5299228632939E-06,0.000225843090447597,0.000225891970330849,0.000223624418140389,0.000219419569475576,0.000215280204429291,0.000211688966373913,0.000210096273804083,0.000208465819014236,0.000206529686693102,0.000204521624254994,0.000202941271709278,0.00020173192024231,0.0002008114970522,0.000199983638594858,0.000199695234186947,0.0001977410283871,0.000192847364814952,0.000181150040589273,0.000159789953613654,0.000113574591523502,4.32714768976439E-05,2.15402724279556E-05,1.56646347022615E-05,1.00335746537894E-05,-9999,-9999,-9999,-9999,-9999,-9999
-9999,-9999,-9999,-9999,-9999,-9999,-9999,-9999,-9999,-9999,-9999,-9999,-9999,-9999,-9999,-9999,-9999,-9999,-9999,-9999,-9999,-9999,-9999,-9999,-9999,-9999,-9999,-9999,-9999,-9999,-9999,-9999,-9999,-9999,-9999,-9999,-9999,-9999,-9999,-9999,-9999,-9999,-9999,-9999,-9999,-9999,-9999,-9999,-9999,-9999,-9999,-9999,-9999,-9999,-9999,-9999,-9999,-9999,-9999,-9999,-9999,-9999,-9999,-9999,-9999,-9999,-9999,-9999,-9999,-9999,-9999,-9999,-9999,-9999,-9999,-9999,-9999,-9999,-9999,-9999,-9999,-9999,-9999,-9999,-9999,-9999,-9999,-9999,-9999,-9999,-9999,-9999,-9999,-9999,-9999,-9999,-9999,-9999,-9999,-9999,1.55969860315963E-06,0.000216520522371866,0.000221550100832246,0.000219675595872104,0.00021596037549898,0.000211931081139483,0.000208248195121996,0.000206787910428829,0.000205803196877241,0.000203574993065558,0.000201711358386092,0.000200270558707416,0.000198821013327688,0.000198119232663885,0.000197424407815561,0.000197098968783394,0.000196505396161228,0.000193934538401663,0.00018671149155125,0.00016932631842792,0.000124190264614299,6.61932863295078E-05,4.29719257226679E-05,3.22385239996947E-05,1.72369491338031E-05,9.86530085356208E-06,-9999,-9999,-9999,-9999,-9999
-9999,-9999,-9999,-9999,-9999,-9999,-9999,-9999,-9999,-9999,-9999,-9999,-9999,-9999,-9999,-9999,-9999,-9999,-9999,-9999,-9999,-9999,-9999,-9999,-9999,-9999,-9999,-9999,-9999,-9999,-9999,-9999,-9999,-9999,-9999,-9999,-9999,-9999,-9999,-9999,-9999,-9999,-9999,-9999,-9999,-9999,-9999,-9999,-9999,-9999,-9999,-9999,-9999,-9999,-9999,-9999,-9999,-9999,-9999,-9999,-9999,-9999,-9999,-9999,-9999,-9999,-9999,-9999,-9999,-9999,-9999,-9999,-9999,-9999,-9999,-9999,-9999,-9999,-9999,-9999,-9999,-9999,-9999,-9999,-9999,-9999,-9999,-9999,-9999,-9999,-9999,-9999,-9999,-9999,-9999,-9999,-9999,-9999,-9999,-9999,1.53427481563995E-06,0.000163608303410001,0.000218096727621742,0.000215567401028238,0.000212353552342393,0.000208342637051828,0.00020446686539799,0.000203712654183619,0.000202887094928883,0.000200851907720789,0.000198643407202326,0.000197422108612955,0.000195888947928324,0.000195480271941051,0.000195187691133469,0.000195619199075736,0.000195315296878107,0.000193827683688141,0.000186228906386532,0.000167595499078743,0.000128561834571883,8.208990766434E-05,6.05384666414466E-05,3.51870767190121E-05,2.34742619795725E-05,1.09430584416259E-05,9.74855993263191E-06,-9999,-9999,-9999,-9999
-9999,-9999,-9999,-9999,-9999,-9999,-9999,-9999,-9999,-9999,-9999,-9999,-9999,-9999,-9999,-9999,-9999,-9999,-9999,-9999,-9999,-9999,-9999,-9999,-9999,-9999,-9999,-9999,-9999,-9999,-9999,-9999,-9999,-9999,-9999,-9999,-9999,-9999,-9999,-9999,-9999,-9999,-9999,-9999,-9999,-9999,-9999,-9999,-9999,-9999,-9999,-9999,-9999,-9999,-9999,-9999,-9999,-9999,-9999,-9999,-9999,-9999,-9999,-9999,-9999,-9999,-9999,-9999,-9999,-9999,-9999,-9999,-9999,-9999,-9999,-9999,-9999,-9999,-9999,-9999,-9999,-9999,-9999,-9999,-9999,-9999,-9999,-9999,-9999,-9999,-9999,-9999,-9999,-9999,-9999,-9999,-9999,-9999,-9999,-9999,1.51649066992832E-06,3.86658757633995E-06,0.000214899249840528,0.000211790393223055,0.000208854209631681,0.00020479183876887,0.000201465445570648,0.000200828522793017,0.000200016598682851,0.000198310895939358,0.000196145061636344,0.00019487360259518,0.000193378509720787,0.000192894964129664,0.000193081999896094,0.000193593004951254,0.000192620806046762,0.000190605744137429,0.000184945325599983,0.000165966208442114,0.00013773440150544,0.000104646736872382,7.57660891395062E-05,4.62241005152464E-05,2.57779047387885E-05,1.35400487124571E-05,9.67618325375952E-06,-9999,-9999,-9999,-9999
-9999,-9999,-9999,-9999,-9999,-9999,-9999,-9999,-9999,-9999,-9999,-9999,-9999,-9999,-9999,-9999,-9999,-9999,-9999,-9999,-9999,-9999,-9999,-9999,-9999,-9999,-9999,-9999,-9999,-9999,-9999,-9999,-9999,-9999,-9999,-9999,-9999,-9999,-9999,-9999,-9999,-9999,-9999,-9999,-9999,-9999,-9999,-9999,-9999,-9999,-9999,-9999,-9999,-9999,-9999,-9999,-9999,-9999,-9999,-9999,-9999,-9999,-9999,-9999,-9999,-9999,-9999,-9999,-9999,-9999,-9999,-9999,-9999,-9999,-9999,-9999,-9999,-9999,-9999,-9999,-9999,-9999,-9999,-9999,-9999,-9999,-9999,-9999,-9999,-9999,-9999,-9999,-9999,-9999,-9999,-9999,-9999,-9999,-9999,-9999,-9999,1.47232731251279E-06,0.000197080720681697,0.000207798322662711,0.000205199743504636,0.000201475922949612,0.000198766181711107,0.000197742177988403,0.000197154076886363,0.000195714659639634,0.00019337642879691,0.000192055973457173,0.000190739388926886,0.000190069418749772,0.000190255290362984,0.000191116123460233,0.000191793238627724,0.000191079190699384,0.000184645759873092,0.000167456528288312,0.000141150638228282,0.000120854259876069,8.63748864503577E-05,4.57862261100672E-05,2.82554519799305E-05,1.33739777083974E-05,9.48908018472139E-06,-9999,-9999,9.10452672542306E-06,9.08952461031731E-06
-9999,-9999,-9999,-9999,-9999,-9999,-9999,-9999,-9999,-9999,-9999,-9999,-9999,-9999,-9999,-9999,-9999,-9999,-9999,-9999,-9999,-9999,-9999,-9999,-9999,-9999,-9999,-9999,-9999,-9999,-9999,-9999,-9999,-9999,-9999,-9999,-9999,-9999,-9999,-9999,-9999,-9999,-9999,-9999,-9999,-9999,-9999,-9999,-9999,-9999,-9999,-9999,-9999,-9999,-9999,-9999,-9999,-9999,-9999,-9999,-9999,-9999,-9999,-9999,-9999,-9999,-9999,-9999,-9999,-9999,-9999,-9999,-9999,-9999,-9999,-9999,-9999,-9999,-9999,-9999,-9999,-9999,-9999,-9999,-9999,-9999,-9999,-9999,-9999,-9999,-9999,-9999,-9999,-9999,-9999,-9999,-9999,-9999,-9999,-9999,-9999,-9999,1.03085085356724E-05,0.000207768724067137,0.000202378127141856,0.00019929968402721,0.000196829569176771,0.00019582238746807,0.000194681619177572,0.000192740000784397,0.000190554565051571,0.000189286976819858,0.000188237871043384,0.000187789803021587,0.000187786077731289,0.000188463614904322,0.000188976060599089,0.000188081641681492,0.000181637864443474,0.000173586668097414,0.000156592534040101,0.000125110935186967,8.56913975439966E-05,5.41576591785997E-05,2.51788478635717E-05,1.46627016874845E-05,9.276296623284E-06,9.10322069103131E-06,9.06708191905636E-06,9.0378607637831E-06,1.00054812719463E-05
-9999,-9999,-9999,-9999,-9999,-9999,-9999,-9999,-9999,-9999,-9999,-9999,-9999,-9999,-9999,-9999,-9999,-9999,-9999,-9999,-9999,-9999,-9999,-9999,-9999,-9999,-9999,-9999,-9999,-9999,-9999,-9999,-9999,-9999,-9999,-9999,-9999,-9999,-9999,-9999,-9999,-9999,-9999,-9999,-9999,-9999,-9999,-9999,-9999,-9999,-9999,-9999,-9999,-9999,-9999,-9999,-9999,-9999,-9999,-9999,-9999,-9999,-9999,-9999,-9999,-9999,-9999,-9999,-9999,-9999,-9999,-9999,-9999,-9999,-9999,-9999,-9999,-9999,-9999,-9999,-9999,-9999,-9999,-9999,-9999,-9999,-9999,-9999,-9999,-9999,-9999,-9999,-9999,-9999,-9999,-9999,-9999,-9999,-9999,-9999,-9999,-9999,-9999,0.000143345474498346,0.000202983093913645,0.00019789527868852,0.000196322784177028,0.000194642809219658,0.000193369167391211,0.00019085691019427,0.000188536083442159,0.000186930643394589,0.000186024029972032,0.000185720302397385,0.000186034580110572,0.000186058663530275,0.000185795302968472,0.000184861448360607,0.000179813578142785,0.0001740321458783,0.000158799870405346,0.000129275329527445,9.63437560130842E-05,4.47435995738488E-05,2.22487906285096E-05,1.28312240121886E-05,1.0191838555329E-05,9.04749413166428E-06,1.00319020930328E-05,1.10475903056795E-05,9.03385953279212E-05
-9999,-9999,-9999,-9999,-9999,-9999,-9999,-9999,-9999,-9999,-9999,-9999,-9999,-9999,-9999,-9999,-9999,-9999,-9999,-9999,-9999,-9999,-9999,-9999,-9999,-9999,-9999,-9999,-9999,-9999,-9999,-9999,-9999,-9999,-9999,-9999,-9999,-9999,-9999,-9999,-9999,-9999,-9999,-9999,-9999,-9999,-9999,-9999,-9999,-9999,-9999,-9999,-9999,-9999,-9999,-9999,-9999,-9999,-9999,-9999,-9999,-9999,-9999,-9999,-9999,-9999,-9999,-9999,-9999,-9999,-9999,-9999,-9999,-9999,-9999,-9999,-9999,-9999,-9999,-9999,-9999,-9999,-9999,-9999,-9999,-9999,-9999,-9999,-9999,-9999,-9999,-9999,-9999,-9999,-9999,-9999,-9999,-9999,-9999,-9999,-9999,-9999,-9999,1.3947864090369E-06,0.00014232040848583,0.000202488270588219,0.000197539455257356,0.00019513072038535,0.000193178639165126,0.000190474936971441,0.000188061472726986,0.000186484103323892,0.000185559096280485,0.000184906093636528,0.000184360484126955,0.000183951196959242,0.000182442905497737,0.000180002010893077,0.000178296962985769,0.000165854740771465,0.000146333739394322,0.000106499537650961,5.74490550206974E-05,1.77777255885303E-05,1.13308869913453E-05,1.12393099698238E-05,1.25136702990858E-05,1.24194384625298E-05,2.10067773878109E-05,0.000181755720404908,0.000183832089533098
-9999,-9999,-9999,-9999,-9999,-9999,-9999,-9999,-9999,-9999,-9999,-9999,-9999,-9999,-9999,-9999,-9999,-9999,-9999,-9999,-9999,-9999,-9999,-9999,-9999,-9999,-9999,-9999,-9999,-9999,-9999,-9999,-9999,-9999,-9999,-9999,-9999,-9999,-9999,-9999,-9999,-9999,-9999,-9999,-9999,-9999,-9999,-9999,-9999,-9999,-9999,-9999,-9999,-9999,-9999,-9999,-9999,-9999,-9999,-9999,-9999,-9999,-9999,-9999,-9999,-9999,-9999,-9999,-9999,-9999,-9999,-9999,-9999,-9999,-9999,-9999,-9999,-9999,-9999,-9999,-9999,-9999,-9999,-9999,-9999,-9999,-9999,-9999,-9999,-9999,-9999,-9999,-9999,-9999,-9999,-9999,-9999,-9999,-9999,-9999,-9999,-9999,-9999,-9999,1.37862480187323E-06,1.37102335884265E-06,0.000186567442142405,0.0001972774771275,0.000192797888303176,0.000190409933566116,0.000188180420082062,0.00018671051657293,0.000174818036612123,0.000145523546962067,0.000181982875801623,0.000176337169250473,0.0001490774739068,0.000124570040497929,0.000115080911200494,9.87517123576254E-05,5.17195512657054E-05,1.94166423170827E-05,1.00303695944604E-05,8.93042397365207E-06,1.54357658175286E-05,2.59600310528185E-05,9.51494366745465E-05,0.000180816248757765,0.000183622323675081,0.000184463162440807,0.000182174364454113
-9999,-9999,-9999,-9999,-9999,-9999,-9999,-9999,-9999,-9999,-9999,-9999,-9999,-9999,-9999,-9999,-9999,-9999,-9999,-9999,-9999,-9999,-9999,-9999,-9999,-9999,-9999,-9999,-9999,-9999,-9999,-9999,-9999,-9999,-9999,-9999,-9999,-9999,-9999,-9999,-9999,-9999,-9999,-9999,-9999,-9999,-9999,-9999,-9999,-9999,-9999,-9999,-9999,-9999,-9999,-9999,-9999,-9999,-9999,-9999,-9999,-9999,-9999,-9999,-9999,-9999,-9999,-9999,-9999,-9999,-9999,-9999,-9999,-9999,-9999,-9999,-9999,-9999,-9999,-9999,-9999,-9999,-9999,-9999,-9999,-9999,-9999,-9999,-9999,-9999,-9999,-9999,-9999,-9999,-9999,-9999,-9999,-9999,-9999,-9999,-9999,-9999,-9999,-9999,-9999,-9999,1.35241111820505E-06,6.74633110975265E-06,0.000195948130567558,0.00019279531261418,0.000189451602636836,0.000187487443326972,0.000177906957105733,0.000178274858626537,0.000169734877999872,0.000132684552227147,9.66891966527328E-05,5.96841382503044E-05,2.35181341849966E-05,3.50169138982892E-05,2.1104226107127E-05,2.8550268325489E-05,9.45866195252165E-05,0.000179985203430988,0.00018226052634418,0.000183740048669279,0.000183978612767532,0.000182707488420419,0.000181540643097833,0.00017451609892305,9.07004796317779E-05
-9999,-9999,-9999,-9999,-9999,-9999,-9999,-9999,-9999,-9999,-9999,-9999,-9999,-9999,-9999,-9999,-9999,-9999,-9999,-9999,-9999,-9999,-9999,-9999,-9999,-9999,-9999,-9999,-9999,-9999,-9999,-9999,-9999,-9999,-9999,-9999,-9999,-9999,-9999,-9999,-9999,-9999,-9999,-9999,-9999,-9999,-9999,-9999,-9999,-9999,-9999,-9999,-9999,-9999,-9999,-9999,-9999,-9999,-9999,-9999,-9999,-9999,-9999,-9999,-9999,-9999,-9999,-9999,-9999,-9999,-9999,-9999,-9999,-9999,-9999,-9999,-9999,-9999,-9999,-9999,-9999,-9999,-9999,-9999,-9999,-9999,-9999,-9999,-9999,-9999,-9999,-9999,-9999,-9999,-9999,-9999,-9999,-9999,-9999,-9999,-9999,-9999,-9999,-9999,-9999,-9999,-9999,-9999,1.32181219214544E-06,5.33673119207378E-06,0.000187190278666094,0.000191735671251081,0.000189959871931933,0.000188620368135162,0.000186933510121889,0.000185432843863964,0.000183839001692832,0.000183262949576601,0.000182812524144538,0.000182283518370241,0.000182072137249634,0.000183031952474266,0.000183833617484197,0.000183509720955044,0.000182600371772423,0.000181998024345376,0.000179923401447013,0.000168812126503326,0.000100823468528688,7.01337376085576E-06,-9999
-9999,-9999,-9999,-9999,-9999,-9999,-9999,-9999,-9999,-9999,-9999,-9999,-9999,-9999,-9999,-9999,-9999,-9999,-9999,-9999,-9999,-9999,-9999,-9999,-9999,-9999,-9999,-9999,-9999,-9999,-9999,-9999,-9999,-9999,-9999,-9999,-9999,-9999,-9999,-9999,-9999,-9999,-9999,-9999,-9999,-9999,-9999,-9999,-9999,-9999,-9999,-9999,-9999,-9999,-9999,-9999,-9999,-9999,-9999,-9999,-9999,-9999,-9999,-9999,-9999,-9999,-9999,-9999,-9999,-9999,-9999,-9999,-9999,-9999,-9999,-9999,-9999,-9999,-9999,-9999,-9999,-9999,-9999,-9999,-9999,-9999,-9999,-9999,-9999,-9999,-9999,-9999,-9999,-9999,-9999,-9999,-9999,-9999,-9999,-9999,-9999,-9999,-9999,-9999,-9999,-9999,-9999,-9999,-9999,-9999,1.30687737964763E-06,1.30230773720541E-06,1.29645434299164E-06,1.28915326058632E-06,5.31502701051068E-06,7.44162161936401E-06,1.26254599308595E-06,1.25331166600517E-06,1.24657412925444E-06,2.37380731960002E-06,7.57364614401013E-06,3.31574301526416E-05,6.86202984070405E-05,7.54513384890743E-05,1.73371881828643E-05,1.25216354263102E-06,1.25409087559092E-06,1.25504777770402E-06,-9999,-9999,-9999
-9999,-9999,-9999,-9999,-9999,-9999,-9999,-9999,-9999,-9999,-9999,-9999,-9999,-9999,-9999,-9999,-9999,-9999,-9999,-9999,-9999,-9999,-9999,-9999,-9999,-9999,-9999,-9999,-9999,-9999,-9999,-9999,-9999,-9999,-9999,-9999,-9999,-9999,-9999,-9999,-9999,-9999,-9999,-9999,-9999,-9999,-9999,-9999,-9999,-9999,-9999,-9999,-9999,-9999,-9999,-9999,-9999,-9999,-9999,-9999,-9999,-9999,-9999,-9999,-9999,-9999,-9999,-9999,-9999,-9999,-9999,-9999,-9999,-9999,-9999,-9999,-9999,-9999,-9999,-9999,-9999,-9999,-9999,-9999,-9999,-9999,-9999,-9999,-9999,-9999,-9999,-9999,-9999,-9999,-9999,-9999,-9999,-9999,-9999,-9999,-9999,-9999,-9999,-9999,-9999,-9999,-9999,-9999,-9999,-9999,-9999,-9999,-9999,-9999,-9999,-9999,-9999,-9999,-9999,-9999,-9999,-9999,-9999,-9999,-9999,-9999,-9999,-9999,-9999,-9999,-9999
-9999,-9999,-9999,-9999,-9999,-9999,-9999,-9999,-9999,-9999,-9999,-9999,-9999,-9999,-9999,-9999,-9999,-9999,-9999,-9999,-9999,-9999,-9999,-9999,-9999,-9999,-9999,-9999,-9999,-9999,-9999,-9999,-9999,-9999,-9999,-9999,-9999,-9999,-9999,-9999,-9999,-9999,-9999,-9999,-9999,-9999,-9999,-9999,-9999,-9999,-9999,-9999,-9999,-9999,-9999,-9999,-9999,-9999,-9999,-9999,-9999,-9999,-9999,-9999,-9999,-9999,-9999,-9999,-9999,-9999,-9999,-9999,-9999,-9999,-9999,-9999,-9999,-9999,-9999,-9999,-9999,-9999,-9999,-9999,-9999,-9999,-9999,-9999,-9999,-9999,-9999,-9999,-9999,-9999,-9999,-9999,-9999,-9999,-9999,-9999,-9999,-9999,-9999,-9999,-9999,-9999,-9999,-9999,-9999,-9999,-9999,-9999,-9999,-9999,-9999,-9999,-9999,-9999,-9999,-9999,-9999,-9999,-9999,-9999,-9999,-9999,-9999,-9999,-9999,-9999,-9999

Step,301
Year,25.08333
-9999,-9999,-9999,-9999,-9999,-9999,-9999,-9999,-9999,-9999,-9999,-9999,-9999,-9999,-9999,-9999,-9999,-9999,-9999,-9999,-9999,-9999,-9999,-9999,-9999,-9999,-9999,-9999,-9999,-9999,-9999,-9999,-9999,-9999,-9999,-9999,-9999,-9999,-9999,-9999,-9999,-9999,-9999,-9999,-9999,-9999,-9999,-9999,-9999,-9999,-9999,-9999,-9999,-9999,-9999,-9999,-9999,-9999,-9999,-9999,-9999,-9999,-9999,-9999,-9999,-9999,-9999,-9999,-9999,-9999,-9999,-9999,-9999,-9999,-9999,-9999,-9999,-9999,-9999,-9999,-9999,-9999,-9999,-9999,-9999,-9999,-9999,-9999,-9999,-9999,-9999,-9999,-9999,-9999,-9999,-9999,-9999,-9999,-9999,-9999,-9999,-9999,-9999,-9999,-9999,-9999,-9999,-9999,-9999,-9999,-9999,-9999,-9999,-9999,-9999,-9999,-9999,-9999,-9999,-9999,-9999,-9999,-9999,-9999,-9999,-9999,-9999,-9999,-9999,-9999,-9999
-9999,-9999,-9999,-9999,-9999,-9999,-9999,-9999,-9999,-9999,-9999,-9999,-9999,-9999,-9999,-9999,-9999,-9999,-9999,-9999,-9999,-9999,-9999,-9999,-9999,-9999,-9999,-9999,-9999,-9999,-9999,-9999,-9999,-9999,-9999,-9999,-9999,-9999,-9999,-9999,-9999,-9999,-9999,-9999,-9999,-9999,-9999,-9999,-9999,-9999,-9999,-9999,-9999,-9999,-9999,-9999,-9999,-9999,-9999,-9999,-9999,-9999,-9999,-9999,-9999,-9999,-9999,-9999,-9999,-9999,-9999,-9999,-9999,-9999,-9999,-9999,-9999,-9999,-9999,-9999,-9999,-9999,-9999,-9999,-9999,-9999,-9999,-9999,-9999,-9999,-9999,-9999,-9999,-9999,-9999,-9999,-9999,-9999,-9999,-9999,-9999,-9999,-9999,-9999,-9999,-9999,-9999,-9999,-9999,-9999,-9999,-9999,-9999,-9999,-9999,-9999,-9999,-9999,-9999,-9999,-9999,-9999,-9999,-9999,-9999,-9999,-9999,-9999,-9999,-9999,-9999
-9999,-9999,-9999,-9999,-9999,-9999,-9999,-9999,-9999,-9999,-9999,-9999,-9999,-9999,-9999,-9999,-9999,-9999,-9999,-9999,-9999,-9999,-9999,-9999,-9999,-9999,-9999,-9999,-9999,-9999,-9999,-9999,-9999,-9999,-9999,-9999,-9999,-9999,-9999,-9999,-9999,-9999,-9999,-9999,-9999,-9999,-9999,-9999,-9999,-9999,-9999,-9999,-9999,-9999,-9999,-9999,-9999,-9999,-9999,-9999,-9999,-9999,-9999,-9999,-9999,-9999,-9999,-9999,-9999,-9999,-9999,-9999,-9999,-9999,1.18866557841102E-06,1.76692583409022E-06,-9999,-9999,-9999,-9999,-9999,-9999,-9999,-9999,-9999,-9999,-9999,-9999,-9999,-9999,-9999,-9999,-9999,-9999,-9999,-9999,-9999,-9999,-9999,-9999,-9999,-9999,-9999,-9999,-9999,-9999,-9999,-9999,-9999,-9999,-9999,-9999,-9999,-9999,-9999,-9999,-9999,-9999,-9999,-9999,-9999,-9999,-9999,-9999,-9999,-9999,-9999,-9999,-9999,-9999,-9999
-9999,-9999,-9999,-9999,-9999,-9999,-9999,-9999,-9999,-9999,-9999,-9999,-9999,-9999,-9999,-9999,-9999,-9999,-9999,-9999,-9999,-9999,-9999,-9999,-9999,-9999,-9999,-9999,-9999,-9999,-9999,-9999,-9999,-9999,-9999,-9999,-9999,-9999,-9999,-9999,-9999,-9999,-9999,-9999,-9999,-9999,-9999,-9999,-9999,-9999,-9999,-9999,-9999,-9999,-9999,-9999,-9999,-9999,-9999,-9999,-9999,-9999,-9999,-9999,-9999,-9999,-9999,-9999,-9999,-9999,-9999,-9999,-9999,-9999,1.70056875958835E-06,2.51681649388047E-06,-9999,-9999,-9999,-9999,-9999,-9999,-9999,-9999,-9999,-9999,-9999,-9999,-9999,-9999,-9999,-9999,-9999,-9999,-9999,-9999,-9999,-9999,-9999,-9999,-9999,-9999,-9999,-9999,-9999,-9999,-9999,-9999,-9999,-9999,-9999,-9999,-9999,-9999,-9999,-9999,-9999,-9999,-9999,-9999,-9999,-9999,-9999,-9999,-9999,-9999,-9999,-9999,-9999,-9999,-9999
-9999,-9999,-9999,-9999,-9999,-9999,-9999,-9999,-9999,-9999,-9999,-9999,-9999,-9999,-9999,-9999,-9999,-9999,-9999,-9999,-9999,-9999,-9999,-9999,-9999,-9999,-9999,-9999,-9999,-9999,-9999,-9999,-9999,-9999,-9999,-9999,-9999,-9999,-9999,-9999,-9999,-9999,-9999,-9999,-9999,-9999,-9999,-9999,-9999,-9999,-9999,-9999,-9999,-9999,-9999,-9999,1.34201698642755E-07,1.93177214669049E-07,2.72280914259682E-07,3.8277264025055E-07,-9999,-9999,-9999,-9999,-9999,2.11971632779751E-06,2.03699937628699E-06,2.87113675767614E-06,2.78490438176959E-06,1.79563335223065E-06,2.56471139437053E-06,1.27729717860348E-05,1.71269693964859E-05,1.69640443345997E-05,2.40271401708014E-06,1.23436793728615E-05,1.59912888193503E-05,-9999,-9999,1.5263220120687E-05,2.36743471759837E-05,2.07576940738363E-05,2.11069873330416E-05,5.43175628990866E-05,7.23507037037052E-05,6.6148946643807E-05,6.63552200421691E-05,4.05768478231039E-05,1.91307972272625E-05,-9999,-9999,-9999,-9999,-9999,-9999,-9999,-9999,-9999,-9999,-9999,-9999,-9999,-9999,-9999,-9999,-9999,-9999,-9999,-9999,-9999,-9999,-9999,-9999,-9999,-9999,-9999,-9999,-9999,-9999,-9999,-9999,-9999,-9999,-9999,-9999,-9999,-9999,-9999,-9999,-9999,-9999
-9999,-9999,-9999,-9999,-9999,-9999,-9999,-9999,-9999,-9999,-9999,-9999,-9999,-9999,-9999,-9999,-9999,-9999,-9999,-9999,-9999,-9999,-9999,-9999,-9999,-9999,-9999,-9999,-9999,-9999,-9999,-9999,-9999,-9999,-9999,-9999,-9999,-9999,-9999,-9999,-9999,-9999,-9999,-9999,-9999,-9999,-9999,-9999,-9999,-9999,-9999,-9999,-9999,-9999,-9999,1.40037158757877E-07,2.03627735118062E-07,2.91276450070654E-07,4.0479716290065E-07,5.44354293197102E-07,7.21588776286808E-07,9.967398000299E-07,-9999,3.60508897756517E-06,9.62763715506298E-06,3.17862031806726E-06,2.95833774544008E-06,2.17825345316669E-05,2.19809226109646E-05,2.58379600381886E-06,2.50147763836139E-06,2.88394003291614E-05,3.65287596650887E-05,3.24291504512075E-05,2.85823989543132E-05,2.82147339021321E-05,2.18832865357399E-05,2.4351526008104E-05,4.07663901569322E-05,7.25896607036702E-05,0.000173560620169155,0.000266303133685142,0.00029598522814922,0.000296235055429861,0.000298880506306887,0.000301742838928476,0.000304799963487312,0.000308923568809405,0.000297768972814083,0.000157299873535521,6.68706707074307E-05,-9999,-9999,-9999,-9999,-9999,-9999,-9999,-9999,-9999,-9999,-9999,-9999,-9999,-9999,-9999,-9999,-9999,-9999,-9999,-9999,-9999,-9999,-9999,-9999,-9999,-9999,-9999,-9999,-9999,-9999,-9999,-9999,-9999,-9999,-9999,-9999,-9999,-9999,-9999,-9999
-9999,-9999,-9999,-9999,-9999,-9999,-9999,-9999,-9999,-9999,-9999,-9999,-9999,-9999,-9999,-9999,-9999,-9999,-9999,-9999,-9999,-9999,-9999,-9999,-9999,-9999,-9999,-9999,-9999,-9999,-9999,-9999,-9999,-9999,-9999,-9999,-9999,-9999,-9999,-9999,-9999,-9999,-9999,-9999,-9999,-9999,-9999,-9999,-9999,-9999,-9999,-9999,-9999,-9999,-9999,2.10100367326049E-07,3.07638174490421E-07,4.43924079718272E-07,6.17103751210379E-07,8.19671356566687E-07,1.05491392332624E-06,1.35749496621429E-06,1.79151857082616E-06,2.43494969254243E-06,3.3508244996483E-06,1.90485152415931E-05,3.28457535943016E-05,8.23596565169282E-05,0.00013281189603731,0.000191218496183865,0.000218224813579582,0.00019465692457743,0.000239736909861676,0.000267383933532983,0.000214566243812442,0.000211321384995244,0.000199041256564669,0.000213793420698494,0.000289539399091154,0.000297075748676434,0.000302614644169807,0.000306132133118808,0.000309000664856285,0.000310544506646693,0.000311545532895252,0.000312811200274155,0.00031461360049434,0.000316373887471855,0.000317113357596099,0.000316216726787388,0.000311239069560543,0.000258755579125136,6.16269971942529E-05,-9999,-9999,-9999,-9999,-9999,-9999,-9999,-9999,-9999,1.87792338692816E-05,1.87724926945521E-05,1.87891237146687E-05,-9999,-9999,-9999,-9999,-9999,-9999,-9999,-9999,-9999,-9999,-9999,-9999,-9999,-9999,-9999,-9999,-9999,-9999,-9999,-9999,-9999,-9999,-9999,-9999,-9999,-9999
-9999,-9999,-9999,-9999,-9999,-9999,-9999,-9999,-9999,-9999,-9999,-9999,-9999,-9999,-9999,-9999,-9999,-9999,-9999,-9999,-9999,-9999,-9999,-9999,-9999,-9999,-9999,-9999,-9999,-9999,-9999,9.3996723080636E-06,-9999,-9999,-9999,2.8592417947948E-05,-9999,-9999,-9999,-9999,-9999,-9999,-9999,-9999,-9999,-9999,-9999,-9999,-9999,-9999,-9999,-9999,-9999,-9999,-9999,-9999,-9999,3.01622208098706E-07,4.27354876819663E-07,5.93389813730028E-07,-9999,1.24524979128182E-06,1.73498779076908E-06,2.40138706431026E-06,3.31118667418195E-06,1.92695897567319E-05,3.42246858053841E-05,4.64842778455932E-05,2.87107777694473E-05,0.000157384725753218,0.000323854124872014,0.000339407532010227,0.000335796881699935,0.000331028772052377,0.000320101040415466,0.00031162568484433,0.000312802410917357,0.000313435040879995,0.000310386385535821,0.000308970862533897,0.000308811315335333,0.000310011237161234,0.000309286668198183,0.000309392053168267,0.000311337294988334,0.000313030992401764,0.000315236742608249,0.000317912868922576,0.000319777725962922,0.000320429011480883,0.000321159546729177,0.000315417448291555,0.000286452908767387,7.49402970541269E-05,-9999,-9999,-9999,-9999,-9999,-9999,-9999,-9999,2.54969781963155E-05,3.94495946238749E-05,2.57053216046188E-05,1.84294731297996E-05,1.85595290531637E-05,-9999,-9999,-9999,-9999,-9999,-9999,-9999,-9999,-9999,-9999,-9999,-9999,-9999,-9999,-9999,-9999,-9999,-9999,-9999,-9999,-9999,-9999,-9999,-9999
-9999,-9999,-9999,-9999,-9999,-9999,-9999,-9999,-9999,-9999,-9999,-9999,-9999,-9999,-9999,-9999,-9999,-9999,-9999,-9999,-9999,-9999,-9999,-9999,-9999,-9999,-9999,-9999,-9999,-9999,6.55433950669249E-06,1.26607410493307E-05,-9999,-9999,1.31698170662276E-05,2.25092662731186E-05,-9999,-9999,2.6513163902564E-05,4.76051354780793E-05,-9999,-9999,-9999,-9999,-9999,5.26090298080817E-06,-9999,-9999,-9999,-9999,-9999,-9999,-9999,-9999,-9999,-9999,-9999,-9999,-9999,-9999,-9999,1.77166248249705E-06,2.48809101321967E-06,3.50307459484611E-06,3.30701186612714E-06,1.88114827324171E-05,2.05847136385273E-05,1.9628731024568E-05,1.84632972377585E-05,0.000107665669929702,0.000329418428009376,0.000347477092873305,0.000344280415447429,0.000338339770678431,0.000331187096890062,0.000324761786032468,0.000319773011142388,0.000315744109684601,0.000313019671011716,0.000311289739329368,0.000310274277580902,0.000309565366478637,0.000307871261611581,0.000309397524688393,0.000311206327751279,0.000314171047648415,0.000316494057187811,0.000319277052767575,0.000321866507874802,0.000323349027894437,0.000324349879520014,0.000324021297274157,0.000319095503073186,0.000269534706603736,7.56997251301073E-05,-9999,-9999,-9999,-9999,-9999,3.01822165056365E-05,3.03836604871321E-05,5.75647500227205E-05,8.50657525006682E-05,6.44291212665848E-05,4.32847155025229E-05,2.84735106106382E-05,1.83872798515949E-05,-9999,-9999,-9999,-9999,-9999,-9999,-9999,-9999,-9999,-9999,-9999,-9999,-9999,-9999,-9999,-9999,-9999,-9999,-9999,-9999,-9999,-9999,-9999
-9999,-9999,-9999,-9999,-9999,-9999,-9999,-9999,-9999,-9999,-9999,-9999,-9999,-9999,-9999,-9999,-9999,-9999,-9999,-9999,-9999,-9999,-9999,1.52790180436568E-05,1.94362801266834E-05,-9999,-9999,-9999,-9999,1.5659326891182E-05,1.48031876960886E-05,5.93202094023582E-06,2.92383647320094E-05,3.0964592951932E-06,2.62788689724403E-05,4.61483869003132E-05,8.25789320515469E-05,3.61212441930547E-05,2.22498347284272E-05,-9999,2.26894935622113E-05,2.38797274505487E-05,-9999,-9999,5.60134467377793E-05,7.17820375939482E-06,4.12241752201226E-06,2.47298339672852E-06,-9999,-9999,-9999,-9999,-9999,-9999,-9999,-9999,-9999,1.06156549009029E-05,6.67128961140406E-06,-9999,-9999,-9999,3.54426333615265E-06,2.32310994761065E-05,2.21945156226866E-05,2.18013701669406E-05,2.08277251658728E-05,1.95394040929386E-05,2.54885526373982E-05,0.000156801237608306,0.000332421768689528,0.000349207664839923,0.000345033855410293,0.000339125952450559,0.00033204272040166,0.000325404311297461,0.000320093357004225,0.000315636512823403,0.000312623160425574,0.000310944451484829,0.000309309310978279,0.000297219550702721,0.00030260396306403,0.000308881746605039,0.000311919808154926,0.000314311619149521,0.0003176327154506,0.000320818246109411,0.000323495478369296,0.000324887718306854,0.000325692322803661,0.000325941771734506,0.000324107124470174,0.000310022791381925,9.0714922407642E-05,1.60054914886132E-05,2.3133677586884E-06,1.58324223775708E-06,2.39012365454983E-06,7.38114977139048E-05,0.000145391357364133,0.000188199206604622,0.00020999030675739,0.000179446506081149,0.000169823309988715,0.000129108317196369,7.77821987867355E-05,2.53363505180459E-05,1.84156560862903E-05,1.86505621968536E-05,-9999,-9999,-9999,-9999,-9999,-9999,-9999,-9999,-9999,-9999,-9999,-9999,-9999,-9999,-9999,-9999,-9999,-9999,-9999,-9999,-9999
-9999,-9999,-9999,-9999,-9999,-9999,-9999,-9999,-9999,-9999,-9999,-9999,-9999,-9999,-9999,-9999,-9999,-9999,-9999,-9999,-9999,-9999,2.29671240958851E-05,2.68481289822375E-05,1.81041650648694E-05,1.7983667930821E-05,1.96552828128915E-05,2.25863823288819E-05,4.23409292125143E-05,6.35169999441132E-05,4.76796340080909E-05,0.000112187677586917,0.000154032735736109,0.000165870558703318,0.000190678503713571,0.000165194505825639,0.000164038923685439,0.000149584506289102,8.64860558067448E-05,6.6088636231143E-05,2.16266162169632E-05,1.34686197270639E-05,1.15023030957673E-05,1.60970939759864E-05,5.15188912686426E-06,3.58667307409632E-06,3.35309323418187E-06,3.09631445816194E-06,1.93447544916125E-06,-9999,-9999,-9999,-9999,-9999,-9999,-9999,-9999,4.34967187175062E-05,3.83879232686013E-05,3.48944413417485E-05,-9999,-9999,2.30990990530699E-05,2.32813763432205E-05,2.29171000682982E-05,2.19784487853758E-05,2.05942178581608E-05,2.3850858269725E-05,7.78683024691418E-05,0.000220566638745368,0.000337553996359929,0.000350405112840235,0.000344748143106699,0.000338517769705504,0.000331293209455907,0.000324236258165911,0.000318539328873158,0.000314087170409039,0.000310752773657441,0.000309314316837117,0.000293350487481803,0.000154437555465847,0.000184563701623119,0.000258013431448489,0.000300378946121782,0.000314326491206884,0.000318350939778611,0.000321949948556721,0.000324463617289439,0.000325501139741391,0.000327047862811014,0.000328113790601492,0.000325697183143348,0.000304461253108457,0.000146054459037259,0.000117981995572336,9.55925133894198E-06,2.35139759752201E-06,0.000113483576569706,0.000262794434092939,0.000291977456072345,0.000309280672809109,0.000304798246361315,0.000294716213829815,0.000282967725070193,0.00023242189490702,0.000148695267853327,7.72405255702324E-05,2.81521970464382E-05,1.83506399480393E-05,-9999,-9999,-9999,-9999,-9999,-9999,-9999,-9999,-9999,-9999,-9999,-9999,-9999,-9999,-9999,-9999,-9999,-9999,-9999,-9999,-9999
-9999,-9999,-9999,-9999,-9999,-9999,-9999,-9999,-9999,-9999,-9999,-9999,-9999,-9999,-9999,-9999,-9999,-9999,-9999,-9999,-9999,-9999,2.27420023293234E-05,2.69140327873174E-05,2.25670264626388E-05,2.31036574405152E-05,8.47609117045067E-05,0.000168359605595469,0.000221989830606617,0.000194929569261149,0.00019414299458731,0.000155857822392136,0.000167400896316394,0.00019181142852176,0.00017838655912783,0.000202916824491695,0.000240308698266745,0.000238912893109955,0.000249381002504379,0.000221520487684757,0.000155267742229626,0.000100266734079923,4.15675349358935E-05,1.61201442097081E-05,8.17131149233319E-06,3.76583193428814E-06,3.77243395632831E-06,3.70744646716048E-06,2.45044248003978E-06,2.39543146562937E-06,2.39551877712074E-06,-9999,-9999,-9999,-9999,-9999,-9999,-9999,3.33374919136986E-05,2.9517941584345E-05,2.59751068369951E-05,2.30417881539324E-05,2.3087830413715E-05,2.29977576964302E-05,2.27049458771944E-05,2.15933596336981E-05,2.50788762059528E-05,8.0209290899802E-05,0.00021537255088333,0.000339678139425814,0.000355887052137405,0.000349746900610626,0.000343074963893741,0.000336460303515196,0.000328970374539495,0.000321876170346513,0.000316524179652333,0.000312454474624246,0.00030916856485419,0.00027760915691033,3.86397778129322E-06,2.14200781556428E-06,2.16107468986593E-06,2.17397609958425E-06,2.51834462687839E-05,0.000208204932278022,0.000311226263875142,0.000322135689202696,0.000325182219967246,0.000327211426338181,0.000329176604282111,0.000330497714458033,0.000328663329128176,0.000303315668134019,0.000309843540890142,0.000321265950333327,0.000283536734059453,0.000151906628161669,0.000306023779558018,0.000336071971105412,0.00034010544186458,0.00033527344930917,0.000325403321767226,0.000319437065627426,0.000311876996420324,0.000282486027572304,0.000210561178391799,0.000137190596433356,4.23023993789684E-05,1.78034879354527E-05,9.15117379918229E-06,-9999,-9999,-9999,-9999,-9999,-9999,-9999,-9999,-9999,-9999,-9999,-9999,-9999,-9999,-9999,-9999,-9999,-9999,-9999,-9999
-9999,-9999,-9999,-9999,-9999,-9999,-9999,-9999,-9999,-9999,-9999,-9999,-9999,-9999,-9999,-9999,-9999,-9999,-9999,-9999,-9999,-9999,2.19675966945942E-05,2.72982724709436E-05,4.26049882662483E-05,0.000194012507563457,0.000250479497481138,0.000276086037047207,0.000262076733633876,0.000207815552130342,0.000206543423701078,0.000231385492952541,0.000243237751419656,0.000254841143032536,0.000289945804979652,0.000288398732664064,0.000297996419249102,0.000306904985336587,0.000324759748764336,0.000303409731714055,0.000268591567873955,0.000167916805366985,8.88360518729314E-05,5.15730789629743E-05,4.46615958935581E-05,5.01345857628621E-05,4.4080847146688E-05,3.04829354718095E-05,3.15134070660861E-06,3.25506562148803E-06,3.30781017510162E-06,-9999,-9999,-9999,-9999,2.47127300099237E-05,2.52985410043038E-05,2.63506790361134E-05,2.75259026238928E-05,2.51779001700925E-05,2.7601219699136E-05,2.11300066439435E-05,1.7911250324687E-05,1.1044191523979E-05,3.05937501252629E-05,0.000100475539511535,4.72258652735036E-05,0.000261948851402849,0.000367584609193727,0.000362023245543242,0.000354860036168247,0.000347796129062772,0.00034080128534697,0.000333890202455223,0.000325631175655872,0.000319679296808317,0.000316085992380977,0.00029656378319487,2.12439908864326E-06,2.13483986044594E-06,2.15494651456538E-06,1.46221680097369E-06,1.47628406921285E-06,1.48644028286071E-06,2.22531821236771E-06,8.28545398690039E-06,0.000108738342532888,0.00028655823552981,0.000323796470183879,0.000328954338328913,0.000331273156916723,0.000332614261424169,0.000334017211571336,0.000335864839144051,0.000337915087584406,0.000339784193783998,0.000337110453983769,0.000337877601850778,0.00034427028731443,0.000349252397427335,0.000349606591043994,0.000345098000252619,0.000339395657647401,0.000334300129907206,0.000319135462632403,0.000305371708236635,0.000256460683885962,0.00019846782379318,9.04885746422224E-05,3.34679425577633E-05,3.9874203139334E-06,2.56748512583727E-06,-9999,-9999,-9999,-9999,-9999,-9999,-9999,-9999,-9999,-9999,-9999,-9999,-9999,-9999,-9999,-9999,-9999,-9999,-9999
-9999,-9999,-9999,-9999,-9999,-9999,-9999,-9999,-9999,-9999,-9999,-9999,-9999,-9999,-9999,-9999,-9999,-9999,-9999,-9999,-9999,1.99316837097285E-05,2.35713214351563E-05,9.1288733528927E-05,0.000249091332079843,0.00032441463554278,0.000323571293847635,0.00029942556284368,0.00026023609098047,0.000306500704027712,0.000304312241496518,0.000313335476676002,0.000312053831294179,0.000310827454086393,0.000329306989442557,0.000344970409059897,0.00035081896930933,0.000348552450304851,0.000359807367203757,0.000357140001142398,0.000348179921275005,0.000285226851701736,0.000111084918898996,6.96486968081445E-05,8.58107159729116E-05,7.80622503953055E-05,7.03668192727491E-05,7.12369874236174E-05,7.07956569385715E-05,5.11483922309708E-05,3.32846902892925E-05,2.2651263861917E-05,2.30137557082344E-05,2.36666601267643E-05,2.43572649196722E-05,2.27932287089061E-05,2.59497082879534E-05,2.31786325457506E-05,2.34740000450984E-05,2.63957463175757E-05,0.000105748265923467,0.000223500901483931,0.000108498177723959,3.03731326312118E-06,2.99426073979703E-06,2.88090586764156E-06,1.12067373265745E-05,0.000102652971690986,0.000368245149729773,0.000361406448064372,0.000354426098056138,0.000345161679433659,0.000337880337610841,0.000290096155367792,1.22780393212452E-05,2.19499406739487E-06,2.16600255953381E-06,2.15258751268266E-06,1.4441401390286E-06,1.45223361869284E-06,1.46475110796018E-06,9.97382699097216E-07,1.00823626780766E-06,1.01800628726778E-06,1.52621328197711E-06,2.27443024414242E-06,1.46580505315796E-05,9.64186619967222E-05,0.000264986098045483,0.00032330650719814,0.000332183524733409,0.000334034237312153,0.000334931100951508,0.000336229481035843,0.000338738027494401,0.00034106892417185,0.000342848914442584,0.000344733474776149,0.00034728817990981,0.000349190406268463,0.00034818728454411,0.000346409244230017,0.000343916530255228,0.000341409002430737,0.000334635085891932,0.000316025252686813,0.000296012876788154,0.000225905445404351,0.000133672074298374,7.41170588298701E-05,2.03518738999264E-05,2.51053120337019E-06,2.57628767030837E-06,4.94017785968026E-06,-9999,-9999,-9999,-9999,-9999,-9999,-9999,-9999,-9999,-9999,-9999,-9999,-9999,-9999,-9999,-9999,-9999
-9999,-9999,-9999,-9999,-9999,-9999,-9999,-9999,-9999,-9999,-9999,-9999,-9999,-9999,-9999,-9999,-9999,-9999,-9999,-9999,-9999,3.94157832488418E-05,0.000221221271203831,0.000323938817018643,0.000362896651495248,0.00034386312472634,0.000322100997436792,0.000309113645926118,0.000327882240526378,0.000352366827428341,0.000371316797100008,0.000369035376934335,0.000379640405299142,0.000388200860470533,0.000381974212359637,0.000396363786421716,0.000394082104321569,0.000387765350751579,0.000390871311537921,0.000389849039493129,0.00038092362228781,0.00037164828972891,0.000350686808815226,0.000315562501782551,0.000278818683000281,0.00022340084251482,0.000141914133564569,7.76649976614863E-05,8.5619161836803E-05,7.06990249454975E-05,5.24482893524691E-05,3.4678443626035E-05,3.1413965189131E-05,2.54916321864584E-05,2.56361618085066E-05,3.95260576624423E-05,3.5372628190089E-05,3.48892972397152E-05,5.35506878804881E-05,0.000233555547310971,0.00038521527312696,0.000420748809119686,0.000409824831876904,0.00012967899965588,2.87660532194423E-06,2.8100334930059E-06,2.6995094231097E-06,0.000377423246391118,0.000369947054423392,0.000362735154340044,0.000257577805314213,2.38226402871078E-06,2.34287244893494E-06,2.32105935538129E-06,-9999,-9999,-9999,-9999,-9999,-9999,-9999,6.81620065279276E-07,6.86184876030893E-07,1.0355673794038E-06,1.55154225467413E-06,2.3144853003032E-06,5.23257767781615E-06,3.18909042107407E-05,0.000127893319586292,0.000273805519100279,0.000328253605403006,0.000334460753947496,0.000335347955115139,0.000337428820785135,0.000339218677254394,0.0003408637130633,0.000342485494911671,0.000344733882229775,0.000346365530276671,0.000346889166394249,0.000345725769875571,0.000343920604791492,0.000343196210451424,0.000343907304340973,0.000340203871019185,0.000329072820022702,0.000306121306493878,0.000264415546553209,0.000201690709218383,0.000121283745102119,6.59414799883962E-05,2.12132435990497E-05,1.43492870847695E-05,1.16070332296658E-05,1.55524503497873E-05,-9999,-9999,-9999,-9999,-9999,-9999,-9999,-9999,-9999,-9999,-9999,-9999,-9999,-9999,-9999,-9999
-9999,-9999,-9999,-9999,-9999,-9999,-9999,-9999,-9999,-9999,-9999,-9999,-9999,-9999,-9999,-9999,-9999,-9999,-9999,2.06910572160268E-05,5.59961481485516E-05,0.000310796516714618,0.000370632304111496,0.000370426219888031,0.00036158156581223,0.000376243377104402,0.000366829975973815,0.000364010047633201,0.000386731320759282,0.000387810287065804,0.000392668705899268,0.000397283904021606,0.000392933172406629,0.000387872569262981,0.000396680668927729,0.000400426739361137,0.00039831775939092,0.000392835005186498,0.000393645954318345,0.000394552713260055,0.000393492256989703,0.000389908265788108,0.000388636573916301,0.000381353194825351,0.000373848772142082,0.000355530035449192,0.000333216332364827,0.000311074429191649,0.000242732974584214,0.000161579198902473,6.9275192799978E-05,6.96225906722248E-05,7.6967102359049E-05,8.4673250967171E-05,0.000110974317067303,0.000165182631462812,0.000249986682320014,0.000274196587270126,0.00034071845584549,0.000406096281949431,0.000420515571022406,0.000420917553128675,0.000419023213908076,0.000419515592511743,1.03667889561621E-05,0.000398437754483894,0.000400661112507805,0.000384619983378798,0.000296066282317042,6.40128291706787E-06,2.49924960371573E-06,-9999,-9999,-9999,-9999,-9999,-9999,-9999,-9999,-9999,-9999,-9999,-9999,7.04123124251055E-07,1.05337528566452E-06,1.57689532898075E-06,2.34807839660789E-06,1.61244788614567E-05,6.54310279060155E-05,0.000183742886292748,0.000301491614663973,0.00033311962033622,0.000336711120326072,0.000336841243552044,0.000337338802637532,0.00033848435850814,0.00033990855445154,0.000341521750669926,0.000342479586834088,0.000342289742548019,0.000341158010996878,0.000339378108037636,0.000337412813678384,0.000337374571245164,0.000336623779730871,0.000330283248331398,0.000319129030685872,0.000302548374747857,0.000271085737040266,0.000186751363798976,0.000101275902125053,7.18781957402825E-05,4.50745319540147E-05,1.75978038896574E-05,1.7068232409656E-05,-9999,-9999,-9999,-9999,-9999,-9999,-9999,-9999,-9999,-9999,-9999,-9999,-9999,-9999,-9999,-9999
-9999,-9999,-9999,-9999,-9999,-9999,-9999,-9999,-9999,-9999,-9999,-9999,-9999,-9999,-9999,-9999,-9999,-9999,6.18237536400557E-05,0.000155538058606908,0.000352475995896384,0.000397367781260982,0.000396967370761558,0.000406181061407551,0.000409270054660738,0.00040307643939741,0.000421541539253667,0.000426116457674652,0.000419968331698328,0.000412845402024686,0.000405975471949205,0.000398099044105038,0.000391171401133761,0.000400309858378023,0.000398738135118037,0.000404531543608755,0.000402831530664116,0.000403427053242922,0.000399234151700512,0.000397052703192458,0.000395148963434622,0.000393020076444373,0.000392136338632554,0.000391536421375349,0.000389925349736586,0.000385276653105393,0.000379539560526609,0.000367997912690043,0.000349168811226264,0.000305459660012275,0.000192694118595682,0.000107645857497118,0.000138280505780131,0.000253249279921874,0.000304169487208128,0.000330149458022788,0.00033268248080276,0.000364336156053469,0.00040377359255217,0.000413811154430732,0.000414938607718796,0.000412494904594496,0.000410303327953443,0.000408920546760783,0.000405357190174982,0.000400697608711198,0.000378592929337174,5.68429823033512E-06,-9999,-9999,-9999,-9999,-9999,-9999,-9999,-9999,-9999,-9999,-9999,-9999,-9999,-9999,-9999,-9999,-9999,1.59281557898794E-06,2.37507470046694E-06,7.10832591721555E-06,3.26861409121193E-05,0.000109915024950169,0.000240967696299776,0.000324337917845696,0.000335944234393537,0.000337017059791833,0.000336059049004689,0.000335400574840605,0.000335731514496729,0.000336601195158437,0.000336757104378194,0.000335945922415704,0.000333971664076671,0.000331936695147306,0.000330674753058702,0.000329841626808047,0.000329871807480231,0.00032629567431286,0.000315555662382394,0.000301906955428421,0.000285243528196588,0.000250036187935621,0.000162854601512663,9.98784744297154E-05,3.97459152736701E-05,1.93410323845455E-05,1.71774845512118E-05,-9999,-9999,-9999,-9999,-9999,-9999,-9999,-9999,-9999,-9999,-9999,-9999,-9999,-9999,-9999,-9999
-9999,-9999,-9999,-9999,-9999,-9999,-9999,-9999,-9999,-9999,-9999,-9999,3.20073650073027E-06,9.39961773838149E-06,-9999,2.14160099858418E-05,4.51517662440892E-05,0.000168910308275372,0.000312055955873802,0.000378488999558613,0.000423667748691514,0.000435030873632059,0.000439455470768735,0.000438606832176447,0.000435321358963847,0.000435673049651086,0.00043419876601547,0.000429603242082521,0.000426775455707684,0.000420940021285787,0.000414554553572088,0.000410350330639631,0.000409116531955078,0.0004086954286322,0.000407664658268914,0.000407862477004528,0.000406545266741887,0.000404617836466059,0.000401302560931072,0.000397472293116152,0.000393831694964319,0.000390399189200252,0.000388719810871407,0.000388536223908886,0.000388477114029229,0.000387789943488315,0.000386403640732169,0.000383860606234521,0.000379861507099122,0.000370968889910728,0.000346580898622051,0.000292817363515496,0.00025768909836188,0.000280155829386786,0.000300933374091983,0.000326834444422275,0.000353499315679073,0.000394548871554434,0.000406254053814337,0.000404382357373834,0.000406064908020198,0.000406070961616933,0.000404632854042575,0.000403538055252284,0.000402268022298813,0.000401848636101931,4.48500168204191E-06,-9999,-9999,-9999,-9999,-9999,-9999,-9999,-9999,-9999,-9999,-9999,-9999,-9999,-9999,-9999,-9999,-9999,-9999,-9999,1.60458989739709E-06,2.38867119151109E-06,1.16847995741409E-05,5.21759138791822E-05,0.000158244583872147,0.000287263042991981,0.000331894698319957,0.00033624580828473,0.000336083146976307,0.000332997035002336,0.000331529881805182,0.000331027986248955,0.000330045440932736,0.000328603404341266,0.000326150533510372,0.000323009386193007,0.000321271363645792,0.000321721658110619,0.000321714527672157,0.00031980243511498,0.000313641532557085,0.000303235865430906,0.000291956006549299,0.000267954485025257,0.000196627443074249,0.0001056495384546,4.28272833232768E-05,2.09877689485438E-05,1.66999525390565E-05,-9999,-9999,-9999,-9999,-9999,-9999,-9999,-9999,-9999,-9999,-9999,-9999,-9999,-9999,-9999,-9999
-9999,-9999,-9999,-9999,-9999,-9999,-9999,-9999,-9999,-9999,3.12883707920264E-06,3.11620397042134E-06,3.11177041112387E-06,3.44708605553024E-05,8.35490500321612E-05,0.00022025809448678,0.000333985022734851,0.000386708619771525,0.000421824777731672,0.000439886702224612,0.000446165737230331,0.000446528196334839,0.000445162382675335,0.000443097902461886,0.000440623320173472,0.000436982576502487,0.000433462730143219,0.000429224804975092,0.000424567348090932,0.000419366522692144,0.00041437047184445,0.000409807893447578,0.000406576611567289,0.000404967402573675,0.000403780635679141,0.000403445359552279,0.000402452977141365,0.00040013698162511,0.000396796909626573,0.000393019872717559,0.000389173277653754,0.000385306717362255,0.00038277346175164,0.000382101017748937,0.000381934049073607,0.000381456455215812,0.000380743120331317,0.000379862613044679,0.000378781696781516,0.000378016848117113,0.000377183430828154,0.000375864387024194,0.00037529761902988,0.00037622160743922,0.000380358571419492,0.000390269444324076,0.000396387185901403,0.000399894430302083,0.000401533878175542,0.000399634387576953,0.000102273756056093,2.74663443633472E-06,2.76376158581115E-06,7.47755575503106E-06,0.000183371594175696,2.08304245461477E-05,-9999,-9999,-9999,-9999,-9999,-9999,-9999,-9999,-9999,-9999,-9999,-9999,-9999,-9999,-9999,-9999,-9999,-9999,-9999,-9999,-9999,1.61033608492289E-06,2.39339283325535E-06,1.21912908070954E-05,6.25543325440958E-05,0.000186734367161989,0.000307548383716494,0.000333954609232023,0.000333808508003131,0.000331554881995544,0.000327513524098322,0.000325028348015621,0.000322728999890387,0.000321134983096272,0.000318331352900714,0.000315109209623188,0.000312161952024326,0.000312661199131981,0.000313273863866925,0.000312037649564445,0.00030772463651374,0.000301492807921022,0.000289322808384895,0.000266068585915491,0.000216643631574698,0.000137631985126063,5.07796357851475E-05,2.27093423745828E-05,1.6195910575334E-05,-9999,-9999,-9999,-9999,-9999,-9999,-9999,-9999,-9999,-9999,-9999,-9999,-9999,-9999,-9999,-9999
-9999,-9999,-9999,-9999,-9999,-9999,-9999,-9999,2.13337989407592E-05,2.12690483749611E-05,5.00182250107173E-06,8.3261884356034E-06,6.04479100729804E-05,0.000271614320809022,0.000369099288946018,0.000403178157284856,0.000427994265919551,0.00044101191451773,0.000444888573838398,0.000447707716375589,0.000447878148406744,0.000446417951025069,0.000444426317699254,0.000441184674855322,0.000437605136539787,0.000433211127528921,0.000428174447733909,0.000422809360316023,0.0004177579539828,0.000412615918321535,0.000407742278184742,0.000403228885261342,0.000399830372771248,0.00039885682053864,0.00039776717312634,0.000397093157516792,0.00039539419231005,0.000392851856304333,0.000389419990824535,0.000385104154702276,0.000380487472284585,0.000376195413991809,0.000373726128600538,0.000373237853636965,0.000372808746760711,0.000372077920474112,0.000371254020137712,0.000370461086276919,0.000369725632481277,0.000369574205251411,0.000370339810615405,0.00037274052738212,0.000376342009985819,0.00038064134423621,0.000385416729841381,0.000389363412978128,0.000392377667594701,0.000395178038161248,0.000396874966099858,0.000396328716306016,0.000387334148399532,2.7229248189542E-06,-9999,-9999,-9999,-9999,-9999,-9999,-9999,-9999,-9999,-9999,-9999,-9999,-9999,-9999,-9999,-9999,-9999,-9999,-9999,-9999,-9999,-9999,-9999,-9999,-9999,-9999,1.61055720582226E-06,2.39058340412157E-06,4.24304971602396E-06,3.39924154104665E-05,0.000154263572767377,0.000296738115139306,0.000328547670505941,0.00032910643494688,0.000324978929711506,0.000319912796840072,0.000315613782731816,0.000313673779601231,0.000311179726850241,0.000308582268189639,0.000305866909911856,0.000304238521493971,0.000304801185848191,0.000304159795632586,0.000301362189929932,0.000296910991892219,0.000287724658846855,0.000270570424618199,0.000231580037507229,0.000151465792441741,5.42333655175753E-05,2.20020992856007E-05,1.57019712787587E-05,-9999,-9999,-9999,-9999,-9999,-9999,-9999,-9999,-9999,-9999,-9999,-9999,-9999,-9999,-9999,-9999
-9999,-9999,-9999,-9999,-9999,-9999,-9999,-9999,2.08930796361528E-05,2.37114327319432E-05,2.5942850697902E-05,9.97517490759492E-05,0.000363994418876246,0.000416230992414057,0.00042732508154586,0.000437107722973451,0.0004451512650121,0.000448708364274353,0.000449474551714957,0.000448256527306512,0.000446142686996609,0.000443716271547601,0.000440458970842883,0.000436400936450809,0.000431858352385461,0.00042678855243139,0.000420689291786402,0.000414219102822244,0.000409450498409569,0.000405446829972789,0.000401424360461533,0.000397427415009588,0.000394421280361712,0.00039265412488021,0.000391797511838377,0.000390774832339957,0.000388974323868752,0.000386068888474256,0.000382114754756913,0.000377154414309189,0.000372200825950131,0.000367705622920766,0.000364792416803539,0.000363633735105395,0.000362465711077675,0.000361371348844841,0.000360545702278614,0.00036022427957505,0.000359957077307627,0.000360057078069076,0.00036082073347643,0.00036373472539708,0.000368164473911747,0.000373486429452896,0.000378877855837345,0.000383125763619319,0.000386294908821583,0.000388383166864514,0.000390226166928187,0.000391972454963252,0.00037593807792291,2.71463568424224E-06,-9999,-9999,-9999,-9999,-9999,-9999,-9999,-9999,-9999,-9999,-9999,-9999,-9999,-9999,-9999,-9999,-9999,-9999,-9999,-9999,-9999,-9999,-9999,-9999,-9999,-9999,-9999,-9999,2.38227858062601E-06,2.36954656429589E-06,4.77677167509682E-06,4.74530315841548E-05,0.000231086785788648,0.000318005302688107,0.000321091152727604,0.000316196877975017,0.000310684263240546,0.000306924339383841,0.000304421439068392,0.000301665160804987,0.000299455190543085,0.000297675433102995,0.000297105900244787,0.000296742597129196,0.000294340366963297,0.000291824573650956,0.000285051384707913,0.000273418088909239,0.000246656738454476,0.000155444038682617,5.75760241190437E-05,1.89788770512678E-05,1.56518926814897E-05,-9999,-9999,-9999,-9999,-9999,-9999,-9999,-9999,-9999,-9999,-9999,-9999,-9999,-9999,-9999,-9999
-9999,-9999,-9999,-9999,-9999,-9999,2.18152308661956E-05,2.14871506614145E-05,2.1338648366509E-05,6.01700157858431E-05,0.000280004838714376,0.000388450542232022,0.000427382095949724,0.000436869566328824,0.000444107892690226,0.000447674974566326,0.000449583021691069,0.000449675630079582,0.000448370177764446,0.000445548765128478,0.00044166948646307,0.000437908165622503,0.000434334622696042,0.000429683015681803,0.000424096564529464,0.000419462594436482,0.000413458037655801,0.000407664891099557,0.000402877980377525,0.000398569711251184,0.000393991387682036,0.00039096680120565,0.000388916581869125,0.000387134146876633,0.000385822611860931,0.000384542654501274,0.000382650760002434,0.00038007929106243,0.000376039562979713,0.000370862515410408,0.000365529500413686,0.000361573795089498,0.000358207646058872,0.000356012111296877,0.000354308955138549,0.000353251612978056,0.000352423987351358,0.000351722235791385,0.000352350034518167,0.000352731032762676,0.000353711337083951,0.000356547883711755,0.000360609701601788,0.000366137363016605,0.000370959809515625,0.000375520845409483,0.000379834993509576,0.000382288912078366,0.000381796446163207,0.000184403688763268,2.68429062089126E-06,-9999,-9999,-9999,-9999,-9999,-9999,-9999,-9999,-9999,-9999,-9999,-9999,-9999,-9999,-9999,-9999,-9999,-9999,-9999,-9999,-9999,-9999,-9999,-9999,-9999,-9999,-9999,-9999,-9999,-9999,-9999,-9999,2.30219734476123E-06,6.39227891952032E-06,0.000105986422568094,0.000286133785266429,0.00031099101761356,0.000306979403831065,0.000301674677757546,0.00029758206801489,0.000295289908535779,0.000292996555799618,0.000291649921564385,0.000290494237560779,0.000289640243863687,0.000287449394818395,0.000284580251900479,0.000279707222944126,0.000272188743110746,0.000247470132308081,0.000175245048012584,7.95594751252793E-05,1.60499748744769E-05,-9999,-9999,-9999,-9999,-9999,-9999,-9999,-9999,-9999,-9999,-9999,-9999,-9999,-9999,-9999,-9999,-9999
-9999,-9999,-9999,-9999,-9999,-9999,2.16599328268785E-05,2.69433949142694E-05,0.000100472119811457,0.000337054312694818,0.000411754997912794,0.000432649190770462,0.000439581810496747,0.000442642311099917,0.000444737845100462,0.00044624280417338,0.000447618367616087,0.000447784666903317,0.000446048885351047,0.000442032644059509,0.000436511909356341,0.000432205764809623,0.000428851693868637,0.000424002588260919,0.000418234092649072,0.000413463421864435,0.00040757970418781,0.000401588971726596,0.000396905874367803,0.000392316520446911,0.000386696076020598,0.000384279788704589,0.000381692283554003,0.00037947972305119,0.000376425072317943,0.00037502811755985,0.000374468567315489,0.000373244809452444,0.000369915942428634,0.000365266954759136,0.000359176308847964,0.000356096657924354,0.000352933566318825,0.000350678426912054,0.000349419802660123,0.000349511770764366,0.000348750472767279,0.000349500798620284,0.000349613226717338,0.000351384602254257,0.000351972790667787,0.000355276482878253,0.000359802768798545,0.000296974234515801,0.000346256769262254,0.000298225146252662,8.25198821985396E-06,2.61297736869892E-06,2.63499805441825E-06,-9999,-9999,-9999,-9999,-9999,-9999,-9999,-9999,-9999,-9999,-9999,-9999,-9999,-9999,-9999,-9999,-9999,-9999,-9999,-9999,-9999,-9999,-9999,-9999,-9999,-9999,-9999,-9999,-9999,-9999,-9999,-9999,-9999,-9999,-9999,2.24435325435479E-06,2.20532729144907E-06,4.32579581683967E-05,0.000249765755143017,0.00030089495703578,0.000296930782496929,0.000291772972559556,0.000288807379547507,0.000287307746475562,0.000285759742837399,0.000284540845314041,0.000282677006907761,0.000279957894235849,0.000277153623756021,0.000273260491667315,0.000268258037976921,0.000252071389695629,0.000198681183974259,8.37845291243866E-05,2.15421168832108E-05,1.74929718923522E-05,1.3770954865322E-05,-9999,-9999,-9999,-9999,-9999,-9999,-9999,-9999,-9999,-9999,-9999,-9999,-9999,-9999,-9999
-9999,-9999,-9999,-9999,2.80889053101419E-05,3.09446804749314E-05,2.17935885302722E-05,9.25652057048865E-05,0.000357542710844427,0.000423654972109944,0.000439238006947562,0.000440594245446846,0.000440270465333015,0.000440543488366529,0.000441383017459884,0.000442857301095501,0.000444517383584753,0.000445018144091591,0.000443307682871819,0.000438869959907606,0.00043242220999673,0.000427772931288928,0.000425666716182604,0.000419269839767367,0.000413845496950671,0.000409319705795497,0.000402544945245609,0.000399405776988715,0.000394019472878426,0.000389657245250419,0.00038350050454028,0.000379659322788939,0.000376094976672903,0.000376354641048238,0.000371356814866886,0.000371862202882767,0.000372598180547357,0.000369924819096923,0.000370028370525688,5.0169099267805E-05,0.000250174576649442,0.00020398260676302,0.000346684770192951,0.00024667481193319,0.000317752594128251,0.000344981643138453,0.000346153014106676,0.000184520773473196,5.91744283156004E-05,0.000168207625392824,2.37440872297157E-05,2.06555505428696E-05,2.45623914452153E-06,2.47679508902365E-06,-9999,-9999,-9999,-9999,-9999,-9999,-9999,-9999,-9999,-9999,-9999,-9999,-9999,-9999,-9999,-9999,-9999,-9999,-9999,-9999,-9999,-9999,-9999,-9999,-9999,-9999,-9999,-9999,-9999,-9999,-9999,-9999,-9999,-9999,-9999,-9999,-9999,-9999,-9999,-9999,-9999,1.44880118568835E-06,2.10603593586711E-06,6.75729461363517E-05,0.000277998304227367,0.000291560223558918,0.000286451511783525,0.000282920635072514,0.000281952612567693,0.000280225329333916,0.000278266088571399,0.000275689904810861,0.000272528937784955,0.00026958083617501,0.000266812596237287,0.000263154739513993,0.000252258061664179,0.000192231804248877,6.7790642788168E-05,1.3224035683379E-05,1.32564937302959E-05,9.53904327616328E-06,1.39395015139598E-05,-9999,-9999,-9999,-9999,-9999,-9999,-9999,-9999,-9999,-9999,-9999,-9999,-9999,-9999
-9999,-9999,-9999,-9999,2.23867536988109E-05,3.4391905501252E-05,5.17395783390384E-05,0.000341247243341058,0.000431001390097663,0.000444125675130635,0.000443542841821909,0.000440714677097276,0.000438834831584245,0.000437369948485866,0.000436960952356458,0.000437929120380431,0.000439619470853359,0.00044198110117577,0.000441179086919874,0.000343061081366614,4.55068129667779E-06,2.94118649435404E-06,2.91500577986881E-06,2.88357273348083E-06,2.84933344119054E-06,2.81383768196974E-06,1.33737576106796E-05,2.73717432719423E-06,1.02767471616971E-05,2.66183405983611E-06,3.41545928677078E-05,0.000270098564215004,0.000358111836249009,0.000346585613442585,0.000370395631762221,0.000363353843567893,0.000369213783415034,0.000365519488696009,0.000105316306871828,2.51404458140314E-06,2.47993602897623E-06,2.45460819314758E-06,2.43466774918488E-06,2.4198270693887E-06,2.4084893084364E-06,2.40171493715025E-06,2.39857172346092E-06,-9999,-9999,-9999,-9999,-9999,-9999,-9999,-9999,-9999,-9999,-9999,-9999,-9999,-9999,-9999,-9999,-9999,-9999,-9999,-9999,-9999,-9999,-9999,-9999,-9999,-9999,-9999,-9999,-9999,-9999,-9999,-9999,-9999,-9999,-9999,-9999,-9999,-9999,-9999,-9999,-9999,-9999,-9999,-9999,-9999,-9999,-9999,-9999,-9999,2.0522554677882E-06,1.3598139048554E-05,0.000242457768763416,0.00028387684142217,0.000281334039755166,0.000276779348496348,0.000275517988484353,0.000273619312793016,0.000271183875156567,0.000268421717919409,0.000264972128206864,0.00026193173835054,0.000259450258454308,0.000256695173447952,0.000249231408815831,0.000207487842999399,0.000104819788248278,3.551614281605E-05,6.35607329968479E-06,2.17543274629861E-05,1.3242394743429E-05,-9999,-9999,-9999,-9999,-9999,-9999,-9999,-9999,-9999,-9999,-9999,-9999,-9999,-9999
-9999,-9999,-9999,-9999,-9999,2.17627930396702E-05,0.000248610915150493,0.000428872008342296,0.00044662831351161,0.000446772377472371,0.000442985590780154,0.000438856717664748,0.000436823640484363,0.000434013054473326,0.000432942644692957,0.000435090827522799,0.000261721812421456,3.00270517072931E-06,3.00971987599041E-06,3.01084287457343E-06,-9999,-9999,-9999,-9999,-9999,-9999,-9999,-9999,-9999,-9999,-9999,-9999,-9999,9.60473153099883E-06,2.79847899946617E-05,2.41933685174445E-05,3.22015803249087E-05,2.56475209425844E-06,-9999,-9999,-9999,-9999,-9999,-9999,-9999,-9999,-9999,-9999,-9999,-9999,-9999,-9999,-9999,-9999,-9999,-9999,-9999,-9999,-9999,-9999,-9999,-9999,-9999,-9999,-9999,-9999,-9999,-9999,-9999,-9999,-9999,-9999,-9999,-9999,-9999,-9999,-9999,-9999,-9999,-9999,-9999,-9999,-9999,-9999,-9999,-9999,-9999,-9999,-9999,-9999,-9999,-9999,-9999,-9999,-9999,-9999,1.34800154683035E-06,1.95924462786934E-06,0.000206840195460245,0.000276389037026092,0.000274825753876939,0.000270402117166668,0.000269565003691241,0.000266322836978361,0.000263515888946131,0.00026073440676555,0.00025774328969419,0.000255021906923503,0.000252226309385151,0.000249944248935208,0.000246255105594173,0.000222555667278357,0.000145004640216939,4.26854785473552E-05,2.36674459301867E-05,1.44654522955534E-05,-9999,-9999,-9999,-9999,-9999,-9999,-9999,-9999,-9999,-9999,-9999,-9999,-9999,-9999,-9999
-9999,-9999,-9999,-9999,-9999,8.61314838402905E-05,0.000403824378736317,0.000446464924607426,0.00045013363705948,0.00044677298865281,0.000442177581135184,0.000437492242781445,0.000433819397585467,0.000431825552368537,0.000429986597737297,4.94192754558753E-05,3.00258670904441E-06,2.02028240892105E-06,-9999,-9999,-9999,-9999,-9999,-9999,-9999,-9999,-9999,-9999,-9999,-9999,-9999,-9999,-9999,-9999,-9999,-9999,-9999,-9999,-9999,-9999,-9999,-9999,-9999,-9999,-9999,-9999,-9999,-9999,-9999,-9999,-9999,-9999,-9999,-9999,-9999,-9999,-9999,-9999,-9999,-9999,-9999,-9999,-9999,-9999,-9999,-9999,-9999,-9999,-9999,-9999,-9999,-9999,-9999,-9999,-9999,-9999,-9999,-9999,-9999,-9999,-9999,-9999,-9999,-9999,-9999,-9999,-9999,-9999,-9999,-9999,-9999,-9999,-9999,-9999,-9999,-9999,-9999,1.89926061011647E-06,0.000156988520757295,0.000269462121650577,0.000268190517090261,0.000264423957560211,0.000262921530520543,0.000258806365309283,0.000255443796049803,0.000252788770012558,0.000250661978498101,0.000248436001129448,0.00024608729290776,0.00024379399837926,0.00024058211420197,0.00023037132632453,0.000166010169778019,8.36173712741584E-05,1.61331645358587E-05,1.17250356197474E-05,-9999,-9999,-9999,-9999,-9999,-9999,-9999,-9999,-9999,-9999,-9999,-9999,-9999,-9999,-9999
-9999,-9999,2.33325135923224E-05,2.29896795644891E-05,2.23308325075777E-05,0.000237675543758087,0.000439853989519179,0.000451100000645965,0.000450471939984709,0.000445796380518004,0.000441111449617893,0.000436506234109402,0.000433160254033282,0.000426971586421132,2.5854827981675E-05,3.00071019410098E-06,2.02017372430419E-06,-9999,-9999,-9999,-9999,-9999,-9999,-9999,-9999,-9999,-9999,-9999,-9999,-9999,-9999,-9999,-9999,-9999,-9999,-9999,-9999,-9999,-9999,-9999,-9999,-9999,-9999,-9999,-9999,-9999,-9999,-9999,-9999,-9999,-9999,-9999,-9999,-9999,-9999,-9999,-9999,-9999,-9999,-9999,-9999,-9999,-9999,-9999,-9999,-9999,-9999,-9999,-9999,-9999,-9999,-9999,-9999,-9999,-9999,-9999,-9999,-9999,-9999,-9999,-9999,-9999,-9999,-9999,-9999,-9999,-9999,-9999,-9999,-9999,-9999,-9999,-9999,-9999,-9999,-9999,-9999,1.85380656603229E-06,9.12907635211013E-05,0.000262787070823833,0.000262626563198864,0.000258158397627994,0.000254745478741825,0.000251499412115663,0.000247371121076867,0.000245459377765656,0.000243908652919345,0.00024224519438576,0.00024008980835788,0.000237790576647967,0.000235381856327876,0.000228629563935101,0.000200977650820278,0.000127233332023025,6.80841694702394E-05,1.54442041093716E-05,-9999,-9999,-9999,-9999,-9999,-9999,-9999,-9999,-9999,-9999,-9999,-9999,-9999,-9999,-9999
-9999,-9999,-9999,-9999,2.75648471870227E-05,0.000372882263036445,0.000447396654635668,0.000452394306194037,0.000449394166935235,0.000443618686404079,0.000439266790635884,0.00043584918603301,0.000433450797572732,3.73721959476825E-05,2.99949033433222E-06,2.01913644559681E-06,-9999,-9999,-9999,-9999,-9999,-9999,-9999,-9999,-9999,-9999,-9999,-9999,-9999,-9999,-9999,-9999,-9999,-9999,-9999,-9999,-9999,-9999,-9999,-9999,-9999,-9999,-9999,-9999,-9999,-9999,-9999,-9999,-9999,-9999,-9999,-9999,-9999,-9999,-9999,-9999,-9999,-9999,-9999,-9999,-9999,-9999,-9999,-9999,-9999,-9999,-9999,-9999,-9999,-9999,-9999,-9999,-9999,-9999,-9999,-9999,-9999,-9999,-9999,-9999,-9999,-9999,-9999,-9999,-9999,-9999,-9999,-9999,-9999,-9999,-9999,-9999,-9999,-9999,-9999,-9999,-9999,1.81505924956582E-06,4.78280453535262E-05,0.000255573162576184,0.000256218598224223,0.000252788886427879,0.000248282885877416,0.000244899943936616,0.000240386827499606,0.000238642503973097,0.000237895437749103,0.000236323205172084,0.000234159117098898,0.000231973404879682,0.000229264871450141,0.000225312207476236,0.000214843850699253,0.000186225632205606,0.000115689246740658,3.44047439284623E-05,-9999,-9999,-9999,-9999,-9999,-9999,-9999,-9999,-9999,-9999,-9999,-9999,-9999,-9999,-9999
-9999,-9999,-9999,-9999,5.83815999561921E-05,0.000405691884225234,0.000449654122348875,0.000452018808573484,0.000447855709353462,0.000441281241364777,0.000437528593465686,0.00043523742351681,0.000292628654278815,2.99791577162978E-06,2.02036335394951E-06,-9999,-9999,-9999,-9999,-9999,-9999,-9999,-9999,-9999,-9999,-9999,-9999,-9999,-9999,-9999,-9999,-9999,-9999,-9999,-9999,-9999,-9999,-9999,-9999,-9999,-9999,-9999,-9999,-9999,-9999,-9999,-9999,-9999,-9999,-9999,-9999,-9999,-9999,-9999,-9999,-9999,-9999,-9999,-9999,-9999,-9999,-9999,-9999,-9999,-9999,-9999,-9999,-9999,-9999,-9999,-9999,-9999,-9999,-9999,-9999,-9999,-9999,-9999,-9999,-9999,-9999,-9999,-9999,-9999,-9999,-9999,-9999,-9999,-9999,-9999,-9999,-9999,-9999,-9999,-9999,-9999,-9999,1.77988033556176E-06,1.91985036508413E-05,0.000246846379013732,0.000249401811743155,0.000247430754825473,0.000242410547798499,0.000238174718106166,0.000234514664043672,0.000231917088967748,0.000231185884331353,0.000229506098548882,0.000227934389840811,0.000225912808673456,0.000223535535042174,0.000220745510887355,0.000215885986108333,0.000205769509193487,0.00017223933537025,9.26739157876E-05,1.26627519421163E-05,-9999,-9999,-9999,-9999,-9999,-9999,-9999,-9999,-9999,-9999,-9999,-9999,-9999,-9999
-9999,-9999,-9999,-9999,4.73260479338933E-05,0.00039999297587201,0.000449574028607458,0.00045095689711161,0.000446095335064456,0.000439717463450506,0.000436519068898633,0.000434399349614978,2.98802433462697E-06,2.01766465579567E-06,1.35876746298891E-06,-9999,-9999,-9999,-9999,-9999,-9999,-9999,-9999,-9999,-9999,-9999,-9999,-9999,-9999,-9999,-9999,-9999,-9999,-9999,-9999,-9999,-9999,-9999,-9999,-9999,-9999,-9999,-9999,-9999,-9999,-9999,-9999,-9999,-9999,-9999,-9999,-9999,-9999,-9999,-9999,-9999,-9999,-9999,-9999,-9999,-9999,-9999,-9999,-9999,-9999,-9999,-9999,-9999,-9999,-9999,-9999,-9999,-9999,-9999,-9999,-9999,-9999,-9999,-9999,-9999,-9999,-9999,-9999,-9999,-9999,-9999,-9999,-9999,-9999,-9999,-9999,-9999,-9999,-9999,-9999,-9999,-9999,1.1639577905953E-06,1.71395799952734E-06,0.000234962208196521,0.000243415561271831,0.000241789472056553,0.000237587897572666,0.000231892176088877,0.000228626799071208,0.000225913536269218,0.000224032977712341,0.000222790142288432,0.000221501628402621,0.000220016387174837,0.000217775028431788,0.000215025647776201,0.000212240192922764,0.000207280201721005,0.000191588114830665,0.00013870392285753,4.33206150773913E-05,9.88435658655362E-06,-9999,-9999,-9999,-9999,-9999,-9999,-9999,-9999,-9999,-9999,-9999,-9999,-9999
-9999,-9999,-9999,-9999,2.46540002990514E-05,0.000364357547368854,0.000448134931502864,0.000450367399025708,0.000446130259661004,0.000439897150499746,0.000436528527643532,0.000433294917456806,2.99113003165985E-06,2.01839611690957E-06,-9999,-9999,-9999,-9999,-9999,-9999,-9999,-9999,-9999,-9999,-9999,-9999,-9999,-9999,-9999,-9999,-9999,-9999,-9999,-9999,-9999,-9999,-9999,-9999,-9999,-9999,-9999,-9999,-9999,-9999,-9999,-9999,-9999,-9999,-9999,-9999,-9999,-9999,-9999,-9999,-9999,-9999,-9999,-9999,-9999,-9999,-9999,-9999,-9999,-9999,-9999,-9999,-9999,-9999,-9999,-9999,-9999,-9999,-9999,-9999,-9999,-9999,-9999,-9999,-9999,-9999,-9999,-9999,-9999,-9999,-9999,-9999,-9999,-9999,-9999,-9999,-9999,-9999,-9999,-9999,-9999,-9999,-9999,1.14474266865727E-06,1.67338407663919E-06,0.000222968941670842,0.000237535801716149,0.000235836138017476,0.000233040656894445,0.00022733818332199,0.000222718299482949,0.000219905632548034,0.000217923239688389,0.000217478664126247,0.000216211599763483,0.000214775354834273,0.000212369312066585,0.000209730846108869,0.0002074841177091,0.000203962583327666,0.000193930885870941,0.000170910614542663,0.000100348348496482,1.88783142220927E-05,1.35141335704247E-05,1.38172958941141E-06,-9999,-9999,-9999,-9999,-9999,-9999,-9999,-9999,-9999,-9999,-9999
-9999,-9999,-9999,-9999,2.20605543290731E-05,0.000197746965568513,0.000440305389929563,0.000450813997304067,0.000448846520157531,0.000444461387814954,0.00043978649773635,0.000436466914834455,6.63894707031432E-06,3.01014551951084E-06,-9999,-9999,-9999,-9999,-9999,-9999,-9999,-9999,-9999,-9999,-9999,-9999,-9999,-9999,-9999,-9999,-9999,-9999,-9999,-9999,-9999,-9999,-9999,-9999,-9999,-9999,-9999,-9999,-9999,-9999,-9999,-9999,-9999,-9999,-9999,-9999,-9999,-9999,-9999,-9999,-9999,-9999,-9999,-9999,-9999,-9999,-9999,-9999,-9999,-9999,-9999,-9999,-9999,-9999,-9999,-9999,-9999,-9999,-9999,-9999,-9999,-9999,-9999,-9999,-9999,-9999,-9999,-9999,-9999,-9999,-9999,-9999,-9999,-9999,-9999,-9999,-9999,-9999,-9999,-9999,-9999,-9999,-9999,-9999,1.63148229148646E-06,0.000213999082916416,0.000231779165915214,0.000229936995310709,0.00022871523106005,0.000223418726818636,0.000218437780858949,0.000215813663089648,0.000214125058846548,0.000212543192901649,0.000211497215786949,0.000209730671485886,0.00020764529472217,0.000205240939976647,0.000203148039872758,0.000200566573766991,0.000193279716768302,0.000176266956259497,0.000132762201246805,3.12116535496898E-05,1.07159139588475E-05,-9999,-9999,-9999,-9999,-9999,-9999,-9999,-9999,-9999,-9999,-9999,-9999
-9999,-9999,-9999,-9999,2.21090740524232E-05,8.67185153765604E-05,0.000409106811275706,0.000450603343779221,0.000450650491984561,0.000448827544460073,0.000445134355686605,0.000441096344729885,0.000299978244584054,3.00863712254795E-06,-9999,-9999,-9999,-9999,-9999,-9999,-9999,-9999,-9999,-9999,-9999,-9999,-9999,-9999,-9999,-9999,-9999,-9999,-9999,-9999,-9999,-9999,-9999,-9999,-9999,-9999,-9999,-9999,-9999,-9999,-9999,-9999,-9999,-9999,-9999,-9999,-9999,-9999,-9999,-9999,-9999,-9999,-9999,-9999,-9999,-9999,-9999,-9999,-9999,-9999,-9999,-9999,-9999,-9999,-9999,-9999,-9999,-9999,-9999,-9999,-9999,-9999,-9999,-9999,-9999,-9999,-9999,-9999,-9999,-9999,-9999,-9999,-9999,-9999,-9999,-9999,-9999,-9999,-9999,-9999,-9999,-9999,-9999,-9999,1.60243598656962E-06,0.000192813662579283,0.000227057040319778,0.000225441151997074,0.000224313320359215,0.00022097208420746,0.000215559048228897,0.000210996717214584,0.000209462392376736,0.000207321994821541,0.000206093012820929,0.000204453521291725,0.000203014511498623,0.000201097078388557,0.000199260102817789,0.000196529552340508,0.000191087339771912,0.000177275433088653,0.000153167522512376,5.83266519242898E-05,1.05637291198946E-05,9.48207343753893E-06,9.57113206823124E-06,-9999,-9999,-9999,-9999,-9999,-9999,-9999,-9999,-9999,-9999
-9999,-9999,-9999,-9999,-9999,2.44955372181721E-05,0.000335314311087132,0.000448652834165841,0.000451967061962932,0.000451331550721079,0.000448907434474677,0.000444336532382295,0.000439444294897839,3.01134582514351E-06,-9999,-9999,-9999,-9999,-9999,-9999,-9999,-9999,-9999,-9999,-9999,-9999,-9999,-9999,-9999,-9999,-9999,-9999,-9999,-9999,-9999,-9999,-9999,-9999,-9999,-9999,-9999,-9999,-9999,-9999,-9999,-9999,-9999,-9999,-9999,-9999,-9999,-9999,-9999,-9999,-9999,-9999,-9999,-9999,-9999,-9999,-9999,-9999,-9999,-9999,-9999,-9999,-9999,-9999,-9999,-9999,-9999,-9999,-9999,-9999,-9999,-9999,-9999,-9999,-9999,-9999,-9999,-9999,-9999,-9999,-9999,-9999,-9999,-9999,-9999,-9999,-9999,-9999,-9999,-9999,-9999,-9999,-9999,-9999,1.58220586854441E-06,0.000153122964547947,0.000221345049794763,0.000221863621845841,0.000220214846194722,0.000217437860555947,0.000212119019124657,0.000206634504138492,0.000205012096557766,0.000202727242140099,0.000201599439606071,0.00019991589942947,0.00019867270020768,0.000197176996152848,0.000195482920389622,0.000193233106983826,0.000189671336556785,0.000183031908818521,0.000146357226185501,8.90019873622805E-05,3.31837763951626E-05,2.22859562200028E-05,1.32196364575066E-05,9.64271202974487E-06,-9999,-9999,-9999,-9999,-9999,-9999,-9999,-9999,-9999
-9999,-9999,-9999,-9999,-9999,5.01078193337889E-06,0.000237552303588018,0.000440984586020932,0.000453119951998815,0.000453364278655499,0.000451759115094319,0.000447187107056379,0.0004414789727889,3.02084208669839E-06,-9999,-9999,-9999,-9999,-9999,-9999,-9999,-9999,-9999,-9999,-9999,-9999,-9999,-9999,-9999,-9999,-9999,-9999,-9999,-9999,-9999,-9999,-9999,-9999,-9999,-9999,-9999,-9999,-9999,-9999,-9999,-9999,-9999,-9999,-9999,-9999,-9999,-9999,-9999,-9999,-9999,-9999,-9999,-9999,-9999,-9999,-9999,-9999,-9999,-9999,-9999,-9999,-9999,-9999,-9999,-9999,-9999,-9999,-9999,-9999,-9999,-9999,-9999,-9999,-9999,-9999,-9999,-9999,-9999,-9999,-9999,-9999,-9999,-9999,-9999,-9999,-9999,-9999,-9999,-9999,-9999,-9999,-9999,-9999,1.56984424393158E-06,5.09396340930834E-05,0.000214641593629494,0.000218452143599279,0.00021648348774761,0.000213561987038702,0.000208730751182884,0.000203517076442949,0.000201090369955637,0.000199489571969025,0.000197829096578062,0.000195674103451893,0.000194321881281212,0.000192972191143781,0.000191480634384789,0.000190042046597227,0.000187360739801079,0.000178746282472275,0.000151418265886605,0.00012529875675682,9.85385122476146E-05,8.23232476250269E-05,2.46240651904372E-05,9.44790917856153E-06,-9999,-9999,-9999,-9999,-9999,-9999,-9999,-9999,-9999
-9999,-9999,-9999,-9999,-9999,3.08988524011511E-06,0.000171529580256902,0.000441889831563458,0.000454054010333493,0.000455077912192792,0.000454081950010732,0.000449418585048988,0.000439037074102089,3.03170213555859E-06,-9999,-9999,-9999,-9999,-9999,-9999,-9999,-9999,-9999,-9999,-9999,-9999,-9999,-9999,-9999,-9999,-9999,-9999,-9999,-9999,-9999,-9999,-9999,-9999,-9999,-9999,-9999,-9999,-9999,-9999,-9999,-9999,-9999,-9999,-9999,-9999,-9999,-9999,-9999,-9999,-9999,-9999,-9999,-9999,-9999,-9999,-9999,-9999,-9999,-9999,-9999,-9999,-9999,-9999,-9999,-9999,-9999,-9999,-9999,-9999,-9999,-9999,-9999,-9999,-9999,-9999,-9999,-9999,-9999,-9999,-9999,-9999,-9999,-9999,-9999,-9999,-9999,-9999,-9999,-9999,-9999,-9999,-9999,-9999,-9999,1.52263123709417E-06,0.000208860234124586,0.000213931532925926,0.000213115446968004,0.000209889432881027,0.000205285774427466,0.00019996463379357,0.000197486093384214,0.0001960180234164,0.000194057036424056,0.000192065199371427,0.000190386694157496,0.000189170998055488,0.000187731406185776,0.000186506236786954,0.000184901378815994,0.000178753383806907,0.000171198917087168,0.000160789873916656,0.000137354683829471,8.67403432494029E-05,3.27155721606687E-05,9.25392396311508E-06,-9999,-9999,-9999,-9999,-9999,-9999,-9999,-9999,-9999
-9999,-9999,-9999,-9999,-9999,-9999,0.000104556704172865,0.000444350938778371,0.000454829074442387,0.000456475187093019,0.000455189438071102,0.000449605751782656,0.000445984624093398,-9999,-9999,-9999,-9999,-9999,-9999,-9999,-9999,-9999,-9999,-9999,-9999,-9999,-9999,-9999,-9999,-9999,-9999,-9999,-9999,-9999,-9999,-9999,-9999,-9999,-9999,-9999,-9999,-9999,-9999,-9999,-9999,-9999,-9999,-9999,-9999,-9999,-9999,-9999,-9999,-9999,-9999,-9999,-9999,-9999,-9999,-9999,-9999,-9999,-9999,-9999,-9999,-9999,-9999,-9999,-9999,-9999,-9999,-9999,-9999,-9999,-9999,-9999,-9999,-9999,-9999,-9999,-9999,-9999,-9999,-9999,-9999,-9999,-9999,-9999,-9999,-9999,-9999,-9999,-9999,-9999,-9999,-9999,-9999,-9999,-9999,1.50016683164722E-06,0.000193978397874162,0.00020976408268325,0.000210007114219479,0.000207072662306018,0.000202726834686473,0.00019786530174315,0.000194691572687589,0.00019271660130471,0.000190352118806913,0.000188463876838796,0.000186784760444425,0.00018533697584644,0.000184013275429606,0.000182929084985517,0.000182356350705959,0.000180791801540181,0.000177266556420363,0.000165464138262905,0.000143873461638577,0.000107556414150167,5.55716615053825E-05,1.13407922981423E-05,-9999,-9999,-9999,-9999,-9999,-9999,-9999,-9999,-9999
-9999,-9999,-9999,-9999,-9999,-9999,7.89562327554449E-05,0.000445801066234708,0.000456555251730606,0.000457377929706126,0.000454672990599647,0.00044905548566021,0.000442925986135378,-9999,-9999,-9999,-9999,-9999,-9999,-9999,-9999,-9999,-9999,-9999,-9999,-9999,-9999,-9999,-9999,-9999,-9999,-9999,-9999,-9999,-9999,-9999,-9999,-9999,-9999,-9999,-9999,-9999,-9999,-9999,-9999,-9999,-9999,-9999,-9999,-9999,-9999,-9999,-9999,-9999,-9999,-9999,-9999,-9999,-9999,-9999,-9999,-9999,-9999,-9999,-9999,-9999,-9999,-9999,-9999,-9999,-9999,-9999,-9999,-9999,-9999,-9999,-9999,-9999,-9999,-9999,-9999,-9999,-9999,-9999,-9999,-9999,-9999,-9999,-9999,-9999,-9999,-9999,-9999,-9999,-9999,-9999,-9999,-9999,-9999,1.48110120790079E-06,0.000127896360936575,0.000206569224246778,0.000206980301300064,0.000204027761355974,0.000199805188458413,0.000195514963706955,0.0001914386957651,0.000189842714462429,0.000187408382771537,0.000185450684512034,0.000183723284862936,0.000182403207872994,0.000181097057065926,0.000180063958396204,0.000179599155671895,0.000179013775778003,0.000176825255039148,0.000171024861629121,0.000157757051056251,0.000121719363960437,8.54382669785991E-05,2.14027222682489E-05,1.12565030576661E-05,9.07739013200626E-06,-9999,-9999,-9999,-9999,-9999,-9999,-9999
-9999,-9999,-9999,-9999,-9999,-9999,0.000125763937830925,0.000453615764854476,0.000458711641840637,0.000457429297966883,0.000453325075795874,0.000447970145614818,0.000407297280617058,-9999,-9999,-9999,-9999,-9999,-9999,-9999,-9999,-9999,-9999,-9999,-9999,-9999,-9999,-9999,-9999,-9999,-9999,-9999,-9999,-9999,-9999,-9999,-9999,-9999,-9999,-9999,-9999,-9999,-9999,-9999,-9999,-9999,-9999,-9999,-9999,-9999,-9999,-9999,-9999,-9999,-9999,-9999,-9999,-9999,-9999,-9999,-9999,-9999,-9999,-9999,-9999,-9999,-9999,-9999,-9999,-9999,-9999,-9999,-9999,-9999,-9999,-9999,-9999,-9999,-9999,-9999,-9999,-9999,-9999,-9999,-9999,-9999,-9999,-9999,-9999,-9999,-9999,-9999,-9999,-9999,-9999,-9999,-9999,-9999,-9999,1.46416289226181E-06,8.59982174006291E-06,0.000203415649593808,0.000203180214157328,0.000200675844098441,0.00019636019715108,0.000192098668776453,0.000188385718502104,0.000186542805749923,0.000184790813364089,0.000182892312295735,0.00018101315072272,0.000179593262146227,0.00017856176418718,0.000177838795934804,0.000177168141817674,0.000176988454768434,0.000175323366420344,0.000171041290741414,0.000160756433615461,0.000141897355206311,0.000100956007372588,3.85479506803676E-05,1.92404404515401E-05,1.40245610964485E-05,9.00351915333886E-06,-9999,-9999,-9999,-9999,-9999,-9999
-9999,-9999,-9999,-9999,-9999,-9999,-9999,-9999,-9999,-9999,-9999,-9999,-9999,-9999,-9999,-9999,-9999,-9999,-9999,-9999,-9999,-9999,-9999,-9999,-9999,-9999,-9999,-9999,-9999,-9999,-9999,-9999,-9999,-9999,-9999,-9999,-9999,-9999,-9999,-9999,-9999,-9999,-9999,-9999,-9999,-9999,-9999,-9999,-9999,-9999,-9999,-9999,-9999,-9999,-9999,-9999,-9999,-9999,-9999,-9999,-9999,-9999,-9999,-9999,-9999,-9999,-9999,-9999,-9999,-9999,-9999,-9999,-9999,-9999,-9999,-9999,-9999,-9999,-9999,-9999,-9999,-9999,-9999,-9999,-9999,-9999,-9999,-9999,-9999,-9999,-9999,-9999,-9999,-9999,-9999,-9999,-9999,-9999,-9999,-9999,1.40666520564992E-06,0.00019492776482366,0.000199192174477503,0.00019708921900019,0.000193262923858128,0.000189138576388359,0.000185384298674762,0.000183683165232651,0.000182528150617145,0.000180386545252986,0.000178664704435505,0.000177388414158486,0.000176173387444578,0.000175676526851021,0.000175198540091515,0.000175027758814394,0.00017460914386902,0.000172429019585252,0.000166120342328213,0.000150778389070183,0.000110714972834103,5.91361786064226E-05,3.84832565032411E-05,2.89297549898038E-05,1.55020479724044E-05,8.89311468199594E-06,-9999,-9999,-9999,-9999,-9999
-9999,-9999,-9999,-9999,-9999,-9999,-9999,-9999,-9999,-9999,-9999,-9999,-9999,-9999,-9999,-9999,-9999,-9999,-9999,-9999,-9999,-9999,-9999,-9999,-9999,-9999,-9999,-9999,-9999,-9999,-9999,-9999,-9999,-9999,-9999,-9999,-9999,-9999,-9999,-9999,-9999,-9999,-9999,-9999,-9999,-9999,-9999,-9999,-9999,-9999,-9999,-9999,-9999,-9999,-9999,-9999,-9999,-9999,-9999,-9999,-9999,-9999,-9999,-9999,-9999,-9999,-9999,-9999,-9999,-9999,-9999,-9999,-9999,-9999,-9999,-9999,-9999,-9999,-9999,-9999,-9999,-9999,-9999,-9999,-9999,-9999,-9999,-9999,-9999,-9999,-9999,-9999,-9999,-9999,-9999,-9999,-9999,-9999,-9999,-9999,1.3830083389621E-06,0.000147215541801415,0.000195919419638813,0.00019328820053488,0.000189965445315465,0.000185906261322089,0.000182034826138988,0.000180993010872044,0.000180003349669278,0.000178049696842209,0.000176051587914117,0.000175009801751003,0.000173767723026685,0.00017355837917421,0.000173482665559277,0.000174031345522963,0.000173924447153695,0.000172759508132003,0.000166144105605781,0.000149652260006405,0.000114943111839239,7.3529314249754E-05,5.43317219126038E-05,3.16411060339306E-05,2.11530095839407E-05,9.8867576525663E-06,8.82750373421004E-06,-9999,-9999,-9999,-9999
-9999,-9999,-9999,-9999,-9999,-9999,-9999,-9999,-9999,-9999,-9999,-9999,-9999,-9999,-9999,-9999,-9999,-9999,-9999,-9999,-9999,-9999,-9999,-9999,-9999,-9999,-9999,-9999,-9999,-9999,-9999,-9999,-9999,-9999,-9999,-9999,-9999,-9999,-9999,-9999,-9999,-9999,-9999,-9999,-9999,-9999,-9999,-9999,-9999,-9999,-9999,-9999,-9999,-9999,-9999,-9999,-9999,-9999,-9999,-9999,-9999,-9999,-9999,-9999,-9999,-9999,-9999,-9999,-9999,-9999,-9999,-9999,-9999,-9999,-9999,-9999,-9999,-9999,-9999,-9999,-9999,-9999,-9999,-9999,-9999,-9999,-9999,-9999,-9999,-9999,-9999,-9999,-9999,-9999,-9999,-9999,-9999,-9999,-9999,-9999,1.36637856940069E-06,3.47658988175681E-06,0.000192778767086565,0.00018972807447426,0.000186722900252789,0.000182672767550685,0.000179340990143828,0.000178444504854269,0.000177500376594253,0.000175850247615017,0.000173912412719801,0.000172862390172668,0.00017169454076793,0.000171449064509943,0.0001718385174172,0.000172531203133985,0.000171885199961253,0.000170278508448973,0.000165401259437203,0.000148594728671014,0.000123491583508439,9.39709861995652E-05,6.81495585013181E-05,4.16545226471499E-05,2.32769307331182E-05,1.22593255582615E-05,8.77802540344419E-06,-9999,-9999,-9999,-9999
-9999,-9999,-9999,-9999,-9999,-9999,-9999,-9999,-9999,-9999,-9999,-9999,-9999,-9999,-9999,-9999,-9999,-9999,-9999,-9999,-9999,-9999,-9999,-9999,-9999,-9999,-9999,-9999,-9999,-9999,-9999,-9999,-9999,-9999,-9999,-9999,-9999,-9999,-9999,-9999,-9999,-9999,-9999,-9999,-9999,-9999,-9999,-9999,-9999,-9999,-9999,-9999,-9999,-9999,-9999,-9999,-9999,-9999,-9999,-9999,-9999,-9999,-9999,-9999,-9999,-9999,-9999,-9999,-9999,-9999,-9999,-9999,-9999,-9999,-9999,-9999,-9999,-9999,-9999,-9999,-9999,-9999,-9999,-9999,-9999,-9999,-9999,-9999,-9999,-9999,-9999,-9999,-9999,-9999,-9999,-9999,-9999,-9999,-9999,-9999,-9999,1.32238062633405E-06,0.000176639237906784,0.000185973083716817,0.00018332559557166,0.000179642243892886,0.000176912508322857,0.000175716733792797,0.000174985398189165,0.000173608248587698,0.000171547057107091,0.000170484316186048,0.00016950027202256,0.000169133287272416,0.000169562292285264,0.000170595754752867,0.000171457650139928,0.000171053019585088,0.000165509103680961,0.000150300867971964,0.000126862098113634,0.000108767817437183,7.78490211814642E-05,4.13373054470867E-05,2.55670038313838E-05,1.21396287795505E-05,8.63654167915229E-06,-9999,-9999,8.46602688397979E-06,8.45528757054126E-06
-9999,-9999,-9999,-9999,-9999,-9999,-9999,-9999,-9999,-9999,-9999,-9999,-9999,-9999,-9999,-9999,-9999,-9999,-9999,-9999,-9999,-9999,-9999,-9999,-9999,-9999,-9999,-9999,-9999,-9999,-9999,-9999,-9999,-9999,-9999,-9999,-9999,-9999,-9999,-9999,-9999,-9999,-9999,-9999,-9999,-9999,-9999,-9999,-9999,-9999,-9999,-9999,-9999,-9999,-9999,-9999,-9999,-9999,-9999,-9999,-9999,-9999,-9999,-9999,-9999,-9999,-9999,-9999,-9999,-9999,-9999,-9999,-9999,-9999,-9999,-9999,-9999,-9999,-9999,-9999,-9999,-9999,-9999,-9999,-9999,-9999,-9999,-9999,-9999,-9999,-9999,-9999,-9999,-9999,-9999,-9999,-9999,-9999,-9999,-9999,-9999,-9999,9.22915023693349E-06,0.000185713390237652,0.000180659946636297,0.000177622991031967,0.000175148757989518,0.000174012602656148,0.000172816158737987,0.000171034815139137,0.000169144506799057,0.000168144848430529,0.000167413149029016,0.000167278121807612,0.000167558871908113,0.000168460144777782,0.000169211401953362,0.00016867506201379,0.000163127944688313,0.000156103691551834,0.000141001277370378,0.000112790650746319,7.73600040702149E-05,4.8979178245645E-05,2.28359567699954E-05,1.33522762553184E-05,8.49048683448927E-06,8.38675896375207E-06,8.39119093143381E-06,8.39065614854917E-06,9.30024725676049E-06
-9999,-9999,-9999,-9999,-9999,-9999,-9999,-9999,-9999,-9999,-9999,-9999,-9999,-9999,-9999,-9999,-9999,-9999,-9999,-9999,-9999,-9999,-9999,-9999,-9999,-9999,-9999,-9999,-9999,-9999,-9999,-9999,-9999,-9999,-9999,-9999,-9999,-9999,-9999,-9999,-9999,-9999,-9999,-9999,-9999,-9999,-9999,-9999,-9999,-9999,-9999,-9999,-9999,-9999,-9999,-9999,-9999,-9999,-9999,-9999,-9999,-9999,-9999,-9999,-9999,-9999,-9999,-9999,-9999,-9999,-9999,-9999,-9999,-9999,-9999,-9999,-9999,-9999,-9999,-9999,-9999,-9999,-9999,-9999,-9999,-9999,-9999,-9999,-9999,-9999,-9999,-9999,-9999,-9999,-9999,-9999,-9999,-9999,-9999,-9999,-9999,-9999,-9999,0.000128027226310223,0.000181071343831718,0.000176307454239577,0.00017467157158535,0.000173002365045249,0.000171716310433112,0.000169467311934568,0.00016746879555285,0.000166182740940712,0.000165592602570541,0.000165596298757009,0.000166178273502737,0.000166500496561639,0.000166564466780983,0.000165997655130923,0.000161709991516545,0.000156720270751975,0.000143183904583566,0.000116700684884563,8.70890507940203E-05,4.05314858653583E-05,2.0228226276231E-05,1.17257222882472E-05,9.36129436013289E-06,8.3485019786167E-06,9.28979989112122E-06,1.02533849712927E-05,8.39314016047865E-05
-9999,-9999,-9999,-9999,-9999,-9999,-9999,-9999,-9999,-9999,-9999,-9999,-9999,-9999,-9999,-9999,-9999,-9999,-9999,-9999,-9999,-9999,-9999,-9999,-9999,-9999,-9999,-9999,-9999,-9999,-9999,-9999,-9999,-9999,-9999,-9999,-9999,-9999,-9999,-9999,-9999,-9999,-9999,-9999,-9999,-9999,-9999,-9999,-9999,-9999,-9999,-9999,-9999,-9999,-9999,-9999,-9999,-9999,-9999,-9999,-9999,-9999,-9999,-9999,-9999,-9999,-9999,-9999,-9999,-9999,-9999,-9999,-9999,-9999,-9999,-9999,-9999,-9999,-9999,-9999,-9999,-9999,-9999,-9999,-9999,-9999,-9999,-9999,-9999,-9999,-9999,-9999,-9999,-9999,-9999,-9999,-9999,-9999,-9999,-9999,-9999,-9999,-9999,1.24476423479791E-06,0.000126855753478594,0.000180314746103249,0.000175709399627522,0.000173412379808724,0.000171607985976152,0.000169216145877726,0.000167159247212112,0.000165915218531154,0.000165318590006791,0.000165015677339397,0.000164838158525527,0.000164774057338946,0.000163714255904779,0.000161796910106204,0.000160507071996108,0.000149504470755346,0.000132069224491715,9.62416452239268E-05,5.20027024322189E-05,1.61561601998983E-05,1.03534648587811E-05,1.03175516414922E-05,1.15361253847368E-05,1.14836666398332E-05,1.94717358681373E-05,0.000168726270203479,0.000170715575222857
-9999,-9999,-9999,-9999,-9999,-9999,-9999,-9999,-9999,-9999,-9999,-9999,-9999,-9999,-9999,-9999,-9999,-9999,-9999,-9999,-9999,-9999,-9999,-9999,-9999,-9999,-9999,-9999,-9999,-9999,-9999,-9999,-9999,-9999,-9999,-9999,-9999,-9999,-9999,-9999,-9999,-9999,-9999,-9999,-9999,-9999,-9999,-9999,-9999,-9999,-9999,-9999,-9999,-9999,-9999,-9999,-9999,-9999,-9999,-9999,-9999,-9999,-9999,-9999,-9999,-9999,-9999,-9999,-9999,-9999,-9999,-9999,-9999,-9999,-9999,-9999,-9999,-9999,-9999,-9999,-9999,-9999,-9999,-9999,-9999,-9999,-9999,-9999,-9999,-9999,-9999,-9999,-9999,-9999,-9999,-9999,-9999,-9999,-9999,-9999,-9999,-9999,-9999,-9999,1.22844096495101E-06,1.22055689644185E-06,0.000165864621521905,0.000175339038833044,0.000171346968272701,0.000169264356372878,0.000167411475558765,0.000166270474437624,0.000155881061800756,0.00012998006423004,0.000162858676048927,0.00015806187002454,0.000133858251501806,0.000112041729153134,0.000103675287391525,8.9104833023157E-05,4.67597310489509E-05,1.76181201823056E-05,9.13766416488215E-06,8.1674197645043E-06,1.41823838930577E-05,2.39397650148021E-05,8.80076549947262E-05,0.000167480538948439,0.000170241459272802,0.000171172592672519,0.000169129925779998
-9999,-9999,-9999,-9999,-9999,-9999,-9999,-9999,-9999,-9999,-9999,-9999,-9999,-9999,-9999,-9999,-9999,-9999,-9999,-9999,-9999,-9999,-9999,-9999,-9999,-9999,-9999,-9999,-9999,-9999,-9999,-9999,-9999,-9999,-9999,-9999,-9999,-9999,-9999,-9999,-9999,-9999,-9999,-9999,-9999,-9999,-9999,-9999,-9999,-9999,-9999,-9999,-9999,-9999,-9999,-9999,-9999,-9999,-9999,-9999,-9999,-9999,-9999,-9999,-9999,-9999,-9999,-9999,-9999,-9999,-9999,-9999,-9999,-9999,-9999,-9999,-9999,-9999,-9999,-9999,-9999,-9999,-9999,-9999,-9999,-9999,-9999,-9999,-9999,-9999,-9999,-9999,-9999,-9999,-9999,-9999,-9999,-9999,-9999,-9999,-9999,-9999,-9999,-9999,-9999,-9999,1.20249580959353E-06,5.9964208958263E-06,0.00017416724585928,0.000171448307810351,0.00016866167425178,0.000167082398547791,0.000158764800289646,0.00015935258124955,0.00015197362517938,0.000118994677904993,8.68729403009638E-05,5.37258129043039E-05,2.12261365959421E-05,3.16875557473395E-05,1.91621038538869E-05,2.60462584265042E-05,8.67564231157303E-05,0.000165505407494493,0.000167902631801553,0.000169584003742784,0.000170105122379027,0.000169169245054945,0.000168269267305732,0.000161894669872709,8.4185456216801E-05
-9999,-9999,-9999,-9999,-9999,-9999,-9999,-9999,-9999,-9999,-9999,-9999,-9999,-9999,-9999,-9999,-9999,-9999,-9999,-9999,-9999,-9999,-9999,-9999,-9999,-9999,-9999,-9999,-9999,-9999,-9999,-9999,-9999,-9999,-9999,-9999,-9999,-9999,-9999,-9999,-9999,-9999,-9999,-9999,-9999,-9999,-9999,-9999,-9999,-9999,-9999,-9999,-9999,-9999,-9999,-9999,-9999,-9999,-9999,-9999,-9999,-9999,-9999,-9999,-9999,-9999,-9999,-9999,-9999,-9999,-9999,-9999,-9999,-9999,-9999,-9999,-9999,-9999,-9999,-9999,-9999,-9999,-9999,-9999,-9999,-9999,-9999,-9999,-9999,-9999,-9999,-9999,-9999,-9999,-9999,-9999,-9999,-9999,-9999,-9999,-9999,-9999,-9999,-9999,-9999,-9999,-9999,-9999,1.17594606763305E-06,4.75015895062825E-06,0.000166784608154558,0.000170973711647093,0.000169620325323194,0.000168682774528861,0.000167474543559365,0.000166430676472373,0.000165376477525569,0.000165241333888844,0.000165292352903634,0.000165337551152334,0.000165740580996498,0.000167237958521582,0.000168537342688069,0.000168675556778908,0.000168199330801144,0.000167966791195795,0.000166321493452415,0.00015624103252776,9.33997944230214E-05,6.50186029815814E-06,-9999
-9999,-9999,-9999,-9999,-9999,-9999,-9999,-9999,-9999,-9999,-9999,-9999,-9999,-9999,-9999,-9999,-9999,-9999,-9999,-9999,-9999,-9999,-9999,-9999,-9999,-9999,-9999,-9999,-9999,-9999,-9999,-9999,-9999,-9999,-9999,-9999,-9999,-9999,-9999,-9999,-9999,-9999,-9999,-9999,-9999,-9999,-9999,-9999,-9999,-9999,-9999,-9999,-9999,-9999,-9999,-9999,-9999,-9999,-9999,-9999,-9999,-9999,-9999,-9999,-9999,-9999,-9999,-9999,-9999,-9999,-9999,-9999,-9999,-9999,-9999,-9999,-9999,-9999,-9999,-9999,-9999,-9999,-9999,-9999,-9999,-9999,-9999,-9999,-9999,-9999,-9999,-9999,-9999,-9999,-9999,-9999,-9999,-9999,-9999,-9999,-9999,-9999,-9999,-9999,-9999,-9999,-9999,-9999,-9999,-9999,1.16609430733661E-06,1.16278454243002E-06,1.15888258278574E-06,1.15411830847734E-06,4.76735795018612E-06,6.68119037072756E-06,1.13624560071912E-06,1.13088412945217E-06,1.12838370114332E-06,2.15758632293728E-06,6.91112290951423E-06,3.0357412470039E-05,6.29639107501134E-05,6.9324167270679E-05,1.59533537953394E-05,1.15502677999757E-06,1.15875070605398E-06,1.16075000278215E-06,-9999,-9999,-9999
-9999,-9999,-9999,-9999,-9999,-9999,-9999,-9999,-9999,-9999,-9999,-9999,-9999,-9999,-9999,-9999,-9999,-9999,-9999,-9999,-9999,-9999,-9999,-9999,-9999,-9999,-9999,-9999,-9999,-9999,-9999,-9999,-9999,-9999,-9999,-9999,-9999,-9999,-9999,-9999,-9999,-9999,-9999,-9999,-9999,-9999,-9999,-9999,-9999,-9999,-9999,-9999,-9999,-9999,-9999,-9999,-9999,-9999,-9999,-9999,-9999,-9999,-9999,-9999,-9999,-9999,-9999,-9999,-9999,-9999,-9999,-9999,-9999,-9999,-9999,-9999,-9999,-9999,-9999,-9999,-9999,-9999,-9999,-9999,-9999,-9999,-9999,-9999,-9999,-9999,-9999,-9999,-9999,-9999,-9999,-9999,-9999,-9999,-9999,-9999,-9999,-9999,-9999,-9999,-9999,-9999,-9999,-9999,-9999,-9999,-9999,-9999,-9999,-9999,-9999,-9999,-9999,-9999,-9999,-9999,-9999,-9999,-9999,-9999,-9999,-9999,-9999,-9999,-9999,-9999,-9999
-9999,-9999,-9999,-9999,-9999,-9999,-9999,-9999,-9999,-9999,-9999,-9999,-9999,-9999,-9999,-9999,-9999,-9999,-9999,-9999,-9999,-9999,-9999,-9999,-9999,-9999,-9999,-9999,-9999,-9999,-9999,-9999,-9999,-9999,-9999,-9999,-9999,-9999,-9999,-9999,-9999,-9999,-9999,-9999,-9999,-9999,-9999,-9999,-9999,-9999,-9999,-9999,-9999,-9999,-9999,-9999,-9999,-9999,-9999,-9999,-9999,-9999,-9999,-9999,-9999,-9999,-9999,-9999,-9999,-9999,-9999,-9999,-9999,-9999,-9999,-9999,-9999,-9999,-9999,-9999,-9999,-9999,-9999,-9999,-9999,-9999,-9999,-9999,-9999,-9999,-9999,-9999,-9999,-9999,-9999,-9999,-9999,-9999,-9999,-9999,-9999,-9999,-9999,-9999,-9999,-9999,-9999,-9999,-9999,-9999,-9999,-9999,-9999,-9999,-9999,-9999,-9999,-9999,-9999,-9999,-9999,-9999,-9999,-9999,-9999,-9999,-9999,-9999,-9999,-9999,-9999

Step,313
Year,26.08333
-9999,-9999,-9999,-9999,-9999,-9999,-9999,-9999,-9999,-9999,-9999,-9999,-9999,-9999,-9999,-9999,-9999,-9999,-9999,-9999,-9999,-9999,-9999,-9999,-9999,-9999,-9999,-9999,-9999,-9999,-9999,-9999,-9999,-9999,-9999,-9999,-9999,-9999,-9999,-9999,-9999,-9999,-9999,-9999,-9999,-9999,-9999,-9999,-9999,-9999,-9999,-9999,-9999,-9999,-9999,-9999,-9999,-9999,-9999,-9999,-9999,-9999,-9999,-9999,-9999,-9999,-9999,-9999,-9999,-9999,-9999,-9999,-9999,-9999,-9999,-9999,-9999,-9999,-9999,-9999,-9999,-9999,-9999,-9999,-9999,-9999,-9999,-9999,-9999,-9999,-9999,-9999,-9999,-9999,-9999,-9999,-9999,-9999,-9999,-9999,-9999,-9999,-9999,-9999,-9999,-9999,-9999,-9999,-9999,-9999,-9999,-9999,-9999,-9999,-9999,-9999,-9999,-9999,-9999,-9999,-9999,-9999,-9999,-9999,-9999,-9999,-9999,-9999,-9999,-9999,-9999
-9999,-9999,-9999,-9999,-9999,-9999,-9999,-9999,-9999,-9999,-9999,-9999,-9999,-9999,-9999,-9999,-9999,-9999,-9999,-9999,-9999,-9999,-9999,-9999,-9999,-9999,-9999,-9999,-9999,-9999,-9999,-9999,-9999,-9999,-9999,-9999,-9999,-9999,-9999,-9999,-9999,-9999,-9999,-9999,-9999,-9999,-9999,-9999,-9999,-9999,-9999,-9999,-9999,-9999,-9999,-9999,-9999,-9999,-9999,-9999,-9999,-9999,-9999,-9999,-9999,-9999,-9999,-9999,-9999,-9999,-9999,-9999,-9999,-9999,-9999,-9999,-9999,-9999,-9999,-9999,-9999,-9999,-9999,-9999,-9999,-9999,-9999,-9999,-9999,-9999,-9999,-9999,-9999,-9999,-9999,-9999,-9999,-9999,-9999,-9999,-9999,-9999,-9999,-9999,-9999,-9999,-9999,-9999,-9999,-9999,-9999,-9999,-9999,-9999,-9999,-9999,-9999,-9999,-9999,-9999,-9999,-9999,-9999,-9999,-9999,-9999,-9999,-9999,-9999,-9999,-9999
-9999,-9999,-9999,-9999,-9999,-9999,-9999,-9999,-9999,-9999,-9999,-9999,-9999,-9999,-9999,-9999,-9999,-9999,-9999,-9999,-9999,-9999,-9999,-9999,-9999,-9999,-9999,-9999,-9999,-9999,-9999,-9999,-9999,-9999,-9999,-9999,-9999,-9999,-9999,-9999,-9999,-9999,-9999,-9999,-9999,-9999,-9999,-9999,-9999,-9999,-9999,-9999,-9999,-9999,-9999,-9999,-9999,-9999,-9999,-9999,-9999,-9999,-9999,-9999,-9999,-9999,-9999,-9999,-9999,-9999,-9999,-9999,-9999,-9999,1.08296956113918E-06,1.61013213073602E-06,-9999,-9999,-9999,-9999,-9999,-9999,-9999,-9999,-9999,-9999,-9999,-9999,-9999,-9999,-9999,-9999,-9999,-9999,-9999,-9999,-9999,-9999,-9999,-9999,-9999,-9999,-9999,-9999,-9999,-9999,-9999,-9999,-9999,-9999,-9999,-9999,-9999,-9999,-9999,-9999,-9999,-9999,-9999,-9999,-9999,-9999,-9999,-9999,-9999,-9999,-9999,-9999,-9999,-9999,-9999
-9999,-9999,-9999,-9999,-9999,-9999,-9999,-9999,-9999,-9999,-9999,-9999,-9999,-9999,-9999,-9999,-9999,-9999,-9999,-9999,-9999,-9999,-9999,-9999,-9999,-9999,-9999,-9999,-9999,-9999,-9999,-9999,-9999,-9999,-9999,-9999,-9999,-9999,-9999,-9999,-9999,-9999,-9999,-9999,-9999,-9999,-9999,-9999,-9999,-9999,-9999,-9999,-9999,-9999,-9999,-9999,-9999,-9999,-9999,-9999,-9999,-9999,-9999,-9999,-9999,-9999,-9999,-9999,-9999,-9999,-9999,-9999,-9999,-9999,1.55135467139189E-06,2.29622014558117E-06,-9999,-9999,-9999,-9999,-9999,-9999,-9999,-9999,-9999,-9999,-9999,-9999,-9999,-9999,-9999,-9999,-9999,-9999,-9999,-9999,-9999,-9999,-9999,-9999,-9999,-9999,-9999,-9999,-9999,-9999,-9999,-9999,-9999,-9999,-9999,-9999,-9999,-9999,-9999,-9999,-9999,-9999,-9999,-9999,-9999,-9999,-9999,-9999,-9999,-9999,-9999,-9999,-9999,-9999,-9999
-9999,-9999,-9999,-9999,-9999,-9999,-9999,-9999,-9999,-9999,-9999,-9999,-9999,-9999,-9999,-9999,-9999,-9999,-9999,-9999,-9999,-9999,-9999,-9999,-9999,-9999,-9999,-9999,-9999,-9999,-9999,-9999,-9999,-9999,-9999,-9999,-9999,-9999,-9999,-9999,-9999,-9999,-9999,-9999,-9999,-9999,-9999,-9999,-9999,-9999,-9999,-9999,-9999,-9999,-9999,-9999,1.21769232919178E-07,1.75526366774648E-07,2.47858054081007E-07,3.49017341250146E-07,-9999,-9999,-9999,-9999,-9999,1.94341691894806E-06,1.867546984613E-06,2.63178048953705E-06,2.55250438385701E-06,1.64495702392742E-06,2.34838580581709E-06,1.16912760859122E-05,1.56737351062475E-05,1.55227189679863E-05,2.19569710679934E-06,1.12737652671058E-05,1.46031361509813E-05,-9999,-9999,1.39088970172452E-05,2.15750260394998E-05,1.892214640975E-05,1.92510342458263E-05,4.95863168907817E-05,6.61002777633257E-05,6.04825982009061E-05,6.07169567956589E-05,3.71533060388174E-05,1.75261538970517E-05,-9999,-9999,-9999,-9999,-9999,-9999,-9999,-9999,-9999,-9999,-9999,-9999,-9999,-9999,-9999,-9999,-9999,-9999,-9999,-9999,-9999,-9999,-9999,-9999,-9999,-9999,-9999,-9999,-9999,-9999,-9999,-9999,-9999,-9999,-9999,-9999,-9999,-9999,-9999,-9999,-9999,-9999
-9999,-9999,-9999,-9999,-9999,-9999,-9999,-9999,-9999,-9999,-9999,-9999,-9999,-9999,-9999,-9999,-9999,-9999,-9999,-9999,-9999,-9999,-9999,-9999,-9999,-9999,-9999,-9999,-9999,-9999,-9999,-9999,-9999,-9999,-9999,-9999,-9999,-9999,-9999,-9999,-9999,-9999,-9999,-9999,-9999,-9999,-9999,-9999,-9999,-9999,-9999,-9999,-9999,-9999,-9999,1.26915779219416E-07,1.84784724410747E-07,2.64842128672171E-07,3.68831479136134E-07,4.97011797051528E-07,6.59845454720198E-07,9.11889969756885E-07,-9999,3.29542604049493E-06,8.79852723301155E-06,2.91094374915701E-06,2.71113913186127E-06,1.99642308871262E-05,2.01434213522589E-05,2.36523419516743E-06,2.28811518354632E-06,2.63537385762902E-05,3.33760763169266E-05,2.96286216325825E-05,2.61013428826118E-05,2.57546998909675E-05,1.99656496988609E-05,2.21965492528398E-05,3.71298119716812E-05,6.60905425320379E-05,0.000157990347361192,0.000242453243117779,0.000269559677690268,0.000269965967163444,0.000272657489404082,0.000275538302958012,0.000278596038697287,0.000282581488136202,0.000272481818683445,0.000143935292726383,6.11823488725349E-05,-9999,-9999,-9999,-9999,-9999,-9999,-9999,-9999,-9999,-9999,-9999,-9999,-9999,-9999,-9999,-9999,-9999,-9999,-9999,-9999,-9999,-9999,-9999,-9999,-9999,-9999,-9999,-9999,-9999,-9999,-9999,-9999,-9999,-9999,-9999,-9999,-9999,-9999,-9999,-9999
-9999,-9999,-9999,-9999,-9999,-9999,-9999,-9999,-9999,-9999,-9999,-9999,-9999,-9999,-9999,-9999,-9999,-9999,-9999,-9999,-9999,-9999,-9999,-9999,-9999,-9999,-9999,-9999,-9999,-9999,-9999,-9999,-9999,-9999,-9999,-9999,-9999,-9999,-9999,-9999,-9999,-9999,-9999,-9999,-9999,-9999,-9999,-9999,-9999,-9999,-9999,-9999,-9999,-9999,-9999,1.90452198012281E-07,2.79298944860784E-07,4.04072693527269E-07,5.62884906685213E-07,7.48990203192079E-07,9.64937953540357E-07,1.2420454140738E-06,1.63892059390491E-06,2.22693620344216E-06,3.06566880681203E-06,1.74496526597068E-05,3.00911815429572E-05,7.5427524279803E-05,0.00012153152783867,0.00017472222680226,0.000199200614588335,0.000177598078153096,0.000218616827623919,0.0002438182127662,0.000195624306797981,0.000192621460882947,0.000181358132977039,0.000194711188669316,0.000263520400039852,0.000270240969257429,0.000275218684691936,0.000278374645859003,0.000281022366834804,0.000282561843050644,0.000283773755654693,0.000285286281723529,0.00028724706498906,0.000289103714749217,0.000289935967884958,0.00028917079907842,0.00028463065973483,0.000236630497965962,5.63569374207873E-05,-9999,-9999,-9999,-9999,-9999,-9999,-9999,-9999,-9999,1.72828713402851E-05,1.72705495060654E-05,1.72844556800555E-05,-9999,-9999,-9999,-9999,-9999,-9999,-9999,-9999,-9999,-9999,-9999,-9999,-9999,-9999,-9999,-9999,-9999,-9999,-9999,-9999,-9999,-9999,-9999,-9999,-9999,-9999
-9999,-9999,-9999,-9999,-9999,-9999,-9999,-9999,-9999,-9999,-9999,-9999,-9999,-9999,-9999,-9999,-9999,-9999,-9999,-9999,-9999,-9999,-9999,-9999,-9999,-9999,-9999,-9999,-9999,-9999,-9999,8.30364479043055E-06,-9999,-9999,-9999,2.53027646976989E-05,-9999,-9999,-9999,-9999,-9999,-9999,-9999,-9999,-9999,-9999,-9999,-9999,-9999,-9999,-9999,-9999,-9999,-9999,-9999,-9999,-9999,2.74973189107186E-07,3.90121385862585E-07,5.42329019026511E-07,-9999,1.13963949388562E-06,1.58795910465415E-06,2.19732078221568E-06,3.03052684103022E-06,1.76451139850542E-05,3.13364580506459E-05,4.25480138801504E-05,2.62468784058001E-05,0.000143622703035362,0.000295217876555398,0.000309238268528134,0.000305879977531731,0.00030150666134432,0.000291554344585165,0.00028383030439727,0.00028480016044341,0.000285258109215647,0.000282341061392799,0.000280864856904373,0.000280485168332234,0.000281383428955451,0.000280639244010672,0.000280812295386568,0.000282880297163501,0.000284837471554056,0.000287260161712766,0.000290058756945655,0.000292045588139445,0.00029282781179063,0.000293602875899523,0.000288422044832259,0.000261976732872427,6.85545601299964E-05,-9999,-9999,-9999,-9999,-9999,-9999,-9999,-9999,2.34307954087853E-05,3.62550308636855E-05,2.36270498135127E-05,1.6949828932411E-05,1.70772927958751E-05,-9999,-9999,-9999,-9999,-9999,-9999,-9999,-9999,-9999,-9999,-9999,-9999,-9999,-9999,-9999,-9999,-9999,-9999,-9999,-9999,-9999,-9999,-9999,-9999
-9999,-9999,-9999,-9999,-9999,-9999,-9999,-9999,-9999,-9999,-9999,-9999,-9999,-9999,-9999,-9999,-9999,-9999,-9999,-9999,-9999,-9999,-9999,-9999,-9999,-9999,-9999,-9999,-9999,-9999,5.84368308409466E-06,1.12429443106521E-05,-9999,-9999,1.17663530545542E-05,2.00554131879471E-05,-9999,-9999,2.3562246497022E-05,4.2118968849536E-05,-9999,-9999,-9999,-9999,-9999,4.84075917484006E-06,-9999,-9999,-9999,-9999,-9999,-9999,-9999,-9999,-9999,-9999,-9999,-9999,-9999,-9999,-9999,1.62194544373051E-06,2.27796294893778E-06,3.20649405693985E-06,3.02590638057154E-06,1.72092295542825E-05,1.88194626389304E-05,1.79302423930494E-05,1.6844975107233E-05,9.80636905296706E-05,0.000299819541396573,0.00031614548061043,0.000313159020151943,0.000307746406178921,0.000301298394333571,0.000295439298497513,0.000290892785415053,0.000287080009002239,0.000284404610283673,0.000282530032563955,0.000281256012385711,0.000280324748018757,0.000278620806057006,0.000280052627203986,0.000281972752418369,0.000285116693703458,0.000287747330730781,0.000290766125544906,0.000293546210741624,0.00029524223646149,0.000296392507152632,0.000296239944873378,0.000291860138531774,0.000246594980126247,6.92664762027562E-05,-9999,-9999,-9999,-9999,-9999,2.76260343525792E-05,2.78259049082408E-05,5.27669253642671E-05,7.79934198362753E-05,5.91042335145175E-05,3.97388103010599E-05,2.61615678027738E-05,1.68942788150162E-05,-9999,-9999,-9999,-9999,-9999,-9999,-9999,-9999,-9999,-9999,-9999,-9999,-9999,-9999,-9999,-9999,-9999,-9999,-9999,-9999,-9999,-9999,-9999
-9999,-9999,-9999,-9999,-9999,-9999,-9999,-9999,-9999,-9999,-9999,-9999,-9999,-9999,-9999,-9999,-9999,-9999,-9999,-9999,-9999,-9999,-9999,1.3706378013012E-05,1.74425913428422E-05,-9999,-9999,-9999,-9999,1.41283562697936E-05,1.33283992909128E-05,5.32891954208026E-06,2.64017071458511E-05,2.79410596704111E-06,2.36508440139005E-05,4.15254944527987E-05,7.44024218874983E-05,3.25359796988778E-05,1.99501191673335E-05,-9999,2.04192292585503E-05,2.14835617953213E-05,-9999,-9999,5.15197389177047E-05,6.59442321193637E-06,3.78069535145187E-06,2.26507290790323E-06,-9999,-9999,-9999,-9999,-9999,-9999,-9999,-9999,-9999,9.71170811681077E-06,6.10237248110934E-06,-9999,-9999,-9999,3.24415350405616E-06,2.12616741919192E-05,2.03044583031442E-05,1.99276037164964E-05,1.9015920770471E-05,1.78131922439206E-05,2.31985632126452E-05,0.000142539895023219,0.000302060943795368,0.000317261787131429,0.000313418044243008,0.000308062415570021,0.000301696680253372,0.000295652920613065,0.000290798692731187,0.000286636553937569,0.000283711240626872,0.000281818007351831,0.000279885396594182,0.000268602569121867,0.000273263198323548,0.00027894286904484,0.000281944026937708,0.000284546345937997,0.000288105744402856,0.000291599193587899,0.000294617639156058,0.00029636436374858,0.00029745019855909,0.000297880178550258,0.000296361395157874,0.000283547531580552,8.29893469926901E-05,1.46419606608106E-05,2.1150599422981E-06,1.44634373100416E-06,2.18269951801631E-06,6.74363618600182E-05,0.000132902438053861,0.000172124462551437,0.000192142266314477,0.000164269062224776,0.000155536603415385,0.000118298623419832,7.13367990101688E-05,2.32598613365553E-05,1.69214963534614E-05,1.71427382156253E-05,-9999,-9999,-9999,-9999,-9999,-9999,-9999,-9999,-9999,-9999,-9999,-9999,-9999,-9999,-9999,-9999,-9999,-9999,-9999,-9999,-9999
-9999,-9999,-9999,-9999,-9999,-9999,-9999,-9999,-9999,-9999,-9999,-9999,-9999,-9999,-9999,-9999,-9999,-9999,-9999,-9999,-9999,-9999,2.06216354854405E-05,2.41244270000607E-05,1.62976484716637E-05,1.62435917445691E-05,1.7795524399844E-05,2.04655480047222E-05,3.83496153517626E-05,5.74947480345145E-05,4.31441403634381E-05,0.000101517100119963,0.00013939272321295,0.000150120657053776,0.000172405882040039,0.000149280356708914,0.000148182341945358,0.000135161768412217,7.81302078394219E-05,5.97452381043695E-05,1.95273860299494E-05,1.21641578516574E-05,1.04194214145537E-05,1.46115562529303E-05,4.71270186608308E-06,3.28438818542054E-06,3.06825768348062E-06,2.82907308246649E-06,1.76296748577442E-06,-9999,-9999,-9999,-9999,-9999,-9999,-9999,-9999,3.97646690544207E-05,3.50945447280537E-05,3.19025893986691E-05,-9999,-9999,2.11430797207868E-05,2.13031325984048E-05,2.09515419555828E-05,2.00635913643055E-05,1.87700570677407E-05,2.16933003684971E-05,7.06884311512113E-05,0.000200173599296249,0.000306288129650056,0.00031788123305887,0.000312753225443885,0.000307130219880491,0.000300643354421481,0.000294286495773122,0.000289071525912732,0.000284910551272333,0.0002817019703798,0.000280048698186874,0.0002651751274243,0.000139358831802383,0.000166395417181775,0.000232649486861192,0.000271102006081492,0.000284087262116373,0.000288234645267949,0.000292099139187485,0.00029504083795473,0.000296569021884352,0.000298442348139361,0.000299706618534401,0.000297672668239102,0.000278340507065877,0.000133530833409168,0.000107847241451964,8.73422595759621E-06,2.14672218135092E-06,0.000103529593616258,0.000239828630583361,0.000266574934357777,0.000282518711173907,0.000278546795016155,0.000269439769908786,0.000258786749327555,0.000212613114854321,0.000136113711050712,7.07468425389379E-05,2.58270738413557E-05,1.68563619808992E-05,-9999,-9999,-9999,-9999,-9999,-9999,-9999,-9999,-9999,-9999,-9999,-9999,-9999,-9999,-9999,-9999,-9999,-9999,-9999,-9999,-9999
-9999,-9999,-9999,-9999,-9999,-9999,-9999,-9999,-9999,-9999,-9999,-9999,-9999,-9999,-9999,-9999,-9999,-9999,-9999,-9999,-9999,-9999,2.04556999960914E-05,2.42367750615813E-05,2.03641429834533E-05,2.08994642889593E-05,7.68404133850709E-05,0.000152615451952443,0.000201220813323744,0.000176636705873534,0.000175818058778532,0.000141118769533932,0.000151552128954791,0.000173636159161106,0.000161366173415445,0.000183532014489174,0.000217336491914466,0.000216127591556869,0.00022567916312255,0.000200588008738123,0.000140671763801947,9.0910449216608E-05,3.77176620531827E-05,1.46393276736489E-05,7.43976079320419E-06,3.43462534146965E-06,3.44098361892975E-06,3.37846927322971E-06,2.22731250687502E-06,2.16955504583893E-06,2.1662156086677E-06,-9999,-9999,-9999,-9999,-9999,-9999,-9999,3.04601726384135E-05,2.69790089078015E-05,2.3749313186272E-05,2.10722973861266E-05,2.11195219890215E-05,2.10244179470465E-05,2.07328121177852E-05,1.96838136616861E-05,2.28093304031063E-05,7.27489386918023E-05,0.000195179978618398,0.000307762762531638,0.000322416104609147,0.000316832214593887,0.000310805044136941,0.00030488014454022,0.00029820401687175,0.000291808304609731,0.000286900263745338,0.000283122935798019,0.000280068634310737,0.00025126340915449,3.48406683770008E-06,1.92589072867122E-06,1.94126232599956E-06,1.95451139006764E-06,2.27048185479362E-05,0.000188043632078916,0.000281497108517215,0.00029185792664066,0.000295194273348898,0.000297642400255427,0.000299943989375606,0.000301535910693929,0.000300122512271628,0.0002770853752736,0.000283045723335817,0.000293382618110627,0.000258826941717416,0.00013857104931958,0.00027901551220566,0.000306433124933392,0.000310195231577381,0.000305921566905454,0.000297032558592036,0.000291693751933053,0.000284805661067367,0.000258076819591224,0.000192528808838688,0.00012555367720779,3.87659165426157E-05,1.63394361152314E-05,8.40428674564464E-06,-9999,-9999,-9999,-9999,-9999,-9999,-9999,-9999,-9999,-9999,-9999,-9999,-9999,-9999,-9999,-9999,-9999,-9999,-9999,-9999
-9999,-9999,-9999,-9999,-9999,-9999,-9999,-9999,-9999,-9999,-9999,-9999,-9999,-9999,-9999,-9999,-9999,-9999,-9999,-9999,-9999,-9999,1.98208181245718E-05,2.46582076215418E-05,3.85539387934841E-05,0.000175830442458391,0.000227106414968148,0.000250336015596986,0.000237621949054301,0.000188362508197315,0.000187163779628463,0.000209666468435898,0.00022034089488443,0.000230769495829009,0.000262420915532857,0.000261015346040949,0.000269668671535328,0.000277817685855553,0.000294163997750729,0.000274983234703541,0.000243572751060128,0.000152353561134078,8.06575480964966E-05,4.68512007500976E-05,4.06005201512016E-05,4.55853805760853E-05,4.00871394958813E-05,2.77272374660242E-05,2.86301565211033E-06,2.9507598355849E-06,2.99464886666101E-06,-9999,-9999,-9999,-9999,2.23992192331934E-05,2.29686193051748E-05,2.39821747527458E-05,2.51114142884035E-05,2.29974903049879E-05,2.52299032581504E-05,1.93235300685046E-05,1.63830227393191E-05,1.00903325801482E-05,2.79063679045066E-05,9.1495254309848E-05,4.29028441431001E-05,0.000237233296502382,0.000332667026668787,0.000327553774695843,0.000321017054375261,0.000314598059048876,0.000308282091282308,0.000302119384286925,0.000294866971671581,0.000289493618765846,0.000286165450233966,0.000268416100880131,1.91671733773546E-06,1.92124912246072E-06,1.93433447748248E-06,1.30956300381513E-06,1.321425088463E-06,1.33198261664802E-06,1.99968349079427E-06,7.4706490522658E-06,9.82819619821385E-05,0.000259385793469846,0.000293489370960742,0.000298646104056388,0.000301268009934574,0.000302940548863262,0.000304569693980739,0.000306469621136785,0.000308438669890165,0.00031012695399113,0.000307601992972195,0.000308093993226066,0.000313774740789086,0.000318252772558481,0.000318595033604652,0.000314578326651827,0.000309427879983559,0.000304905988741666,0.000291120115434751,0.000278675637673587,0.000234259903663769,0.000181471652467735,8.28289412311278E-05,3.0669125408167E-05,3.66045401278825E-06,2.36031246458879E-06,-9999,-9999,-9999,-9999,-9999,-9999,-9999,-9999,-9999,-9999,-9999,-9999,-9999,-9999,-9999,-9999,-9999,-9999,-9999
-9999,-9999,-9999,-9999,-9999,-9999,-9999,-9999,-9999,-9999,-9999,-9999,-9999,-9999,-9999,-9999,-9999,-9999,-9999,-9999,-9999,1.803517989174E-05,2.13228722714121E-05,8.26757750473917E-05,0.000225717521971092,0.000294102035695687,0.000293374032480642,0.000271502765826881,0.000235994186368771,0.000277903251117095,0.000275919155683368,0.00028403487522155,0.000282780558336526,0.000281567336060107,0.000298159604426473,0.000312305521219969,0.000317635480314493,0.000315718847559765,0.000326056295307353,0.000323836400639266,0.000315906218020245,0.000258925254456699,0.000100891069450881,6.32838709861971E-05,7.79980910010636E-05,7.0967769715935E-05,6.39776262687519E-05,6.47815904812887E-05,6.43760140519589E-05,4.6481509343721E-05,3.02034204651136E-05,2.05286578420782E-05,2.08412020583637E-05,2.14344945561606E-05,2.20772835746175E-05,2.06748936761869E-05,2.35771949519403E-05,2.10984308068873E-05,2.14080228033708E-05,2.41095622186549E-05,9.67012456385419E-05,0.000204441283131018,9.92453351500444E-05,2.77328422271239E-06,2.72748820862034E-06,2.61815239355201E-06,1.01565492514055E-05,9.27959263208322E-05,0.000332734809489921,0.000326472916640341,0.000320114515488967,0.000311755575239658,0.000305158115224913,0.000262004701653495,1.10918545033201E-05,1.98199950318667E-06,1.95441839423438E-06,1.94027052202728E-06,1.2982486623514E-06,1.30223452288192E-06,1.31055185192963E-06,8.90326816715969E-07,8.99762824246864E-07,9.0954199549742E-07,1.36728908728401E-06,2.0443296762096E-06,1.32250625028973E-05,8.71624652063474E-05,0.000239856308326125,0.000292976794298738,0.000301431427942589,0.000303565320791677,0.000304822460748255,0.000306352507323027,0.000308872840832919,0.000311088282614946,0.00031268474413082,0.000314237782731652,0.000316426216159016,0.000318067672196776,0.00031717139063403,0.000315544224577025,0.000313295051455498,0.000311142241116613,0.000305053981719539,0.000288212380837649,0.00027016643434763,0.000206439493922517,0.000122282057418488,6.78637661621906E-05,1.8667178665055E-05,2.30874911721912E-06,2.37431936511712E-06,4.55806139143533E-06,-9999,-9999,-9999,-9999,-9999,-9999,-9999,-9999,-9999,-9999,-9999,-9999,-9999,-9999,-9999,-9999,-9999
-9999,-9999,-9999,-9999,-9999,-9999,-9999,-9999,-9999,-9999,-9999,-9999,-9999,-9999,-9999,-9999,-9999,-9999,-9999,-9999,-9999,3.57022654497996E-05,0.000200412992853671,0.00029354786965996,0.000328882946632802,0.000311664247419685,0.000292009266559035,0.000280262116575614,0.000297341379337013,0.000319577899063006,0.000336791039444506,0.000334671785822138,0.00034414988476783,0.000351757684256881,0.000346006941981614,0.000358943303581327,0.000356897566234693,0.000351316732121632,0.00035430648131296,0.000353622424881905,0.000345749023836106,0.000337483885232359,0.000318570819217712,0.000286747002974153,0.000253390928264707,0.000203036222956143,0.000128990432131104,7.06070350133814E-05,7.7844837505836E-05,6.42579107079655E-05,4.76400600746274E-05,3.14815988531336E-05,2.85125261143548E-05,2.31406393140787E-05,2.32868515013251E-05,3.59406076313462E-05,3.21943844028283E-05,3.17970079777297E-05,4.88705991301686E-05,0.000213358682231046,0.000352005561580881,0.000384462269721553,0.000374405644834042,0.000118359275802504,2.61678201241011E-06,2.54783549280546E-06,2.44185503106564E-06,0.000340590922860429,0.000333761214278638,0.000327199522871524,0.000232278020121157,2.14672354559298E-06,2.11016481443949E-06,2.09001268558495E-06,-9999,-9999,-9999,-9999,-9999,-9999,-9999,6.06755520493607E-07,6.11129394201271E-07,9.23740458347311E-07,1.38736527333094E-06,2.07585640055186E-06,4.70923168904847E-06,2.87728198600234E-05,0.000115557857498061,0.00024767144350335,0.000297249905997887,0.00030328071443364,0.000304544868413359,0.000306891015497968,0.000308868387946859,0.0003105602809228,0.00031209466396831,0.000314119533868507,0.000315526325721294,0.000315936194965616,0.000314819975756109,0.000313176307827234,0.000312571064569056,0.000313266034936532,0.000309998140437528,0.000299985695164651,0.000279268104350194,0.000241511763306335,0.000184458243893459,0.000111050860141404,6.04848646617029E-05,1.95069242181489E-05,1.32250816022861E-05,1.07202313301968E-05,1.4373204066942E-05,-9999,-9999,-9999,-9999,-9999,-9999,-9999,-9999,-9999,-9999,-9999,-9999,-9999,-9999,-9999,-9999
-9999,-9999,-9999,-9999,-9999,-9999,-9999,-9999,-9999,-9999,-9999,-9999,-9999,-9999,-9999,-9999,-9999,-9999,-9999,1.87576079042628E-05,5.07616823597346E-05,0.000281718675978482,0.000335867487592623,0.000335668824845925,0.00032764210482128,0.000340950151439756,0.000332444673404098,0.000329983013216406,0.000350729504134506,0.000351789494743571,0.000356253905920312,0.000360404548700899,0.000356327800545841,0.000351605616742745,0.000359428784577176,0.000362729886546731,0.00036079908022657,0.000355919444700703,0.000356847391230986,0.000357873039320111,0.000357164652086794,0.000354086892912164,0.000353064970113337,0.000346454849932343,0.000339690217515454,0.000323061482049525,0.000302818807540461,0.000282735447399318,0.000220669418922625,0.00014689948875457,6.29811765975319E-05,6.33089221082628E-05,7.0009074988775E-05,7.70547630963847E-05,0.000101068209914956,0.000150517851579934,0.000227875294513069,0.000250032171607018,0.000310804782202467,0.000370511639630422,0.000383746839361265,0.000384100072551519,0.000382169295335189,0.000382252503186464,9.40589598030783E-06,0.000360105274012312,0.000361770624294877,0.00034691349719651,0.000266844697762281,5.76340926272678E-06,2.24848281504819E-06,-9999,-9999,-9999,-9999,-9999,-9999,-9999,-9999,-9999,-9999,-9999,-9999,6.27718691248447E-07,9.40837651342008E-07,1.41201530823309E-06,2.10825646718149E-06,1.45205312946928E-05,5.90103554714005E-05,0.000165912832017057,0.000272532255621627,0.000301466672681272,0.000305138091789559,0.000305718422168866,0.000306608824757859,0.000307977112242952,0.000309458962874487,0.000311001960653812,0.000311894953483716,0.000311706942738965,0.000310665724100545,0.000309065682813525,0.000307331909425557,0.000307286944007501,0.000306697300402448,0.000301063351798803,0.00029109523165971,0.000276304315775633,0.000247847347054631,0.000170989398611709,9.28564113564789E-05,6.60452205920592E-05,4.15230715589132E-05,1.62475662364159E-05,1.577589137014E-05,-9999,-9999,-9999,-9999,-9999,-9999,-9999,-9999,-9999,-9999,-9999,-9999,-9999,-9999,-9999,-9999
-9999,-9999,-9999,-9999,-9999,-9999,-9999,-9999,-9999,-9999,-9999,-9999,-9999,-9999,-9999,-9999,-9999,-9999,5.60658736503683E-05,0.00014102051500231,0.000319568382110447,0.000360173726221547,0.000359729718184099,0.000368035514838994,0.000370771769667044,0.000365169980796054,0.000381968828151003,0.000386230618460104,0.000380788813345134,0.000374469789676368,0.000368342880392447,0.000361187849193811,0.000354766321834177,0.000362974329618737,0.000361363956471905,0.000366462219972163,0.000364853767678142,0.000365457934094593,0.000361838960088789,0.00036005990114063,0.000358559511369094,0.000356779113644734,0.000356098666088656,0.000355538562871516,0.000354090821929276,0.000349865265889093,0.000344697298714891,0.00033431759220548,0.000317326368531212,0.000277646235190332,0.00017517564992886,9.78997559286654E-05,0.000125829668832012,0.000230530175031163,0.000277015322353691,0.000300752435578033,0.00030308443820104,0.000331968913087621,0.000367906934116036,0.000377014686819166,0.000378032738808542,0.000375730218365788,0.000373457907699049,0.000371571892173961,0.000367172586265951,0.000362177874194458,0.000341822043992579,5.12493079440901E-06,-9999,-9999,-9999,-9999,-9999,-9999,-9999,-9999,-9999,-9999,-9999,-9999,-9999,-9999,-9999,-9999,-9999,1.4258030205383E-06,2.12985378311714E-06,6.39005429547979E-06,2.94342135020997E-05,9.91060514934361E-05,0.000217503824387677,0.000293050718028098,0.000303869019262493,0.00030525226611644,0.000304835819406435,0.000304651563055813,0.000305291061522439,0.000306310510495678,0.000306589558022097,0.000305950059555471,0.000304212007904425,0.000302394764730707,0.000301278341794387,0.000300479761790484,0.00030053814407438,0.000297353835776448,0.000287805014522746,0.000275684637017548,0.000260799686657265,0.000228896984481253,0.000149280895129777,9.17089710128494E-05,3.65898740710691E-05,1.78417103597894E-05,1.58635975822108E-05,-9999,-9999,-9999,-9999,-9999,-9999,-9999,-9999,-9999,-9999,-9999,-9999,-9999,-9999,-9999,-9999
-9999,-9999,-9999,-9999,-9999,-9999,-9999,-9999,-9999,-9999,-9999,-9999,2.90096522803651E-06,8.52239099913277E-06,-9999,1.94302610907471E-05,4.09590029448736E-05,0.000153191300341859,0.000282975612208247,0.000343141931807622,0.000384015293093398,0.000394233909901232,0.000398191681597382,0.000397346098907292,0.00039425419527106,0.00039461551932618,0.00039333660970442,0.000389302847906947,0.000386892264941707,0.000381731661036611,0.00037607696140185,0.000372260459698737,0.000371044763596728,0.000370571971870959,0.000369441549992189,0.000369484245311469,0.000368126842658967,0.000366381165804341,0.00036352445022203,0.000360233767423779,0.000357142911525443,0.00035422490327619,0.000352795177605003,0.000352613860741258,0.000352533505065367,0.00035189586924389,0.000350739283021539,0.000348527624737471,0.0003450094955042,0.000337013218086213,0.000314896606141701,0.000266138085862622,0.000234318518778309,0.000254847866017371,0.000273861427558586,0.000297476333798841,0.000321695959428325,0.00035898556234315,0.000369487155694515,0.000367644825018942,0.000369228393537924,0.000369264773325995,0.000367735308827832,0.000366103457054123,0.000363977014785632,0.000363119732355699,4.04669481213205E-06,-9999,-9999,-9999,-9999,-9999,-9999,-9999,-9999,-9999,-9999,-9999,-9999,-9999,-9999,-9999,-9999,-9999,-9999,-9999,1.43814600050973E-06,2.14408692045254E-06,1.05092603917001E-05,4.69920560135506E-05,0.000142670687637292,0.00025920444750227,0.000299714563880116,0.000303974520647898,0.000304254586808383,0.000301911000860855,0.000301024032523856,0.000300968968076631,0.000300359330140054,0.000299251172691584,0.00029715834534727,0.000294368917820975,0.000292815268039703,0.000293190591037273,0.000293161894660443,0.000291418808046728,0.00028608157299459,0.000276913138804957,0.000266909861238673,0.000245223665842786,0.000180158982402645,9.69274042290635E-05,3.93859663745388E-05,1.93456289707683E-05,1.54109475261066E-05,-9999,-9999,-9999,-9999,-9999,-9999,-9999,-9999,-9999,-9999,-9999,-9999,-9999,-9999,-9999,-9999
-9999,-9999,-9999,-9999,-9999,-9999,-9999,-9999,-9999,-9999,2.84089014712663E-06,2.82904261439398E-06,2.82340261037461E-06,3.12815682264045E-05,7.58148671593517E-05,0.000199832255020738,0.000302926026051864,0.000350679561961442,0.000382464961148798,0.000398732838220894,0.000404286198318005,0.000404499209253117,0.000403185724280775,0.000401292316382751,0.000399042473873124,0.000395747774746269,0.000392566027585417,0.000388861837564036,0.000384782440960407,0.000380189449060708,0.000375762581825256,0.000371587870176882,0.000368570646969602,0.000366991007467732,0.000365730229532346,0.000365268293535337,0.000364221777999774,0.000362069404218346,0.000359157333150506,0.000355920230504125,0.000352607457898557,0.000349259964423254,0.000347032502759248,0.000346463231835514,0.000346312066540122,0.000345893204212189,0.000345318811014295,0.000344599597156048,0.000343727588187903,0.00034314303775318,0.000342470535542816,0.000341331498930231,0.000340913742547855,0.000341829902026802,0.000345643376931548,0.000354665156919509,0.0003601121425163,0.000363152881618589,0.000364392384653911,0.000362386665074155,9.26392604014836E-05,2.48583410211722E-06,2.50150333158672E-06,6.7576461333374E-06,0.000165427642059512,1.877905560832E-05,-9999,-9999,-9999,-9999,-9999,-9999,-9999,-9999,-9999,-9999,-9999,-9999,-9999,-9999,-9999,-9999,-9999,-9999,-9999,-9999,-9999,1.44442833516223E-06,2.14941906051536E-06,1.0967699381581E-05,5.63400535611436E-05,0.000168299666256644,0.000277363695204258,0.000301439460599795,0.000301682506687939,0.000300106039503589,0.000296953279757872,0.000295218080282211,0.000293553457595408,0.000292407697997987,0.000290056457743049,0.000287243805360049,0.000284613081021234,0.000285042391624302,0.000285569374682382,0.00028446753276512,0.000280728738289326,0.000275322934612632,0.00026442832313478,0.000243391885305755,0.000198348658159375,0.000126147744595073,4.66414712718688E-05,2.09091995202471E-05,1.49323814184754E-05,-9999,-9999,-9999,-9999,-9999,-9999,-9999,-9999,-9999,-9999,-9999,-9999,-9999,-9999,-9999,-9999
-9999,-9999,-9999,-9999,-9999,-9999,-9999,-9999,1.93820906133624E-05,1.93204141396564E-05,4.54361497759237E-06,7.56477584218374E-06,5.49028627574444E-05,0.000246579584199935,0.000334965821821243,0.000365756684914231,0.000388129497878253,0.00039979605935514,0.000403221813030541,0.000405695987865329,0.000405674247303978,0.000404227845137939,0.000402359408326447,0.000399390584789217,0.000396124785766006,0.000392136571463197,0.000387693697120994,0.000382905884180218,0.000378436088794842,0.000373830553144217,0.000369434914318845,0.000365298357792199,0.000362094375304878,0.000361073209205642,0.00035987765295431,0.000359073659637943,0.000357403740053996,0.000355060212314129,0.000352053553797305,0.000348306697560474,0.000344295927789062,0.000340563070494682,0.000338412268320099,0.000337978766765445,0.000337624631356448,0.000336994504323229,0.000336322758812457,0.000335689197527245,0.000335098156938329,0.000335064250975847,0.000335865013767034,0.000338112469762564,0.000341422186465934,0.000345348205883056,0.000349698297213763,0.00035321872564964,0.000355792202753946,0.000358090532245114,0.000359260098775849,0.000358305696863681,0.000349561159964651,2.45544879362569E-06,-9999,-9999,-9999,-9999,-9999,-9999,-9999,-9999,-9999,-9999,-9999,-9999,-9999,-9999,-9999,-9999,-9999,-9999,-9999,-9999,-9999,-9999,-9999,-9999,-9999,-9999,1.44517400713084E-06,2.14730835068622E-06,3.81513109459775E-06,3.06011461361777E-05,0.000138979667099193,0.000267577299382538,0.00029657906270586,0.000297496822895482,0.000294272729661316,0.000290238531306386,0.000286860507912934,0.000285486108623445,0.000283483619568869,0.000281301385257393,0.00027892884099856,0.000277469167485833,0.000277931685559452,0.0002773103187792,0.000274917314527556,0.000271045544650406,0.000262855581240728,0.00024741466040723,0.000211932667298242,0.000138741408591159,4.97680848638993E-05,2.02404698939063E-05,1.44698869917192E-05,-9999,-9999,-9999,-9999,-9999,-9999,-9999,-9999,-9999,-9999,-9999,-9999,-9999,-9999,-9999,-9999
-9999,-9999,-9999,-9999,-9999,-9999,-9999,-9999,1.8986680515809E-05,2.15481031773379E-05,2.35778770729667E-05,9.06497443793342E-05,0.000330669630784541,0.000377944525098428,0.00038775778375566,0.000396449060644954,0.000403498037485406,0.000406545790610835,0.00040708517190069,0.000405905535444617,0.00040386340697296,0.000401533412514254,0.000398472475353628,0.000394784670788795,0.000390674395021051,0.000386130384868011,0.000380670331651345,0.000374856608686969,0.000370579655282199,0.000366936641512439,0.000363234023097903,0.00035951696918346,0.000356634409399703,0.000354844116372988,0.000353845942299813,0.000352721544913948,0.000350958784110844,0.000348316360032186,0.000344848027452826,0.000340552389388904,0.000336241966579109,0.000332319643348455,0.000329768314259127,0.000328753783833236,0.000327734160237014,0.00032677681883797,0.00032607585308142,0.000325848464854062,0.000325678644003347,0.000325860630255193,0.000326658482663333,0.000329380214679986,0.000333423318807036,0.000338218320393935,0.000343041814630851,0.000346801447449252,0.000349521753378212,0.000351129710907117,0.000352435308741406,0.000353647948941216,0.000338880578055978,2.44382817982114E-06,-9999,-9999,-9999,-9999,-9999,-9999,-9999,-9999,-9999,-9999,-9999,-9999,-9999,-9999,-9999,-9999,-9999,-9999,-9999,-9999,-9999,-9999,-9999,-9999,-9999,-9999,-9999,-9999,2.13957923733687E-06,2.12975032809481E-06,4.29830924986163E-06,4.27568083978258E-05,0.000208472498343326,0.000287232716800645,0.000290452153421938,0.000286547467112541,0.000282089458778501,0.000279122643405572,0.000277185317827389,0.000274910358712077,0.00027303837123327,0.000271460274234414,0.000270930089754984,0.000270576449111104,0.000268443167442456,0.000266305112745613,0.000260334432823583,0.000249913253355771,0.000225623938604258,0.000142323769978248,5.27934971614741E-05,1.74487031472381E-05,1.44186578836525E-05,-9999,-9999,-9999,-9999,-9999,-9999,-9999,-9999,-9999,-9999,-9999,-9999,-9999,-9999,-9999,-9999
-9999,-9999,-9999,-9999,-9999,-9999,1.98373618331971E-05,1.95325646927813E-05,1.9394507035031E-05,5.4691219702363E-05,0.000254511483944952,0.000353018811438233,0.000388207961805165,0.000396483897930011,0.000402798788854852,0.000405782280722633,0.000407230603741482,0.000407057581469417,0.000405688886530697,0.00040303569403477,0.000399421580368653,0.000395904877223074,0.000392551010008901,0.000388281332561746,0.000383223115932196,0.000379065750166774,0.00037368483026512,0.000368494540452957,0.000364147796062753,0.000360165577149019,0.000355882220901549,0.000352957315044478,0.000350872927810997,0.000349025591276586,0.000347591965692118,0.000346218002960086,0.000344383297488093,0.000342061102855951,0.000338562007527798,0.000334147916873917,0.000329517148202285,0.00032607969478704,0.000323103566188365,0.000321173283737153,0.000319675309583545,0.000318749283906072,0.00031802779994905,0.000317442521918565,0.000318077887641266,0.000318495178362355,0.000319505546940491,0.000322170060826465,0.000325876171700656,0.000330830691382289,0.000335087941493839,0.000339153630193323,0.000343018444254994,0.000345008942531422,0.000344295724062249,0.000166140263900161,2.41566158365458E-06,-9999,-9999,-9999,-9999,-9999,-9999,-9999,-9999,-9999,-9999,-9999,-9999,-9999,-9999,-9999,-9999,-9999,-9999,-9999,-9999,-9999,-9999,-9999,-9999,-9999,-9999,-9999,-9999,-9999,-9999,-9999,-9999,2.07255357054237E-06,5.76143429498188E-06,9.56925505306572E-05,0.000258722488069907,0.000281601271126419,0.000278421153780073,0.000274074089247733,0.00027073614182882,0.000268939678790048,0.000267054594587535,0.00026592708309181,0.000264882895862684,0.000264094880549237,0.000262172688962892,0.000259678170550615,0.000255362800089642,0.000248675525654107,0.000226275064051151,0.000160353796673007,7.2866641858127E-05,1.47362998177414E-05,-9999,-9999,-9999,-9999,-9999,-9999,-9999,-9999,-9999,-9999,-9999,-9999,-9999,-9999,-9999,-9999,-9999
-9999,-9999,-9999,-9999,-9999,-9999,1.96916862478247E-05,2.44908860622672E-05,9.13087569642812E-05,0.000306321657262743,0.000374207214917988,0.00039308620034717,0.000399131648009643,0.000401529570808634,0.000403111655032262,0.000404119142331183,0.000405020575271919,0.000404919061111286,0.00040316820377484,0.000399353273678571,0.000394241767935455,0.000390198110835627,0.000387020758353174,0.000382548605557531,0.000377303193090484,0.000373033893993124,0.000367750209989026,0.000362357997801155,0.000358100980520248,0.000353833951521665,0.000348516361555085,0.000346057844581082,0.000343406311003491,0.000341114617185667,0.00033809951855801,0.000336622761096805,0.000335986784193665,0.000334899901645258,0.000332111812895164,0.00032840421772562,0.000323063955875114,0.000320406135870144,0.00031753652729094,0.000315580313326791,0.000314464734401554,0.000314557866659015,0.000313892145641148,0.000314655451802537,0.000314901670208201,0.000316540914354846,0.000317288213409483,0.000320401653880253,0.000324537832057104,0.000267818541033193,0.000312186195515096,0.00026884104590863,7.43587361284881E-06,2.35223205891089E-06,2.37048675444385E-06,-9999,-9999,-9999,-9999,-9999,-9999,-9999,-9999,-9999,-9999,-9999,-9999,-9999,-9999,-9999,-9999,-9999,-9999,-9999,-9999,-9999,-9999,-9999,-9999,-9999,-9999,-9999,-9999,-9999,-9999,-9999,-9999,-9999,-9999,-9999,2.02116507352912E-06,1.9886047084583E-06,3.91016183129977E-05,0.000226092175580561,0.000272691337158903,0.000269478623522446,0.000265208131168038,0.000262840971117839,0.000261730921920389,0.0002604603942018,0.000259416206972674,0.000257752777542919,0.000255346298217773,0.000252853584242985,0.000249453965807334,0.000245024362811819,0.000230406541959383,0.000181721072294749,7.66912926337682E-05,1.97586996364407E-05,1.60630006575957E-05,1.26524410006823E-05,-9999,-9999,-9999,-9999,-9999,-9999,-9999,-9999,-9999,-9999,-9999,-9999,-9999,-9999,-9999
-9999,-9999,-9999,-9999,2.55593295150902E-05,2.81499342236202E-05,1.98156885744538E-05,8.41261135064997E-05,0.000324857770465314,0.000384906335966662,0.000398965377826244,0.000399994140025228,0.000399394193664193,0.000399232027120888,0.000399591604946181,0.000400527700548992,0.000401664205128327,0.000401809607865289,0.000400026474380866,0.000395893963286653,0.000390054163290188,0.000385684339562431,0.000383598206099123,0.000377708580344915,0.000372768146917224,0.0003687018470373,0.000362618156941608,0.000359802972525358,0.000354900606907904,0.000350827700458467,0.000344978499924764,0.00034100390621461,0.00033738644560799,0.000337292440235615,0.000332528288709,0.000332760071614757,0.000333286123350263,0.000330897339154035,0.000331209652358666,4.49815088359173E-05,0.000224545612582006,0.000183129290235229,0.000311280600726604,0.000221515481825918,0.000285376620013267,0.000309847411699593,0.000310908653773367,0.000165744189871475,5.31596924702171E-05,0.000151113476022147,2.13397397601511E-05,1.85686185432132E-05,2.20834408537485E-06,2.22675816985429E-06,-9999,-9999,-9999,-9999,-9999,-9999,-9999,-9999,-9999,-9999,-9999,-9999,-9999,-9999,-9999,-9999,-9999,-9999,-9999,-9999,-9999,-9999,-9999,-9999,-9999,-9999,-9999,-9999,-9999,-9999,-9999,-9999,-9999,-9999,-9999,-9999,-9999,-9999,-9999,-9999,-9999,1.30577507206908E-06,1.90127445875987E-06,6.1136503063608E-05,0.000251817051321268,0.000264395552221686,0.000260143220657483,0.000257311330642551,0.000256722327321768,0.000255362800089642,0.000253693549893796,0.000251428107731044,0.000248613447183743,0.000245977047597989,0.000243560833041556,0.000240298977587372,0.000230485544307157,0.000175734981894493,6.20086502749473E-05,1.21213543025078E-05,1.21685043268371E-05,8.76032117957948E-06,1.28049568957067E-05,-9999,-9999,-9999,-9999,-9999,-9999,-9999,-9999,-9999,-9999,-9999,-9999,-9999,-9999
-9999,-9999,-9999,-9999,2.03644176508533E-05,3.1278843380278E-05,4.704076127382E-05,0.000310169765725732,0.000391642097383738,0.000403414247557521,0.000402637087972835,0.000399754353566095,0.000397606956539676,0.000395783077692613,0.000394957605749369,0.000395446695620194,0.000396669376641512,0.000398526201024652,0.000397547002648935,0.000308991380734369,4.09567428505397E-06,2.6447464733792E-06,2.61936702372623E-06,2.58995805779705E-06,2.55868690146599E-06,2.52667155109521E-06,1.20091835924541E-05,2.45809155785537E-06,9.22870094655082E-06,2.38899383475655E-06,3.0622923077317E-05,0.000241922549321316,0.000320521998219192,0.000309954775730148,0.000330987619236112,0.000324493681546301,0.000329586968291551,0.000326260109432042,9.40205063670874E-05,2.24660925596254E-06,2.21776417674846E-06,2.19595790440508E-06,2.17861111195816E-06,2.16566945709928E-06,2.15575960282877E-06,2.14980514101626E-06,2.14704959944356E-06,-9999,-9999,-9999,-9999,-9999,-9999,-9999,-9999,-9999,-9999,-9999,-9999,-9999,-9999,-9999,-9999,-9999,-9999,-9999,-9999,-9999,-9999,-9999,-9999,-9999,-9999,-9999,-9999,-9999,-9999,-9999,-9999,-9999,-9999,-9999,-9999,-9999,-9999,-9999,-9999,-9999,-9999,-9999,-9999,-9999,-9999,-9999,-9999,-9999,1.85208739367226E-06,1.22951587400166E-05,0.000219539171666838,0.000257297739153728,0.000255339022260159,0.000251601828495041,0.000250799901550636,0.000249330274527892,0.000247291929554194,0.000244881754042581,0.000241800909861922,0.000239069224335253,0.000236847103224136,0.000234392660786398,0.000227641008677892,0.000189581754966639,9.58306336542591E-05,3.24955944961403E-05,5.82652228331426E-06,1.99634268938098E-05,1.21601988212205E-05,-9999,-9999,-9999,-9999,-9999,-9999,-9999,-9999,-9999,-9999,-9999,-9999,-9999,-9999
-9999,-9999,-9999,-9999,-9999,1.97932677110657E-05,0.000226053409278393,0.000389791617635638,0.000405809900257736,0.000405695376684889,0.000401886354666203,0.000397653348045424,0.000395219918573275,0.000392084068153054,0.000390653498470783,0.00039233488496393,0.000235846324358135,2.70011196334963E-06,2.7044334274251E-06,2.70420628112333E-06,-9999,-9999,-9999,-9999,-9999,-9999,-9999,-9999,-9999,-9999,-9999,-9999,-9999,8.56072529131779E-06,2.49321092269383E-05,2.15459531318629E-05,2.86680933641037E-05,2.28283238357108E-06,-9999,-9999,-9999,-9999,-9999,-9999,-9999,-9999,-9999,-9999,-9999,-9999,-9999,-9999,-9999,-9999,-9999,-9999,-9999,-9999,-9999,-9999,-9999,-9999,-9999,-9999,-9999,-9999,-9999,-9999,-9999,-9999,-9999,-9999,-9999,-9999,-9999,-9999,-9999,-9999,-9999,-9999,-9999,-9999,-9999,-9999,-9999,-9999,-9999,-9999,-9999,-9999,-9999,-9999,-9999,-9999,-9999,-9999,1.21601681257744E-06,1.77031347448064E-06,0.000187249665032141,0.000250452547334135,0.000249353266553953,0.000245741364778951,0.000245365925366059,0.000242744936258532,0.000240423963987269,0.000238015709328465,0.000235326355323195,0.000232844875426963,0.000230290374020115,0.000228228091145866,0.000224883056944236,0.000203276911634021,0.000132508706883527,3.9028309402056E-05,2.16564876609482E-05,1.32526201923611E-05,-9999,-9999,-9999,-9999,-9999,-9999,-9999,-9999,-9999,-9999,-9999,-9999,-9999,-9999,-9999
-9999,-9999,-9999,-9999,-9999,7.83641007728875E-05,0.000367252912838012,0.000405863858759403,0.000409003754612058,0.000405586557462811,0.00040090226684697,0.000395994255086407,0.000391969864722341,0.000389548658858985,0.00038754305569455,4.44898432760965E-05,2.69716019829502E-06,1.81259247256094E-06,-9999,-9999,-9999,-9999,-9999,-9999,-9999,-9999,-9999,-9999,-9999,-9999,-9999,-9999,-9999,-9999,-9999,-9999,-9999,-9999,-9999,-9999,-9999,-9999,-9999,-9999,-9999,-9999,-9999,-9999,-9999,-9999,-9999,-9999,-9999,-9999,-9999,-9999,-9999,-9999,-9999,-9999,-9999,-9999,-9999,-9999,-9999,-9999,-9999,-9999,-9999,-9999,-9999,-9999,-9999,-9999,-9999,-9999,-9999,-9999,-9999,-9999,-9999,-9999,-9999,-9999,-9999,-9999,-9999,-9999,-9999,-9999,-9999,-9999,-9999,-9999,-9999,-9999,-9999,1.71646559010696E-06,0.000142105025588535,0.000244170340010896,0.000243314396357164,0.000240299210418016,0.000239367116591893,0.000236010208027437,0.000233228449360467,0.000230944133363664,0.00022902459022589,0.000226935429964215,0.000224736708332784,0.000222622227738611,0.000219676032429561,0.000210375932510942,0.000151630389154889,7.64003052609041E-05,1.47503415064421E-05,1.07286705315346E-05,-9999,-9999,-9999,-9999,-9999,-9999,-9999,-9999,-9999,-9999,-9999,-9999,-9999,-9999,-9999
-9999,-9999,2.119326745742E-05,2.08898200071417E-05,2.03123872779543E-05,0.000216337211895734,0.00040023322799243,0.000410251028370112,0.000409366941312328,0.000404658610932529,0.000399752840166911,0.000394797360058874,0.000391008041333407,0.000384894723538309,2.32674829021562E-05,2.69345173364854E-06,1.81065240667522E-06,-9999,-9999,-9999,-9999,-9999,-9999,-9999,-9999,-9999,-9999,-9999,-9999,-9999,-9999,-9999,-9999,-9999,-9999,-9999,-9999,-9999,-9999,-9999,-9999,-9999,-9999,-9999,-9999,-9999,-9999,-9999,-9999,-9999,-9999,-9999,-9999,-9999,-9999,-9999,-9999,-9999,-9999,-9999,-9999,-9999,-9999,-9999,-9999,-9999,-9999,-9999,-9999,-9999,-9999,-9999,-9999,-9999,-9999,-9999,-9999,-9999,-9999,-9999,-9999,-9999,-9999,-9999,-9999,-9999,-9999,-9999,-9999,-9999,-9999,-9999,-9999,-9999,-9999,-9999,-9999,1.67564428465994E-06,8.26367177069187E-05,0.000238163789617829,0.000238293490838259,0.00023463016259484,0.000231982587138191,0.000229452663916163,0.000226025120355189,0.000224441595491953,0.000223028036998585,0.000221402646275237,0.00021933697280474,0.000217181906918995,0.000214949221117422,0.000208771089091897,0.000183522090082988,0.000116201044875197,6.2184983107727E-05,1.41159998747753E-05,-9999,-9999,-9999,-9999,-9999,-9999,-9999,-9999,-9999,-9999,-9999,-9999,-9999,-9999,-9999
-9999,-9999,-9999,-9999,2.50915982178412E-05,0.000339503108989447,0.000407257641199976,0.000411642482504249,0.000408543681260198,0.000402731297072023,0.000398037169361487,0.000394093396607786,0.000391235924325883,3.36615485139191E-05,2.69311908596137E-06,1.8092669051839E-06,-9999,-9999,-9999,-9999,-9999,-9999,-9999,-9999,-9999,-9999,-9999,-9999,-9999,-9999,-9999,-9999,-9999,-9999,-9999,-9999,-9999,-9999,-9999,-9999,-9999,-9999,-9999,-9999,-9999,-9999,-9999,-9999,-9999,-9999,-9999,-9999,-9999,-9999,-9999,-9999,-9999,-9999,-9999,-9999,-9999,-9999,-9999,-9999,-9999,-9999,-9999,-9999,-9999,-9999,-9999,-9999,-9999,-9999,-9999,-9999,-9999,-9999,-9999,-9999,-9999,-9999,-9999,-9999,-9999,-9999,-9999,-9999,-9999,-9999,-9999,-9999,-9999,-9999,-9999,-9999,-9999,1.64090465659683E-06,4.32988563261461E-05,0.000231703641475178,0.00023253564722836,0.000229799392400309,0.000226155651034787,0.000223530951188877,0.000219774781726301,0.000218375847907737,0.000217704815440811,0.000216152227949351,0.000214032363146544,0.000211940263397992,0.000209404592169449,0.000205753371119499,0.000196176624740474,0.000170044251717627,0.0001056380715454,3.14235476253089E-05,-9999,-9999,-9999,-9999,-9999,-9999,-9999,-9999,-9999,-9999,-9999,-9999,-9999,-9999,-9999
-9999,-9999,-9999,-9999,5.31687546754256E-05,0.000369497574865818,0.000409560278058052,0.000411507819080725,0.000407339219236746,0.000400783872464672,0.000396604504203424,0.000393732043448836,0.000264143949607387,2.69627958005003E-06,1.81203779447969E-06,-9999,-9999,-9999,-9999,-9999,-9999,-9999,-9999,-9999,-9999,-9999,-9999,-9999,-9999,-9999,-9999,-9999,-9999,-9999,-9999,-9999,-9999,-9999,-9999,-9999,-9999,-9999,-9999,-9999,-9999,-9999,-9999,-9999,-9999,-9999,-9999,-9999,-9999,-9999,-9999,-9999,-9999,-9999,-9999,-9999,-9999,-9999,-9999,-9999,-9999,-9999,-9999,-9999,-9999,-9999,-9999,-9999,-9999,-9999,-9999,-9999,-9999,-9999,-9999,-9999,-9999,-9999,-9999,-9999,-9999,-9999,-9999,-9999,-9999,-9999,-9999,-9999,-9999,-9999,-9999,-9999,-9999,1.60953015893028E-06,1.73850094142836E-05,0.000223915616516024,0.000226447358727455,0.000225001931539737,0.000220863861613907,0.000217465887544677,0.000214509724173695,0.000212357481359504,0.000211720849620178,0.000210079379030503,0.000208486249903217,0.000206504031666555,0.000204220326850191,0.000201617309357971,0.000197163783013821,0.000187911311513744,0.000157296031829901,8.46383991301991E-05,1.1570586138987E-05,-9999,-9999,-9999,-9999,-9999,-9999,-9999,-9999,-9999,-9999,-9999,-9999,-9999,-9999
-9999,-9999,-9999,-9999,4.31175722042099E-05,0.000364467239705846,0.000409649190260097,0.000410710257710889,0.000405952421715483,0.000399592216126621,0.000395997689338401,0.000393487774999812,2.6966113182425E-06,1.81435939339281E-06,1.21803816455213E-06,-9999,-9999,-9999,-9999,-9999,-9999,-9999,-9999,-9999,-9999,-9999,-9999,-9999,-9999,-9999,-9999,-9999,-9999,-9999,-9999,-9999,-9999,-9999,-9999,-9999,-9999,-9999,-9999,-9999,-9999,-9999,-9999,-9999,-9999,-9999,-9999,-9999,-9999,-9999,-9999,-9999,-9999,-9999,-9999,-9999,-9999,-9999,-9999,-9999,-9999,-9999,-9999,-9999,-9999,-9999,-9999,-9999,-9999,-9999,-9999,-9999,-9999,-9999,-9999,-9999,-9999,-9999,-9999,-9999,-9999,-9999,-9999,-9999,-9999,-9999,-9999,-9999,-9999,-9999,-9999,-9999,-9999,1.0530994813962E-06,1.55284351421869E-06,0.000213283201446757,0.000221136331674643,0.000219960522372276,0.000216531741898507,0.00021178214228712,0.000209209509193897,0.000206982105737552,0.000205328149604611,0.000204102019779384,0.000202756084036082,0.000201232527615502,0.000199060887098312,0.000196477019926533,0.000193903964827769,0.000189347498235293,0.000175025706994347,0.000126733328215778,3.95986680814531E-05,9.04231546883238E-06,-9999,-9999,-9999,-9999,-9999,-9999,-9999,-9999,-9999,-9999,-9999,-9999,-9999
-9999,-9999,-9999,-9999,2.2479631297756E-05,0.000332120311213657,0.000408419291488826,0.000410303997341543,0.000406149018090218,0.000399976444896311,0.000396301213186234,0.00039286189712584,2.70220789388986E-06,1.81816551503289E-06,-9999,-9999,-9999,-9999,-9999,-9999,-9999,-9999,-9999,-9999,-9999,-9999,-9999,-9999,-9999,-9999,-9999,-9999,-9999,-9999,-9999,-9999,-9999,-9999,-9999,-9999,-9999,-9999,-9999,-9999,-9999,-9999,-9999,-9999,-9999,-9999,-9999,-9999,-9999,-9999,-9999,-9999,-9999,-9999,-9999,-9999,-9999,-9999,-9999,-9999,-9999,-9999,-9999,-9999,-9999,-9999,-9999,-9999,-9999,-9999,-9999,-9999,-9999,-9999,-9999,-9999,-9999,-9999,-9999,-9999,-9999,-9999,-9999,-9999,-9999,-9999,-9999,-9999,-9999,-9999,-9999,-9999,-9999,1.03613422197668E-06,1.51710889895185E-06,0.000202521594474092,0.000215904234210029,0.000214621177292429,0.0002124352613464,0.000207653443794698,0.000203845702344552,0.000201556351385079,0.000199845089809969,0.000199386209715158,0.000198076770175248,0.000196603185031563,0.000194272550288588,0.000191754588740878,0.000189640952157788,0.000186391524039209,0.00017723414930515,0.00015623215585947,9.17657962418161E-05,1.7281090549659E-05,1.23851286844001E-05,1.26635131891817E-06,-9999,-9999,-9999,-9999,-9999,-9999,-9999,-9999,-9999,-9999,-9999
-9999,-9999,-9999,-9999,2.01202547032153E-05,0.000180289527634159,0.000401378376409411,0.000410790322348475,0.000408708350732923,0.000404273043386638,0.000399477285100147,0.000395995797589421,6.00841167397448E-06,2.71670432994142E-06,-9999,-9999,-9999,-9999,-9999,-9999,-9999,-9999,-9999,-9999,-9999,-9999,-9999,-9999,-9999,-9999,-9999,-9999,-9999,-9999,-9999,-9999,-9999,-9999,-9999,-9999,-9999,-9999,-9999,-9999,-9999,-9999,-9999,-9999,-9999,-9999,-9999,-9999,-9999,-9999,-9999,-9999,-9999,-9999,-9999,-9999,-9999,-9999,-9999,-9999,-9999,-9999,-9999,-9999,-9999,-9999,-9999,-9999,-9999,-9999,-9999,-9999,-9999,-9999,-9999,-9999,-9999,-9999,-9999,-9999,-9999,-9999,-9999,-9999,-9999,-9999,-9999,-9999,-9999,-9999,-9999,-9999,-9999,-9999,1.48054903092998E-06,0.000194455453311093,0.000210746293305419,0.000209305420867167,0.000208520068554208,0.000204076990485191,0.00019992035231553,0.000197837085579522,0.000196458233403973,0.000195004759007134,0.00019393592083361,0.000192168183275498,0.000190105580259115,0.000187785568414256,0.000185793032869697,0.000183382871909998,0.000176755231223069,0.000161253003170714,0.000121508419397287,2.85976148006739E-05,9.83183417702094E-06,-9999,-9999,-9999,-9999,-9999,-9999,-9999,-9999,-9999,-9999,-9999,-9999
-9999,-9999,-9999,-9999,2.01678376470227E-05,7.90799094829708E-05,0.000372903217794374,0.00041059879004024,0.000410356529755518,0.000408288819016889,0.000404422607971355,0.000400262098992243,0.000271887343842536,2.71874250756809E-06,-9999,-9999,-9999,-9999,-9999,-9999,-9999,-9999,-9999,-9999,-9999,-9999,-9999,-9999,-9999,-9999,-9999,-9999,-9999,-9999,-9999,-9999,-9999,-9999,-9999,-9999,-9999,-9999,-9999,-9999,-9999,-9999,-9999,-9999,-9999,-9999,-9999,-9999,-9999,-9999,-9999,-9999,-9999,-9999,-9999,-9999,-9999,-9999,-9999,-9999,-9999,-9999,-9999,-9999,-9999,-9999,-9999,-9999,-9999,-9999,-9999,-9999,-9999,-9999,-9999,-9999,-9999,-9999,-9999,-9999,-9999,-9999,-9999,-9999,-9999,-9999,-9999,-9999,-9999,-9999,-9999,-9999,-9999,-9999,1.4548196531905E-06,0.000175240435055457,0.000206490542041138,0.000205233547603711,0.000204516371013597,0.000201837334316224,0.000197275134269148,0.000193443731404841,0.00019225555297453,0.000190360573469661,0.000189160127774812,0.000187516750884242,0.000186037563253194,0.000184147182153538,0.000182369985850528,0.000179830167326145,0.000174875007360242,0.000162302472745068,0.000140317075420171,5.35072176717222E-05,9.71206372923916E-06,8.74392117111711E-06,8.843435352901E-06,-9999,-9999,-9999,-9999,-9999,-9999,-9999,-9999,-9999,-9999
-9999,-9999,-9999,-9999,-9999,2.23409369937144E-05,0.000305529742036015,0.000408615567721426,0.000411416083807126,0.000410495093092322,0.000407846848247573,0.000403181416913867,0.000398288219003007,2.72249008048675E-06,-9999,-9999,-9999,-9999,-9999,-9999,-9999,-9999,-9999,-9999,-9999,-9999,-9999,-9999,-9999,-9999,-9999,-9999,-9999,-9999,-9999,-9999,-9999,-9999,-9999,-9999,-9999,-9999,-9999,-9999,-9999,-9999,-9999,-9999,-9999,-9999,-9999,-9999,-9999,-9999,-9999,-9999,-9999,-9999,-9999,-9999,-9999,-9999,-9999,-9999,-9999,-9999,-9999,-9999,-9999,-9999,-9999,-9999,-9999,-9999,-9999,-9999,-9999,-9999,-9999,-9999,-9999,-9999,-9999,-9999,-9999,-9999,-9999,-9999,-9999,-9999,-9999,-9999,-9999,-9999,-9999,-9999,-9999,-9999,1.43658394335944E-06,0.000139167226734571,0.000201298491447233,0.000201973292860202,0.000200775495613925,0.000198603287572041,0.00019412866095081,0.000189466969459318,0.000188250283827074,0.000186253775609657,0.000185194818186574,0.000183524985914119,0.000182224801392294,0.000180712013388984,0.000179056980414316,0.000176968344021589,0.00017372181173414,0.000167732505360618,0.00013423954078462,8.17379623185843E-05,3.05421672237571E-05,2.05537617148366E-05,1.22154033306288E-05,8.92447314981837E-06,-9999,-9999,-9999,-9999,-9999,-9999,-9999,-9999,-9999
-9999,-9999,-9999,-9999,-9999,4.56673433291144E-06,0.000216337080928497,0.000401458004489541,0.000412248366046697,0.00041216443059966,0.000410284817917272,0.000405620201490819,0.000399997923523188,2.73092291536159E-06,-9999,-9999,-9999,-9999,-9999,-9999,-9999,-9999,-9999,-9999,-9999,-9999,-9999,-9999,-9999,-9999,-9999,-9999,-9999,-9999,-9999,-9999,-9999,-9999,-9999,-9999,-9999,-9999,-9999,-9999,-9999,-9999,-9999,-9999,-9999,-9999,-9999,-9999,-9999,-9999,-9999,-9999,-9999,-9999,-9999,-9999,-9999,-9999,-9999,-9999,-9999,-9999,-9999,-9999,-9999,-9999,-9999,-9999,-9999,-9999,-9999,-9999,-9999,-9999,-9999,-9999,-9999,-9999,-9999,-9999,-9999,-9999,-9999,-9999,-9999,-9999,-9999,-9999,-9999,-9999,-9999,-9999,-9999,-9999,1.42522003443446E-06,4.62887874164153E-05,0.000195194748812355,0.000198850844753906,0.000197359433514066,0.000195058295503259,0.000191039027413353,0.00018663945957087,0.000184700271347538,0.000183374781045131,0.000181856114068069,0.000179770708200522,0.000178379079443403,0.000177013265783899,0.000175555745954625,0.000174190907273442,0.000171761130332015,0.000163947872351855,0.000139029216370545,0.000115215516416356,9.07522917259485E-05,7.59113972890191E-05,2.27385189646157E-05,8.73703811521409E-06,-9999,-9999,-9999,-9999,-9999,-9999,-9999,-9999,-9999
-9999,-9999,-9999,-9999,-9999,2.81432494375622E-06,0.000156110123498365,0.000401950703235343,0.000412832130677998,0.000413470057537779,0.000412124383728951,0.000407370622269809,0.000397513213101774,2.73985347121197E-06,-9999,-9999,-9999,-9999,-9999,-9999,-9999,-9999,-9999,-9999,-9999,-9999,-9999,-9999,-9999,-9999,-9999,-9999,-9999,-9999,-9999,-9999,-9999,-9999,-9999,-9999,-9999,-9999,-9999,-9999,-9999,-9999,-9999,-9999,-9999,-9999,-9999,-9999,-9999,-9999,-9999,-9999,-9999,-9999,-9999,-9999,-9999,-9999,-9999,-9999,-9999,-9999,-9999,-9999,-9999,-9999,-9999,-9999,-9999,-9999,-9999,-9999,-9999,-9999,-9999,-9999,-9999,-9999,-9999,-9999,-9999,-9999,-9999,-9999,-9999,-9999,-9999,-9999,-9999,-9999,-9999,-9999,-9999,-9999,-9999,1.38333894028619E-06,0.000189924408914521,0.000194719585124403,0.000194279215065762,0.000191702070878819,0.000187892161193304,0.000183395051863045,0.000181424446054734,0.000180251910933293,0.00017849012510851,0.000176595945958979,0.000174928063643165,0.000173684733454138,0.000172260217368603,0.000171089690411463,0.00016963439702522,0.000164080978720449,0.000157289017806761,0.000147916929563507,0.000126509185065515,7.99586268840358E-05,3.01887957903091E-05,8.54694735608064E-06,-9999,-9999,-9999,-9999,-9999,-9999,-9999,-9999,-9999
-9999,-9999,-9999,-9999,-9999,-9999,9.506077185506E-05,0.00040382391307503,0.000413181143812835,0.000414373236708343,0.000412763591157272,0.000407157989684492,0.000403425976401195,-9999,-9999,-9999,-9999,-9999,-9999,-9999,-9999,-9999,-9999,-9999,-9999,-9999,-9999,-9999,-9999,-9999,-9999,-9999,-9999,-9999,-9999,-9999,-9999,-9999,-9999,-9999,-9999,-9999,-9999,-9999,-9999,-9999,-9999,-9999,-9999,-9999,-9999,-9999,-9999,-9999,-9999,-9999,-9999,-9999,-9999,-9999,-9999,-9999,-9999,-9999,-9999,-9999,-9999,-9999,-9999,-9999,-9999,-9999,-9999,-9999,-9999,-9999,-9999,-9999,-9999,-9999,-9999,-9999,-9999,-9999,-9999,-9999,-9999,-9999,-9999,-9999,-9999,-9999,-9999,-9999,-9999,-9999,-9999,-9999,-9999,1.36274684336968E-06,0.000176386834937148,0.000190935868886299,0.000191450104466639,0.000189132362720557,0.000185550976311788,0.000181473791599274,0.000178875838173553,0.000177263165824115,0.000175178909557872,0.000173409644048661,0.000171765175764449,0.00017031365132425,0.00016899747424759,0.000167932477779686,0.0001674060622463,0.000166036159498617,0.00016290822532028,0.000152210021042265,0.00013246200978756,9.91012784652412E-05,5.12298174726311E-05,1.04580558399903E-05,-9999,-9999,-9999,-9999,-9999,-9999,-9999,-9999,-9999
-9999,-9999,-9999,-9999,-9999,-9999,7.16932991053909E-05,0.000404692778829485,0.000414358160924166,0.000414833601098508,0.000411918590543792,0.000406262115575373,0.000400264019845054,-9999,-9999,-9999,-9999,-9999,-9999,-9999,-9999,-9999,-9999,-9999,-9999,-9999,-9999,-9999,-9999,-9999,-9999,-9999,-9999,-9999,-9999,-9999,-9999,-9999,-9999,-9999,-9999,-9999,-9999,-9999,-9999,-9999,-9999,-9999,-9999,-9999,-9999,-9999,-9999,-9999,-9999,-9999,-9999,-9999,-9999,-9999,-9999,-9999,-9999,-9999,-9999,-9999,-9999,-9999,-9999,-9999,-9999,-9999,-9999,-9999,-9999,-9999,-9999,-9999,-9999,-9999,-9999,-9999,-9999,-9999,-9999,-9999,-9999,-9999,-9999,-9999,-9999,-9999,-9999,-9999,-9999,-9999,-9999,-9999,-9999,1.34539993723592E-06,0.000116307674034033,0.000188095145858824,0.000188737860298716,0.000186379213118926,0.000182887786650099,0.000179325768840499,0.000175909648532979,0.000174682150827721,0.000172559797647409,0.000170754923601635,0.000169087259564549,0.00016776259872131,0.0001664540177444,0.000165419332915917,0.000164956378284842,0.000164445722475648,0.000162516938871704,0.000157290720380843,0.000145197627716698,0.000112097433884628,7.86833697929978E-05,1.97125500562834E-05,1.03650800156174E-05,8.35986702441005E-06,-9999,-9999,-9999,-9999,-9999,-9999,-9999
-9999,-9999,-9999,-9999,-9999,-9999,0.000114099129859824,0.000411523797083646,0.000416039576521143,0.00041460688225925,0.000410419714171439,0.000404992111725733,0.000367785862181336,-9999,-9999,-9999,-9999,-9999,-9999,-9999,-9999,-9999,-9999,-9999,-9999,-9999,-9999,-9999,-9999,-9999,-9999,-9999,-9999,-9999,-9999,-9999,-9999,-9999,-9999,-9999,-9999,-9999,-9999,-9999,-9999,-9999,-9999,-9999,-9999,-9999,-9999,-9999,-9999,-9999,-9999,-9999,-9999,-9999,-9999,-9999,-9999,-9999,-9999,-9999,-9999,-9999,-9999,-9999,-9999,-9999,-9999,-9999,-9999,-9999,-9999,-9999,-9999,-9999,-9999,-9999,-9999,-9999,-9999,-9999,-9999,-9999,-9999,-9999,-9999,-9999,-9999,-9999,-9999,-9999,-9999,-9999,-9999,-9999,-9999,1.33006278701941E-06,7.8234597822302E-06,0.00018536567222327,0.000185356955626048,0.000183378913789056,0.000179779060999863,0.000176234505488537,0.000173161926795729,0.000171721985680051,0.000170244602486491,0.000168507584021427,0.000166707832249813,0.000165288132848218,0.000164221128216013,0.000163447170052677,0.000162768177688122,0.00016259343829006,0.000161102099809796,0.000157239992404357,0.000147856626426801,0.000130552114569582,9.28773588384502E-05,3.54640724253841E-05,1.77018282556674E-05,1.29061809275299E-05,8.2837113950518E-06,-9999,-9999,-9999,-9999,-9999,-9999
-9999,-9999,-9999,-9999,-9999,-9999,-9999,-9999,-9999,-9999,-9999,-9999,-9999,-9999,-9999,-9999,-9999,-9999,-9999,-9999,-9999,-9999,-9999,-9999,-9999,-9999,-9999,-9999,-9999,-9999,-9999,-9999,-9999,-9999,-9999,-9999,-9999,-9999,-9999,-9999,-9999,-9999,-9999,-9999,-9999,-9999,-9999,-9999,-9999,-9999,-9999,-9999,-9999,-9999,-9999,-9999,-9999,-9999,-9999,-9999,-9999,-9999,-9999,-9999,-9999,-9999,-9999,-9999,-9999,-9999,-9999,-9999,-9999,-9999,-9999,-9999,-9999,-9999,-9999,-9999,-9999,-9999,-9999,-9999,-9999,-9999,-9999,-9999,-9999,-9999,-9999,-9999,-9999,-9999,-9999,-9999,-9999,-9999,-9999,-9999,1.28072986171901E-06,0.000177739973878488,0.000181830415385775,0.000180192131665535,0.000177017107489519,0.000173589316545986,0.000170483239344321,0.00016917938773986,0.000168251965078525,0.000166303536389023,0.000164644297910854,0.000163352597155608,0.000162103518960066,0.000161517556989565,0.000160975614562631,0.000160768351634033,0.000160395706188865,0.000158428520080633,0.000152665525092743,0.000138588031404652,0.000101767371234018,5.4356631153496E-05,3.5375909646973E-05,2.65972848865204E-05,1.42518219945487E-05,8.17406998976367E-06,-9999,-9999,-9999,-9999,-9999
-9999,-9999,-9999,-9999,-9999,-9999,-9999,-9999,-9999,-9999,-9999,-9999,-9999,-9999,-9999,-9999,-9999,-9999,-9999,-9999,-9999,-9999,-9999,-9999,-9999,-9999,-9999,-9999,-9999,-9999,-9999,-9999,-9999,-9999,-9999,-9999,-9999,-9999,-9999,-9999,-9999,-9999,-9999,-9999,-9999,-9999,-9999,-9999,-9999,-9999,-9999,-9999,-9999,-9999,-9999,-9999,-9999,-9999,-9999,-9999,-9999,-9999,-9999,-9999,-9999,-9999,-9999,-9999,-9999,-9999,-9999,-9999,-9999,-9999,-9999,-9999,-9999,-9999,-9999,-9999,-9999,-9999,-9999,-9999,-9999,-9999,-9999,-9999,-9999,-9999,-9999,-9999,-9999,-9999,-9999,-9999,-9999,-9999,-9999,-9999,1.25986446164461E-06,0.000134301080834121,0.000178987495019101,0.000176832516444847,0.000174093525856733,0.000170713232364506,0.000167493781191297,0.000166793877724558,0.00016601849347353,0.000164235694683157,0.00016232107009273,0.00016123941168189,0.00015995440480765,0.000159615345182829,0.000159410134074278,0.000159831412020139,0.000159699033247307,0.000158619222929701,0.000152544191223569,0.000137419323436916,0.000105554958281573,6.75206101732329E-05,4.98982844874263E-05,2.90660609607585E-05,1.94357435248094E-05,9.08631773199886E-06,8.11433983471943E-06,-9999,-9999,-9999,-9999
-9999,-9999,-9999,-9999,-9999,-9999,-9999,-9999,-9999,-9999,-9999,-9999,-9999,-9999,-9999,-9999,-9999,-9999,-9999,-9999,-9999,-9999,-9999,-9999,-9999,-9999,-9999,-9999,-9999,-9999,-9999,-9999,-9999,-9999,-9999,-9999,-9999,-9999,-9999,-9999,-9999,-9999,-9999,-9999,-9999,-9999,-9999,-9999,-9999,-9999,-9999,-9999,-9999,-9999,-9999,-9999,-9999,-9999,-9999,-9999,-9999,-9999,-9999,-9999,-9999,-9999,-9999,-9999,-9999,-9999,-9999,-9999,-9999,-9999,-9999,-9999,-9999,-9999,-9999,-9999,-9999,-9999,-9999,-9999,-9999,-9999,-9999,-9999,-9999,-9999,-9999,-9999,-9999,-9999,-9999,-9999,-9999,-9999,-9999,-9999,1.24513655919145E-06,3.1734848562337E-06,0.000176318280864507,0.000173712731339037,0.000171231833519414,0.00016784729086794,0.000165118690347299,0.000164548138855025,0.00016380229499191,0.000162294643814676,0.000160444586072117,0.000159347357111983,0.000158113922225311,0.000157721558935009,0.000157921182108112,0.000158431095769629,0.000157762769958936,0.000156245761900209,0.000151745203766041,0.000136329559609294,0.000113298643555027,8.6221240053419E-05,6.25421816948801E-05,3.82410908059683E-05,2.13814819289837E-05,1.12696943688206E-05,8.07421565696131E-06,-9999,-9999,-9999,-9999
-9999,-9999,-9999,-9999,-9999,-9999,-9999,-9999,-9999,-9999,-9999,-9999,-9999,-9999,-9999,-9999,-9999,-9999,-9999,-9999,-9999,-9999,-9999,-9999,-9999,-9999,-9999,-9999,-9999,-9999,-9999,-9999,-9999,-9999,-9999,-9999,-9999,-9999,-9999,-9999,-9999,-9999,-9999,-9999,-9999,-9999,-9999,-9999,-9999,-9999,-9999,-9999,-9999,-9999,-9999,-9999,-9999,-9999,-9999,-9999,-9999,-9999,-9999,-9999,-9999,-9999,-9999,-9999,-9999,-9999,-9999,-9999,-9999,-9999,-9999,-9999,-9999,-9999,-9999,-9999,-9999,-9999,-9999,-9999,-9999,-9999,-9999,-9999,-9999,-9999,-9999,-9999,-9999,-9999,-9999,-9999,-9999,-9999,-9999,-9999,-9999,1.2080297437933E-06,0.000161657240823843,0.000170398954651318,0.000168222177308053,0.000165152334375307,0.00016296876128763,0.000162117954459973,0.000161568779731169,0.000160316776600666,0.000158354989252985,0.000157243339344859,0.000156163805513643,0.00015563826309517,0.000155847461428493,0.000156644673552364,0.000157322399900295,0.00015687957056798,0.000151761705637909,0.000137799564981833,0.000116313829494175,9.97389215626754E-05,7.14075431460515E-05,3.79411940230057E-05,2.34890994761372E-05,1.11701683636056E-05,7.95853520685341E-06,-9999,-9999,7.90523426985601E-06,7.89693604019703E-06
-9999,-9999,-9999,-9999,-9999,-9999,-9999,-9999,-9999,-9999,-9999,-9999,-9999,-9999,-9999,-9999,-9999,-9999,-9999,-9999,-9999,-9999,-9999,-9999,-9999,-9999,-9999,-9999,-9999,-9999,-9999,-9999,-9999,-9999,-9999,-9999,-9999,-9999,-9999,-9999,-9999,-9999,-9999,-9999,-9999,-9999,-9999,-9999,-9999,-9999,-9999,-9999,-9999,-9999,-9999,-9999,-9999,-9999,-9999,-9999,-9999,-9999,-9999,-9999,-9999,-9999,-9999,-9999,-9999,-9999,-9999,-9999,-9999,-9999,-9999,-9999,-9999,-9999,-9999,-9999,-9999,-9999,-9999,-9999,-9999,-9999,-9999,-9999,-9999,-9999,-9999,-9999,-9999,-9999,-9999,-9999,-9999,-9999,-9999,-9999,-9999,-9999,8.45147678774083E-06,0.000170313403941691,0.000165876757819206,0.000163366683409549,0.000161400166689418,0.000160589814186096,0.000159618022735231,0.000158008842845447,0.000156204274389893,0.000155151312355883,0.000154298089910299,0.000153970875544474,0.000154035486048087,0.000154695226228796,0.000155252870172262,0.000154670779011212,0.000149527317262255,0.000143070254125632,0.000129232634208165,0.000103401420346927,7.09494997863658E-05,4.49597464466933E-05,2.09973677556263E-05,1.23093377624173E-05,7.85536940384191E-06,7.79623769631144E-06,7.82493589213118E-06,7.83779341873014E-06,8.69437008077512E-06
-9999,-9999,-9999,-9999,-9999,-9999,-9999,-9999,-9999,-9999,-9999,-9999,-9999,-9999,-9999,-9999,-9999,-9999,-9999,-9999,-9999,-9999,-9999,-9999,-9999,-9999,-9999,-9999,-9999,-9999,-9999,-9999,-9999,-9999,-9999,-9999,-9999,-9999,-9999,-9999,-9999,-9999,-9999,-9999,-9999,-9999,-9999,-9999,-9999,-9999,-9999,-9999,-9999,-9999,-9999,-9999,-9999,-9999,-9999,-9999,-9999,-9999,-9999,-9999,-9999,-9999,-9999,-9999,-9999,-9999,-9999,-9999,-9999,-9999,-9999,-9999,-9999,-9999,-9999,-9999,-9999,-9999,-9999,-9999,-9999,-9999,-9999,-9999,-9999,-9999,-9999,-9999,-9999,-9999,-9999,-9999,-9999,-9999,-9999,-9999,-9999,-9999,-9999,0.000117464100185316,0.000166333396919072,0.000162204523803666,0.000160969866556115,0.000159644550876692,0.000158593597006984,0.000156568145030178,0.000154674082295969,0.000153353947098367,0.000152631313540041,0.00015243784582708,0.00015278065984603,0.000152909080497921,0.000152834763866849,0.000152215056004934,0.000148227089084685,0.000143634533742443,0.00013123155804351,0.000106988969491795,7.98837500042282E-05,3.72292415704578E-05,1.8629121768754E-05,1.08408858068287E-05,8.68936876941007E-06,7.77689820097294E-06,8.67835206008749E-06,9.59576937020756E-06,7.86463788244873E-05
-9999,-9999,-9999,-9999,-9999,-9999,-9999,-9999,-9999,-9999,-9999,-9999,-9999,-9999,-9999,-9999,-9999,-9999,-9999,-9999,-9999,-9999,-9999,-9999,-9999,-9999,-9999,-9999,-9999,-9999,-9999,-9999,-9999,-9999,-9999,-9999,-9999,-9999,-9999,-9999,-9999,-9999,-9999,-9999,-9999,-9999,-9999,-9999,-9999,-9999,-9999,-9999,-9999,-9999,-9999,-9999,-9999,-9999,-9999,-9999,-9999,-9999,-9999,-9999,-9999,-9999,-9999,-9999,-9999,-9999,-9999,-9999,-9999,-9999,-9999,-9999,-9999,-9999,-9999,-9999,-9999,-9999,-9999,-9999,-9999,-9999,-9999,-9999,-9999,-9999,-9999,-9999,-9999,-9999,-9999,-9999,-9999,-9999,-9999,-9999,-9999,-9999,-9999,1.14244664928265E-06,0.000116585826617666,0.000165919569553807,0.000161901232786477,0.000159964023623616,0.000158418348291889,0.000156262336531654,0.00015432687359862,0.000153061089804396,0.000152343258378096,0.00015188472752925,0.000151546817505732,0.000151337691931985,0.000150242922245525,0.000148387043736875,0.000147149548865855,0.000137054608785547,0.000121081728138961,8.82665844983421E-05,4.77377507195342E-05,1.48796007124474E-05,9.57999600359472E-06,9.58324471866945E-06,1.075285308616E-05,1.0731038855738E-05,1.82358508027392E-05,0.000158229246153496,0.000160085619427264
-9999,-9999,-9999,-9999,-9999,-9999,-9999,-9999,-9999,-9999,-9999,-9999,-9999,-9999,-9999,-9999,-9999,-9999,-9999,-9999,-9999,-9999,-9999,-9999,-9999,-9999,-9999,-9999,-9999,-9999,-9999,-9999,-9999,-9999,-9999,-9999,-9999,-9999,-9999,-9999,-9999,-9999,-9999,-9999,-9999,-9999,-9999,-9999,-9999,-9999,-9999,-9999,-9999,-9999,-9999,-9999,-9999,-9999,-9999,-9999,-9999,-9999,-9999,-9999,-9999,-9999,-9999,-9999,-9999,-9999,-9999,-9999,-9999,-9999,-9999,-9999,-9999,-9999,-9999,-9999,-9999,-9999,-9999,-9999,-9999,-9999,-9999,-9999,-9999,-9999,-9999,-9999,-9999,-9999,-9999,-9999,-9999,-9999,-9999,-9999,-9999,-9999,-9999,-9999,1.1286440440017E-06,1.12262819129683E-06,0.000152838591020554,0.000161685398779809,0.000158078066306189,0.000156192530994304,0.000154441804625094,0.000153287604916841,0.000143581084557809,0.0001195990407723,0.000149701605550945,0.000145197685924359,0.000122895537060685,0.000102816222351976,9.51127294683829E-05,8.17728214315139E-05,4.29508581873961E-05,1.62305441335775E-05,8.44549958856078E-06,7.57326142775128E-06,1.32029754240648E-05,2.23551978706382E-05,8.23801310616545E-05,0.000156917187268846,0.000159587463713251,0.000160516705363989,0.000158617200213484
-9999,-9999,-9999,-9999,-9999,-9999,-9999,-9999,-9999,-9999,-9999,-9999,-9999,-9999,-9999,-9999,-9999,-9999,-9999,-9999,-9999,-9999,-9999,-9999,-9999,-9999,-9999,-9999,-9999,-9999,-9999,-9999,-9999,-9999,-9999,-9999,-9999,-9999,-9999,-9999,-9999,-9999,-9999,-9999,-9999,-9999,-9999,-9999,-9999,-9999,-9999,-9999,-9999,-9999,-9999,-9999,-9999,-9999,-9999,-9999,-9999,-9999,-9999,-9999,-9999,-9999,-9999,-9999,-9999,-9999,-9999,-9999,-9999,-9999,-9999,-9999,-9999,-9999,-9999,-9999,-9999,-9999,-9999,-9999,-9999,-9999,-9999,-9999,-9999,-9999,-9999,-9999,-9999,-9999,-9999,-9999,-9999,-9999,-9999,-9999,-9999,-9999,-9999,-9999,-9999,-9999,1.10735254565952E-06,5.52591745872633E-06,0.000160599869559519,0.000158107810420915,0.000155456335050985,0.000153913279064,0.000146145510370843,0.000146573278470896,0.000139703159220517,0.000109353160951287,7.98344990471378E-05,4.93941333843395E-05,1.95340398931876E-05,2.91989599645603E-05,1.76959056261694E-05,2.41457619267749E-05,8.07960605015978E-05,0.000154428504174575,0.000156856127432548,0.000158595619723201,0.000159233852173202,0.000158478476805612,0.000157722621224821,0.000151804677443579,7.89508339948952E-05
-9999,-9999,-9999,-9999,-9999,-9999,-9999,-9999,-9999,-9999,-9999,-9999,-9999,-9999,-9999,-9999,-9999,-9999,-9999,-9999,-9999,-9999,-9999,-9999,-9999,-9999,-9999,-9999,-9999,-9999,-9999,-9999,-9999,-9999,-9999,-9999,-9999,-9999,-9999,-9999,-9999,-9999,-9999,-9999,-9999,-9999,-9999,-9999,-9999,-9999,-9999,-9999,-9999,-9999,-9999,-9999,-9999,-9999,-9999,-9999,-9999,-9999,-9999,-9999,-9999,-9999,-9999,-9999,-9999,-9999,-9999,-9999,-9999,-9999,-9999,-9999,-9999,-9999,-9999,-9999,-9999,-9999,-9999,-9999,-9999,-9999,-9999,-9999,-9999,-9999,-9999,-9999,-9999,-9999,-9999,-9999,-9999,-9999,-9999,-9999,-9999,-9999,-9999,-9999,-9999,-9999,-9999,-9999,1.08291396827553E-06,4.37469452663208E-06,0.000153559201862663,0.000157363421749324,0.000156049703946337,0.000155107321916148,0.000153947563376278,0.000153006782056764,0.000152144217281602,0.000152241045725532,0.000152574313688092,0.000152919979882427,0.000153635992319323,0.000155355432070792,0.000156901311129332,0.000157315662363544,0.000157103990204632,0.000157073111040518,0.000155677640577778,0.000146336926263757,8.75172263476998E-05,6.0948091231694E-06,-9999
-9999,-9999,-9999,-9999,-9999,-9999,-9999,-9999,-9999,-9999,-9999,-9999,-9999,-9999,-9999,-9999,-9999,-9999,-9999,-9999,-9999,-9999,-9999,-9999,-9999,-9999,-9999,-9999,-9999,-9999,-9999,-9999,-9999,-9999,-9999,-9999,-9999,-9999,-9999,-9999,-9999,-9999,-9999,-9999,-9999,-9999,-9999,-9999,-9999,-9999,-9999,-9999,-9999,-9999,-9999,-9999,-9999,-9999,-9999,-9999,-9999,-9999,-9999,-9999,-9999,-9999,-9999,-9999,-9999,-9999,-9999,-9999,-9999,-9999,-9999,-9999,-9999,-9999,-9999,-9999,-9999,-9999,-9999,-9999,-9999,-9999,-9999,-9999,-9999,-9999,-9999,-9999,-9999,-9999,-9999,-9999,-9999,-9999,-9999,-9999,-9999,-9999,-9999,-9999,-9999,-9999,-9999,-9999,-9999,-9999,1.07188031961414E-06,1.06855816284224E-06,1.06467075511318E-06,1.05999856714334E-06,4.3780360101664E-06,6.13648080616258E-06,1.04498099062766E-06,1.04181981441798E-06,1.04175410342577E-06,1.99734563466336E-06,6.41364295006497E-06,2.82261335087242E-05,5.86245078011416E-05,6.4605577790644E-05,1.48833860293962E-05,1.07925256997987E-06,1.08382448615885E-06,1.08628546513501E-06,-9999,-9999,-9999
-9999,-9999,-9999,-9999,-9999,-9999,-9999,-9999,-9999,-9999,-9999,-9999,-9999,-9999,-9999,-9999,-9999,-9999,-9999,-9999,-9999,-9999,-9999,-9999,-9999,-9999,-9999,-9999,-9999,-9999,-9999,-9999,-9999,-9999,-9999,-9999,-9999,-9999,-9999,-9999,-9999,-9999,-9999,-9999,-9999,-9999,-9999,-9999,-9999,-9999,-9999,-9999,-9999,-9999,-9999,-9999,-9999,-9999,-9999,-9999,-9999,-9999,-9999,-9999,-9999,-9999,-9999,-9999,-9999,-9999,-9999,-9999,-9999,-9999,-9999,-9999,-9999,-9999,-9999,-9999,-9999,-9999,-9999,-9999,-9999,-9999,-9999,-9999,-9999,-9999,-9999,-9999,-9999,-9999,-9999,-9999,-9999,-9999,-9999,-9999,-9999,-9999,-9999,-9999,-9999,-9999,-9999,-9999,-9999,-9999,-9999,-9999,-9999,-9999,-9999,-9999,-9999,-9999,-9999,-9999,-9999,-9999,-9999,-9999,-9999,-9999,-9999,-9999,-9999,-9999,-9999
-9999,-9999,-9999,-9999,-9999,-9999,-9999,-9999,-9999,-9999,-9999,-9999,-9999,-9999,-9999,-9999,-9999,-9999,-9999,-9999,-9999,-9999,-9999,-9999,-9999,-9999,-9999,-9999,-9999,-9999,-9999,-9999,-9999,-9999,-9999,-9999,-9999,-9999,-9999,-9999,-9999,-9999,-9999,-9999,-9999,-9999,-9999,-9999,-9999,-9999,-9999,-9999,-9999,-9999,-9999,-9999,-9999,-9999,-9999,-9999,-9999,-9999,-9999,-9999,-9999,-9999,-9999,-9999,-9999,-9999,-9999,-9999,-9999,-9999,-9999,-9999,-9999,-9999,-9999,-9999,-9999,-9999,-9999,-9999,-9999,-9999,-9999,-9999,-9999,-9999,-9999,-9999,-9999,-9999,-9999,-9999,-9999,-9999,-9999,-9999,-9999,-9999,-9999,-9999,-9999,-9999,-9999,-9999,-9999,-9999,-9999,-9999,-9999,-9999,-9999,-9999,-9999,-9999,-9999,-9999,-9999,-9999,-9999,-9999,-9999,-9999,-9999,-9999,-9999,-9999,-9999

Step,325
Year,27.08333
-9999,-9999,-9999,-9999,-9999,-9999,-9999,-9999,-9999,-9999,-9999,-9999,-9999,-9999,-9999,-9999,-9999,-9999,-9999,-9999,-9999,-9999,-9999,-9999,-9999,-9999,-9999,-9999,-9999,-9999,-9999,-9999,-9999,-9999,-9999,-9999,-9999,-9999,-9999,-9999,-9999,-9999,-9999,-9999,-9999,-9999,-9999,-9999,-9999,-9999,-9999,-9999,-9999,-9999,-9999,-9999,-9999,-9999,-9999,-9999,-9999,-9999,-9999,-9999,-9999,-9999,-9999,-9999,-9999,-9999,-9999,-9999,-9999,-9999,-9999,-9999,-9999,-9999,-9999,-9999,-9999,-9999,-9999,-9999,-9999,-9999,-9999,-9999,-9999,-9999,-9999,-9999,-9999,-9999,-9999,-9999,-9999,-9999,-9999,-9999,-9999,-9999,-9999,-9999,-9999,-9999,-9999,-9999,-9999,-9999,-9999,-9999,-9999,-9999,-9999,-9999,-9999,-9999,-9999,-9999,-9999,-9999,-9999,-9999,-9999,-9999,-9999,-9999,-9999,-9999,-9999
-9999,-9999,-9999,-9999,-9999,-9999,-9999,-9999,-9999,-9999,-9999,-9999,-9999,-9999,-9999,-9999,-9999,-9999,-9999,-9999,-9999,-9999,-9999,-9999,-9999,-9999,-9999,-9999,-9999,-9999,-9999,-9999,-9999,-9999,-9999,-9999,-9999,-9999,-9999,-9999,-9999,-9999,-9999,-9999,-9999,-9999,-9999,-9999,-9999,-9999,-9999,-9999,-9999,-9999,-9999,-9999,-9999,-9999,-9999,-9999,-9999,-9999,-9999,-9999,-9999,-9999,-9999,-9999,-9999,-9999,-9999,-9999,-9999,-9999,-9999,-9999,-9999,-9999,-9999,-9999,-9999,-9999,-9999,-9999,-9999,-9999,-9999,-9999,-9999,-9999,-9999,-9999,-9999,-9999,-9999,-9999,-9999,-9999,-9999,-9999,-9999,-9999,-9999,-9999,-9999,-9999,-9999,-9999,-9999,-9999,-9999,-9999,-9999,-9999,-9999,-9999,-9999,-9999,-9999,-9999,-9999,-9999,-9999,-9999,-9999,-9999,-9999,-9999,-9999,-9999,-9999
-9999,-9999,-9999,-9999,-9999,-9999,-9999,-9999,-9999,-9999,-9999,-9999,-9999,-9999,-9999,-9999,-9999,-9999,-9999,-9999,-9999,-9999,-9999,-9999,-9999,-9999,-9999,-9999,-9999,-9999,-9999,-9999,-9999,-9999,-9999,-9999,-9999,-9999,-9999,-9999,-9999,-9999,-9999,-9999,-9999,-9999,-9999,-9999,-9999,-9999,-9999,-9999,-9999,-9999,-9999,-9999,-9999,-9999,-9999,-9999,-9999,-9999,-9999,-9999,-9999,-9999,-9999,-9999,-9999,-9999,-9999,-9999,-9999,-9999,9.7909685337072E-07,1.4553844494003E-06,-9999,-9999,-9999,-9999,-9999,-9999,-9999,-9999,-9999,-9999,-9999,-9999,-9999,-9999,-9999,-9999,-9999,-9999,-9999,-9999,-9999,-9999,-9999,-9999,-9999,-9999,-9999,-9999,-9999,-9999,-9999,-9999,-9999,-9999,-9999,-9999,-9999,-9999,-9999,-9999,-9999,-9999,-9999,-9999,-9999,-9999,-9999,-9999,-9999,-9999,-9999,-9999,-9999,-9999,-9999
-9999,-9999,-9999,-9999,-9999,-9999,-9999,-9999,-9999,-9999,-9999,-9999,-9999,-9999,-9999,-9999,-9999,-9999,-9999,-9999,-9999,-9999,-9999,-9999,-9999,-9999,-9999,-9999,-9999,-9999,-9999,-9999,-9999,-9999,-9999,-9999,-9999,-9999,-9999,-9999,-9999,-9999,-9999,-9999,-9999,-9999,-9999,-9999,-9999,-9999,-9999,-9999,-9999,-9999,-9999,-9999,-9999,-9999,-9999,-9999,-9999,-9999,-9999,-9999,-9999,-9999,-9999,-9999,-9999,-9999,-9999,-9999,-9999,-9999,1.4002330317453E-06,2.07183529710164E-06,-9999,-9999,-9999,-9999,-9999,-9999,-9999,-9999,-9999,-9999,-9999,-9999,-9999,-9999,-9999,-9999,-9999,-9999,-9999,-9999,-9999,-9999,-9999,-9999,-9999,-9999,-9999,-9999,-9999,-9999,-9999,-9999,-9999,-9999,-9999,-9999,-9999,-9999,-9999,-9999,-9999,-9999,-9999,-9999,-9999,-9999,-9999,-9999,-9999,-9999,-9999,-9999,-9999,-9999,-9999
-9999,-9999,-9999,-9999,-9999,-9999,-9999,-9999,-9999,-9999,-9999,-9999,-9999,-9999,-9999,-9999,-9999,-9999,-9999,-9999,-9999,-9999,-9999,-9999,-9999,-9999,-9999,-9999,-9999,-9999,-9999,-9999,-9999,-9999,-9999,-9999,-9999,-9999,-9999,-9999,-9999,-9999,-9999,-9999,-9999,-9999,-9999,-9999,-9999,-9999,-9999,-9999,-9999,-9999,-9999,-9999,1.11904370214688E-07,1.6119879830967E-07,2.27354817639025E-07,3.19687757155407E-07,-9999,-9999,-9999,-9999,-9999,1.76398725670879E-06,1.69384281889506E-06,2.38290044762834E-06,2.30891191677074E-06,1.48605738559127E-06,2.11861788557144E-06,1.05307472040295E-05,1.41121081469464E-05,1.39739759106305E-05,1.97657573153265E-06,1.01404184533749E-05,1.31318538478808E-05,-9999,-9999,1.24980579130352E-05,1.93850719369948E-05,1.70017847267445E-05,1.72985583049012E-05,4.45566547568887E-05,5.93998993281275E-05,5.43703827133868E-05,5.45982038602233E-05,3.34232136083301E-05,1.57743925228715E-05,-9999,-9999,-9999,-9999,-9999,-9999,-9999,-9999,-9999,-9999,-9999,-9999,-9999,-9999,-9999,-9999,-9999,-9999,-9999,-9999,-9999,-9999,-9999,-9999,-9999,-9999,-9999,-9999,-9999,-9999,-9999,-9999,-9999,-9999,-9999,-9999,-9999,-9999,-9999,-9999,-9999,-9999
-9999,-9999,-9999,-9999,-9999,-9999,-9999,-9999,-9999,-9999,-9999,-9999,-9999,-9999,-9999,-9999,-9999,-9999,-9999,-9999,-9999,-9999,-9999,-9999,-9999,-9999,-9999,-9999,-9999,-9999,-9999,-9999,-9999,-9999,-9999,-9999,-9999,-9999,-9999,-9999,-9999,-9999,-9999,-9999,-9999,-9999,-9999,-9999,-9999,-9999,-9999,-9999,-9999,-9999,-9999,1.16759764523522E-07,1.69921008819074E-07,2.4336262072211E-07,3.38409279265761E-07,4.54903869240297E-07,6.02532395532762E-07,8.31451075100631E-07,-9999,2.9956433991174E-06,7.99517329141963E-06,2.64063123722735E-06,2.45528599407407E-06,1.80303104571067E-05,1.81809045898262E-05,2.13279145100387E-06,2.06057461582532E-06,2.36946325458121E-05,2.99940129480092E-05,2.661729195097E-05,2.34362960327417E-05,2.3122538550524E-05,1.79225608007982E-05,1.99153273570118E-05,3.33145944750868E-05,5.93091390328482E-05,0.000141793527291156,0.000217604509089142,0.000241984191234224,0.000242421228904277,0.000244905095314607,0.00024758925428614,0.00025044588255696,0.000254118262091652,0.000245147210080177,0.000129588297568262,5.51202174392529E-05,-9999,-9999,-9999,-9999,-9999,-9999,-9999,-9999,-9999,-9999,-9999,-9999,-9999,-9999,-9999,-9999,-9999,-9999,-9999,-9999,-9999,-9999,-9999,-9999,-9999,-9999,-9999,-9999,-9999,-9999,-9999,-9999,-9999,-9999,-9999,-9999,-9999,-9999,-9999,-9999
-9999,-9999,-9999,-9999,-9999,-9999,-9999,-9999,-9999,-9999,-9999,-9999,-9999,-9999,-9999,-9999,-9999,-9999,-9999,-9999,-9999,-9999,-9999,-9999,-9999,-9999,-9999,-9999,-9999,-9999,-9999,-9999,-9999,-9999,-9999,-9999,-9999,-9999,-9999,-9999,-9999,-9999,-9999,-9999,-9999,-9999,-9999,-9999,-9999,-9999,-9999,-9999,-9999,-9999,-9999,1.75260353785234E-07,2.56969656220463E-07,3.71601771576024E-07,5.16821899054776E-07,6.85661461830023E-07,8.8086113692043E-07,1.13094984044437E-06,1.48975152569619E-06,2.02270916815905E-06,2.78131392406067E-06,1.57927661348367E-05,2.71951776085189E-05,6.80597149766982E-05,0.000109485583379865,0.000157080809003673,0.00017886926070787,0.000159358067321591,0.000196064211195335,0.0002185777266277,0.000175320848939009,0.000172589934663847,0.000162478914717212,0.000174460161360912,0.000236199732171372,0.000242322203121148,0.000246841402258724,0.000249767443165183,0.000252240337431431,0.000253713631536812,0.000254863582085818,0.000256292114499956,0.000258165295235813,0.000259994092630222,0.000260881992289796,0.000260358123341575,0.000256411061855033,0.000213263963814825,5.08195080328733E-05,-9999,-9999,-9999,-9999,-9999,-9999,-9999,-9999,-9999,1.57323720486602E-05,1.57227714225883E-05,1.5736202840344E-05,-9999,-9999,-9999,-9999,-9999,-9999,-9999,-9999,-9999,-9999,-9999,-9999,-9999,-9999,-9999,-9999,-9999,-9999,-9999,-9999,-9999,-9999,-9999,-9999,-9999,-9999
-9999,-9999,-9999,-9999,-9999,-9999,-9999,-9999,-9999,-9999,-9999,-9999,-9999,-9999,-9999,-9999,-9999,-9999,-9999,-9999,-9999,-9999,-9999,-9999,-9999,-9999,-9999,-9999,-9999,-9999,-9999,7.5709667726187E-06,-9999,-9999,-9999,2.29346951527987E-05,-9999,-9999,-9999,-9999,-9999,-9999,-9999,-9999,-9999,-9999,-9999,-9999,-9999,-9999,-9999,-9999,-9999,-9999,-9999,-9999,-9999,2.53041008591026E-07,3.58481429429958E-07,4.97142025324138E-07,-9999,1.03581101029704E-06,1.44150260439346E-06,1.99310397874797E-06,2.74605099548353E-06,1.59616192831891E-05,2.83160588878673E-05,3.83932674594689E-05,2.36392679653363E-05,0.00012899684952572,0.000264880683971569,0.000277348997769877,0.000274225283646956,0.000270181422820315,0.000261144828982651,0.000254134007263929,0.000254985672654584,0.00025541492504999,0.000252893776632845,0.000251694145845249,0.000251502584433183,0.000252456491580233,0.000251926103373989,0.000252213736530393,0.000254133658017963,0.000255948456469923,0.000258222018601373,0.000260869303019717,0.000262801477219909,0.0002636534627527,0.000264480535406619,0.000259909371379763,0.00023618976410944,6.18294652667828E-05,-9999,-9999,-9999,-9999,-9999,-9999,-9999,-9999,2.12879785976838E-05,3.29364993376657E-05,2.14787269214867E-05,1.54110821313225E-05,1.55268899106886E-05,-9999,-9999,-9999,-9999,-9999,-9999,-9999,-9999,-9999,-9999,-9999,-9999,-9999,-9999,-9999,-9999,-9999,-9999,-9999,-9999,-9999,-9999,-9999,-9999
-9999,-9999,-9999,-9999,-9999,-9999,-9999,-9999,-9999,-9999,-9999,-9999,-9999,-9999,-9999,-9999,-9999,-9999,-9999,-9999,-9999,-9999,-9999,-9999,-9999,-9999,-9999,-9999,-9999,-9999,5.30668739884277E-06,1.02272406365955E-05,-9999,-9999,1.06379584394745E-05,1.8141805412597E-05,-9999,-9999,2.12859558814671E-05,3.81118370569311E-05,-9999,-9999,-9999,-9999,-9999,4.53145275969291E-06,-9999,-9999,-9999,-9999,-9999,-9999,-9999,-9999,-9999,-9999,-9999,-9999,-9999,-9999,-9999,1.47237483361096E-06,2.06503455046914E-06,2.90383241008385E-06,2.73842647402489E-06,1.55533725774148E-05,1.6992808014038E-05,1.61643656610977E-05,1.51548974827165E-05,8.79901708685793E-05,0.000268831034190953,0.00028341676807031,0.000280646374449134,0.00027568350196816,0.000269776268396527,0.000264455797150731,0.0002603393222671,0.000256951665505767,0.000254639366175979,0.00025315466336906,0.000252177705988288,0.000251546298386529,0.000250212615355849,0.000251632765866816,0.000253434205660596,0.000256301165791228,0.00025871823891066,0.000261537643382326,0.000264160189544782,0.000265803595539182,0.000266941002337262,0.000266890128841624,0.000263045629253611,0.00022231211187318,6.24690583208576E-05,-9999,-9999,-9999,-9999,-9999,2.5007870135596E-05,2.51988331001485E-05,4.78347865282558E-05,7.07273939042352E-05,5.36278639629018E-05,3.60766098310705E-05,2.37607127928641E-05,1.53545352077344E-05,-9999,-9999,-9999,-9999,-9999,-9999,-9999,-9999,-9999,-9999,-9999,-9999,-9999,-9999,-9999,-9999,-9999,-9999,-9999,-9999,-9999,-9999,-9999
-9999,-9999,-9999,-9999,-9999,-9999,-9999,-9999,-9999,-9999,-9999,-9999,-9999,-9999,-9999,-9999,-9999,-9999,-9999,-9999,-9999,-9999,-9999,1.23648660519393E-05,1.57247068273136E-05,-9999,-9999,-9999,-9999,1.2734014489979E-05,1.20250615509576E-05,4.81194183521438E-06,2.37491585721727E-05,2.51348819801933E-06,2.12851246033097E-05,3.73670336557552E-05,6.68937209411524E-05,2.92470795102417E-05,1.79583021235885E-05,-9999,1.84029595402535E-05,1.93830328498734E-05,-9999,-9999,4.82252180518117E-05,6.1525988712674E-06,3.50645154867379E-06,2.09005656870431E-06,-9999,-9999,-9999,-9999,-9999,-9999,-9999,-9999,-9999,9.11520328372717E-06,5.71927330383915E-06,-9999,-9999,-9999,2.9377665669017E-06,1.9229428289691E-05,1.83504616870778E-05,1.79964008566458E-05,1.71494048117893E-05,1.60328127094544E-05,2.08304518309887E-05,0.000127753359265625,0.00027066224720329,0.000284213369013742,0.000280703097814694,0.000275828642770648,0.000270026532234624,0.000264551723375916,0.0002601838496048,0.000256486353464425,0.000253975100349635,0.000252457801252604,0.00025099772028625,0.000241110523347743,0.000245487986830994,0.000250732293352485,0.000253520964179188,0.000255915074376389,0.000259152846410871,0.000262339191976935,0.000265088892774656,0.000266717455815524,0.000267780211288482,0.000268256175331771,0.000266985589405522,0.000255539256613702,7.48178354115225E-05,1.32056611619191E-05,1.90889295481611E-06,1.30660509967129E-06,1.97290705727937E-06,6.09694943705108E-05,0.000120188386063091,0.000155681889737025,0.00017391104483977,0.000148735620314255,0.000140913980430923,0.000107233914604876,6.46875414531678E-05,2.11252045119181E-05,1.53837900143117E-05,1.55984234879725E-05,-9999,-9999,-9999,-9999,-9999,-9999,-9999,-9999,-9999,-9999,-9999,-9999,-9999,-9999,-9999,-9999,-9999,-9999,-9999,-9999,-9999
-9999,-9999,-9999,-9999,-9999,-9999,-9999,-9999,-9999,-9999,-9999,-9999,-9999,-9999,-9999,-9999,-9999,-9999,-9999,-9999,-9999,-9999,1.86115721589886E-05,2.17464403249323E-05,1.46888996823691E-05,1.46208867590758E-05,1.6006504665711E-05,1.83971369551728E-05,3.4476957807783E-05,5.16964719281532E-05,3.87867403333075E-05,9.11918396013789E-05,0.000125145656056702,0.000134707443066873,0.000154758497956209,0.000133991939947009,0.00013302598381415,0.000121251279779244,7.00652526575141E-05,5.35717117600143E-05,1.75446002685931E-05,1.09488473754027E-05,9.41287908062804E-06,1.3263077562442E-05,4.34901585322223E-06,3.03393358080939E-06,2.82326959677448E-06,2.59296916738094E-06,1.61006016696774E-06,-9999,-9999,-9999,-9999,-9999,-9999,-9999,-9999,3.72558788512833E-05,3.2756168366177E-05,2.97091173706576E-05,-9999,-9999,1.91427552636014E-05,1.92654915736057E-05,1.89253350981744E-05,1.81012946995907E-05,1.6899250113056E-05,1.94809344975511E-05,6.33338349871337E-05,0.000179252761881799,0.000274238322163001,0.000284603622276336,0.000279974279692397,0.000274856836767867,0.000268969306489453,0.000263222551438957,0.000258559943176806,0.000254888349445537,0.000252125464612618,0.000250841025263071,0.000237798172747716,0.00012512321700342,0.000149533647345379,0.00020919885719195,0.000243865768425167,0.000255612947512418,0.000259375316090882,0.000262851157458499,0.000265465001575649,0.000266835209913552,0.000268574163783342,0.000269770360318944,0.000268054543994367,0.000250733690336347,0.000120330194476992,9.72022826317698E-05,7.87559565651463E-06,1.9375240754016E-06,9.35081989155151E-05,0.000216686821659096,0.000240936104091816,0.000255411519901827,0.000251920340815559,0.000243769391090609,0.000234255581744947,0.000192588151548989,0.000123350109788589,6.41663282294758E-05,2.34542821999639E-05,1.53273540490773E-05,-9999,-9999,-9999,-9999,-9999,-9999,-9999,-9999,-9999,-9999,-9999,-9999,-9999,-9999,-9999,-9999,-9999,-9999,-9999,-9999,-9999
-9999,-9999,-9999,-9999,-9999,-9999,-9999,-9999,-9999,-9999,-9999,-9999,-9999,-9999,-9999,-9999,-9999,-9999,-9999,-9999,-9999,-9999,1.84388663910795E-05,2.18208188016433E-05,1.83219181053573E-05,1.87818222912028E-05,6.89950684318319E-05,0.000137007431476377,0.000180656759766862,0.000158592636580579,0.000157846952788532,0.000126657076179981,0.00013598108489532,0.000155726083903573,0.000144732795888558,0.000164580880664289,0.000194843873032369,0.000193666346604005,0.000202172450372018,0.000179683425812982,0.00012602744391188,8.14807863207534E-05,3.3856736990856E-05,1.32006971398368E-05,6.74122748023365E-06,3.12367205879127E-06,3.1284309898183E-06,3.06791275761498E-06,2.01994475901301E-06,1.9649689875223E-06,1.96180826605996E-06,-9999,-9999,-9999,-9999,-9999,-9999,-9999,2.82349792541936E-05,2.49374734266894E-05,2.17793149204226E-05,1.91881008504424E-05,1.9143641111441E-05,1.90157461474882E-05,1.87132718565408E-05,1.77351921593072E-05,2.04999469133327E-05,6.51851369184442E-05,0.000174700529896654,0.000275405996944755,0.000288544048089534,0.000283551984466612,0.000278109306236729,0.000272740551736206,0.000266698480118066,0.000260931410593912,0.000256568426266313,0.000253254984272644,0.000250641634920612,0.000225033785682172,3.1255181056622E-06,1.7302784272033E-06,1.74584545220569E-06,1.75896730070235E-06,2.0439763829927E-05,0.000169276405358687,0.000253409380093217,0.000262715038843453,0.000265657581621781,0.000267809315118939,0.0002698969328776,0.000271369353868067,0.000270161224761978,0.000249506207183003,0.000254947517532855,0.000264370406512171,0.000233280137763359,0.000124971265904605,0.000251846882747486,0.000276715727522969,0.000280256208498031,0.000276505801593885,0.00026857978082262,0.000263837253442034,0.000257730396697298,0.00023365365632344,0.000174358938238584,0.000113783571578097,3.51654307451099E-05,1.48442550198524E-05,7.6401684054872E-06,-9999,-9999,-9999,-9999,-9999,-9999,-9999,-9999,-9999,-9999,-9999,-9999,-9999,-9999,-9999,-9999,-9999,-9999,-9999,-9999
-9999,-9999,-9999,-9999,-9999,-9999,-9999,-9999,-9999,-9999,-9999,-9999,-9999,-9999,-9999,-9999,-9999,-9999,-9999,-9999,-9999,-9999,1.78309510374675E-05,2.21629506995669E-05,3.46151500707492E-05,0.000157701506395824,0.000203651987249032,0.000224531191634014,0.000213122286368161,0.00016894715372473,0.000167843943927437,0.000187937097507529,0.000197478148038499,0.000206767988856882,0.000235076455282979,0.000233766782912426,0.000241524889133871,0.000248752097832039,0.000263303052634001,0.000246114272158593,0.000218021392356604,0.000136412214487791,7.22689801477827E-05,4.2026091250591E-05,3.64409461326431E-05,4.09285057685338E-05,3.60048725269735E-05,2.49152417381993E-05,2.57966371464136E-06,2.66413007921074E-06,2.7046510240325E-06,-9999,-9999,-9999,-9999,2.03883355425205E-05,2.09399258892518E-05,2.19178746192483E-05,2.3045284251566E-05,2.10653070098488E-05,2.29661127377767E-05,1.7517775631859E-05,1.48090221046004E-05,9.11163624550682E-06,2.51461333391489E-05,8.22864967631176E-05,3.85243729397189E-05,0.000212466300581582,0.000297707563731819,0.000293088902253658,0.000287224422208965,0.000281469081528485,0.000275771919405088,0.000270216085482389,0.000263704860117286,0.000258933694567531,0.000256018072832376,0.000240190158365294,1.71739782217628E-06,1.72333955106296E-06,1.73710623130319E-06,1.17751892503293E-06,1.18929881409713E-06,1.19961487143883E-06,1.80168694896565E-06,6.73018257657532E-06,8.85191839188337E-05,0.000233557453611866,0.000264213216723874,0.00026880030054599,0.000271112949121743,0.000272615230642259,0.0002740929776337,0.000275863101705909,0.000277741142781451,0.000279387517366558,0.000277193757938221,0.000277789076790214,0.000283087603747845,0.00028732986538671,0.000287753209704533,0.000284204026684165,0.000279693194897845,0.000275687867542729,0.000263365363935009,0.000252246216405183,0.000212104670936242,0.00016441619663965,7.50946564949118E-05,2.78323423117399E-05,3.32583022100152E-06,2.14695933209441E-06,-9999,-9999,-9999,-9999,-9999,-9999,-9999,-9999,-9999,-9999,-9999,-9999,-9999,-9999,-9999,-9999,-9999,-9999,-9999
-9999,-9999,-9999,-9999,-9999,-9999,-9999,-9999,-9999,-9999,-9999,-9999,-9999,-9999,-9999,-9999,-9999,-9999,-9999,-9999,-9999,1.61947664309992E-05,1.9147788407281E-05,7.41799740353599E-05,0.000202424838789739,0.000263656373135746,0.000262980756815523,0.000243318238062784,0.000211473117815331,0.000249003496719524,0.000247133808443323,0.000254335900535807,0.000253200880251825,0.000252098456257954,0.000266890361672267,0.000279522646451369,0.000284252892015502,0.000282480934401974,0.000291675532935187,0.000289677816908807,0.000282583961961791,0.000231626458116807,9.0301015006844E-05,5.66763337701559E-05,6.98750882293098E-05,6.36099866824225E-05,5.73679826629814E-05,5.80973210162483E-05,5.77408209210262E-05,4.17208357248455E-05,2.7167150619789E-05,1.84758155228337E-05,1.87723035196541E-05,1.93292053154437E-05,1.99412716028746E-05,1.87368714250624E-05,2.13976054510567E-05,1.91580747923581E-05,1.94462554645725E-05,2.18317745748209E-05,8.70412623044103E-05,0.000183691357960925,8.91295640030876E-05,2.49365666604717E-06,2.45202113546839E-06,2.35032553064229E-06,9.10572543943999E-06,8.30635326565243E-05,0.000297758495435119,0.000292138429358602,0.000286446243990213,0.000278993975371122,0.00027309381403029,0.000234471561270766,9.92744935501833E-06,1.77442279891693E-06,1.75027560089802E-06,1.73834155248187E-06,1.16435182917485E-06,1.16919818538008E-06,1.17786851205892E-06,8.0124686974159E-07,8.10429867215134E-07,8.19806814433832E-07,1.23287395581428E-06,1.84320492735424E-06,1.19186961455853E-05,7.85223091952503E-05,0.000216009182622656,0.000263793423073366,0.000271351455012336,0.000273212499450892,0.00027429818874225,0.000275684520602226,0.000277997460216284,0.000280081003438681,0.000281616696156561,0.000283161527477205,0.000285351910861209,0.000287032744381577,0.000286324939224869,0.000284964335151017,0.000283070927252993,0.000281230080872774,0.000275852711638436,0.000260769331362098,0.000244563212618232,0.000186994002433494,0.000110819695692044,6.1538587033283E-05,1.69406976056052E-05,2.09923200600315E-06,2.16111425288545E-06,4.15238400819362E-06,-9999,-9999,-9999,-9999,-9999,-9999,-9999,-9999,-9999,-9999,-9999,-9999,-9999,-9999,-9999,-9999,-9999
-9999,-9999,-9999,-9999,-9999,-9999,-9999,-9999,-9999,-9999,-9999,-9999,-9999,-9999,-9999,-9999,-9999,-9999,-9999,-9999,-9999,3.20220278808847E-05,0.000179725451744162,0.000263121648458764,0.0002947190660052,0.000279292289633304,0.000261613953625783,0.000251044693868607,0.000266261020442471,0.000286086142295972,0.000301387830404565,0.000299428764265031,0.000307852373225614,0.000314652454108,0.000309465685859323,0.000321045517921448,0.000319170881994069,0.000314119301037863,0.000316743913572282,0.000316101271891966,0.000309036520775408,0.000301673542708158,0.000284803070826456,0.000256426923442632,0.000226665142690763,0.000181691750185564,0.000115489820018411,6.32517694612034E-05,6.97623618179932E-05,5.76177117181942E-05,4.27530540036969E-05,2.82737983070547E-05,2.5625697162468E-05,2.08172841666965E-05,2.09635145438369E-05,3.23773419950157E-05,2.90160787699278E-05,2.86495978798484E-05,4.39755531260744E-05,0.000191570579772815,0.000315936165861785,0.000344930071150884,0.000335722870659083,0.000106112929643132,2.34754043049179E-06,2.28499334298249E-06,2.18811715058109E-06,0.00030478899134323,0.000298742350423709,0.000292903510853648,0.000207950070034713,1.92234574569738E-06,1.88984233773226E-06,1.87189812095312E-06,-9999,-9999,-9999,-9999,-9999,-9999,-9999,5.46705507531442E-07,5.50880258742836E-07,8.33230046737299E-07,1.25171732179297E-06,1.8727135966401E-06,4.24670406573568E-06,2.59346124948934E-05,0.00010411771654617,0.00022307263861876,0.000267659168457612,0.000273017329163849,0.000274088466539979,0.000276136386673898,0.000277906568953767,0.000279477797448635,0.000280980253592134,0.000282949797110632,0.00028435917920433,0.000284910638583824,0.000284048146568239,0.000282673572655767,0.000282243796391413,0.000283014349406585,0.000280186126474291,0.000271297962171957,0.000252729514613748,0.000218684290302917,0.000167120466358028,0.000100663295597769,5.48544121556915E-05,1.77115034603048E-05,1.20240538308281E-05,9.75999955699081E-06,1.30973685372737E-05,-9999,-9999,-9999,-9999,-9999,-9999,-9999,-9999,-9999,-9999,-9999,-9999,-9999,-9999,-9999,-9999
-9999,-9999,-9999,-9999,-9999,-9999,-9999,-9999,-9999,-9999,-9999,-9999,-9999,-9999,-9999,-9999,-9999,-9999,-9999,1.68212227436015E-05,4.5507065806305E-05,0.000252493307925761,0.000300986896036193,0.00030074073583819,0.000293486082227901,0.000305328663671389,0.000297656748443842,0.00029538685339503,0.000313794647809118,0.000314619741402566,0.000318508653435856,0.000322133739246055,0.000318479840643704,0.000314237724523991,0.00032120879041031,0.000324157561408356,0.000322418345604092,0.000318040081765503,0.000318825099384412,0.000319691404001787,0.000319004844641313,0.000316290825139731,0.000315420387778431,0.000309623137582093,0.000303644017549232,0.000288839510176331,0.000270821416052058,0.000252942438237369,0.000197460729395971,0.000131515291286632,5.6423079513479E-05,5.67383067391347E-05,6.27663539489731E-05,6.91039895173162E-05,9.06479981495067E-05,0.000134999994770624,0.000204390002181754,0.000224282310227863,0.000278799212537706,0.000332415045704693,0.000344277766998857,0.000344529747962952,0.000342670711688697,0.000342666520737112,8.43077486933907E-06,0.000322567502735183,0.00032409984851256,0.00031069407123141,0.000239028362557292,5.16358568347641E-06,2.01473176275613E-06,-9999,-9999,-9999,-9999,-9999,-9999,-9999,-9999,-9999,-9999,-9999,-9999,5.66596042972378E-07,8.49260459290235E-07,1.27447628983646E-06,1.90224579910137E-06,1.30940979943261E-05,5.31904006493278E-05,0.000149489264003932,0.000245466391788796,0.000271429191343486,0.000274656573310494,0.000275104073807597,0.000275840400718153,0.000277090555755422,0.000278495630482212,0.000279997213510796,0.000280952925095335,0.000280900072539225,0.000280094885965809,0.000278752675512806,0.000277324550552294,0.000277480256045237,0.000277109793387353,0.000272162491455674,0.000263339432422072,0.000250104611041024,0.000224491523113102,0.000154922367073596,8.41891014715657E-05,5.99411359871738E-05,3.77053329430055E-05,1.47894634210388E-05,1.43754323289613E-05,-9999,-9999,-9999,-9999,-9999,-9999,-9999,-9999,-9999,-9999,-9999,-9999,-9999,-9999,-9999,-9999
-9999,-9999,-9999,-9999,-9999,-9999,-9999,-9999,-9999,-9999,-9999,-9999,-9999,-9999,-9999,-9999,-9999,-9999,5.02605616929941E-05,0.000126399216242135,0.000286341673927382,0.000322678475640714,0.000322214385960251,0.000329557544318959,0.000331921968609095,0.00032681628363207,0.000341769482474774,0.000345492386259139,0.000340459664585069,0.000334649666910991,0.000329040893120691,0.000322559732012451,0.000316840916639194,0.000324106629705057,0.000322666950523853,0.000327254820149392,0.000325824017636478,0.000326363166095689,0.000323071319144219,0.000321409897878766,0.000320042279781774,0.00031848787330091,0.00031791307264939,0.000317526108119637,0.000316346471663564,0.000312638294417411,0.000308073882479221,0.000298878701869398,0.000283734174445271,0.000248318101512268,0.000156726528075524,8.76334888744168E-05,0.000112670451926533,0.00020647986093536,0.000248146679950878,0.000269477575784549,0.000271643337327987,0.000297604798106477,0.000329899019561708,0.00033814788912423,0.000339104299200699,0.00033700029598549,0.000334898883011192,0.000333172967657447,0.000329257018165663,0.000324736116454005,0.000306463130982593,4.59468992630718E-06,-9999,-9999,-9999,-9999,-9999,-9999,-9999,-9999,-9999,-9999,-9999,-9999,-9999,-9999,-9999,-9999,-9999,1.28730755477591E-06,1.92240804608446E-06,5.76455522605102E-06,2.65389262494864E-05,8.93136748345569E-05,0.000195918546523899,0.000263887108303607,0.000273559038760141,0.000274730438832194,0.000274278369033709,0.000274084799457341,0.000274661637376994,0.000275643746135756,0.000275992933893576,0.000275499158306047,0.000274066784186289,0.000272544944891706,0.000271690951194614,0.000271179131232202,0.000271399039775133,0.000268758798483759,0.000260271597653627,0.000249450240517035,0.000236086169024929,0.000207311590202153,0.000135279275127687,8.31921861390583E-05,3.32373783749063E-05,1.62420783453854E-05,1.44608256960055E-05,-9999,-9999,-9999,-9999,-9999,-9999,-9999,-9999,-9999,-9999,-9999,-9999,-9999,-9999,-9999,-9999
-9999,-9999,-9999,-9999,-9999,-9999,-9999,-9999,-9999,-9999,-9999,-9999,2.60997921941453E-06,7.65969798521837E-06,-9999,1.74277611222351E-05,3.67262691725045E-05,0.000137321272632107,0.000253609556239098,0.000307430804241449,0.000343998341122642,0.00035302882315591,0.000356457545422018,0.000355570926330984,0.000352712959283963,0.000352922535967082,0.00035167476744391,0.000347973662428558,0.000345645297784358,0.000340860511641949,0.000335685181198642,0.000332153867930174,0.000331051443936303,0.000330590584781021,0.000329592730849981,0.000329660571878776,0.000328490830725059,0.000326930952724069,0.000324365159031004,0.000321390281897038,0.000318613369017839,0.00031602117815055,0.000314775243168697,0.000314748991513625,0.000314784614602104,0.00031426886562258,0.000313277821987867,0.000311375391902402,0.000308279530145228,0.000301179912639782,0.000281508808257058,0.000237999018281698,0.000209622216061689,0.000228107179282233,0.000245203118538484,0.00026642729062587,0.000288201146759093,0.000321671715937555,0.000331202929373831,0.000329675676766783,0.000331244140397757,0.000331289629684761,0.000329845934174955,0.000328392896335572,0.000326580309774727,0.000325812317896634,3.63137451131479E-06,-9999,-9999,-9999,-9999,-9999,-9999,-9999,-9999,-9999,-9999,-9999,-9999,-9999,-9999,-9999,-9999,-9999,-9999,-9999,1.29833574646909E-06,1.934857436936E-06,9.47773787629558E-06,4.23557066824287E-05,0.000128527855849825,0.000233451151871122,0.000269889656919986,0.000273659185040742,0.000273832527454942,0.00027165946085006,0.000270818069111556,0.000270761578576639,0.000270249583991244,0.000269324780674651,0.000267545896349475,0.000265142909483984,0.0002638898731675,0.000264449918176979,0.000264665577560663,0.000263290217844769,0.000258615822531283,0.000250429555308074,0.000241493806242943,0.000222025759285316,0.000163230681209825,8.79088693181984E-05,3.57715325662866E-05,1.76081266545225E-05,1.40510655910475E-05,-9999,-9999,-9999,-9999,-9999,-9999,-9999,-9999,-9999,-9999,-9999,-9999,-9999,-9999,-9999,-9999
-9999,-9999,-9999,-9999,-9999,-9999,-9999,-9999,-9999,-9999,2.55519648817426E-06,2.54282281275664E-06,2.53664188676339E-06,2.8072034183424E-05,6.79942895658314E-05,0.000179164781002328,0.000271535536739975,0.000314241566229612,0.000342649756930768,0.000357089069439098,0.000362012535333633,0.000362031976692379,0.000360752601409331,0.00035888739512302,0.000356698117684573,0.000353659997927025,0.000350762682501227,0.000347303692251444,0.000343484047334641,0.000339254562277347,0.000335170945618302,0.000331330433255062,0.00032851126161404,0.000327105983160436,0.000325993518345058,0.000325627828715369,0.000324742228258401,0.000322848180076107,0.000320221966831014,0.000317322614137083,0.000314365024678409,0.000311355688609183,0.000309422670397907,0.000309025053866208,0.000308996590320021,0.000308699498418719,0.000308241491438821,0.000307682814309373,0.000306982081383467,0.000306498230202124,0.000305954657960683,0.000305060792015865,0.000304797344142571,0.000305790250422433,0.000309314287733287,0.000317514670314267,0.000322501320624724,0.000325314525980502,0.000326555222272873,0.000324874417856336,8.31001962069422E-05,2.23115944208985E-06,2.24578798224684E-06,6.06833646088489E-06,0.000148588267620653,1.6867841623025E-05,-9999,-9999,-9999,-9999,-9999,-9999,-9999,-9999,-9999,-9999,-9999,-9999,-9999,-9999,-9999,-9999,-9999,-9999,-9999,-9999,-9999,1.30369380713091E-06,1.93913751900254E-06,9.88796819001436E-06,5.07660370203666E-05,0.000151619780808687,0.000249860488111153,0.000271489843726158,0.000271607015747577,0.000270099437329918,0.000267179537331685,0.000265547423623502,0.000264032016275451,0.000263053399976343,0.000261022592894733,0.000258563988609239,0.00025631464086473,0.000256922445259988,0.000257621810305864,0.000256861472735181,0.000253644946496934,0.000248875730903819,0.00023919771774672,0.000220307905692607,0.000179688810021617,0.000114372021926101,4.23390665673651E-05,1.90243335964624E-05,1.3610270798381E-05,-9999,-9999,-9999,-9999,-9999,-9999,-9999,-9999,-9999,-9999,-9999,-9999,-9999,-9999,-9999,-9999
-9999,-9999,-9999,-9999,-9999,-9999,-9999,-9999,1.74560664163437E-05,1.73949301824905E-05,4.08595087719732E-06,6.79320191920851E-06,4.92474537168164E-05,0.000221124311792664,0.000300319661619142,0.000327861635014415,0.000347814697306603,0.000358185614459217,0.000361079088179395,0.000363192986696959,0.000363093946361914,0.000361640413757414,0.000359835947165266,0.000357018347131088,0.00035392097197473,0.000350256566889584,0.000346111977705732,0.000341694947564974,0.000337570381816477,0.000333314324961975,0.000329258793499321,0.000325428962241858,0.00032247812487185,0.000321574363624677,0.000320553372148424,0.000319876213325188,0.000318411621265113,0.000316344114253297,0.000313631811877713,0.000310297647956759,0.000306700443616137,0.000303358479868621,0.00030148754012771,0.000301223160931841,0.000301000371109694,0.000300521875033155,0.000299995095701888,0.000299498497042805,0.000299057603115216,0.000299096893286332,0.000299895124044269,0.000302025669952855,0.000305153895169497,0.000308818678604439,0.000312845018925145,0.000316132616717368,0.000318570935633034,0.000320753722917289,0.000321955390973017,0.000321245228406042,0.000313563796225935,2.20406491280301E-06,-9999,-9999,-9999,-9999,-9999,-9999,-9999,-9999,-9999,-9999,-9999,-9999,-9999,-9999,-9999,-9999,-9999,-9999,-9999,-9999,-9999,-9999,-9999,-9999,-9999,-9999,1.30411376630946E-06,1.93694836525538E-06,3.44004661201325E-06,2.75822076218901E-05,0.000125244827358983,0.000241069108597003,0.000267100869677961,0.000267832045210525,0.000264827569480985,0.000261090899584815,0.000257969688391313,0.000256759551120922,0.000255020306212828,0.000253132777288556,0.000251098215812817,0.000249934033490717,0.000250605604378507,0.000250313227297738,0.000248293450567871,0.000244974275119603,0.000237727086641826,0.000223875453229994,0.000191923769307323,0.000125750419101678,4.51635751232971E-05,1.84113596333191E-05,1.31829456222476E-05,-9999,-9999,-9999,-9999,-9999,-9999,-9999,-9999,-9999,-9999,-9999,-9999,-9999,-9999,-9999,-9999
-9999,-9999,-9999,-9999,-9999,-9999,-9999,-9999,1.70897674252046E-05,1.93788582691923E-05,2.11791884794366E-05,8.13250517239794E-05,0.000296509271720424,0.000338798243319616,0.00034757869434543,0.000355261494405568,0.000361490616342053,0.000364137697033584,0.000364481151336804,0.000363285798812285,0.000361324171535671,0.000359089637640864,0.000356204225681722,0.000352732953615487,0.000348903064150363,0.000344678992405534,0.000339604826876894,0.000334220356307924,0.000330266746459529,0.000326910463627428,0.000323522021062672,0.000320099003147334,0.000317448429996148,0.000315823592245579,0.000314962991978973,0.000314002158120275,0.00031246111029759,0.00031011609826237,0.000307018694002181,0.000303178880130872,0.000299336737953126,0.000295833509881049,0.000293606775812805,0.000292801792966202,0.000291969656245783,0.000291203265078366,0.000290657568257302,0.000290547788608819,0.000290500000119209,0.000290757627226412,0.000291552278213203,0.00029411245486699,0.000297903578029945,0.000302375177852809,0.000306866073515266,0.000310372561216354,0.000312946940539405,0.000314557604724541,0.000315893703373149,0.000317136058583856,0.000304018496535718,2.19395928979793E-06,-9999,-9999,-9999,-9999,-9999,-9999,-9999,-9999,-9999,-9999,-9999,-9999,-9999,-9999,-9999,-9999,-9999,-9999,-9999,-9999,-9999,-9999,-9999,-9999,-9999,-9999,-9999,-9999,1.93011806004506E-06,1.92081279237755E-06,3.87531918022432E-06,3.8533667975571E-05,0.00018781288235914,0.000258685380686074,0.000261475390288979,0.000257853913353756,0.000253748003160581,0.000251057383138686,0.000249342410825193,0.000247359945205972,0.000245762203121558,0.000244466995354742,0.000244222581386566,0.000244139431742951,0.00024237205798272,0.00024064200988505,0.000235372863244265,0.000226105330511928,0.000204256066353992,0.000128950196085498,4.78902002214454E-05,1.58651437232038E-05,1.31333072204143E-05,-9999,-9999,-9999,-9999,-9999,-9999,-9999,-9999,-9999,-9999,-9999,-9999,-9999,-9999,-9999,-9999
-9999,-9999,-9999,-9999,-9999,-9999,1.7883037799038E-05,1.75929526449181E-05,1.74472515936941E-05,4.91227692691609E-05,0.000228331744438037,0.000316545047098771,0.000347994675394148,0.000355380383552983,0.00036096025723964,0.00036354479379952,0.000364772335160524,0.000364524603355676,0.000363155821105465,0.00036065059248358,0.000357217446435243,0.000353914336301386,0.000350769754732028,0.000346773886121809,0.000342064420692623,0.000338199664838612,0.000333218922605738,0.000328405556501821,0.000324404623825103,0.000320755614666268,0.000316831603413448,0.000314147735480219,0.000312228105030954,0.000310540664941072,0.000309268507407978,0.000308078218949959,0.000306476431433111,0.000304421060718596,0.000301305437460542,0.000297358637908474,0.000293258170131594,0.00029022284434177,0.000287610542727634,0.00028594714240171,0.000284672918496653,0.00028393289539963,0.000283373898128048,0.000282972061540931,0.000283689878415316,0.000284188456134871,0.000285199814243242,0.00028770585777238,0.000291166186798364,0.000295793492114171,0.000299793755402789,0.000303583452478051,0.000307223963318393,0.000309196562739089,0.000308702234178782,0.000149022307596169,2.16779540096468E-06,-9999,-9999,-9999,-9999,-9999,-9999,-9999,-9999,-9999,-9999,-9999,-9999,-9999,-9999,-9999,-9999,-9999,-9999,-9999,-9999,-9999,-9999,-9999,-9999,-9999,-9999,-9999,-9999,-9999,-9999,-9999,-9999,1.86859404038842E-06,5.19277500643511E-06,8.62059023347683E-05,0.000232982420129701,0.000253488775342703,0.000250551704084501,0.000246583396801725,0.000243579896050505,0.000242003632592969,0.000240380788454786,0.000239476750721224,0.000238711028941907,0.000238229375099763,0.000236654115724377,0.000234568535233848,0.000230838239076547,0.000224964926019311,0.000204817857593298,0.00014524778816849,6.606247916352E-05,1.33832827486913E-05,-9999,-9999,-9999,-9999,-9999,-9999,-9999,-9999,-9999,-9999,-9999,-9999,-9999,-9999,-9999,-9999,-9999
-9999,-9999,-9999,-9999,-9999,-9999,1.77427318703849E-05,2.2039161194698E-05,8.20440181996673E-05,0.000274968362646177,0.000335668853949755,0.000352418952388689,0.000357702316250652,0.000359820667654276,0.000361133279511705,0.000361966260243207,0.000362714927177876,0.000362556951586157,0.00036083027953282,0.000357312324922532,0.000352545379428193,0.000348786561517045,0.000345833570463583,0.000341667502652854,0.000336780212819576,0.000332814815919846,0.00032792438287288,0.000322932115523145,0.00031900659087114,0.000315095414407551,0.000310202536638826,0.000307969487039372,0.000305553345242515,0.000303484761388972,0.000300793151836842,0.000299514038488269,0.000298984232358634,0.000298031256534159,0.00029556590016,0.000292277109110728,0.000287550530629233,0.000285209680441767,0.000282728025922552,0.000281029933830723,0.000280088221188635,0.000280256994301453,0.000279760948615149,0.000280568026937544,0.00028095196466893,0.000282563589280471,0.000283354631392285,0.000286263879388571,0.000290104129817337,0.000239549903199077,0.000279388099443167,0.000240684690652415,6.66174491925631E-06,2.10902749131492E-06,2.12630652640655E-06,-9999,-9999,-9999,-9999,-9999,-9999,-9999,-9999,-9999,-9999,-9999,-9999,-9999,-9999,-9999,-9999,-9999,-9999,-9999,-9999,-9999,-9999,-9999,-9999,-9999,-9999,-9999,-9999,-9999,-9999,-9999,-9999,-9999,-9999,-9999,1.82242729351856E-06,1.79247490450507E-06,3.52208444382995E-05,0.000203570831217803,0.000245497009018436,0.000242554087890312,0.000238681182963774,0.000236570980632678,0.000235626852372661,0.000234586463193409,0.000233792103244923,0.000232462291023694,0.000230441495659761,0.000228349526878446,0.000225426207180135,0.000221585287363268,0.000208501063752919,0.000164557655807585,6.9517016527243E-05,1.79508133442141E-05,1.462294767407E-05,1.15339598778519E-05,-9999,-9999,-9999,-9999,-9999,-9999,-9999,-9999,-9999,-9999,-9999,-9999,-9999,-9999,-9999
-9999,-9999,-9999,-9999,2.30939531320473E-05,2.54064125329023E-05,1.78522750502452E-05,7.56374283810146E-05,0.000291807169560343,0.000345517270034179,0.000357920274836943,0.000358665856765583,0.000357976008672267,0.000357719603925943,0.00035794117138721,0.000358729012077674,0.000359716214006767,0.00035981580731459,0.000358128250809386,0.00035429626586847,0.000348914123605937,0.000344901258358732,0.000342930725309998,0.000337522127665579,0.000332932744640857,0.000329139467794448,0.000323533604387194,0.000320833059959114,0.000316302321152762,0.000312548072542995,0.00030719832284376,0.000303563865600154,0.000300288171274588,0.00030018636607565,0.000295918725896627,0.00029614896629937,0.000296658865408972,0.000294554920401424,0.000294846715405583,4.00513963541016E-05,0.000199961999896914,0.000163097429322079,0.000277280167210847,0.000197356930584647,0.000254313228651881,0.000276189210126176,0.000277206796454266,0.000147830214700662,4.7446748794755E-05,0.000134946356411092,1.90676273632562E-05,1.65981764439493E-05,1.97530312107119E-06,1.99264832190238E-06,-9999,-9999,-9999,-9999,-9999,-9999,-9999,-9999,-9999,-9999,-9999,-9999,-9999,-9999,-9999,-9999,-9999,-9999,-9999,-9999,-9999,-9999,-9999,-9999,-9999,-9999,-9999,-9999,-9999,-9999,-9999,-9999,-9999,-9999,-9999,-9999,-9999,-9999,-9999,-9999,-9999,1.17742774818907E-06,1.71375995705603E-06,5.50752920389641E-05,0.000226815609494224,0.000238095060922205,0.000234221733990125,0.000231672456720844,0.00023117774981074,0.000230028716032393,0.000228637363761663,0.000226728749112226,0.00022431906836573,0.000222082700929604,0.000220055284444243,0.000217267297557555,0.00020853299065493,0.000159089322551154,5.61973138246685E-05,1.10103164843167E-05,1.107649950427E-05,7.98695782577852E-06,1.16896790132159E-05,-9999,-9999,-9999,-9999,-9999,-9999,-9999,-9999,-9999,-9999,-9999,-9999,-9999,-9999
-9999,-9999,-9999,-9999,1.83952324732672E-05,2.8208400181029E-05,4.23470373789314E-05,0.000278843130217865,0.00035183213185519,0.000362156220944598,0.00036126037593931,0.000358475168468431,0.000356393749825656,0.000354633753886446,0.000353832088876516,0.0003542433551047,0.000355319352820516,0.000356987118721008,0.000356094387825578,0.000276736944215372,3.66701283383009E-06,2.36722803492739E-06,2.34370827456587E-06,2.31636499847809E-06,2.28728458750993E-06,2.25754502025666E-06,1.07244413811713E-05,2.19384855881799E-06,8.23196387500502E-06,2.12971963264863E-06,2.72789293376263E-05,0.000215433523408137,0.0002853857295122,0.000275946513283998,0.000294649536954239,0.000288872222881764,0.000293429038720205,0.000290482712443918,8.37194384075701E-05,2.00152317120228E-06,1.97644703803235E-06,1.95738357433584E-06,1.94228528016538E-06,1.93112805391138E-06,1.9227011307521E-06,1.9177864487574E-06,1.91561343854119E-06,-9999,-9999,-9999,-9999,-9999,-9999,-9999,-9999,-9999,-9999,-9999,-9999,-9999,-9999,-9999,-9999,-9999,-9999,-9999,-9999,-9999,-9999,-9999,-9999,-9999,-9999,-9999,-9999,-9999,-9999,-9999,-9999,-9999,-9999,-9999,-9999,-9999,-9999,-9999,-9999,-9999,-9999,-9999,-9999,-9999,-9999,-9999,-9999,-9999,1.67007567597466E-06,1.10813034552848E-05,0.000197805304196663,0.000231794954743236,0.00022999185603112,0.000226609146920964,0.000225913317990489,0.000224630304728635,0.000222870890866034,0.000220798916416243,0.000218133805901743,0.000215804408071563,0.000213962834095582,0.000211885664612055,0.00020594491797965,0.000171607243828475,8.68008428369649E-05,2.9470455046976E-05,5.2992131713836E-06,1.81922168849269E-05,1.10967857835931E-05,-9999,-9999,-9999,-9999,-9999,-9999,-9999,-9999,-9999,-9999,-9999,-9999,-9999,-9999
-9999,-9999,-9999,-9999,-9999,1.78267873707227E-05,0.000203319184947759,0.000350391725078225,0.000364553096005693,0.000364234350854531,0.000360599864507094,0.000356592470780015,0.000354319694451988,0.000351466034771875,0.000350160931702703,0.000351640832377598,0.000211374892387539,2.4207122351072E-06,2.4245473468909E-06,2.42426835939114E-06,-9999,-9999,-9999,-9999,-9999,-9999,-9999,-9999,-9999,-9999,-9999,-9999,-9999,7.62605259296834E-06,2.22086782741826E-05,1.91927138075698E-05,2.55384820775362E-05,2.03373792828643E-06,-9999,-9999,-9999,-9999,-9999,-9999,-9999,-9999,-9999,-9999,-9999,-9999,-9999,-9999,-9999,-9999,-9999,-9999,-9999,-9999,-9999,-9999,-9999,-9999,-9999,-9999,-9999,-9999,-9999,-9999,-9999,-9999,-9999,-9999,-9999,-9999,-9999,-9999,-9999,-9999,-9999,-9999,-9999,-9999,-9999,-9999,-9999,-9999,-9999,-9999,-9999,-9999,-9999,-9999,-9999,-9999,-9999,-9999,1.09694576622132E-06,1.59644355335331E-06,0.000168777391081676,0.000225724666961469,0.000224695439101197,0.000221415699343197,0.000221084701479413,0.000218726941966452,0.000216677188291214,0.000214594299905002,0.000212281171116047,0.00021017127437517,0.000208008743356913,0.000206308381166309,0.000203435134608299,0.000183997355634347,0.000120001910545398,3.53876494045835E-05,1.96710643649567E-05,1.20570875878911E-05,-9999,-9999,-9999,-9999,-9999,-9999,-9999,-9999,-9999,-9999,-9999,-9999,-9999,-9999,-9999
-9999,-9999,-9999,-9999,-9999,7.05258717061952E-05,0.000330310664139688,0.000364833016647026,0.000367448606994003,0.000364166568033397,0.000359750731149688,0.000355190451955423,0.000351550930645317,0.000349387089954689,0.000347561610396951,3.99037198803853E-05,2.41982297666254E-06,1.62632625233528E-06,-9999,-9999,-9999,-9999,-9999,-9999,-9999,-9999,-9999,-9999,-9999,-9999,-9999,-9999,-9999,-9999,-9999,-9999,-9999,-9999,-9999,-9999,-9999,-9999,-9999,-9999,-9999,-9999,-9999,-9999,-9999,-9999,-9999,-9999,-9999,-9999,-9999,-9999,-9999,-9999,-9999,-9999,-9999,-9999,-9999,-9999,-9999,-9999,-9999,-9999,-9999,-9999,-9999,-9999,-9999,-9999,-9999,-9999,-9999,-9999,-9999,-9999,-9999,-9999,-9999,-9999,-9999,-9999,-9999,-9999,-9999,-9999,-9999,-9999,-9999,-9999,-9999,-9999,-9999,1.5483833522012E-06,0.000128143263282254,0.000220168440137058,0.000219358131289482,0.00021660522907041,0.000215738691622391,0.000212688319152221,0.000210203696042299,0.000208208046387881,0.000206592550966889,0.000204838550416753,0.000202997412998229,0.000201205970370211,0.00019868319213856,0.000190400140127167,0.00013731827493757,6.92355388309807E-05,1.3387732906267E-05,9.74971953837667E-06,-9999,-9999,-9999,-9999,-9999,-9999,-9999,-9999,-9999,-9999,-9999,-9999,-9999,-9999,-9999
-9999,-9999,1.91816343431128E-05,1.88866742973914E-05,1.83225092769135E-05,0.000194685402675532,0.000359924306394532,0.000368792185327038,0.000367808475857601,0.000363353901775554,0.000358795427018777,0.000354271993273869,0.000350882211932912,0.000345383828971535,2.08820711122826E-05,2.41814859691658E-06,1.62573769557639E-06,-9999,-9999,-9999,-9999,-9999,-9999,-9999,-9999,-9999,-9999,-9999,-9999,-9999,-9999,-9999,-9999,-9999,-9999,-9999,-9999,-9999,-9999,-9999,-9999,-9999,-9999,-9999,-9999,-9999,-9999,-9999,-9999,-9999,-9999,-9999,-9999,-9999,-9999,-9999,-9999,-9999,-9999,-9999,-9999,-9999,-9999,-9999,-9999,-9999,-9999,-9999,-9999,-9999,-9999,-9999,-9999,-9999,-9999,-9999,-9999,-9999,-9999,-9999,-9999,-9999,-9999,-9999,-9999,-9999,-9999,-9999,-9999,-9999,-9999,-9999,-9999,-9999,-9999,-9999,-9999,1.51222832300846E-06,7.45559373172E-05,0.000214871281059459,0.000214949133805931,0.000211597434827127,0.000209162710234523,0.000206840704777278,0.000203737494302914,0.00020236088312231,0.000201190545340069,0.000199871457880363,0.000198145266040228,0.000196295863133855,0.000194404274225235,0.00018894620006904,0.000166198195074685,0.000105294086097274,5.63821886316873E-05,1.28122001115116E-05,-9999,-9999,-9999,-9999,-9999,-9999,-9999,-9999,-9999,-9999,-9999,-9999,-9999,-9999,-9999
-9999,-9999,-9999,-9999,2.26096180995228E-05,0.000305530033074319,0.000366289634257555,0.000370035413652658,0.000367053144145757,0.000361623824574053,0.000357316166628152,0.000353783660102636,0.000351249269442633,3.02255357382819E-05,2.41919997279183E-06,1.62549804372247E-06,-9999,-9999,-9999,-9999,-9999,-9999,-9999,-9999,-9999,-9999,-9999,-9999,-9999,-9999,-9999,-9999,-9999,-9999,-9999,-9999,-9999,-9999,-9999,-9999,-9999,-9999,-9999,-9999,-9999,-9999,-9999,-9999,-9999,-9999,-9999,-9999,-9999,-9999,-9999,-9999,-9999,-9999,-9999,-9999,-9999,-9999,-9999,-9999,-9999,-9999,-9999,-9999,-9999,-9999,-9999,-9999,-9999,-9999,-9999,-9999,-9999,-9999,-9999,-9999,-9999,-9999,-9999,-9999,-9999,-9999,-9999,-9999,-9999,-9999,-9999,-9999,-9999,-9999,-9999,-9999,-9999,1.4816066595813E-06,3.90863824577536E-05,0.000209172954782844,0.000209874313441105,0.000207347562536597,0.000204000971280038,0.000201588700292632,0.000198163688764907,0.000196932596736588,0.000196427718037739,0.000195169690414332,0.000193379644770175,0.000191573897609487,0.000189390062587336,0.000186209421372041,0.000177655587322079,0.000154069261043333,9.57707961788401E-05,2.8500104235718E-05,-9999,-9999,-9999,-9999,-9999,-9999,-9999,-9999,-9999,-9999,-9999,-9999,-9999,-9999,-9999
-9999,-9999,-9999,-9999,4.78975125588477E-05,0.000332555442582816,0.000368377019185573,0.000369936373317614,0.000365967367542908,0.00035987762385048,0.000356076780008152,0.000353554030880332,0.000237219283008017,2.42275973505457E-06,1.62881929099967E-06,-9999,-9999,-9999,-9999,-9999,-9999,-9999,-9999,-9999,-9999,-9999,-9999,-9999,-9999,-9999,-9999,-9999,-9999,-9999,-9999,-9999,-9999,-9999,-9999,-9999,-9999,-9999,-9999,-9999,-9999,-9999,-9999,-9999,-9999,-9999,-9999,-9999,-9999,-9999,-9999,-9999,-9999,-9999,-9999,-9999,-9999,-9999,-9999,-9999,-9999,-9999,-9999,-9999,-9999,-9999,-9999,-9999,-9999,-9999,-9999,-9999,-9999,-9999,-9999,-9999,-9999,-9999,-9999,-9999,-9999,-9999,-9999,-9999,-9999,-9999,-9999,-9999,-9999,-9999,-9999,-9999,-9999,1.45393107686687E-06,1.57013782882132E-05,0.000202242183149792,0.000204482232220471,0.000203121657250449,0.000199329413590021,0.000196206441614777,0.000193512620171532,0.000191589788300917,0.000191087689017877,0.000189708822290413,0.000188394813449122,0.000186697754543275,0.000184742835699581,0.000182485979166813,0.000178556103492156,0.000170267216162756,0.000142603719723411,7.67635574447922E-05,1.0501770702831E-05,-9999,-9999,-9999,-9999,-9999,-9999,-9999,-9999,-9999,-9999,-9999,-9999,-9999,-9999
-9999,-9999,-9999,-9999,3.88464468414895E-05,0.000328070571413264,0.000368506502127275,0.000369236222468317,0.000364688312401995,0.000358797347871587,0.00035554711939767,0.000353372248355299,2.42295800489956E-06,1.6310495993821E-06,1.09537279513461E-06,-9999,-9999,-9999,-9999,-9999,-9999,-9999,-9999,-9999,-9999,-9999,-9999,-9999,-9999,-9999,-9999,-9999,-9999,-9999,-9999,-9999,-9999,-9999,-9999,-9999,-9999,-9999,-9999,-9999,-9999,-9999,-9999,-9999,-9999,-9999,-9999,-9999,-9999,-9999,-9999,-9999,-9999,-9999,-9999,-9999,-9999,-9999,-9999,-9999,-9999,-9999,-9999,-9999,-9999,-9999,-9999,-9999,-9999,-9999,-9999,-9999,-9999,-9999,-9999,-9999,-9999,-9999,-9999,-9999,-9999,-9999,-9999,-9999,-9999,-9999,-9999,-9999,-9999,-9999,-9999,-9999,-9999,9.51752554101404E-07,1.40325994379964E-06,0.000192707753740251,0.000199776637600735,0.000198669862584211,0.000195520478882827,0.000191174651263282,0.000188808771781623,0.000186799457878806,0.000185365017387085,0.000184351287316531,0.000183243362698704,0.000181979121407494,0.000180096394615248,0.000177836103830487,0.000175605964614078,0.000171571678947657,0.000158673647092655,0.000114952905278187,3.5937537177233E-05,8.2138440120616E-06,-9999,-9999,-9999,-9999,-9999,-9999,-9999,-9999,-9999,-9999,-9999,-9999,-9999
-9999,-9999,-9999,-9999,2.02553692361107E-05,0.000298961123917252,0.000367409957107157,0.000368864770280197,0.000364862353308126,0.000359134370228276,0.000355814816430211,0.000352816336089745,2.42822579821222E-06,1.63453864843177E-06,-9999,-9999,-9999,-9999,-9999,-9999,-9999,-9999,-9999,-9999,-9999,-9999,-9999,-9999,-9999,-9999,-9999,-9999,-9999,-9999,-9999,-9999,-9999,-9999,-9999,-9999,-9999,-9999,-9999,-9999,-9999,-9999,-9999,-9999,-9999,-9999,-9999,-9999,-9999,-9999,-9999,-9999,-9999,-9999,-9999,-9999,-9999,-9999,-9999,-9999,-9999,-9999,-9999,-9999,-9999,-9999,-9999,-9999,-9999,-9999,-9999,-9999,-9999,-9999,-9999,-9999,-9999,-9999,-9999,-9999,-9999,-9999,-9999,-9999,-9999,-9999,-9999,-9999,-9999,-9999,-9999,-9999,-9999,9.36751234803523E-07,1.37160054691776E-06,0.000183064636075869,0.000195145039469935,0.00019395058916416,0.000191929138964042,0.000187558835023083,0.000184059885214083,0.000181973591679707,0.000180471135536209,0.000180164788616821,0.000179077658685856,0.000177833368070424,0.00017579342238605,0.000173590568010695,0.000171764055266976,0.000168912520166487,0.000160703872097656,0.000141723925480619,8.32832956803031E-05,1.56991536641726E-05,1.12595826067263E-05,1.15244540666026E-06,-9999,-9999,-9999,-9999,-9999,-9999,-9999,-9999,-9999,-9999,-9999
-9999,-9999,-9999,-9999,1.81329378392547E-05,0.000162312877364457,0.000361028854968026,0.000369333254639059,0.000367244676453993,0.000363087019650266,0.000358694465830922,0.000355617958121002,5.39835082236095E-06,2.44203351940087E-06,-9999,-9999,-9999,-9999,-9999,-9999,-9999,-9999,-9999,-9999,-9999,-9999,-9999,-9999,-9999,-9999,-9999,-9999,-9999,-9999,-9999,-9999,-9999,-9999,-9999,-9999,-9999,-9999,-9999,-9999,-9999,-9999,-9999,-9999,-9999,-9999,-9999,-9999,-9999,-9999,-9999,-9999,-9999,-9999,-9999,-9999,-9999,-9999,-9999,-9999,-9999,-9999,-9999,-9999,-9999,-9999,-9999,-9999,-9999,-9999,-9999,-9999,-9999,-9999,-9999,-9999,-9999,-9999,-9999,-9999,-9999,-9999,-9999,-9999,-9999,-9999,-9999,-9999,-9999,-9999,-9999,-9999,-9999,-9999,1.33920548250899E-06,0.00017586225294508,0.000190587947145104,0.000189259561011568,0.000188509264262393,0.000184447766514495,0.000180647359229624,0.000178751346538775,0.000177530542714521,0.000176270899828523,0.000175391745870002,0.000173870168509893,0.000172077707247809,0.000170045561389998,0.000168330763699487,0.000166229598107748,0.00016028352547437,0.000146287449751981,0.000110284170659725,2.5971468858188E-05,8.93652850209037E-06,-9999,-9999,-9999,-9999,-9999,-9999,-9999,-9999,-9999,-9999,-9999,-9999
-9999,-9999,-9999,-9999,1.8177901438321E-05,7.11937245796435E-05,0.000335402088239789,0.000369106011930853,0.000368748442269862,0.000366765627404675,0.000363191269570962,0.000359419558662921,0.00024420116096735,2.44344755628845E-06,-9999,-9999,-9999,-9999,-9999,-9999,-9999,-9999,-9999,-9999,-9999,-9999,-9999,-9999,-9999,-9999,-9999,-9999,-9999,-9999,-9999,-9999,-9999,-9999,-9999,-9999,-9999,-9999,-9999,-9999,-9999,-9999,-9999,-9999,-9999,-9999,-9999,-9999,-9999,-9999,-9999,-9999,-9999,-9999,-9999,-9999,-9999,-9999,-9999,-9999,-9999,-9999,-9999,-9999,-9999,-9999,-9999,-9999,-9999,-9999,-9999,-9999,-9999,-9999,-9999,-9999,-9999,-9999,-9999,-9999,-9999,-9999,-9999,-9999,-9999,-9999,-9999,-9999,-9999,-9999,-9999,-9999,-9999,-9999,1.316640918958E-06,0.000158572263899259,0.000186854333151132,0.000185695913387462,0.000185010037967004,0.000182543095434085,0.000178377697011456,0.000174885979504324,0.000173819542396814,0.000172117070178501,0.000171117630088702,0.000169700288097374,0.000168439219123684,0.000166802419698797,0.000165272766025737,0.00016305451572407,0.000158622540766373,0.000147270984598435,0.000127371400594711,4.85949785797857E-05,8.82914173416793E-06,7.95597497926792E-06,8.04906539997319E-06,-9999,-9999,-9999,-9999,-9999,-9999,-9999,-9999,-9999,-9999
-9999,-9999,-9999,-9999,-9999,2.01158254640177E-05,0.000274819205515087,0.000367366446880624,0.000369723420590162,0.000368802662706003,0.000366297521395609,0.000362028047675267,0.000357733690179884,2.44676652982889E-06,-9999,-9999,-9999,-9999,-9999,-9999,-9999,-9999,-9999,-9999,-9999,-9999,-9999,-9999,-9999,-9999,-9999,-9999,-9999,-9999,-9999,-9999,-9999,-9999,-9999,-9999,-9999,-9999,-9999,-9999,-9999,-9999,-9999,-9999,-9999,-9999,-9999,-9999,-9999,-9999,-9999,-9999,-9999,-9999,-9999,-9999,-9999,-9999,-9999,-9999,-9999,-9999,-9999,-9999,-9999,-9999,-9999,-9999,-9999,-9999,-9999,-9999,-9999,-9999,-9999,-9999,-9999,-9999,-9999,-9999,-9999,-9999,-9999,-9999,-9999,-9999,-9999,-9999,-9999,-9999,-9999,-9999,-9999,-9999,1.30085879845865E-06,0.000126002516481094,0.000182289571966976,0.000182882693479769,0.000181752417120151,0.000179732873220928,0.000175642606336623,0.000171385778230615,0.000170277227880433,0.000168472004588693,0.000167596415849403,0.000166161058587022,0.000165053512318991,0.000163752963999286,0.000162323995027691,0.000160495241289027,0.00015762125258334,0.00015224190428853,0.000121886398119386,7.42460688343272E-05,2.7758716896642E-05,1.86947418114869E-05,1.11188637674786E-05,8.12592043075711E-06,-9999,-9999,-9999,-9999,-9999,-9999,-9999,-9999,-9999
-9999,-9999,-9999,-9999,-9999,4.11223572882591E-06,0.000194615742657334,0.000360941514372826,0.000370518740965053,0.000370348774595186,0.000368558219633996,0.000364295527106151,0.000359341938747093,2.4546839085815E-06,-9999,-9999,-9999,-9999,-9999,-9999,-9999,-9999,-9999,-9999,-9999,-9999,-9999,-9999,-9999,-9999,-9999,-9999,-9999,-9999,-9999,-9999,-9999,-9999,-9999,-9999,-9999,-9999,-9999,-9999,-9999,-9999,-9999,-9999,-9999,-9999,-9999,-9999,-9999,-9999,-9999,-9999,-9999,-9999,-9999,-9999,-9999,-9999,-9999,-9999,-9999,-9999,-9999,-9999,-9999,-9999,-9999,-9999,-9999,-9999,-9999,-9999,-9999,-9999,-9999,-9999,-9999,-9999,-9999,-9999,-9999,-9999,-9999,-9999,-9999,-9999,-9999,-9999,-9999,-9999,-9999,-9999,-9999,-9999,1.29119848679693E-06,4.19405660068151E-05,0.000176930378074758,0.000180215371074155,0.000178792834049091,0.000176639092387632,0.00017295494035352,0.000168932645465247,0.000167160935234278,0.000165976569405757,0.000164652461535297,0.000162823795108125,0.000161632415256463,0.000160452997079119,0.000159190516569652,0.000158018956426531,0.000155881134560332,0.000148861756315455,0.000126274258946069,0.000104689555882942,8.2476282841526E-05,6.90318556735292E-05,2.06921304197749E-05,7.95276264398126E-06,-9999,-9999,-9999,-9999,-9999,-9999,-9999,-9999,-9999
-9999,-9999,-9999,-9999,-9999,2.53421876550419E-06,0.000140432603075169,0.000361433136276901,0.000371088739484549,0.000371595611795783,0.000370312365703285,0.000366010121069849,0.000357242446625605,2.46325703301409E-06,-9999,-9999,-9999,-9999,-9999,-9999,-9999,-9999,-9999,-9999,-9999,-9999,-9999,-9999,-9999,-9999,-9999,-9999,-9999,-9999,-9999,-9999,-9999,-9999,-9999,-9999,-9999,-9999,-9999,-9999,-9999,-9999,-9999,-9999,-9999,-9999,-9999,-9999,-9999,-9999,-9999,-9999,-9999,-9999,-9999,-9999,-9999,-9999,-9999,-9999,-9999,-9999,-9999,-9999,-9999,-9999,-9999,-9999,-9999,-9999,-9999,-9999,-9999,-9999,-9999,-9999,-9999,-9999,-9999,-9999,-9999,-9999,-9999,-9999,-9999,-9999,-9999,-9999,-9999,-9999,-9999,-9999,-9999,-9999,-9999,1.25501230741065E-06,0.000172300671692938,0.000176614208612591,0.000176133558852598,0.00017371989088133,0.000170217215782031,0.00016609656449873,0.000164306882652454,0.00016325009346474,0.0001616905501578,0.000160015551955439,0.000158563605509698,0.000157484158989973,0.000156248031998985,0.000155238492880017,0.000153987115481868,0.000149022322148085,0.000142906166729517,0.000134427755256183,0.000115009570436087,7.27205988368951E-05,2.74657395493705E-05,7.78024241299136E-06,-9999,-9999,-9999,-9999,-9999,-9999,-9999,-9999,-9999
-9999,-9999,-9999,-9999,-9999,-9999,8.55317484820262E-05,0.000363164930604398,0.000371491740224883,0.000372521870303899,0.000371007685316727,0.000365964166121557,0.000362704799044877,-9999,-9999,-9999,-9999,-9999,-9999,-9999,-9999,-9999,-9999,-9999,-9999,-9999,-9999,-9999,-9999,-9999,-9999,-9999,-9999,-9999,-9999,-9999,-9999,-9999,-9999,-9999,-9999,-9999,-9999,-9999,-9999,-9999,-9999,-9999,-9999,-9999,-9999,-9999,-9999,-9999,-9999,-9999,-9999,-9999,-9999,-9999,-9999,-9999,-9999,-9999,-9999,-9999,-9999,-9999,-9999,-9999,-9999,-9999,-9999,-9999,-9999,-9999,-9999,-9999,-9999,-9999,-9999,-9999,-9999,-9999,-9999,-9999,-9999,-9999,-9999,-9999,-9999,-9999,-9999,-9999,-9999,-9999,-9999,-9999,-9999,1.23741028801305E-06,0.000160128169227391,0.00017330540867988,0.000173694978002459,0.000171515974216163,0.000168218364706263,0.000164483004482463,0.000162110896781087,0.00016065024829004,0.000158775859745219,0.000157192815095186,0.000155750167323276,0.000154481254867278,0.00015333088231273,0.000152418593643233,0.000152009029989131,0.000150826745084487,0.000148053994053043,0.000138384639285505,0.00012046932533849,9.0152803750243E-05,4.66144847450778E-05,9.5218147180276E-06,-9999,-9999,-9999,-9999,-9999,-9999,-9999,-9999,-9999
-9999,-9999,-9999,-9999,-9999,-9999,6.45267136860639E-05,0.00036408775486052,0.00037270353641361,0.000373040122212842,0.000370382011169568,0.000365332351066172,0.000360030739102513,-9999,-9999,-9999,-9999,-9999,-9999,-9999,-9999,-9999,-9999,-9999,-9999,-9999,-9999,-9999,-9999,-9999,-9999,-9999,-9999,-9999,-9999,-9999,-9999,-9999,-9999,-9999,-9999,-9999,-9999,-9999,-9999,-9999,-9999,-9999,-9999,-9999,-9999,-9999,-9999,-9999,-9999,-9999,-9999,-9999,-9999,-9999,-9999,-9999,-9999,-9999,-9999,-9999,-9999,-9999,-9999,-9999,-9999,-9999,-9999,-9999,-9999,-9999,-9999,-9999,-9999,-9999,-9999,-9999,-9999,-9999,-9999,-9999,-9999,-9999,-9999,-9999,-9999,-9999,-9999,-9999,-9999,-9999,-9999,-9999,-9999,1.22239805477875E-06,0.000105643557617441,0.000170828789123334,0.000171352934557945,0.000169136517797597,0.000165914447279647,0.000162645112141035,0.000159528717631474,0.000158400143845938,0.000156487978529185,0.000154865148942918,0.000153382308781147,0.00015221512876451,0.000151066604303196,0.000150171588757075,0.000149822430103086,0.000149422819959,0.000147740865941159,0.000143049983307719,0.00013209370081313,0.000102024590887595,7.16451540938579E-05,1.79643211595248E-05,9.45987267186865E-06,7.63644675316755E-06,-9999,-9999,-9999,-9999,-9999,-9999,-9999
-9999,-9999,-9999,-9999,-9999,-9999,0.000102719874121249,0.000370347494026646,0.000374341383576393,0.000372964306734502,0.000369178975233808,0.000364334613550454,0.000330960639985278,-9999,-9999,-9999,-9999,-9999,-9999,-9999,-9999,-9999,-9999,-9999,-9999,-9999,-9999,-9999,-9999,-9999,-9999,-9999,-9999,-9999,-9999,-9999,-9999,-9999,-9999,-9999,-9999,-9999,-9999,-9999,-9999,-9999,-9999,-9999,-9999,-9999,-9999,-9999,-9999,-9999,-9999,-9999,-9999,-9999,-9999,-9999,-9999,-9999,-9999,-9999,-9999,-9999,-9999,-9999,-9999,-9999,-9999,-9999,-9999,-9999,-9999,-9999,-9999,-9999,-9999,-9999,-9999,-9999,-9999,-9999,-9999,-9999,-9999,-9999,-9999,-9999,-9999,-9999,-9999,-9999,-9999,-9999,-9999,-9999,-9999,1.2088871699234E-06,7.10985386831453E-06,0.000168422950082459,0.00016835710266605,0.000166503014042974,0.000163186836289242,0.000159934264956973,0.000157118003698997,0.000155800953507423,0.000154455658048391,0.000152891676407307,0.0001512854360044,0.000150030813529156,0.000149098414112814,0.000148436534800567,0.000147886312333867,0.000147790589835495,0.000146490288898349,0.000143040990224108,0.000134557805722579,0.000118872485472821,8.46353796077892E-05,3.23451022268273E-05,1.61616753757698E-05,1.17929885163903E-05,7.57649286242668E-06,-9999,-9999,-9999,-9999,-9999,-9999
-9999,-9999,-9999,-9999,-9999,-9999,-9999,-9999,-9999,-9999,-9999,-9999,-9999,-9999,-9999,-9999,-9999,-9999,-9999,-9999,-9999,-9999,-9999,-9999,-9999,-9999,-9999,-9999,-9999,-9999,-9999,-9999,-9999,-9999,-9999,-9999,-9999,-9999,-9999,-9999,-9999,-9999,-9999,-9999,-9999,-9999,-9999,-9999,-9999,-9999,-9999,-9999,-9999,-9999,-9999,-9999,-9999,-9999,-9999,-9999,-9999,-9999,-9999,-9999,-9999,-9999,-9999,-9999,-9999,-9999,-9999,-9999,-9999,-9999,-9999,-9999,-9999,-9999,-9999,-9999,-9999,-9999,-9999,-9999,-9999,-9999,-9999,-9999,-9999,-9999,-9999,-9999,-9999,-9999,-9999,-9999,-9999,-9999,-9999,-9999,1.16454464205162E-06,0.00016155355842784,0.000165219767950475,0.000163685748702846,0.000160762356244959,0.000157616770593449,0.000154760258737952,0.000153569839312695,0.000152725609950721,0.000150963343912736,0.00014948243915569,0.000148340448504314,0.000147240163641982,0.00014674941485282,0.000146313483128324,0.000146185731864534,0.00014590316277463,0.000144173827720806,0.000139006224344485,0.000126267506857403,9.27760993363336E-05,4.9602040235186E-05,3.23117747029755E-05,2.43141384999035E-05,1.30412163343863E-05,7.48694037611131E-06,-9999,-9999,-9999,-9999,-9999
-9999,-9999,-9999,-9999,-9999,-9999,-9999,-9999,-9999,-9999,-9999,-9999,-9999,-9999,-9999,-9999,-9999,-9999,-9999,-9999,-9999,-9999,-9999,-9999,-9999,-9999,-9999,-9999,-9999,-9999,-9999,-9999,-9999,-9999,-9999,-9999,-9999,-9999,-9999,-9999,-9999,-9999,-9999,-9999,-9999,-9999,-9999,-9999,-9999,-9999,-9999,-9999,-9999,-9999,-9999,-9999,-9999,-9999,-9999,-9999,-9999,-9999,-9999,-9999,-9999,-9999,-9999,-9999,-9999,-9999,-9999,-9999,-9999,-9999,-9999,-9999,-9999,-9999,-9999,-9999,-9999,-9999,-9999,-9999,-9999,-9999,-9999,-9999,-9999,-9999,-9999,-9999,-9999,-9999,-9999,-9999,-9999,-9999,-9999,-9999,1.14602778467088E-06,0.000122106794151478,0.00016268904437311,0.000160699521075003,0.00015818235988263,0.000155083689605817,0.000152117572724819,0.000151467858813703,0.000150767227751203,0.000149164363392629,0.000147444108733907,0.000146485981531441,0.000145343728945591,0.000145082449307665,0.000144949823152274,0.00014539374387823,0.000145332640386187,0.000144414385431446,0.000138961855554953,0.000125255930470303,9.62751873885281E-05,6.16416145930998E-05,4.55915178463329E-05,2.65812777797692E-05,1.77917718247045E-05,8.32843488751678E-06,7.44524959372939E-06,-9999,-9999,-9999,-9999
-9999,-9999,-9999,-9999,-9999,-9999,-9999,-9999,-9999,-9999,-9999,-9999,-9999,-9999,-9999,-9999,-9999,-9999,-9999,-9999,-9999,-9999,-9999,-9999,-9999,-9999,-9999,-9999,-9999,-9999,-9999,-9999,-9999,-9999,-9999,-9999,-9999,-9999,-9999,-9999,-9999,-9999,-9999,-9999,-9999,-9999,-9999,-9999,-9999,-9999,-9999,-9999,-9999,-9999,-9999,-9999,-9999,-9999,-9999,-9999,-9999,-9999,-9999,-9999,-9999,-9999,-9999,-9999,-9999,-9999,-9999,-9999,-9999,-9999,-9999,-9999,-9999,-9999,-9999,-9999,-9999,-9999,-9999,-9999,-9999,-9999,-9999,-9999,-9999,-9999,-9999,-9999,-9999,-9999,-9999,-9999,-9999,-9999,-9999,-9999,1.13297983261873E-06,2.88647015622701E-06,0.000160300405696034,0.000157919916091487,0.000155645800987259,0.00015254171739798,0.000150019986904226,0.000149483035784215,0.000148814651765861,0.000147470535011962,0.000145801051985472,0.000144826408359222,0.000143729208502918,0.000143417986691929,0.000143654513522051,0.000144178469781764,0.000143631783430465,0.000142320175655186,0.000138299161335453,0.00012432002404239,0.00010338869469706,7.87426979513839E-05,5.71616474189796E-05,3.49838919646572E-05,1.95828870346304E-05,1.03368211057386E-05,7.41382609703578E-06,-9999,-9999,-9999,-9999
-9999,-9999,-9999,-9999,-9999,-9999,-9999,-9999,-9999,-9999,-9999,-9999,-9999,-9999,-9999,-9999,-9999,-9999,-9999,-9999,-9999,-9999,-9999,-9999,-9999,-9999,-9999,-9999,-9999,-9999,-9999,-9999,-9999,-9999,-9999,-9999,-9999,-9999,-9999,-9999,-9999,-9999,-9999,-9999,-9999,-9999,-9999,-9999,-9999,-9999,-9999,-9999,-9999,-9999,-9999,-9999,-9999,-9999,-9999,-9999,-9999,-9999,-9999,-9999,-9999,-9999,-9999,-9999,-9999,-9999,-9999,-9999,-9999,-9999,-9999,-9999,-9999,-9999,-9999,-9999,-9999,-9999,-9999,-9999,-9999,-9999,-9999,-9999,-9999,-9999,-9999,-9999,-9999,-9999,-9999,-9999,-9999,-9999,-9999,-9999,-9999,1.09903317024873E-06,0.000147008555359207,0.000154961264343001,0.000152969005284831,0.000150150095578283,0.000148120583617128,0.000147331607877277,0.000146838865475729,0.000145712532685138,0.000143935976666398,0.000142941877129488,0.000141992786666378,0.000141557175084017,0.000141806012834422,0.000142596196383238,0.000143289405968972,0.000142962438985705,0.000138370465720072,0.000125712860608473,0.000106181738374289,9.11190945771523E-05,6.52872986393049E-05,3.47258319379762E-05,2.1526791897486E-05,1.02560761661152E-05,7.31894670025213E-06,-9999,-9999,7.36097945264191E-06,7.35529783923994E-06
-9999,-9999,-9999,-9999,-9999,-9999,-9999,-9999,-9999,-9999,-9999,-9999,-9999,-9999,-9999,-9999,-9999,-9999,-9999,-9999,-9999,-9999,-9999,-9999,-9999,-9999,-9999,-9999,-9999,-9999,-9999,-9999,-9999,-9999,-9999,-9999,-9999,-9999,-9999,-9999,-9999,-9999,-9999,-9999,-9999,-9999,-9999,-9999,-9999,-9999,-9999,-9999,-9999,-9999,-9999,-9999,-9999,-9999,-9999,-9999,-9999,-9999,-9999,-9999,-9999,-9999,-9999,-9999,-9999,-9999,-9999,-9999,-9999,-9999,-9999,-9999,-9999,-9999,-9999,-9999,-9999,-9999,-9999,-9999,-9999,-9999,-9999,-9999,-9999,-9999,-9999,-9999,-9999,-9999,-9999,-9999,-9999,-9999,-9999,-9999,-9999,-9999,7.6886444730917E-06,0.000154939727508463,0.000150895270053297,0.000148588485899381,0.000146760401548818,0.000146002101246268,0.000145121346577071,0.000143649231176823,0.000142007018439472,0.000141066935611889,0.000140322008519433,0.000140076212119311,0.000140192671096884,0.000140863587148488,0.000141450931550935,0.000141003736644052,0.000136396687594242,0.000130579617689364,0.000118024399853311,9.45005449466407E-05,6.48964050924405E-05,4.11701985285617E-05,1.92614352272358E-05,1.13194555524387E-05,7.24597884982359E-06,7.21912601875374E-06,7.26551843399648E-06,7.29203657101607E-06,8.09568791737547E-06
-9999,-9999,-9999,-9999,-9999,-9999,-9999,-9999,-9999,-9999,-9999,-9999,-9999,-9999,-9999,-9999,-9999,-9999,-9999,-9999,-9999,-9999,-9999,-9999,-9999,-9999,-9999,-9999,-9999,-9999,-9999,-9999,-9999,-9999,-9999,-9999,-9999,-9999,-9999,-9999,-9999,-9999,-9999,-9999,-9999,-9999,-9999,-9999,-9999,-9999,-9999,-9999,-9999,-9999,-9999,-9999,-9999,-9999,-9999,-9999,-9999,-9999,-9999,-9999,-9999,-9999,-9999,-9999,-9999,-9999,-9999,-9999,-9999,-9999,-9999,-9999,-9999,-9999,-9999,-9999,-9999,-9999,-9999,-9999,-9999,-9999,-9999,-9999,-9999,-9999,-9999,-9999,-9999,-9999,-9999,-9999,-9999,-9999,-9999,-9999,-9999,-9999,-9999,0.000106897059595212,0.000151368163642474,0.000147590384585783,0.000146447404404171,0.000145214551594108,0.000144255900522694,0.00014238512085285,0.00014065504365135,0.000139473733725026,0.000138858827995136,0.000138732997584157,0.00013910855341237,0.000139299998409115,0.000139307798235677,0.000138827774208039,0.000135267662699334,0.000131153239635751,0.000119898795674089,9.78218085947447E-05,7.30983956600539E-05,3.41151680913754E-05,1.71097217389615E-05,9.98797622742131E-06,8.03078000899404E-06,7.20776051821304E-06,8.06136631581467E-06,8.92693878995487E-06,7.32283442630433E-05
-9999,-9999,-9999,-9999,-9999,-9999,-9999,-9999,-9999,-9999,-9999,-9999,-9999,-9999,-9999,-9999,-9999,-9999,-9999,-9999,-9999,-9999,-9999,-9999,-9999,-9999,-9999,-9999,-9999,-9999,-9999,-9999,-9999,-9999,-9999,-9999,-9999,-9999,-9999,-9999,-9999,-9999,-9999,-9999,-9999,-9999,-9999,-9999,-9999,-9999,-9999,-9999,-9999,-9999,-9999,-9999,-9999,-9999,-9999,-9999,-9999,-9999,-9999,-9999,-9999,-9999,-9999,-9999,-9999,-9999,-9999,-9999,-9999,-9999,-9999,-9999,-9999,-9999,-9999,-9999,-9999,-9999,-9999,-9999,-9999,-9999,-9999,-9999,-9999,-9999,-9999,-9999,-9999,-9999,-9999,-9999,-9999,-9999,-9999,-9999,-9999,-9999,-9999,1.04029106751113E-06,0.00010613891936373,0.000151041604112834,0.00014738694881089,0.000145616679219529,0.000144186284160241,0.00014219585864339,0.000140423246193677,0.000139287280035205,0.000138674207846634,0.000138303759740666,0.000138065181090496,0.000137944734888151,0.00013701370335184,0.00013539484643843,0.000134345740661956,0.000125207167002372,0.000110682092781644,8.07432588771917E-05,4.37117560068145E-05,1.36596527227084E-05,8.82443146110745E-06,8.85278495843522E-06,9.95932077785255E-06,9.95804111880716E-06,1.69496343005449E-05,0.0001472119911341,0.000148983686813153
-9999,-9999,-9999,-9999,-9999,-9999,-9999,-9999,-9999,-9999,-9999,-9999,-9999,-9999,-9999,-9999,-9999,-9999,-9999,-9999,-9999,-9999,-9999,-9999,-9999,-9999,-9999,-9999,-9999,-9999,-9999,-9999,-9999,-9999,-9999,-9999,-9999,-9999,-9999,-9999,-9999,-9999,-9999,-9999,-9999,-9999,-9999,-9999,-9999,-9999,-9999,-9999,-9999,-9999,-9999,-9999,-9999,-9999,-9999,-9999,-9999,-9999,-9999,-9999,-9999,-9999,-9999,-9999,-9999,-9999,-9999,-9999,-9999,-9999,-9999,-9999,-9999,-9999,-9999,-9999,-9999,-9999,-9999,-9999,-9999,-9999,-9999,-9999,-9999,-9999,-9999,-9999,-9999,-9999,-9999,-9999,-9999,-9999,-9999,-9999,-9999,-9999,-9999,-9999,1.02819046787772E-06,1.02267279089574E-06,0.000139219424454495,0.000147252998431213,0.000143956625834107,0.000142219883855432,0.000140618227305822,0.00013959250645712,0.000130798434838653,0.000108995300251991,0.000136487520649098,0.000132433531689458,0.000112146881292574,9.38766243052669E-05,8.68931238073856E-05,7.47626036172733E-05,3.93099799111951E-05,1.48862100104452E-05,7.76427714299643E-06,6.97902942192741E-06,1.2201697245473E-05,2.07072589546442E-05,7.64509022701532E-05,0.000145748432260007,0.000148327584611252,0.000149292609421536,0.000147582919453271
-9999,-9999,-9999,-9999,-9999,-9999,-9999,-9999,-9999,-9999,-9999,-9999,-9999,-9999,-9999,-9999,-9999,-9999,-9999,-9999,-9999,-9999,-9999,-9999,-9999,-9999,-9999,-9999,-9999,-9999,-9999,-9999,-9999,-9999,-9999,-9999,-9999,-9999,-9999,-9999,-9999,-9999,-9999,-9999,-9999,-9999,-9999,-9999,-9999,-9999,-9999,-9999,-9999,-9999,-9999,-9999,-9999,-9999,-9999,-9999,-9999,-9999,-9999,-9999,-9999,-9999,-9999,-9999,-9999,-9999,-9999,-9999,-9999,-9999,-9999,-9999,-9999,-9999,-9999,-9999,-9999,-9999,-9999,-9999,-9999,-9999,-9999,-9999,-9999,-9999,-9999,-9999,-9999,-9999,-9999,-9999,-9999,-9999,-9999,-9999,-9999,-9999,-9999,-9999,-9999,-9999,1.00948011549917E-06,5.03606497659348E-06,0.00014633584942203,0.000144048011861742,0.000141647149575874,0.000140269170515239,0.000133223948068917,0.000133668596390635,0.000127457169583067,9.98173491097987E-05,7.29184757801704E-05,4.514950705925E-05,1.78764457814395E-05,2.67539653577842E-05,1.62434134836076E-05,2.22224607568933E-05,7.45798388379626E-05,0.000142761942697689,0.000145170532050543,0.000146960446727462,0.000147717728395946,0.000147157610626891,0.000146568432683125,0.000141158699989319,7.34454079065472E-05
-9999,-9999,-9999,-9999,-9999,-9999,-9999,-9999,-9999,-9999,-9999,-9999,-9999,-9999,-9999,-9999,-9999,-9999,-9999,-9999,-9999,-9999,-9999,-9999,-9999,-9999,-9999,-9999,-9999,-9999,-9999,-9999,-9999,-9999,-9999,-9999,-9999,-9999,-9999,-9999,-9999,-9999,-9999,-9999,-9999,-9999,-9999,-9999,-9999,-9999,-9999,-9999,-9999,-9999,-9999,-9999,-9999,-9999,-9999,-9999,-9999,-9999,-9999,-9999,-9999,-9999,-9999,-9999,-9999,-9999,-9999,-9999,-9999,-9999,-9999,-9999,-9999,-9999,-9999,-9999,-9999,-9999,-9999,-9999,-9999,-9999,-9999,-9999,-9999,-9999,-9999,-9999,-9999,-9999,-9999,-9999,-9999,-9999,-9999,-9999,-9999,-9999,-9999,-9999,-9999,-9999,-9999,-9999,9.87384055406437E-07,3.98853762817453E-06,0.000140008152811788,0.000143495009979233,0.000142323988256976,0.00014151877257973,0.000140517120598815,0.000139745345222764,0.000139071809826419,0.000139323077746667,0.000139830095577054,0.000140363685204647,0.000141276148497127,0.00014313735300675,0.000144823803566396,0.000145417579915375,0.000145408499520272,0.000145553320180625,0.000144407778861932,0.000135851965751499,8.12981525086798E-05,5.66629978493438E-06,-9999
-9999,-9999,-9999,-9999,-9999,-9999,-9999,-9999,-9999,-9999,-9999,-9999,-9999,-9999,-9999,-9999,-9999,-9999,-9999,-9999,-9999,-9999,-9999,-9999,-9999,-9999,-9999,-9999,-9999,-9999,-9999,-9999,-9999,-9999,-9999,-9999,-9999,-9999,-9999,-9999,-9999,-9999,-9999,-9999,-9999,-9999,-9999,-9999,-9999,-9999,-9999,-9999,-9999,-9999,-9999,-9999,-9999,-9999,-9999,-9999,-9999,-9999,-9999,-9999,-9999,-9999,-9999,-9999,-9999,-9999,-9999,-9999,-9999,-9999,-9999,-9999,-9999,-9999,-9999,-9999,-9999,-9999,-9999,-9999,-9999,-9999,-9999,-9999,-9999,-9999,-9999,-9999,-9999,-9999,-9999,-9999,-9999,-9999,-9999,-9999,-9999,-9999,-9999,-9999,-9999,-9999,-9999,-9999,-9999,-9999,9.78216917246755E-07,9.75178977569158E-07,9.71783151726413E-07,9.67816504271468E-07,3.99903592551709E-06,5.60704029339831E-06,9.55814016379009E-07,9.54118149820715E-07,9.55552877712762E-07,1.83576503332006E-06,5.90618901696871E-06,2.60351844190154E-05,5.41360386705492E-05,5.97034813836217E-05,1.37668293973547E-05,9.9984993084945E-07,1.00516251677618E-06,1.00807221770083E-06,-9999,-9999,-9999
-9999,-9999,-9999,-9999,-9999,-9999,-9999,-9999,-9999,-9999,-9999,-9999,-9999,-9999,-9999,-9999,-9999,-9999,-9999,-9999,-9999,-9999,-9999,-9999,-9999,-9999,-9999,-9999,-9999,-9999,-9999,-9999,-9999,-9999,-9999,-9999,-9999,-9999,-9999,-9999,-9999,-9999,-9999,-9999,-9999,-9999,-9999,-9999,-9999,-9999,-9999,-9999,-9999,-9999,-9999,-9999,-9999,-9999,-9999,-9999,-9999,-9999,-9999,-9999,-9999,-9999,-9999,-9999,-9999,-9999,-9999,-9999,-9999,-9999,-9999,-9999,-9999,-9999,-9999,-9999,-9999,-9999,-9999,-9999,-9999,-9999,-9999,-9999,-9999,-9999,-9999,-9999,-9999,-9999,-9999,-9999,-9999,-9999,-9999,-9999,-9999,-9999,-9999,-9999,-9999,-9999,-9999,-9999,-9999,-9999,-9999,-9999,-9999,-9999,-9999,-9999,-9999,-9999,-9999,-9999,-9999,-9999,-9999,-9999,-9999,-9999,-9999,-9999,-9999,-9999,-9999
-9999,-9999,-9999,-9999,-9999,-9999,-9999,-9999,-9999,-9999,-9999,-9999,-9999,-9999,-9999,-9999,-9999,-9999,-9999,-9999,-9999,-9999,-9999,-9999,-9999,-9999,-9999,-9999,-9999,-9999,-9999,-9999,-9999,-9999,-9999,-9999,-9999,-9999,-9999,-9999,-9999,-9999,-9999,-9999,-9999,-9999,-9999,-9999,-9999,-9999,-9999,-9999,-9999,-9999,-9999,-9999,-9999,-9999,-9999,-9999,-9999,-9999,-9999,-9999,-9999,-9999,-9999,-9999,-9999,-9999,-9999,-9999,-9999,-9999,-9999,-9999,-9999,-9999,-9999,-9999,-9999,-9999,-9999,-9999,-9999,-9999,-9999,-9999,-9999,-9999,-9999,-9999,-9999,-9999,-9999,-9999,-9999,-9999,-9999,-9999,-9999,-9999,-9999,-9999,-9999,-9999,-9999,-9999,-9999,-9999,-9999,-9999,-9999,-9999,-9999,-9999,-9999,-9999,-9999,-9999,-9999,-9999,-9999,-9999,-9999,-9999,-9999,-9999,-9999,-9999,-9999

Step,337
Year,28.08333
-9999,-9999,-9999,-9999,-9999,-9999,-9999,-9999,-9999,-9999,-9999,-9999,-9999,-9999,-9999,-9999,-9999,-9999,-9999,-9999,-9999,-9999,-9999,-9999,-9999,-9999,-9999,-9999,-9999,-9999,-9999,-9999,-9999,-9999,-9999,-9999,-9999,-9999,-9999,-9999,-9999,-9999,-9999,-9999,-9999,-9999,-9999,-9999,-9999,-9999,-9999,-9999,-9999,-9999,-9999,-9999,-9999,-9999,-9999,-9999,-9999,-9999,-9999,-9999,-9999,-9999,-9999,-9999,-9999,-9999,-9999,-9999,-9999,-9999,-9999,-9999,-9999,-9999,-9999,-9999,-9999,-9999,-9999,-9999,-9999,-9999,-9999,-9999,-9999,-9999,-9999,-9999,-9999,-9999,-9999,-9999,-9999,-9999,-9999,-9999,-9999,-9999,-9999,-9999,-9999,-9999,-9999,-9999,-9999,-9999,-9999,-9999,-9999,-9999,-9999,-9999,-9999,-9999,-9999,-9999,-9999,-9999,-9999,-9999,-9999,-9999,-9999,-9999,-9999,-9999,-9999
-9999,-9999,-9999,-9999,-9999,-9999,-9999,-9999,-9999,-9999,-9999,-9999,-9999,-9999,-9999,-9999,-9999,-9999,-9999,-9999,-9999,-9999,-9999,-9999,-9999,-9999,-9999,-9999,-9999,-9999,-9999,-9999,-9999,-9999,-9999,-9999,-9999,-9999,-9999,-9999,-9999,-9999,-9999,-9999,-9999,-9999,-9999,-9999,-9999,-9999,-9999,-9999,-9999,-9999,-9999,-9999,-9999,-9999,-9999,-9999,-9999,-9999,-9999,-9999,-9999,-9999,-9999,-9999,-9999,-9999,-9999,-9999,-9999,-9999,-9999,-9999,-9999,-9999,-9999,-9999,-9999,-9999,-9999,-9999,-9999,-9999,-9999,-9999,-9999,-9999,-9999,-9999,-9999,-9999,-9999,-9999,-9999,-9999,-9999,-9999,-9999,-9999,-9999,-9999,-9999,-9999,-9999,-9999,-9999,-9999,-9999,-9999,-9999,-9999,-9999,-9999,-9999,-9999,-9999,-9999,-9999,-9999,-9999,-9999,-9999,-9999,-9999,-9999,-9999,-9999,-9999
-9999,-9999,-9999,-9999,-9999,-9999,-9999,-9999,-9999,-9999,-9999,-9999,-9999,-9999,-9999,-9999,-9999,-9999,-9999,-9999,-9999,-9999,-9999,-9999,-9999,-9999,-9999,-9999,-9999,-9999,-9999,-9999,-9999,-9999,-9999,-9999,-9999,-9999,-9999,-9999,-9999,-9999,-9999,-9999,-9999,-9999,-9999,-9999,-9999,-9999,-9999,-9999,-9999,-9999,-9999,-9999,-9999,-9999,-9999,-9999,-9999,-9999,-9999,-9999,-9999,-9999,-9999,-9999,-9999,-9999,-9999,-9999,-9999,-9999,8.6240686414385E-07,1.28203214444511E-06,-9999,-9999,-9999,-9999,-9999,-9999,-9999,-9999,-9999,-9999,-9999,-9999,-9999,-9999,-9999,-9999,-9999,-9999,-9999,-9999,-9999,-9999,-9999,-9999,-9999,-9999,-9999,-9999,-9999,-9999,-9999,-9999,-9999,-9999,-9999,-9999,-9999,-9999,-9999,-9999,-9999,-9999,-9999,-9999,-9999,-9999,-9999,-9999,-9999,-9999,-9999,-9999,-9999,-9999,-9999
-9999,-9999,-9999,-9999,-9999,-9999,-9999,-9999,-9999,-9999,-9999,-9999,-9999,-9999,-9999,-9999,-9999,-9999,-9999,-9999,-9999,-9999,-9999,-9999,-9999,-9999,-9999,-9999,-9999,-9999,-9999,-9999,-9999,-9999,-9999,-9999,-9999,-9999,-9999,-9999,-9999,-9999,-9999,-9999,-9999,-9999,-9999,-9999,-9999,-9999,-9999,-9999,-9999,-9999,-9999,-9999,-9999,-9999,-9999,-9999,-9999,-9999,-9999,-9999,-9999,-9999,-9999,-9999,-9999,-9999,-9999,-9999,-9999,-9999,1.23277993679949E-06,1.824424998631E-06,-9999,-9999,-9999,-9999,-9999,-9999,-9999,-9999,-9999,-9999,-9999,-9999,-9999,-9999,-9999,-9999,-9999,-9999,-9999,-9999,-9999,-9999,-9999,-9999,-9999,-9999,-9999,-9999,-9999,-9999,-9999,-9999,-9999,-9999,-9999,-9999,-9999,-9999,-9999,-9999,-9999,-9999,-9999,-9999,-9999,-9999,-9999,-9999,-9999,-9999,-9999,-9999,-9999,-9999,-9999
-9999,-9999,-9999,-9999,-9999,-9999,-9999,-9999,-9999,-9999,-9999,-9999,-9999,-9999,-9999,-9999,-9999,-9999,-9999,-9999,-9999,-9999,-9999,-9999,-9999,-9999,-9999,-9999,-9999,-9999,-9999,-9999,-9999,-9999,-9999,-9999,-9999,-9999,-9999,-9999,-9999,-9999,-9999,-9999,-9999,-9999,-9999,-9999,-9999,-9999,-9999,-9999,-9999,-9999,-9999,-9999,1.02508096233578E-07,1.4740271581104E-07,2.07337265578644E-07,2.9076872465339E-07,-9999,-9999,-9999,-9999,-9999,1.55573934534914E-06,1.49280560890475E-06,2.09845870813297E-06,2.03309787139005E-06,1.3082938039588E-06,1.86409044999891E-06,9.25653330341447E-06,1.2404201697791E-05,1.22839273899444E-05,1.73851458384888E-06,8.92175739863887E-06,1.15566890599439E-05,-9999,-9999,1.10468236016459E-05,1.71419178514043E-05,1.50422702063224E-05,1.53113687701989E-05,3.94454327761196E-05,5.25910982105415E-05,4.81363895232789E-05,4.83435542264488E-05,2.96001508104382E-05,1.39760149977519E-05,-9999,-9999,-9999,-9999,-9999,-9999,-9999,-9999,-9999,-9999,-9999,-9999,-9999,-9999,-9999,-9999,-9999,-9999,-9999,-9999,-9999,-9999,-9999,-9999,-9999,-9999,-9999,-9999,-9999,-9999,-9999,-9999,-9999,-9999,-9999,-9999,-9999,-9999,-9999,-9999,-9999,-9999
-9999,-9999,-9999,-9999,-9999,-9999,-9999,-9999,-9999,-9999,-9999,-9999,-9999,-9999,-9999,-9999,-9999,-9999,-9999,-9999,-9999,-9999,-9999,-9999,-9999,-9999,-9999,-9999,-9999,-9999,-9999,-9999,-9999,-9999,-9999,-9999,-9999,-9999,-9999,-9999,-9999,-9999,-9999,-9999,-9999,-9999,-9999,-9999,-9999,-9999,-9999,-9999,-9999,-9999,-9999,1.07162271945072E-07,1.55742554852623E-07,2.22556778339822E-07,3.08428923290194E-07,4.12655140280549E-07,5.4345576927517E-07,7.4701023322632E-07,-9999,2.65378821495688E-06,7.06997434463119E-06,2.32941465583281E-06,2.16185071622021E-06,1.5847723261686E-05,1.59781629918143E-05,1.87520561212295E-06,1.81138068455766E-06,2.08133969863411E-05,2.63486399489921E-05,2.33872797252843E-05,2.05989817914087E-05,2.03355812118389E-05,1.57750582729932E-05,1.75475324795116E-05,2.93878856609808E-05,5.23784437973518E-05,0.000125366030260921,0.000192556413821876,0.000214253392186947,0.000214749874430709,0.00021699967328459,0.000219388763071038,0.000221953858272173,0.000225242911255918,0.000217364315176383,0.000114955604658462,4.89156736875884E-05,-9999,-9999,-9999,-9999,-9999,-9999,-9999,-9999,-9999,-9999,-9999,-9999,-9999,-9999,-9999,-9999,-9999,-9999,-9999,-9999,-9999,-9999,-9999,-9999,-9999,-9999,-9999,-9999,-9999,-9999,-9999,-9999,-9999,-9999,-9999,-9999,-9999,-9999,-9999,-9999
-9999,-9999,-9999,-9999,-9999,-9999,-9999,-9999,-9999,-9999,-9999,-9999,-9999,-9999,-9999,-9999,-9999,-9999,-9999,-9999,-9999,-9999,-9999,-9999,-9999,-9999,-9999,-9999,-9999,-9999,-9999,-9999,-9999,-9999,-9999,-9999,-9999,-9999,-9999,-9999,-9999,-9999,-9999,-9999,-9999,-9999,-9999,-9999,-9999,-9999,-9999,-9999,-9999,-9999,-9999,1.6087517451524E-07,2.35588913710671E-07,3.39912020308475E-07,4.71107284738537E-07,6.21791741650668E-07,7.93655829056661E-07,1.01226248716557E-06,1.32633692828676E-06,1.79378855591494E-06,2.45898172579473E-06,1.39147023219266E-05,2.39272885664832E-05,5.98137012275402E-05,9.61784171522595E-05,0.000137976807309315,0.000157076909090392,0.000139972398756072,0.000172232583281584,0.000192041377886198,0.0001540952216601,0.000151782907778397,0.00014301405462902,0.000153710439917631,0.000208320052479394,0.000213943683775142,0.00021823073620908,0.000221068927203305,0.000223456576350145,0.000224938412429765,0.000226030519115739,0.00022732988873031,0.000229028897592798,0.00023067275469657,0.000231531666941009,0.000231142112170346,0.000227702112169936,0.000189410508028232,4.5140586735215E-05,-9999,-9999,-9999,-9999,-9999,-9999,-9999,-9999,-9999,1.39622370625148E-05,1.39538324219757E-05,1.39670064527309E-05,-9999,-9999,-9999,-9999,-9999,-9999,-9999,-9999,-9999,-9999,-9999,-9999,-9999,-9999,-9999,-9999,-9999,-9999,-9999,-9999,-9999,-9999,-9999,-9999,-9999,-9999
-9999,-9999,-9999,-9999,-9999,-9999,-9999,-9999,-9999,-9999,-9999,-9999,-9999,-9999,-9999,-9999,-9999,-9999,-9999,-9999,-9999,-9999,-9999,-9999,-9999,-9999,-9999,-9999,-9999,-9999,-9999,6.81010669723037E-06,-9999,-9999,-9999,2.05337491934188E-05,-9999,-9999,-9999,-9999,-9999,-9999,-9999,-9999,-9999,-9999,-9999,-9999,-9999,-9999,-9999,-9999,-9999,-9999,-9999,-9999,-9999,2.31433674002801E-07,3.27033461644533E-07,4.52009260243358E-07,-9999,9.23591869650409E-07,1.28203578242392E-06,1.76769435711321E-06,2.42848773268634E-06,1.40690826810896E-05,2.49259537667967E-05,3.37675264745485E-05,2.07782413781388E-05,0.000113338115625083,0.000232722872169688,0.00024370159371756,0.000240988883888349,0.000237494212342426,0.000229636672884226,0.000223599330638535,0.000224507166421972,0.000225064184633084,0.000223084993194789,0.000222306349314749,0.000222428207052872,0.000223587470827624,0.000223412673221901,0.000223877301323228,0.000225693715037778,0.000227339696721174,0.000229359400691465,0.000231725876801647,0.000233450817177072,0.000234221370192245,0.000234961145906709,0.000230908714001998,0.000209819976589642,5.49301948922221E-05,-9999,-9999,-9999,-9999,-9999,-9999,-9999,-9999,1.8886144971475E-05,2.92200420517474E-05,1.90565660886932E-05,1.36754069899325E-05,1.37825991259888E-05,-9999,-9999,-9999,-9999,-9999,-9999,-9999,-9999,-9999,-9999,-9999,-9999,-9999,-9999,-9999,-9999,-9999,-9999,-9999,-9999,-9999,-9999,-9999,-9999
-9999,-9999,-9999,-9999,-9999,-9999,-9999,-9999,-9999,-9999,-9999,-9999,-9999,-9999,-9999,-9999,-9999,-9999,-9999,-9999,-9999,-9999,-9999,-9999,-9999,-9999,-9999,-9999,-9999,-9999,4.73740965389879E-06,9.16319731913973E-06,-9999,-9999,9.46615182328969E-06,1.61698135343613E-05,-9999,-9999,1.9063227227889E-05,3.42728380928747E-05,-9999,-9999,-9999,-9999,-9999,4.24694007961079E-06,-9999,-9999,-9999,-9999,-9999,-9999,-9999,-9999,-9999,-9999,-9999,-9999,-9999,-9999,-9999,1.31048079765606E-06,1.83518091034784E-06,2.5755948627193E-06,2.42392843574635E-06,1.37260658448213E-05,1.4981887943577E-05,1.42363542181556E-05,1.33359835672309E-05,7.7376447734423E-05,0.000236397740081884,0.000249229837208986,0.000246853334829211,0.000242535345023498,0.000237402302445844,0.000232811318710446,0.000229314711759798,0.000226503572775982,0.000224731600610539,0.000223672876018099,0.000223198308958672,0.000223007911699824,0.00022214806813281,0.000223646318772808,0.000225391733692959,0.000228000411880203,0.000230154226301238,0.000232634789426811,0.000234915904002264,0.000236333522479981,0.000237280008150265,0.000237199870753102,0.000233739672694355,0.000197542482055724,5.55059268663172E-05,-9999,-9999,-9999,-9999,-9999,2.21937934838934E-05,2.23572842514841E-05,4.24342797487043E-05,6.27502668066882E-05,4.7565255954396E-05,3.19961400236934E-05,2.10842699743807E-05,1.36334128910676E-05,-9999,-9999,-9999,-9999,-9999,-9999,-9999,-9999,-9999,-9999,-9999,-9999,-9999,-9999,-9999,-9999,-9999,-9999,-9999,-9999,-9999,-9999,-9999
-9999,-9999,-9999,-9999,-9999,-9999,-9999,-9999,-9999,-9999,-9999,-9999,-9999,-9999,-9999,-9999,-9999,-9999,-9999,-9999,-9999,-9999,-9999,1.09674456325592E-05,1.39293442771304E-05,-9999,-9999,-9999,-9999,1.123727815866E-05,1.06303577922517E-05,4.264821200195E-06,2.09643949347083E-05,2.21899131247483E-06,1.88185967999743E-05,3.30258553731255E-05,5.90445852139965E-05,2.58264299191069E-05,1.59307546709897E-05,-9999,1.62862615979975E-05,1.71725459949812E-05,-9999,-9999,4.51921732746996E-05,5.73928582525696E-06,3.2438799735246E-06,1.92005245480686E-06,-9999,-9999,-9999,-9999,-9999,-9999,-9999,-9999,-9999,8.53690562507836E-06,5.34872424395871E-06,-9999,-9999,-9999,2.61040577242966E-06,1.70563926076284E-05,1.62593951245071E-05,1.5912144590402E-05,1.51404919961351E-05,1.4136537174636E-05,1.8348344383412E-05,0.000112460831587669,0.000238244931097142,0.000250189943471923,0.000247140240389854,0.000242884561885148,0.000237810862017795,0.000233035956625827,0.000229303288506344,0.000226206917432137,0.000224246075958945,0.000223211725824513,0.000222306873183697,0.000213927763979882,0.000218151661101729,0.000223082301090471,0.000225738578592427,0.000227964803343639,0.000230868565267883,0.000233660422964022,0.000236021049204282,0.000237373227719218,0.000238215914578177,0.000238573120441288,0.000237363536143675,0.000227157084736973,6.65048573864624E-05,1.17419031084864E-05,1.69760073731595E-06,1.16187959520175E-06,1.75337640939688E-06,5.41453373443801E-05,0.000106703781057149,0.00013816861610394,0.000154274821397848,0.000131945809698664,0.000124975849757902,9.51059337239712E-05,5.73765282751992E-05,1.87439745786833E-05,1.36579565150896E-05,1.38525674628909E-05,-9999,-9999,-9999,-9999,-9999,-9999,-9999,-9999,-9999,-9999,-9999,-9999,-9999,-9999,-9999,-9999,-9999,-9999,-9999,-9999,-9999
-9999,-9999,-9999,-9999,-9999,-9999,-9999,-9999,-9999,-9999,-9999,-9999,-9999,-9999,-9999,-9999,-9999,-9999,-9999,-9999,-9999,-9999,1.65012424986344E-05,1.92518655239837E-05,1.29865184135269E-05,1.28903029690264E-05,1.40819374792045E-05,1.61769658006961E-05,3.03161014016951E-05,4.54803121101577E-05,3.41383783961646E-05,8.02686990937218E-05,0.000110163811768871,0.000118575771921314,0.000136231843498535,0.000117997456982266,0.000117117466288619,0.000106737425085157,6.16955512668937E-05,4.71477578685153E-05,1.54690005729208E-05,9.67399046203354E-06,8.34997990750708E-06,1.18428351925104E-05,3.99040709453402E-06,2.78847141998995E-06,2.5824826934695E-06,2.35785796576238E-06,1.4549016214005E-06,-9999,-9999,-9999,-9999,-9999,-9999,-9999,-9999,3.47927561961114E-05,3.04460518236738E-05,2.75079219136387E-05,-9999,-9999,1.70400835486362E-05,1.71142110048095E-05,1.67801645147847E-05,1.60219333338318E-05,1.49338175106095E-05,1.7190795915667E-05,5.58450628886931E-05,0.000157951057190076,0.00024161308829207,0.000250775716267526,0.000246705836616457,0.000242215144680813,0.00023704330669716,0.00023203159798868,0.000228013945161365,0.000224915696890093,0.000222694332478568,0.000221838432480581,0.00021064568136353,0.000111072637082543,0.000132978399051353,0.000186279794434085,0.000217328139115125,0.000227938435273245,0.00023134755610954,0.000234422230278142,0.000236659499933012,0.000237753847613931,0.000239169341512024,0.000240129898884334,0.000238512599025853,0.000223056616960093,0.000107044492324349,8.64814428496175E-05,7.00711780154961E-06,1.72335307979665E-06,8.31249271868728E-05,0.000192567851627246,0.000214020154089667,0.000226783959078602,0.000223596885916777,0.000216322863707319,0.000207856064662337,0.000170867278939113,0.000109453314507846,5.69313160667662E-05,2.08135370485252E-05,1.36042599478969E-05,-9999,-9999,-9999,-9999,-9999,-9999,-9999,-9999,-9999,-9999,-9999,-9999,-9999,-9999,-9999,-9999,-9999,-9999,-9999,-9999,-9999
-9999,-9999,-9999,-9999,-9999,-9999,-9999,-9999,-9999,-9999,-9999,-9999,-9999,-9999,-9999,-9999,-9999,-9999,-9999,-9999,-9999,-9999,1.63233253260842E-05,1.92836505448213E-05,1.61601874424377E-05,1.65364454005612E-05,6.0637899878202E-05,0.000120369346404914,0.000158686772920191,0.000139356590807438,0.000138751609483734,0.000111362678580917,0.000119580327009317,0.000136971168103628,0.000127293955301866,0.000144727935548872,0.000171293708262965,0.000170239829458296,0.000177680107299238,0.000157844566274434,0.000110694862087257,7.15960777597502E-05,2.98106369882589E-05,1.16927276394563E-05,6.01983992964961E-06,2.80575113720261E-06,2.80810263575404E-06,2.74793865173706E-06,1.80469453425758E-06,1.74947319919738E-06,1.74538479313924E-06,-9999,-9999,-9999,-9999,-9999,-9999,-9999,2.60001233982621E-05,2.28717563004466E-05,1.97618792299181E-05,1.72475338331424E-05,1.70884668477811E-05,1.69150280271424E-05,1.66039098985493E-05,1.57055073941592E-05,1.81242685357574E-05,5.75359408685472E-05,0.000154153181938455,0.000242940994212404,0.000254524842603132,0.000250102893915027,0.000245293427724391,0.00024054195091594,0.000235203100601211,0.00023015787883196,0.000226396296056919,0.000223585608182475,0.000221419424633496,0.00019895366858691,2.77027538686525E-06,1.53778319145204E-06,1.55464704221231E-06,1.56845055698795E-06,1.82400654011872E-05,0.000151105341501534,0.000226247269893065,0.000234562772675417,0.000237127838772722,0.000238925276789814,0.000240633497014642,0.000241801390075125,0.000240623223362491,0.000222179762204178,0.000226998992729932,0.000235380910453387,0.00020768991089426,0.000111230743641499,0.000224038434680551,0.000246101582888514,0.000249114673351869,0.000245651346631348,0.000238508640904911,0.000234244129387662,0.00022878817981109,0.000207386081456207,0.000154695240780711,0.000100927958555985,3.11991607304662E-05,1.31697033793898E-05,6.78171636536717E-06,-9999,-9999,-9999,-9999,-9999,-9999,-9999,-9999,-9999,-9999,-9999,-9999,-9999,-9999,-9999,-9999,-9999,-9999,-9999,-9999
-9999,-9999,-9999,-9999,-9999,-9999,-9999,-9999,-9999,-9999,-9999,-9999,-9999,-9999,-9999,-9999,-9999,-9999,-9999,-9999,-9999,-9999,1.57342401507776E-05,1.9536597392289E-05,3.04698769468814E-05,0.000138651186716743,0.000178948786924593,0.000197260073036887,0.000187236058991402,0.000148413368151523,0.000147448750794865,0.000165116260177456,0.000173533058841713,0.000181700190296397,0.000206573997274972,0.000205380871193483,0.000212115643080324,0.000218458779272623,0.000231205194722861,0.000216054992051795,0.000191349055967294,0.000119736207125243,6.34645984973758E-05,3.69482331734616E-05,3.2056967029348E-05,3.60105259460397E-05,3.16837467835285E-05,2.19362318603089E-05,2.28114549827296E-06,2.35786046687281E-06,2.39610403696133E-06,-9999,-9999,-9999,-9999,1.82983130798675E-05,1.88377889571711E-05,1.97937752091093E-05,2.09411991818342E-05,1.90993887372315E-05,2.06625409191474E-05,1.56687801791122E-05,1.31929837152711E-05,8.09946050139843E-06,2.22994058276527E-05,7.28663508198224E-05,3.40623373631388E-05,0.000187573910807259,0.000262900517554954,0.000258786632912233,0.00025359820574522,0.000248483353061602,0.000243434958974831,0.000238508990150876,0.000232715567108244,0.000228542063268833,0.000226029005716555,0.000212118509807624,1.51934466430248E-06,1.52707730194379E-06,1.54229246618343E-06,1.04809987533372E-06,1.06062077520619E-06,1.07128551007918E-06,1.61025843681273E-06,6.01528154220432E-06,7.91095226304606E-05,0.000208731973543763,0.000236113861319609,0.000240135326748714,0.000242067399085499,0.000243254806264304,0.000244443741394207,0.000245926494244486,0.000247498683165759,0.000248903234023601,0.000246894371230155,0.000247354386374354,0.00025200835079886,0.000255649560131133,0.000255907041719183,0.000252669618930668,0.000248540774919093,0.000244908907916397,0.000233893297263421,0.000223943061428145,0.000188251200597733,0.000145875819725916,6.65974584990181E-05,2.46856525336625E-05,2.95136669592466E-06,1.90640253094898E-06,-9999,-9999,-9999,-9999,-9999,-9999,-9999,-9999,-9999,-9999,-9999,-9999,-9999,-9999,-9999,-9999,-9999,-9999,-9999
-9999,-9999,-9999,-9999,-9999,-9999,-9999,-9999,-9999,-9999,-9999,-9999,-9999,-9999,-9999,-9999,-9999,-9999,-9999,-9999,-9999,1.42574544952367E-05,1.6860552932485E-05,6.52588350931183E-05,0.000177985784830526,0.000231732032261789,0.000230999168707058,0.000213691091630608,0.000185716708074324,0.000218607572605833,0.000216945118154399,0.000223303431994282,0.000222280432353728,0.000221308058826253,0.000234325547353365,0.000245362025452778,0.00024946584017016,0.000247874995693564,0.000255924562225118,0.000254118553129956,0.000247861200477928,0.000203135423362255,7.92123755672947E-05,4.97412984259427E-05,6.1346625443548E-05,5.58568899577949E-05,5.03902629134245E-05,5.10470854351297E-05,5.07515542267356E-05,3.67027350876015E-05,2.39409910136601E-05,1.63103104569018E-05,1.65985657076817E-05,1.71246592799434E-05,1.7713546185405E-05,1.67182206496364E-05,1.91371564142173E-05,1.71662759385072E-05,1.74456017703051E-05,1.95201209862716E-05,7.72646380937658E-05,0.000162740412633866,7.8925775596872E-05,2.21034679270815E-06,2.17296633309161E-06,2.08161031878262E-06,8.05405215942301E-06,7.34198911231942E-05,0.000263192981947213,0.000258206680882722,0.000253140897257254,0.000246493000304326,0.000241255183937028,0.000207125907763839,8.76838930707891E-06,1.56766122927365E-06,1.54697249854507E-06,1.53738778863044E-06,1.03136335383169E-06,1.03744775969972E-06,1.04709829429339E-06,7.14316911398782E-07,7.2386154670312E-07,7.33309832412488E-07,1.1036722753488E-06,1.65009714692133E-06,1.06650504676509E-05,7.02518082107417E-05,0.000193238869542256,0.000235952989896759,0.000242628753767349,0.00024416163796559,0.000244981056312099,0.000246056064497679,0.000247964489972219,0.000249695993261412,0.0002509779878892,0.000252283323789015,0.000254118320299312,0.000255480816122144,0.000254765764111653,0.000253447913564742,0.000251677411142737,0.000249920063652098,0.000245067203650251,0.000231563550187275,0.000217064647586085,0.00016590632731095,9.83095305855386E-05,5.45736620551907E-05,1.50206296893884E-05,1.86339627816778E-06,1.91951062333828E-06,3.69096051144879E-06,-9999,-9999,-9999,-9999,-9999,-9999,-9999,-9999,-9999,-9999,-9999,-9999,-9999,-9999,-9999,-9999,-9999
-9999,-9999,-9999,-9999,-9999,-9999,-9999,-9999,-9999,-9999,-9999,-9999,-9999,-9999,-9999,-9999,-9999,-9999,-9999,-9999,-9999,2.81826160062337E-05,0.000158107868628576,0.000231400656048208,0.000259119900874794,0.000245431176153943,0.000229797704378143,0.0002204282063758,0.000233731771004386,0.000251093850238249,0.000264466332737356,0.000262707239016891,0.000270139949861914,0.000276072387350723,0.000271510449238122,0.000281636690488085,0.000279957253951579,0.000275510421488434,0.000277790852123871,0.000277177692623809,0.000270941440248862,0.000264441390754655,0.000249636068474501,0.000224796196562238,0.000198756606550887,0.0001593637134647,0.000101330515462905,5.5529730161652E-05,6.12661897321232E-05,5.06333708472084E-05,3.76161078747828E-05,2.49093609454576E-05,2.26084994210396E-05,1.83957326953532E-05,1.85561984835658E-05,2.86959166260203E-05,2.57488536590245E-05,2.54315382335335E-05,3.89943124901038E-05,0.000169508712133393,0.000279523432254791,0.000305174995446578,0.000296972953947261,9.38621815294027E-05,2.07888729164551E-06,2.02420187633834E-06,1.937949036801E-06,0.000269878626568243,0.000264392205281183,0.000259119144175202,0.00018393226491753,1.699981226011E-06,1.67110044912988E-06,1.65519054462493E-06,-9999,-9999,-9999,-9999,-9999,-9999,-9999,4.88499722450797E-07,4.92740696245164E-07,7.46354999137111E-07,1.12186626211042E-06,1.67853886523517E-06,3.80501728614036E-06,2.32309612329118E-05,9.32472757995129E-05,0.000199751302716322,0.000239620727370493,0.000244313763687387,0.000245123461354524,0.000246766023337841,0.000248145661316812,0.000249386415816844,0.000250584009336308,0.000252213969361037,0.000253368954872712,0.000253717676969245,0.000252879573963583,0.000251554709393531,0.000251047284109518,0.000251589168328792,0.000248992175329477,0.000240975379711017,0.000224361967411824,0.000194046704564244,0.00014825385005679,8.92636817297898E-05,4.86320277559571E-05,1.57069007400423E-05,1.06692150438903E-05,8.67002654558746E-06,1.16406972665573E-05,-9999,-9999,-9999,-9999,-9999,-9999,-9999,-9999,-9999,-9999,-9999,-9999,-9999,-9999,-9999,-9999
-9999,-9999,-9999,-9999,-9999,-9999,-9999,-9999,-9999,-9999,-9999,-9999,-9999,-9999,-9999,-9999,-9999,-9999,-9999,1.48093695315765E-05,4.0054499550024E-05,0.000222206668695435,0.000264816742856055,0.000264495058218017,0.00025802809977904,0.000268336676526815,0.000261487148236483,0.000259354739682749,0.000275465426966548,0.000276086590019986,0.000279422907624394,0.000282512773992494,0.000279305037111044,0.000275583384791389,0.000281709682894871,0.000284285837551579,0.000282749271718785,0.000278879510005936,0.000279538362519816,0.000280251231743023,0.00027961510932073,0.000277195853414014,0.000276430131634697,0.000271375203737989,0.000266191113041714,0.000253296107985079,0.000237556319916621,0.000221916096052155,0.000173311171238311,0.000115477894723881,4.96009306516498E-05,4.99351663165726E-05,5.52951423742343E-05,6.09147646173369E-05,7.99588015070185E-05,0.000119159558380488,0.000180488263140433,0.000198158682906069,0.000246414769208059,0.00029387793620117,0.000304516346659511,0.000304829300148413,0.000303254375467077,0.00030332847381942,7.46617934055394E-06,0.000285746878944337,0.000287136237602681,0.000275228696409613,0.000211706035770476,4.57250735053094E-06,1.78392099314806E-06,-9999,-9999,-9999,-9999,-9999,-9999,-9999,-9999,-9999,-9999,-9999,-9999,5.08144808009092E-07,7.61865749154822E-07,1.14359261260688E-06,1.70652481301659E-06,1.17412655527005E-05,4.76852947031148E-05,0.000133992827613838,0.000219971989281476,0.000243155547650531,0.00024591846158728,0.000246146053541452,0.000246601615799591,0.000247513351496309,0.000248579948674887,0.00024976275744848,0.000250495737418532,0.000250348239205778,0.000249508681008592,0.000248178374022245,0.000246758077992126,0.000246710260398686,0.000246288342168555,0.000241792324231938,0.000233839309657924,0.000221989248530008,0.000199179543415084,0.000137408598675393,7.4654511990957E-05,5.31333935214207E-05,3.34453070536256E-05,1.31310525830486E-05,1.27704097394599E-05,-9999,-9999,-9999,-9999,-9999,-9999,-9999,-9999,-9999,-9999,-9999,-9999,-9999,-9999,-9999,-9999
-9999,-9999,-9999,-9999,-9999,-9999,-9999,-9999,-9999,-9999,-9999,-9999,-9999,-9999,-9999,-9999,-9999,-9999,4.42735108663328E-05,0.000111313675006386,0.000252035795710981,0.000283963978290558,0.000283507280983031,0.000289885443635285,0.000291877309791744,0.000287268834654242,0.000300319486996159,0.000303417444229126,0.000298911007121205,0.000293685414362699,0.000288650509901345,0.000282894936390221,0.000277846294920892,0.000284209498204291,0.000282941502518952,0.000286972994217649,0.000285727990558371,0.000286157737718895,0.000283239904092625,0.000281774846371263,0.000280549633316696,0.000279155210591853,0.000278663617791608,0.000278402440017089,0.000277427112450823,0.000274263991741464,0.000270332326181233,0.000262321438640356,0.0002490917686373,0.000218077097088099,0.0001377267180942,7.70840051700361E-05,9.9191747722216E-05,0.000181905852514319,0.000218763365410268,0.00023769706604071,0.000239753615460359,0.000262824760284275,0.000291551725240424,0.000299030827591196,0.000300057814456522,0.000298315426334739,0.000296559475827962,0.00029516129870899,0.00029188088956289,0.000287887203739956,0.000271661818260327,4.07282095693517E-06,-9999,-9999,-9999,-9999,-9999,-9999,-9999,-9999,-9999,-9999,-9999,-9999,-9999,-9999,-9999,-9999,-9999,1.15587749860424E-06,1.7259475271203E-06,5.17341686645523E-06,2.38109169004019E-05,8.01155183580704E-05,0.000175700464751571,0.000236590465647168,0.000245166127569973,0.000246071547735482,0.000245481758611277,0.000245101342443377,0.000245415780227631,0.000246089708525687,0.000246249983320013,0.000245671282755211,0.000244250753894448,0.000242730558966286,0.000241825502598658,0.000241237081354484,0.000241341200307943,0.000238864216953516,0.000231217563850805,0.000221482798224315,0.000209492995054461,0.000183868018211797,0.000119973803521134,7.37584196031094E-05,2.94793899229262E-05,1.44233363243984E-05,1.28467409012956E-05,-9999,-9999,-9999,-9999,-9999,-9999,-9999,-9999,-9999,-9999,-9999,-9999,-9999,-9999,-9999,-9999
-9999,-9999,-9999,-9999,-9999,-9999,-9999,-9999,-9999,-9999,-9999,-9999,2.30788259614201E-06,6.76507261232473E-06,-9999,1.53717483044602E-05,3.23856511386111E-05,0.000121049932204187,0.000223474751692265,0.000270853168331087,0.000302928179735318,0.000310779374558479,0.000313718715915456,0.000312854070216417,0.000310272153001279,0.000310349685605615,0.000309125607600436,0.00030573143158108,0.000303552631521598,0.000299241277389228,0.000294598692562431,0.000291406642645597,0.000290408497676253,0.000289978022919968,0.000289072224404663,0.000289113027974963,0.000288135284790769,0.000286747206700966,0.000284476205706596,0.000281904940493405,0.000279450818197802,0.000277121318504214,0.00027605943614617,0.000276116625173017,0.000276221602689475,0.000275862810667604,0.000275065802270547,0.000273439247393981,0.000270771910436451,0.000264623435214162,0.000247448682785034,0.000209371093660593,0.000184546806849539,0.00020096632943023,0.000216149201150984,0.000234988416195847,0.000254382146522403,0.000284170091617852,0.000292837095912546,0.000291714823106304,0.000293260207399726,0.000293406279524788,0.000292226817691699,0.000291075615677983,0.000289636984234676,0.000288986600935459,3.22111213790777E-06,-9999,-9999,-9999,-9999,-9999,-9999,-9999,-9999,-9999,-9999,-9999,-9999,-9999,-9999,-9999,-9999,-9999,-9999,-9999,1.16626051749336E-06,1.73770342826174E-06,8.50867490953533E-06,3.80145174858626E-05,0.000115326824015938,0.00020942822447978,0.000242050242377445,0.000245320552494377,0.00024531566305086,0.000243176138610579,0.000242203284869902,0.000241925081354566,0.000241262285271659,0.000240275228861719,0.000238532418734394,0.000236212508752942,0.000234968407312408,0.000235374565818347,0.000235446670558304,0.000234138016821817,0.000229835510253906,0.00022243287821766,0.000214347659493797,0.000196974870050326,0.000144788878969848,7.79745678300969E-05,3.17393278237432E-05,1.56351052282844E-05,1.24809048429597E-05,-9999,-9999,-9999,-9999,-9999,-9999,-9999,-9999,-9999,-9999,-9999,-9999,-9999,-9999,-9999,-9999
-9999,-9999,-9999,-9999,-9999,-9999,-9999,-9999,-9999,-9999,2.25925964514317E-06,2.24791847358574E-06,2.24183895625174E-06,2.47898642555811E-05,6.00270213908516E-05,0.000158102862769738,0.000239523491472937,0.000277124287094921,0.000302082276903093,0.000314736244035885,0.000318929989589378,0.000318906473694369,0.000317625002935529,0.000315888231853023,0.000313923024805263,0.000311139330733567,0.000308455957565457,0.000305299909086898,0.000301825697533786,0.00029800966149196,0.000294311030302197,0.000290832249447703,0.000288352748611942,0.000287106086034328,0.00028613448375836,0.000285783957224339,0.000285002723103389,0.00028332756482996,0.000281021901173517,0.000278496911050752,0.000275893486104906,0.000273239886155352,0.000271569995675236,0.000271289958618581,0.000271351775154471,0.000271159922704101,0.000270824879407883,0.000270369055215269,0.000269796408247203,0.000269459880655631,0.000269119424046949,0.000268494681222364,0.000268417497863993,0.000269466429017484,0.000272758799837902,0.000280141801340505,0.000284794165054336,0.000287546776235104,0.000288899289444089,0.00028762430883944,7.36239380785264E-05,1.97802182810847E-06,1.99156988855975E-06,5.38419544682256E-06,0.000131894659716636,1.49738116306253E-05,-9999,-9999,-9999,-9999,-9999,-9999,-9999,-9999,-9999,-9999,-9999,-9999,-9999,-9999,-9999,-9999,-9999,-9999,-9999,-9999,-9999,1.17136562494125E-06,1.74193019120139E-06,8.8786782725947E-06,4.55701883765869E-05,0.000136077171191573,0.000224201081437059,0.000243525239056908,0.00024349674640689,0.000241971938521601,0.000239146931562573,0.000237442101933993,0.000235850326134823,0.000234788822126575,0.000232805628911592,0.000230474688578397,0.000228337885346264,0.000228769582463428,0.000229301091167144,0.000228502583922818,0.000225495241465978,0.000221156893530861,0.000212417391594499,0.000195556960534304,0.000159455972607248,0.00010147529974347,3.75817762687802E-05,1.68961432791548E-05,1.20942122521228E-05,-9999,-9999,-9999,-9999,-9999,-9999,-9999,-9999,-9999,-9999,-9999,-9999,-9999,-9999,-9999,-9999
-9999,-9999,-9999,-9999,-9999,-9999,-9999,-9999,1.544262340758E-05,1.538599099149E-05,3.61191905540181E-06,6.00282646701089E-06,4.35055189882405E-05,0.000195304630324244,0.000265223992755637,0.000289415387669578,0.000306932488456368,0.000316011690301821,0.000318511825753376,0.000320300227031112,0.00032009620917961,0.000318745471304283,0.00031704900902696,0.000314498174702749,0.000311664392938837,0.000308317132294178,0.0003045130870305,0.000300511426758021,0.000296779267955571,0.000292950950097293,0.00028930843109265,0.000285884249024093,0.00028326956089586,0.000282473105471581,0.000281588174402714,0.000281007291050628,0.000279724335996434,0.000277888844721019,0.000275519676506519,0.000272567005595192,0.000269389245659113,0.00026643747696653,0.000264823669567704,0.000264656264334917,0.000264523609075695,0.00026416452601552,0.000263755879132077,0.000263372581684962,0.000263042602455243,0.000263179070316255,0.000263993308180943,0.000266014685621485,0.000268915260676295,0.000272324774414301,0.000276084523648024,0.000279190833680332,0.000281560729490593,0.000283740257145837,0.000285050802631304,0.000284654961433262,0.000278045306913555,1.9553626771085E-06,-9999,-9999,-9999,-9999,-9999,-9999,-9999,-9999,-9999,-9999,-9999,-9999,-9999,-9999,-9999,-9999,-9999,-9999,-9999,-9999,-9999,-9999,-9999,-9999,-9999,-9999,1.17191063964128E-06,1.74015622178558E-06,3.08972630591597E-06,2.47644547926029E-05,0.000112419620563742,0.000216309825191274,0.000239559594774619,0.000240074819885194,0.000237197542446665,0.000233631231822073,0.000230599805945531,0.000229313896852545,0.000227586846449412,0.000225756986765191,0.000223800219828263,0.000222664762986824,0.000223179842578247,0.000222794988076203,0.000220876710955054,0.000217819993849844,0.000211252961889841,0.000198877300135791,0.000170435407198966,0.000111645393189974,4.01018987759016E-05,1.6355152183678E-05,1.17145291369525E-05,-9999,-9999,-9999,-9999,-9999,-9999,-9999,-9999,-9999,-9999,-9999,-9999,-9999,-9999,-9999,-9999
-9999,-9999,-9999,-9999,-9999,-9999,-9999,-9999,1.51175900100498E-05,1.71392239280976E-05,1.87230052688392E-05,7.18638184480369E-05,0.0002619641891215,0.000299326231470332,0.000307017500745133,0.000313768832711503,0.000319172482704744,0.000321419443935156,0.000321694242302328,0.000320592545904219,0.00031878479057923,0.00031671769102104,0.000314109754981473,0.000310915114823729,0.000307404377963394,0.00030356683419086,0.000298967177513987,0.000294126250082627,0.000290569063508883,0.000287556205876172,0.000284511595964432,0.000281466491287574,0.000279120402410626,0.000277707062195987,0.000276979204500094,0.000276139471679926,0.000274804391665384,0.000272724719252437,0.000269987765932456,0.000266575341811404,0.000263171241385862,0.000260081520536914,0.000258150044828653,0.000257481617154554,0.000256803468801081,0.000256178376730531,0.000255753984674811,0.000255726627074182,0.000255761959124357,0.000256085622822866,0.000256887957220897,0.000259272463154048,0.000262756308075041,0.000266876042587683,0.000271036231424659,0.000274327263468876,0.000276820093858987,0.000278472813079134,0.000279874337138608,0.000281159824226052,0.00026965606957674,1.94708945855382E-06,-9999,-9999,-9999,-9999,-9999,-9999,-9999,-9999,-9999,-9999,-9999,-9999,-9999,-9999,-9999,-9999,-9999,-9999,-9999,-9999,-9999,-9999,-9999,-9999,-9999,-9999,-9999,-9999,1.73417060977954E-06,1.7253887563129E-06,3.47965169567033E-06,3.45827793353237E-05,0.00016847973165568,0.000231947444262914,0.000234305756748654,0.00023088046873454,0.000226997974095866,0.000224385221372359,0.000222670292714611,0.000220747606363147,0.000219180394196883,0.000217919092392549,0.000217618347960524,0.000217443841393106,0.000215770909562707,0.000214097235584632,0.000209336430998519,0.000201002068934031,0.000181519688339904,0.000114554255560506,4.25381149398163E-05,1.409738251823E-05,1.16723549581366E-05,-9999,-9999,-9999,-9999,-9999,-9999,-9999,-9999,-9999,-9999,-9999,-9999,-9999,-9999,-9999,-9999
-9999,-9999,-9999,-9999,-9999,-9999,1.58377133629983E-05,1.55746347445529E-05,1.54372210090514E-05,4.34460052929353E-05,0.000201902104890905,0.000279845611657947,0.000307589507428929,0.000314106466248631,0.000319075246807188,0.000321292405715212,0.000322324282024056,0.00032207474578172,0.000320824212394655,0.000318515376420692,0.00031541651696898,0.000312394462525845,0.000309532508254051,0.000305889116134495,0.000301610707538202,0.000298085622489452,0.000293575925752521,0.00028923392528668,0.000285628659185022,0.000282369641354308,0.000278876512311399,0.000276516715530306,0.000274830119451508,0.000273367564659566,0.000272282835794613,0.000271272583631799,0.000269875308731571,0.000268056843196973,0.000265270180534571,0.000261734705418348,0.000258090789429843,0.000255418795859441,0.000253143400186673,0.000251705350819975,0.000250624347245321,0.000250022887485102,0.000249594217166305,0.000249312986852601,0.000250024313572794,0.000250565848546103,0.000251545803621411,0.000253867910942063,0.000257054838584736,0.000261306442553177,0.000265025824774057,0.00026853644521907,0.000271933211479336,0.000273875397397205,0.000273598590865731,0.000132146902615204,1.92333754966967E-06,-9999,-9999,-9999,-9999,-9999,-9999,-9999,-9999,-9999,-9999,-9999,-9999,-9999,-9999,-9999,-9999,-9999,-9999,-9999,-9999,-9999,-9999,-9999,-9999,-9999,-9999,-9999,-9999,-9999,-9999,-9999,-9999,1.67734333444969E-06,4.6593636398029E-06,7.73041538195685E-05,0.000208817509701476,0.000227077442104928,0.000224295959924348,0.000220561501919292,0.000217699445784092,0.000216123298741877,0.000214534185943194,0.000213626743061468,0.000212863524211571,0.000212351515074261,0.000210856334888376,0.000208892248338088,0.000205495904083364,0.000200134789338335,0.000182127201696858,0.000129124120576307,5.87193499086425E-05,1.18990119517548E-05,-9999,-9999,-9999,-9999,-9999,-9999,-9999,-9999,-9999,-9999,-9999,-9999,-9999,-9999,-9999,-9999,-9999
-9999,-9999,-9999,-9999,-9999,-9999,1.57123649842106E-05,1.9511760910973E-05,7.26086218492128E-05,0.00024327143910341,0.000296914571663365,0.000311689567752182,0.000316408346407115,0.000318306585540995,0.000319497077725828,0.000320218765409663,0.000320838793413714,0.00032063273829408,0.000319052545819432,0.000315839308314025,0.000311539508402348,0.000308138085529208,0.00030542936292477,0.00030163221526891,0.000297198130283505,0.000293582823360339,0.000289147050352767,0.000284650857793167,0.000281122396700084,0.000277628656476736,0.000273288460448384,0.000271350931143388,0.000269264593953267,0.00026748632080853,0.000265158945694566,0.000264063361100852,0.000263614085270092,0.000262760586338118,0.000260516535490751,0.000257499021245167,0.000253308971878141,0.000251247256528586,0.000249109551077709,0.000247624644543976,0.000246831652475521,0.000247037678491324,0.000246664742007852,0.000247429008595645,0.000247828429564834,0.000249346572672948,0.000250113953370601,0.000252779427682981,0.000256290804827586,0.000211764214327559,0.000247125513851643,0.000212971965083852,5.8984633142245E-06,1.86897068488179E-06,1.88521062227665E-06,-9999,-9999,-9999,-9999,-9999,-9999,-9999,-9999,-9999,-9999,-9999,-9999,-9999,-9999,-9999,-9999,-9999,-9999,-9999,-9999,-9999,-9999,-9999,-9999,-9999,-9999,-9999,-9999,-9999,-9999,-9999,-9999,-9999,-9999,-9999,1.63561628596653E-06,1.6081064586615E-06,3.15739780489821E-05,0.000182414805749431,0.000219907960854471,0.00021713950263802,0.000213507330045104,0.000211452177609317,0.000210454236366786,0.000209411446121521,0.000208602228667587,0.000207329780096188,0.000205434917006642,0.000203506511752494,0.00020082616538275,0.000197296132682823,0.000185522527317517,0.000146379956277087,6.1826991441194E-05,1.5973811969161E-05,1.30187963804929E-05,1.02735948530608E-05,-9999,-9999,-9999,-9999,-9999,-9999,-9999,-9999,-9999,-9999,-9999,-9999,-9999,-9999,-9999
-9999,-9999,-9999,-9999,2.04594543902203E-05,2.25047060666839E-05,1.5809819160495E-05,6.69713190291077E-05,0.000258355867117643,0.00030585186323151,0.000316810386721045,0.000317464058753103,0.000316910416586325,0.000316722493153065,0.000316954858135432,0.000317643251037225,0.000318477221298963,0.00031849043443799,0.000316942139761522,0.000313461583573371,0.000308543298160657,0.000304890039842576,0.000303048494970426,0.000298164202831686,0.000293999444693327,0.000290532334474847,0.000285474612610415,0.000282995169982314,0.00027892692014575,0.000275572238024324,0.000270858843578026,0.000267729337792844,0.000264904840150848,0.000264872418483719,0.000261159584624693,0.000261393608525395,0.00026185781462118,0.000259984022704884,0.000260170258115977,3.53199793607928E-05,0.00017628820205573,0.000143790442962199,0.000244483904680237,0.000174031127244234,0.000224288742174394,0.000243625327129848,0.000244566996116191,0.000130451386212371,4.18845884269103E-05,0.000119172051199712,1.68432434293209E-05,1.46655720527633E-05,1.74627894011792E-06,1.76232549620181E-06,-9999,-9999,-9999,-9999,-9999,-9999,-9999,-9999,-9999,-9999,-9999,-9999,-9999,-9999,-9999,-9999,-9999,-9999,-9999,-9999,-9999,-9999,-9999,-9999,-9999,-9999,-9999,-9999,-9999,-9999,-9999,-9999,-9999,-9999,-9999,-9999,-9999,-9999,-9999,-9999,-9999,1.05661865745788E-06,1.53737096297846E-06,4.93759325763676E-05,0.000203300980501808,0.000213316336157732,0.000209702047868632,0.000207250166567974,0.000206649187020957,0.00020549216424115,0.000204138064873405,0.000202345006982796,0.000200116104679182,0.000198036985239014,0.000196141729247756,0.000193573840078898,0.000185697033884935,0.000141640688525513,5.00190362799913E-05,9.80449021881213E-06,9.86642589850817E-06,7.11611846782034E-06,1.04143173302873E-05,-9999,-9999,-9999,-9999,-9999,-9999,-9999,-9999,-9999,-9999,-9999,-9999,-9999,-9999
-9999,-9999,-9999,-9999,1.62941469170619E-05,2.49848671955988E-05,3.74962110072374E-05,0.000246863928623497,0.000311511335894465,0.000320726481731981,0.00031997132464312,0.000317573372740299,0.000315805489663035,0.000314306351356208,0.000313629396259785,0.000313964555971324,0.000314853648887947,0.000316232239129022,0.000315380631946027,0.000245061557507142,3.24590951095161E-06,2.09458357858239E-06,2.07305311050732E-06,2.04810726245341E-06,2.02160663320683E-06,1.99451960725128E-06,9.47110493143555E-06,1.93679193216667E-06,7.26520374882966E-06,1.87938951512479E-06,2.40727276832331E-05,0.000190155653399415,0.000251940509770066,0.000243653354118578,0.000260213826550171,0.000255142978858203,0.000259184278547764,0.000256575178354979,7.39364986657165E-05,1.76687387920538E-06,1.744294877426E-06,1.72733984982187E-06,1.71408532878559E-06,1.7043922753146E-06,1.69716577147483E-06,1.69305928920949E-06,1.69131260463473E-06,-9999,-9999,-9999,-9999,-9999,-9999,-9999,-9999,-9999,-9999,-9999,-9999,-9999,-9999,-9999,-9999,-9999,-9999,-9999,-9999,-9999,-9999,-9999,-9999,-9999,-9999,-9999,-9999,-9999,-9999,-9999,-9999,-9999,-9999,-9999,-9999,-9999,-9999,-9999,-9999,-9999,-9999,-9999,-9999,-9999,-9999,-9999,-9999,-9999,1.49887523548387E-06,9.94061701931059E-06,0.000177411566255614,0.000207827746635303,0.000206089112907648,0.000202897965209559,0.000202103357878514,0.000200817652512342,0.000199123111087829,0.000197181449038908,0.000194720225408673,0.000192555919056758,0.00019082153448835,0.000188908030395396,0.000183542215381749,0.00015291731688194,7.73357460275292E-05,2.62587600445841E-05,4.72381088911789E-06,1.62197338795522E-05,9.89140517049236E-06,-9999,-9999,-9999,-9999,-9999,-9999,-9999,-9999,-9999,-9999,-9999,-9999,-9999,-9999
-9999,-9999,-9999,-9999,-9999,1.57862923515495E-05,0.000180012357304804,0.000310240226099268,0.000322846346534789,0.00032270181691274,0.000319597776979208,0.000316167541313916,0.000314272299874574,0.000311820709612221,0.000310692936182022,0.000311929732561111,0.000187473706318997,2.14704346035433E-06,2.14979286283778E-06,2.14925694308477E-06,-9999,-9999,-9999,-9999,-9999,-9999,-9999,-9999,-9999,-9999,-9999,-9999,-9999,6.73908289172687E-06,1.96275759662967E-05,1.69634440680966E-05,2.25735730055021E-05,1.79766971086792E-06,-9999,-9999,-9999,-9999,-9999,-9999,-9999,-9999,-9999,-9999,-9999,-9999,-9999,-9999,-9999,-9999,-9999,-9999,-9999,-9999,-9999,-9999,-9999,-9999,-9999,-9999,-9999,-9999,-9999,-9999,-9999,-9999,-9999,-9999,-9999,-9999,-9999,-9999,-9999,-9999,-9999,-9999,-9999,-9999,-9999,-9999,-9999,-9999,-9999,-9999,-9999,-9999,-9999,-9999,-9999,-9999,-9999,-9999,9.84992084340774E-07,1.43332079005631E-06,0.000151471220306121,0.000202527226065286,0.000201500748516992,0.000198406443814747,0.00019793953106273,0.000195675471331924,0.000193710278836079,0.000191745915799402,0.000189604907063767,0.000187650031875819,0.000185644865268841,0.000184062839252874,0.000181469455128536,0.000164109311299399,0.000107031621155329,3.15584256895818E-05,1.75415243575117E-05,1.07551759356284E-05,-9999,-9999,-9999,-9999,-9999,-9999,-9999,-9999,-9999,-9999,-9999,-9999,-9999,-9999,-9999
-9999,-9999,-9999,-9999,-9999,6.24561071163043E-05,0.000292485463432968,0.000323110609315336,0.000325551140122116,0.000322798208799213,0.000319055543513969,0.000315173878334463,0.000312096060952172,0.000310259725665674,0.000308629765640944,3.54320036421996E-05,2.14907845474954E-06,1.44416549119342E-06,-9999,-9999,-9999,-9999,-9999,-9999,-9999,-9999,-9999,-9999,-9999,-9999,-9999,-9999,-9999,-9999,-9999,-9999,-9999,-9999,-9999,-9999,-9999,-9999,-9999,-9999,-9999,-9999,-9999,-9999,-9999,-9999,-9999,-9999,-9999,-9999,-9999,-9999,-9999,-9999,-9999,-9999,-9999,-9999,-9999,-9999,-9999,-9999,-9999,-9999,-9999,-9999,-9999,-9999,-9999,-9999,-9999,-9999,-9999,-9999,-9999,-9999,-9999,-9999,-9999,-9999,-9999,-9999,-9999,-9999,-9999,-9999,-9999,-9999,-9999,-9999,-9999,-9999,-9999,1.39103633500781E-06,0.000115074544737581,0.000197678775293753,0.000196862747543491,0.000194248641491868,0.000193299929378554,0.000190395483514294,0.00018802352133207,0.00018613095744513,0.000184611533768475,0.000183001480763778,0.000181311203050427,0.000179681155714206,0.00017739343456924,0.00016997019702103,0.000122583092888817,6.18095436948352E-05,1.19520273074158E-05,8.70582243805984E-06,-9999,-9999,-9999,-9999,-9999,-9999,-9999,-9999,-9999,-9999,-9999,-9999,-9999,-9999,-9999
-9999,-9999,1.70113107742509E-05,1.67418675118824E-05,1.62340729730204E-05,0.000172453175764531,0.000318867329042405,0.000326726119965315,0.000325993751175702,0.000322232081089169,0.000318398233503103,0.000314581964630634,0.000311730458633974,0.000306897331029177,1.85585959115997E-05,2.14982310353662E-06,1.44535545132385E-06,-9999,-9999,-9999,-9999,-9999,-9999,-9999,-9999,-9999,-9999,-9999,-9999,-9999,-9999,-9999,-9999,-9999,-9999,-9999,-9999,-9999,-9999,-9999,-9999,-9999,-9999,-9999,-9999,-9999,-9999,-9999,-9999,-9999,-9999,-9999,-9999,-9999,-9999,-9999,-9999,-9999,-9999,-9999,-9999,-9999,-9999,-9999,-9999,-9999,-9999,-9999,-9999,-9999,-9999,-9999,-9999,-9999,-9999,-9999,-9999,-9999,-9999,-9999,-9999,-9999,-9999,-9999,-9999,-9999,-9999,-9999,-9999,-9999,-9999,-9999,-9999,-9999,-9999,-9999,-9999,1.35940604195639E-06,6.69961518724449E-05,0.000193060433957726,0.000193052270333283,0.000189907674212009,0.00018754975462798,0.000185289129149169,0.000182352188858204,0.000180997376446612,0.000179896029294468,0.000178685339051299,0.000177109497599304,0.000175435096025467,0.000173726439243183,0.000168822371051647,0.000148500519571826,9.40988393267617E-05,5.04001145600341E-05,1.14549420686672E-05,-9999,-9999,-9999,-9999,-9999,-9999,-9999,-9999,-9999,-9999,-9999,-9999,-9999,-9999,-9999
-9999,-9999,-9999,-9999,2.00271806534147E-05,0.000270622433163226,0.000324509659549221,0.000327913789078593,0.000325428991345689,0.000320822698995471,0.000317244353936985,0.000314322649501264,0.000312207150273025,2.68746753135929E-05,2.15227714761568E-06,1.4463989828073E-06,-9999,-9999,-9999,-9999,-9999,-9999,-9999,-9999,-9999,-9999,-9999,-9999,-9999,-9999,-9999,-9999,-9999,-9999,-9999,-9999,-9999,-9999,-9999,-9999,-9999,-9999,-9999,-9999,-9999,-9999,-9999,-9999,-9999,-9999,-9999,-9999,-9999,-9999,-9999,-9999,-9999,-9999,-9999,-9999,-9999,-9999,-9999,-9999,-9999,-9999,-9999,-9999,-9999,-9999,-9999,-9999,-9999,-9999,-9999,-9999,-9999,-9999,-9999,-9999,-9999,-9999,-9999,-9999,-9999,-9999,-9999,-9999,-9999,-9999,-9999,-9999,-9999,-9999,-9999,-9999,-9999,1.33270361857285E-06,3.51464914274402E-05,0.000188083140528761,0.000188640580745414,0.000186245233635418,0.000183077572728507,0.000180729650310241,0.000177491005160846,0.000176258065039292,0.000175738910911605,0.000174585409695283,0.000172976811882108,0.000171347273862921,0.000169384133187123,0.000166532001458108,0.000158885683049448,0.000137810959131457,8.56779151945375E-05,2.55054237641161E-05,-9999,-9999,-9999,-9999,-9999,-9999,-9999,-9999,-9999,-9999,-9999,-9999,-9999,-9999,-9999
-9999,-9999,-9999,-9999,4.2422518163221E-05,0.000294513156404719,0.000326319161104038,0.00032786198426038,0.000324545748298988,0.000319373037200421,0.000316235615173355,0.000314205943141133,0.000210916477954015,2.15600175579311E-06,1.45028627684951E-06,-9999,-9999,-9999,-9999,-9999,-9999,-9999,-9999,-9999,-9999,-9999,-9999,-9999,-9999,-9999,-9999,-9999,-9999,-9999,-9999,-9999,-9999,-9999,-9999,-9999,-9999,-9999,-9999,-9999,-9999,-9999,-9999,-9999,-9999,-9999,-9999,-9999,-9999,-9999,-9999,-9999,-9999,-9999,-9999,-9999,-9999,-9999,-9999,-9999,-9999,-9999,-9999,-9999,-9999,-9999,-9999,-9999,-9999,-9999,-9999,-9999,-9999,-9999,-9999,-9999,-9999,-9999,-9999,-9999,-9999,-9999,-9999,-9999,-9999,-9999,-9999,-9999,-9999,-9999,-9999,-9999,-9999,1.30855767110916E-06,1.41273112603812E-05,0.000181980954948813,0.00018393193022348,0.000182595540536568,0.000179033377207816,0.000176049317815341,0.00017346216191072,0.000171601364854723,0.000171065301401541,0.000169806371559389,0.000168626502272673,0.000167105055879802,0.000165344841661863,0.000163332399097271,0.000159803428687155,0.000152403459651396,0.000127664054161869,6.87448991811834E-05,9.40991594688967E-06,-9999,-9999,-9999,-9999,-9999,-9999,-9999,-9999,-9999,-9999,-9999,-9999,-9999,-9999
-9999,-9999,-9999,-9999,3.44060426868964E-05,0.000290564290480688,0.000326438341289759,0.000327279994962737,0.00032345368526876,0.000318453181535006,0.000315812649205327,0.000314063305268064,2.15564614336472E-06,1.45235799209331E-06,9.7583949809632E-07,-9999,-9999,-9999,-9999,-9999,-9999,-9999,-9999,-9999,-9999,-9999,-9999,-9999,-9999,-9999,-9999,-9999,-9999,-9999,-9999,-9999,-9999,-9999,-9999,-9999,-9999,-9999,-9999,-9999,-9999,-9999,-9999,-9999,-9999,-9999,-9999,-9999,-9999,-9999,-9999,-9999,-9999,-9999,-9999,-9999,-9999,-9999,-9999,-9999,-9999,-9999,-9999,-9999,-9999,-9999,-9999,-9999,-9999,-9999,-9999,-9999,-9999,-9999,-9999,-9999,-9999,-9999,-9999,-9999,-9999,-9999,-9999,-9999,-9999,-9999,-9999,-9999,-9999,-9999,-9999,-9999,-9999,8.57223881212121E-07,1.26374652609229E-06,0.000173516586073674,0.000179828522959724,0.000178734117071144,0.000175760404090397,0.000171684994711541,0.000169383420143276,0.000167434773175046,0.000166058336617425,0.000165115168783814,0.000164118348038755,0.000162988697411492,0.000161301461048424,0.00015928759239614,0.000157282425789163,0.000153683475218713,0.000142151897307485,0.000103004444099497,3.2209609344136E-05,7.36431775294477E-06,-9999,-9999,-9999,-9999,-9999,-9999,-9999,-9999,-9999,-9999,-9999,-9999,-9999
-9999,-9999,-9999,-9999,1.79410762939369E-05,0.00026478260406293,0.000325545377563685,0.000327005051076412,0.000323652871884406,0.000318792939651757,0.000316092773573473,0.000313605123665184,2.16084458770638E-06,1.45572505516611E-06,-9999,-9999,-9999,-9999,-9999,-9999,-9999,-9999,-9999,-9999,-9999,-9999,-9999,-9999,-9999,-9999,-9999,-9999,-9999,-9999,-9999,-9999,-9999,-9999,-9999,-9999,-9999,-9999,-9999,-9999,-9999,-9999,-9999,-9999,-9999,-9999,-9999,-9999,-9999,-9999,-9999,-9999,-9999,-9999,-9999,-9999,-9999,-9999,-9999,-9999,-9999,-9999,-9999,-9999,-9999,-9999,-9999,-9999,-9999,-9999,-9999,-9999,-9999,-9999,-9999,-9999,-9999,-9999,-9999,-9999,-9999,-9999,-9999,-9999,-9999,-9999,-9999,-9999,-9999,-9999,-9999,-9999,-9999,8.44121188947611E-07,1.23609402180591E-06,0.000164944285643287,0.000175785084138624,0.000174624830833636,0.000172677639056928,0.000168583428603597,0.000165262768859975,0.000163242555572651,0.000161791249411181,0.000161468080477789,0.000160478623001836,0.000159370276378468,0.000157540751388296,0.000155576315592043,0.000153958651935682,0.00015141126641538,0.000144060497405007,0.000127061808598228,7.46803489164449E-05,1.40759866553708E-05,1.00940542324679E-05,1.03347076674254E-06,-9999,-9999,-9999,-9999,-9999,-9999,-9999,-9999,-9999,-9999,-9999
-9999,-9999,-9999,-9999,1.60632716870168E-05,0.000143783734529279,0.000319969665724784,0.000327480083797127,0.000325837230775505,0.00032236790866591,0.00031870577367954,0.000316150486469269,4.80413382319966E-06,2.17502179111762E-06,-9999,-9999,-9999,-9999,-9999,-9999,-9999,-9999,-9999,-9999,-9999,-9999,-9999,-9999,-9999,-9999,-9999,-9999,-9999,-9999,-9999,-9999,-9999,-9999,-9999,-9999,-9999,-9999,-9999,-9999,-9999,-9999,-9999,-9999,-9999,-9999,-9999,-9999,-9999,-9999,-9999,-9999,-9999,-9999,-9999,-9999,-9999,-9999,-9999,-9999,-9999,-9999,-9999,-9999,-9999,-9999,-9999,-9999,-9999,-9999,-9999,-9999,-9999,-9999,-9999,-9999,-9999,-9999,-9999,-9999,-9999,-9999,-9999,-9999,-9999,-9999,-9999,-9999,-9999,-9999,-9999,-9999,-9999,-9999,1.20771187539503E-06,0.000158558643306606,0.000171802472323179,0.000170533181517385,0.000169743871083483,0.000165938370628282,0.000162352371262386,0.000160489493282512,0.000159274728503078,0.000158074457431212,0.000157259841216728,0.000155899266246706,0.000154300607391633,0.000152485474245623,0.000150971813127398,0.000149103681906126,0.000143769968417473,0.000131216031149961,9.89268082776107E-05,2.32950587815139E-05,8.01338683231734E-06,-9999,-9999,-9999,-9999,-9999,-9999,-9999,-9999,-9999,-9999,-9999,-9999
-9999,-9999,-9999,-9999,1.61063653649762E-05,6.30928770988248E-05,0.000297393300570548,0.000327407906297594,0.000327267945976928,0.000325721077388152,0.000322778767440468,0.000319635175401345,0.000217320921365172,2.17631941268337E-06,-9999,-9999,-9999,-9999,-9999,-9999,-9999,-9999,-9999,-9999,-9999,-9999,-9999,-9999,-9999,-9999,-9999,-9999,-9999,-9999,-9999,-9999,-9999,-9999,-9999,-9999,-9999,-9999,-9999,-9999,-9999,-9999,-9999,-9999,-9999,-9999,-9999,-9999,-9999,-9999,-9999,-9999,-9999,-9999,-9999,-9999,-9999,-9999,-9999,-9999,-9999,-9999,-9999,-9999,-9999,-9999,-9999,-9999,-9999,-9999,-9999,-9999,-9999,-9999,-9999,-9999,-9999,-9999,-9999,-9999,-9999,-9999,-9999,-9999,-9999,-9999,-9999,-9999,-9999,-9999,-9999,-9999,-9999,-9999,1.18808611659915E-06,0.000143059543916024,0.000168556201970205,0.000167453355970792,0.000166732148500159,0.000164370954735205,0.000160458075697534,0.000157153437612578,0.00015605466614943,0.000154430046677589,0.000153505214257166,0.000152231674292125,0.000151127882418223,0.000149674655403942,0.00014831054431852,0.000146335645695217,0.000142370234243572,0.000132169487187639,0.000114294598461129,4.36036134487949E-05,7.92010087025119E-06,7.13453482603654E-06,7.21583955964888E-06,-9999,-9999,-9999,-9999,-9999,-9999,-9999,-9999,-9999,-9999
-9999,-9999,-9999,-9999,-9999,1.78379214048618E-05,0.000243783098994754,0.000326017965562642,0.000328300549881533,0.000327647459926084,0.000325627304846421,0.000322040170431137,0.000318413163768128,2.17951992453891E-06,-9999,-9999,-9999,-9999,-9999,-9999,-9999,-9999,-9999,-9999,-9999,-9999,-9999,-9999,-9999,-9999,-9999,-9999,-9999,-9999,-9999,-9999,-9999,-9999,-9999,-9999,-9999,-9999,-9999,-9999,-9999,-9999,-9999,-9999,-9999,-9999,-9999,-9999,-9999,-9999,-9999,-9999,-9999,-9999,-9999,-9999,-9999,-9999,-9999,-9999,-9999,-9999,-9999,-9999,-9999,-9999,-9999,-9999,-9999,-9999,-9999,-9999,-9999,-9999,-9999,-9999,-9999,-9999,-9999,-9999,-9999,-9999,-9999,-9999,-9999,-9999,-9999,-9999,-9999,-9999,-9999,-9999,-9999,-9999,1.17446052172454E-06,0.000113740548840724,0.000164556782692671,0.000165044009918347,0.000163928838446736,0.00016197725199163,0.000158130351337604,0.000154131499584764,0.000152984299347736,0.00015125740901567,0.000150429244968109,0.000149135958054103,0.000148165971040726,0.000147023747558706,0.000145752666867338,0.000144127654493786,0.000141554090077989,0.000136715912958607,0.000109436601633206,6.66525666019879E-05,2.49160457315156E-05,1.67708039953141E-05,9.97091592580546E-06,7.2913594522106E-06,-9999,-9999,-9999,-9999,-9999,-9999,-9999,-9999,-9999
-9999,-9999,-9999,-9999,-9999,3.6487213037617E-06,0.000172715823282488,0.000320493418257684,0.000329163885908201,0.000329166912706569,0.000327748915879056,0.000324160879245028,0.000319927523378283,2.18698869502987E-06,-9999,-9999,-9999,-9999,-9999,-9999,-9999,-9999,-9999,-9999,-9999,-9999,-9999,-9999,-9999,-9999,-9999,-9999,-9999,-9999,-9999,-9999,-9999,-9999,-9999,-9999,-9999,-9999,-9999,-9999,-9999,-9999,-9999,-9999,-9999,-9999,-9999,-9999,-9999,-9999,-9999,-9999,-9999,-9999,-9999,-9999,-9999,-9999,-9999,-9999,-9999,-9999,-9999,-9999,-9999,-9999,-9999,-9999,-9999,-9999,-9999,-9999,-9999,-9999,-9999,-9999,-9999,-9999,-9999,-9999,-9999,-9999,-9999,-9999,-9999,-9999,-9999,-9999,-9999,-9999,-9999,-9999,-9999,-9999,1.16619241907756E-06,3.78822114726063E-05,0.000159843490109779,0.000162765471031889,0.000161385629326105,0.000159315750352107,0.000155834073666483,0.000152041233377531,0.000150287567521445,0.000149110026541166,0.00014786928659305,0.000146218837471679,0.000145164565765299,0.000144131656270474,0.000143017881782725,0.000141980664920993,0.000140060525154695,0.000133748850203119,0.000113447567855474,9.40285972319543E-05,7.40812902222387E-05,6.19635175098665E-05,1.85729768418241E-05,7.13983718014788E-06,-9999,-9999,-9999,-9999,-9999,-9999,-9999,-9999,-9999
-9999,-9999,-9999,-9999,-9999,2.24947848437296E-06,0.000124701851746067,0.000321064551826566,0.000329790025716648,0.00033039171830751,0.000329439848428592,0.000325818982673809,0.000318174716085196,2.19505523091357E-06,-9999,-9999,-9999,-9999,-9999,-9999,-9999,-9999,-9999,-9999,-9999,-9999,-9999,-9999,-9999,-9999,-9999,-9999,-9999,-9999,-9999,-9999,-9999,-9999,-9999,-9999,-9999,-9999,-9999,-9999,-9999,-9999,-9999,-9999,-9999,-9999,-9999,-9999,-9999,-9999,-9999,-9999,-9999,-9999,-9999,-9999,-9999,-9999,-9999,-9999,-9999,-9999,-9999,-9999,-9999,-9999,-9999,-9999,-9999,-9999,-9999,-9999,-9999,-9999,-9999,-9999,-9999,-9999,-9999,-9999,-9999,-9999,-9999,-9999,-9999,-9999,-9999,-9999,-9999,-9999,-9999,-9999,-9999,-9999,-9999,1.13472333396203E-06,0.000155768793774769,0.000159624105435796,0.000159097195137292,0.000156795722432435,0.000153480534208938,0.000149599480209872,0.000147835424286313,0.000146761143696494,0.000145298370625824,0.000143767785630189,0.000142473625601269,0.000141531752888113,0.000140450923936442,0.00013956954353489,0.000138456874992698,0.000133996931253932,0.000128484491142444,0.000120855882414617,0.000103381193184759,6.53549577691592E-05,2.46863601205405E-05,6.99501561030047E-06,-9999,-9999,-9999,-9999,-9999,-9999,-9999,-9999,-9999
-9999,-9999,-9999,-9999,-9999,-9999,7.59985923650675E-05,0.000322797335684299,0.000330299080815166,0.000331346062012017,0.000330191513057798,0.000325916043948382,0.000323164946166798,-9999,-9999,-9999,-9999,-9999,-9999,-9999,-9999,-9999,-9999,-9999,-9999,-9999,-9999,-9999,-9999,-9999,-9999,-9999,-9999,-9999,-9999,-9999,-9999,-9999,-9999,-9999,-9999,-9999,-9999,-9999,-9999,-9999,-9999,-9999,-9999,-9999,-9999,-9999,-9999,-9999,-9999,-9999,-9999,-9999,-9999,-9999,-9999,-9999,-9999,-9999,-9999,-9999,-9999,-9999,-9999,-9999,-9999,-9999,-9999,-9999,-9999,-9999,-9999,-9999,-9999,-9999,-9999,-9999,-9999,-9999,-9999,-9999,-9999,-9999,-9999,-9999,-9999,-9999,-9999,-9999,-9999,-9999,-9999,-9999,-9999,1.11954943804449E-06,0.000144839606946334,0.000156722031533718,0.000156989728566259,0.000154904220835306,0.000151778644067235,0.000148246544995345,0.000145955520565622,0.000144514749990776,0.000142757999128662,0.000141301658004522,0.000140007789013907,0.000138898350996897,0.000137897208333015,0.000137106282636523,0.000136763817863539,0.000135718670208007,0.000133223409648053,0.000124524493003264,0.000108411426481325,8.11421050457284E-05,4.19689749833196E-05,8.5770407167729E-06,-9999,-9999,-9999,-9999,-9999,-9999,-9999,-9999,-9999
-9999,-9999,-9999,-9999,-9999,-9999,5.73749639443122E-05,0.000323791988193989,0.000331521121552214,0.000331967225065455,0.00032977040973492,0.000325471337419003,0.00032088888110593,-9999,-9999,-9999,-9999,-9999,-9999,-9999,-9999,-9999,-9999,-9999,-9999,-9999,-9999,-9999,-9999,-9999,-9999,-9999,-9999,-9999,-9999,-9999,-9999,-9999,-9999,-9999,-9999,-9999,-9999,-9999,-9999,-9999,-9999,-9999,-9999,-9999,-9999,-9999,-9999,-9999,-9999,-9999,-9999,-9999,-9999,-9999,-9999,-9999,-9999,-9999,-9999,-9999,-9999,-9999,-9999,-9999,-9999,-9999,-9999,-9999,-9999,-9999,-9999,-9999,-9999,-9999,-9999,-9999,-9999,-9999,-9999,-9999,-9999,-9999,-9999,-9999,-9999,-9999,-9999,-9999,-9999,-9999,-9999,-9999,-9999,1.106432364395E-06,9.55922369030304E-05,0.000154547145939432,0.000154949884745292,0.00015283482207451,0.00014978698163759,0.000146684003993869,0.000143717537866905,0.000142575765494257,0.000140772317536175,0.000139273615786806,0.000137941038701683,0.000136923161335289,0.000135929702082649,0.000135169539134949,0.000134894478833303,0.000134564586915076,0.000133057590574026,0.000128852960187942,0.000119005089800339,9.19330632314086E-05,6.45921827526763E-05,1.62150536198169E-05,8.55430062074447E-06,6.91436525812605E-06,-9999,-9999,-9999,-9999,-9999,-9999,-9999
-9999,-9999,-9999,-9999,-9999,-9999,9.13684052648023E-05,0.000329452625010163,0.00033309223363176,0.00033198983874172,0.000328789523337036,0.000324652181006968,0.000295041332719848,-9999,-9999,-9999,-9999,-9999,-9999,-9999,-9999,-9999,-9999,-9999,-9999,-9999,-9999,-9999,-9999,-9999,-9999,-9999,-9999,-9999,-9999,-9999,-9999,-9999,-9999,-9999,-9999,-9999,-9999,-9999,-9999,-9999,-9999,-9999,-9999,-9999,-9999,-9999,-9999,-9999,-9999,-9999,-9999,-9999,-9999,-9999,-9999,-9999,-9999,-9999,-9999,-9999,-9999,-9999,-9999,-9999,-9999,-9999,-9999,-9999,-9999,-9999,-9999,-9999,-9999,-9999,-9999,-9999,-9999,-9999,-9999,-9999,-9999,-9999,-9999,-9999,-9999,-9999,-9999,-9999,-9999,-9999,-9999,-9999,-9999,1.09445227280958E-06,6.43565454083728E-06,0.000152412467286922,0.000152291191625409,0.000150515304994769,0.000147392158396542,0.000144309509778395,0.000141618569614366,0.000140308024128899,0.000139011812279932,0.000137559953145683,0.000136115006171167,0.000135021618916653,0.000134230009280145,0.000133688139612786,0.000133245077449828,0.000133203036966734,0.000132072018459439,0.000128999003209174,0.000121379816846456,0.000107274696347304,7.64198484830558E-05,2.92354361590696E-05,1.46286129165674E-05,1.06889165181201E-05,6.87622969053336E-06,-9999,-9999,-9999,-9999,-9999,-9999
-9999,-9999,-9999,-9999,-9999,-9999,-9999,-9999,-9999,-9999,-9999,-9999,-9999,-9999,-9999,-9999,-9999,-9999,-9999,-9999,-9999,-9999,-9999,-9999,-9999,-9999,-9999,-9999,-9999,-9999,-9999,-9999,-9999,-9999,-9999,-9999,-9999,-9999,-9999,-9999,-9999,-9999,-9999,-9999,-9999,-9999,-9999,-9999,-9999,-9999,-9999,-9999,-9999,-9999,-9999,-9999,-9999,-9999,-9999,-9999,-9999,-9999,-9999,-9999,-9999,-9999,-9999,-9999,-9999,-9999,-9999,-9999,-9999,-9999,-9999,-9999,-9999,-9999,-9999,-9999,-9999,-9999,-9999,-9999,-9999,-9999,-9999,-9999,-9999,-9999,-9999,-9999,-9999,-9999,-9999,-9999,-9999,-9999,-9999,-9999,1.05444757991791E-06,0.000146223857882433,0.000149485495057888,0.000148008970427327,0.000145249330671504,0.000142268516356125,0.00013954404857941,0.00013834607671015,0.000137502225697972,0.000135876995045692,0.000134550500661135,0.000133563720737584,0.000132627596030943,0.000132249449961819,0.000131919499835931,0.000131875713123009,0.000131682827486657,0.000130179134430364,0.000125560618471354,0.000114113106974401,8.39067943161353E-05,4.48999417130835E-05,2.92806889774511E-05,2.2057763999328E-05,1.18472835310968E-05,6.81085384712787E-06,-9999,-9999,-9999,-9999,-9999
-9999,-9999,-9999,-9999,-9999,-9999,-9999,-9999,-9999,-9999,-9999,-9999,-9999,-9999,-9999,-9999,-9999,-9999,-9999,-9999,-9999,-9999,-9999,-9999,-9999,-9999,-9999,-9999,-9999,-9999,-9999,-9999,-9999,-9999,-9999,-9999,-9999,-9999,-9999,-9999,-9999,-9999,-9999,-9999,-9999,-9999,-9999,-9999,-9999,-9999,-9999,-9999,-9999,-9999,-9999,-9999,-9999,-9999,-9999,-9999,-9999,-9999,-9999,-9999,-9999,-9999,-9999,-9999,-9999,-9999,-9999,-9999,-9999,-9999,-9999,-9999,-9999,-9999,-9999,-9999,-9999,-9999,-9999,-9999,-9999,-9999,-9999,-9999,-9999,-9999,-9999,-9999,-9999,-9999,-9999,-9999,-9999,-9999,-9999,-9999,1.03786010186013E-06,0.000110530978417955,0.000147206694236957,0.000145330181112513,0.000142946431878954,0.000140012954943813,0.000137194845592603,0.000136490576551296,0.000135779031552374,0.000134306319523603,0.000132771790958941,0.000131954468088225,0.000130986838485114,0.0001308262872044,0.000130791173432954,0.000131278822664171,0.000131296998006292,0.000130537184304558,0.000125678125186823,0.0001133476398536,8.71840893523768E-05,5.58735118829645E-05,4.13628258684184E-05,2.41403922700556E-05,1.61785301315831E-05,7.58493206376443E-06,6.7891696744482E-06,-9999,-9999,-9999,-9999
-9999,-9999,-9999,-9999,-9999,-9999,-9999,-9999,-9999,-9999,-9999,-9999,-9999,-9999,-9999,-9999,-9999,-9999,-9999,-9999,-9999,-9999,-9999,-9999,-9999,-9999,-9999,-9999,-9999,-9999,-9999,-9999,-9999,-9999,-9999,-9999,-9999,-9999,-9999,-9999,-9999,-9999,-9999,-9999,-9999,-9999,-9999,-9999,-9999,-9999,-9999,-9999,-9999,-9999,-9999,-9999,-9999,-9999,-9999,-9999,-9999,-9999,-9999,-9999,-9999,-9999,-9999,-9999,-9999,-9999,-9999,-9999,-9999,-9999,-9999,-9999,-9999,-9999,-9999,-9999,-9999,-9999,-9999,-9999,-9999,-9999,-9999,-9999,-9999,-9999,-9999,-9999,-9999,-9999,-9999,-9999,-9999,-9999,-9999,-9999,1.0261397846989E-06,2.61308468907373E-06,0.000145033875014633,0.000142820907058194,0.000140667470986955,0.000137737384648062,0.000135325157316402,0.000134733490995131,0.000134060726850294,0.000132825924083591,0.000131339213112369,0.000130512387841009,0.000129594365716912,0.000129405030747876,0.000129716718220152,0.00013028945249971,0.000129885374917649,0.000128785148262978,0.000125217600725591,0.000112636371341068,9.374093497172E-05,7.14533016434871E-05,5.19158893439453E-05,3.18056736432482E-05,1.78258978849044E-05,9.42465885600541E-06,6.7674673118745E-06,-9999,-9999,-9999,-9999
-9999,-9999,-9999,-9999,-9999,-9999,-9999,-9999,-9999,-9999,-9999,-9999,-9999,-9999,-9999,-9999,-9999,-9999,-9999,-9999,-9999,-9999,-9999,-9999,-9999,-9999,-9999,-9999,-9999,-9999,-9999,-9999,-9999,-9999,-9999,-9999,-9999,-9999,-9999,-9999,-9999,-9999,-9999,-9999,-9999,-9999,-9999,-9999,-9999,-9999,-9999,-9999,-9999,-9999,-9999,-9999,-9999,-9999,-9999,-9999,-9999,-9999,-9999,-9999,-9999,-9999,-9999,-9999,-9999,-9999,-9999,-9999,-9999,-9999,-9999,-9999,-9999,-9999,-9999,-9999,-9999,-9999,-9999,-9999,-9999,-9999,-9999,-9999,-9999,-9999,-9999,-9999,-9999,-9999,-9999,-9999,-9999,-9999,-9999,-9999,-9999,9.94884885585634E-07,0.00013300240971148,0.000140139381983317,0.00013825150381308,0.000135589405545034,0.000133635447127745,0.00013281982683111,0.000132311208290048,0.000131279419292696,0.000129694148199633,0.0001288547355216,0.000128080457216129,0.000127796025481075,0.000128128420328721,0.000128960251458921,0.000129688181914389,0.00012948403309565,0.000125408914755099,0.00011401731899241,9.63749116635881E-05,8.27682451927103E-05,5.93499644310214E-05,3.16003897751216E-05,1.96166638488648E-05,9.36440756049706E-06,6.69397331876098E-06,-9999,-9999,6.81940127833514E-06,6.81573055771878E-06
-9999,-9999,-9999,-9999,-9999,-9999,-9999,-9999,-9999,-9999,-9999,-9999,-9999,-9999,-9999,-9999,-9999,-9999,-9999,-9999,-9999,-9999,-9999,-9999,-9999,-9999,-9999,-9999,-9999,-9999,-9999,-9999,-9999,-9999,-9999,-9999,-9999,-9999,-9999,-9999,-9999,-9999,-9999,-9999,-9999,-9999,-9999,-9999,-9999,-9999,-9999,-9999,-9999,-9999,-9999,-9999,-9999,-9999,-9999,-9999,-9999,-9999,-9999,-9999,-9999,-9999,-9999,-9999,-9999,-9999,-9999,-9999,-9999,-9999,-9999,-9999,-9999,-9999,-9999,-9999,-9999,-9999,-9999,-9999,-9999,-9999,-9999,-9999,-9999,-9999,-9999,-9999,-9999,-9999,-9999,-9999,-9999,-9999,-9999,-9999,-9999,-9999,6.95534572514589E-06,0.000140095711685717,0.00013637040683534,0.000134185000206344,0.000132420027512126,0.000131645734654739,0.000130795902805403,0.000129446809296496,0.000127986102597788,0.000127200881252065,0.000126630387967452,0.000126519764307886,0.000126745944726281,0.000127471212181263,0.000128109953948297,0.000127804931253195,0.000123718578834087,0.000118534873763565,0.00010721728176577,8.59088468132541E-05,5.90449453738984E-05,3.74984520021826E-05,1.75757977558533E-05,1.03556048998144E-05,6.65047991788015E-06,6.65262632537633E-06,6.71363841320272E-06,6.75089177093469E-06,7.50064509702497E-06
-9999,-9999,-9999,-9999,-9999,-9999,-9999,-9999,-9999,-9999,-9999,-9999,-9999,-9999,-9999,-9999,-9999,-9999,-9999,-9999,-9999,-9999,-9999,-9999,-9999,-9999,-9999,-9999,-9999,-9999,-9999,-9999,-9999,-9999,-9999,-9999,-9999,-9999,-9999,-9999,-9999,-9999,-9999,-9999,-9999,-9999,-9999,-9999,-9999,-9999,-9999,-9999,-9999,-9999,-9999,-9999,-9999,-9999,-9999,-9999,-9999,-9999,-9999,-9999,-9999,-9999,-9999,-9999,-9999,-9999,-9999,-9999,-9999,-9999,-9999,-9999,-9999,-9999,-9999,-9999,-9999,-9999,-9999,-9999,-9999,-9999,-9999,-9999,-9999,-9999,-9999,-9999,-9999,-9999,-9999,-9999,-9999,-9999,-9999,-9999,-9999,-9999,-9999,9.66461666394025E-05,0.000136783899506554,0.000133283028844744,0.000132150104036555,0.000130960383103229,0.000130042040836997,0.000128344865515828,0.000126814993564039,0.000125820050016046,0.000125364764244296,0.000125370934256352,0.000125835125800222,0.000126125014503486,0.000126243234262802,0.000125908583868295,0.000122780009405687,0.000119134390843101,0.000108990920125507,8.89859584276564E-05,6.65513944113627E-05,3.11003168462776E-05,1.56360019900603E-05,9.15827968128724E-06,7.38773269404192E-06,6.64969957142603E-06,7.45373790778103E-06,8.26585619506659E-06,6.7860986746382E-05
-9999,-9999,-9999,-9999,-9999,-9999,-9999,-9999,-9999,-9999,-9999,-9999,-9999,-9999,-9999,-9999,-9999,-9999,-9999,-9999,-9999,-9999,-9999,-9999,-9999,-9999,-9999,-9999,-9999,-9999,-9999,-9999,-9999,-9999,-9999,-9999,-9999,-9999,-9999,-9999,-9999,-9999,-9999,-9999,-9999,-9999,-9999,-9999,-9999,-9999,-9999,-9999,-9999,-9999,-9999,-9999,-9999,-9999,-9999,-9999,-9999,-9999,-9999,-9999,-9999,-9999,-9999,-9999,-9999,-9999,-9999,-9999,-9999,-9999,-9999,-9999,-9999,-9999,-9999,-9999,-9999,-9999,-9999,-9999,-9999,-9999,-9999,-9999,-9999,-9999,-9999,-9999,-9999,-9999,-9999,-9999,-9999,-9999,-9999,-9999,-9999,-9999,-9999,9.40458733111882E-07,9.58958044066094E-05,0.000136387519887649,0.000133014138555154,0.000131356311612763,0.000130029147840105,0.000128236875752918,0.000126674087368883,0.000125716527691111,0.000125264516100287,0.000125050137285143,0.000124956597574055,0.000124958489323035,0.000124223224702291,0.00012285856064409,0.000122004188597202,0.000113795365905389,0.000100666409707628,7.34952991479076E-05,3.98302327084821E-05,1.2479711585911E-05,8.09148332336918E-06,8.14225131762214E-06,9.1850388344028E-06,9.20154343475588E-06,1.5686935512349E-05,0.000136372123961337,0.000138039016746916
-9999,-9999,-9999,-9999,-9999,-9999,-9999,-9999,-9999,-9999,-9999,-9999,-9999,-9999,-9999,-9999,-9999,-9999,-9999,-9999,-9999,-9999,-9999,-9999,-9999,-9999,-9999,-9999,-9999,-9999,-9999,-9999,-9999,-9999,-9999,-9999,-9999,-9999,-9999,-9999,-9999,-9999,-9999,-9999,-9999,-9999,-9999,-9999,-9999,-9999,-9999,-9999,-9999,-9999,-9999,-9999,-9999,-9999,-9999,-9999,-9999,-9999,-9999,-9999,-9999,-9999,-9999,-9999,-9999,-9999,-9999,-9999,-9999,-9999,-9999,-9999,-9999,-9999,-9999,-9999,-9999,-9999,-9999,-9999,-9999,-9999,-9999,-9999,-9999,-9999,-9999,-9999,-9999,-9999,-9999,-9999,-9999,-9999,-9999,-9999,-9999,-9999,-9999,-9999,9.28998645122192E-07,9.23622451409756E-07,0.000125652804854326,0.000132868139189668,0.000129883759655058,0.000128327941638418,0.000126927974633873,0.000126065846416168,0.00011821452062577,9.86096929409541E-05,0.000123591322335415,0.0001200189217343,0.000101723657280672,8.52288576425053E-05,7.89563273428939E-05,6.79949225741439E-05,3.57943899871316E-05,1.35883319671848E-05,7.10608856024919E-06,6.4035511968541E-06,1.12297329906141E-05,1.91048347915057E-05,7.06734281266108E-05,0.000134851798065938,0.000137317765620537,0.000138282834086567,0.000136735310661606
-9999,-9999,-9999,-9999,-9999,-9999,-9999,-9999,-9999,-9999,-9999,-9999,-9999,-9999,-9999,-9999,-9999,-9999,-9999,-9999,-9999,-9999,-9999,-9999,-9999,-9999,-9999,-9999,-9999,-9999,-9999,-9999,-9999,-9999,-9999,-9999,-9999,-9999,-9999,-9999,-9999,-9999,-9999,-9999,-9999,-9999,-9999,-9999,-9999,-9999,-9999,-9999,-9999,-9999,-9999,-9999,-9999,-9999,-9999,-9999,-9999,-9999,-9999,-9999,-9999,-9999,-9999,-9999,-9999,-9999,-9999,-9999,-9999,-9999,-9999,-9999,-9999,-9999,-9999,-9999,-9999,-9999,-9999,-9999,-9999,-9999,-9999,-9999,-9999,-9999,-9999,-9999,-9999,-9999,-9999,-9999,-9999,-9999,-9999,-9999,-9999,-9999,-9999,-9999,-9999,-9999,9.11496556454949E-07,4.54621158496593E-06,0.000132098226458766,0.000130048516439274,0.000127944920677692,0.000126765793538652,0.000120490127301309,0.000120992604934145,0.000115465321869124,9.05028646229766E-05,6.61743542877957E-05,4.10203465435188E-05,1.62671076395782E-05,2.43830418185098E-05,1.48361850733636E-05,2.03622148546856E-05,6.85739651089534E-05,0.000131455977680162,0.00013383426994551,0.00013566437701229,0.000136526097776368,0.000136131056933664,0.00013567681889981,0.00013073519221507,6.80437588016503E-05
-9999,-9999,-9999,-9999,-9999,-9999,-9999,-9999,-9999,-9999,-9999,-9999,-9999,-9999,-9999,-9999,-9999,-9999,-9999,-9999,-9999,-9999,-9999,-9999,-9999,-9999,-9999,-9999,-9999,-9999,-9999,-9999,-9999,-9999,-9999,-9999,-9999,-9999,-9999,-9999,-9999,-9999,-9999,-9999,-9999,-9999,-9999,-9999,-9999,-9999,-9999,-9999,-9999,-9999,-9999,-9999,-9999,-9999,-9999,-9999,-9999,-9999,-9999,-9999,-9999,-9999,-9999,-9999,-9999,-9999,-9999,-9999,-9999,-9999,-9999,-9999,-9999,-9999,-9999,-9999,-9999,-9999,-9999,-9999,-9999,-9999,-9999,-9999,-9999,-9999,-9999,-9999,-9999,-9999,-9999,-9999,-9999,-9999,-9999,-9999,-9999,-9999,-9999,-9999,-9999,-9999,-9999,-9999,8.91992726792523E-07,3.60401350008033E-06,0.000126566461403854,0.000129761625430547,0.000128773157484829,0.000128140949527733,0.000127341423649341,0.000126762010040693,0.000126283193822019,0.000126703002024442,0.000127407518448308,0.000128141095046885,0.000129268853925169,0.000131298249471001,0.000133130539325066,0.000133888373966329,0.000134065019665286,0.000134369678562507,0.000133454421302304,0.000125645965454169,7.52346531953663E-05,5.24698270965018E-06,-9999
-9999,-9999,-9999,-9999,-9999,-9999,-9999,-9999,-9999,-9999,-9999,-9999,-9999,-9999,-9999,-9999,-9999,-9999,-9999,-9999,-9999,-9999,-9999,-9999,-9999,-9999,-9999,-9999,-9999,-9999,-9999,-9999,-9999,-9999,-9999,-9999,-9999,-9999,-9999,-9999,-9999,-9999,-9999,-9999,-9999,-9999,-9999,-9999,-9999,-9999,-9999,-9999,-9999,-9999,-9999,-9999,-9999,-9999,-9999,-9999,-9999,-9999,-9999,-9999,-9999,-9999,-9999,-9999,-9999,-9999,-9999,-9999,-9999,-9999,-9999,-9999,-9999,-9999,-9999,-9999,-9999,-9999,-9999,-9999,-9999,-9999,-9999,-9999,-9999,-9999,-9999,-9999,-9999,-9999,-9999,-9999,-9999,-9999,-9999,-9999,-9999,-9999,-9999,-9999,-9999,-9999,-9999,-9999,-9999,-9999,8.85160773123062E-07,8.82597021245601E-07,8.79945446286001E-07,8.76975150276849E-07,3.62697278433188E-06,5.08789889863692E-06,8.6851434843993E-07,8.68393044584082E-07,8.71471911523258E-07,1.67852226695686E-06,5.4135825848789E-06,2.39128567045555E-05,4.97905457450543E-05,5.49561482330319E-05,1.26846598504926E-05,9.22775541312149E-07,9.28710733205662E-07,9.31980537188792E-07,-9999,-9999,-9999
-9999,-9999,-9999,-9999,-9999,-9999,-9999,-9999,-9999,-9999,-9999,-9999,-9999,-9999,-9999,-9999,-9999,-9999,-9999,-9999,-9999,-9999,-9999,-9999,-9999,-9999,-9999,-9999,-9999,-9999,-9999,-9999,-9999,-9999,-9999,-9999,-9999,-9999,-9999,-9999,-9999,-9999,-9999,-9999,-9999,-9999,-9999,-9999,-9999,-9999,-9999,-9999,-9999,-9999,-9999,-9999,-9999,-9999,-9999,-9999,-9999,-9999,-9999,-9999,-9999,-9999,-9999,-9999,-9999,-9999,-9999,-9999,-9999,-9999,-9999,-9999,-9999,-9999,-9999,-9999,-9999,-9999,-9999,-9999,-9999,-9999,-9999,-9999,-9999,-9999,-9999,-9999,-9999,-9999,-9999,-9999,-9999,-9999,-9999,-9999,-9999,-9999,-9999,-9999,-9999,-9999,-9999,-9999,-9999,-9999,-9999,-9999,-9999,-9999,-9999,-9999,-9999,-9999,-9999,-9999,-9999,-9999,-9999,-9999,-9999,-9999,-9999,-9999,-9999,-9999,-9999
-9999,-9999,-9999,-9999,-9999,-9999,-9999,-9999,-9999,-9999,-9999,-9999,-9999,-9999,-9999,-9999,-9999,-9999,-9999,-9999,-9999,-9999,-9999,-9999,-9999,-9999,-9999,-9999,-9999,-9999,-9999,-9999,-9999,-9999,-9999,-9999,-9999,-9999,-9999,-9999,-9999,-9999,-9999,-9999,-9999,-9999,-9999,-9999,-9999,-9999,-9999,-9999,-9999,-9999,-9999,-9999,-9999,-9999,-9999,-9999,-9999,-9999,-9999,-9999,-9999,-9999,-9999,-9999,-9999,-9999,-9999,-9999,-9999,-9999,-9999,-9999,-9999,-9999,-9999,-9999,-9999,-9999,-9999,-9999,-9999,-9999,-9999,-9999,-9999,-9999,-9999,-9999,-9999,-9999,-9999,-9999,-9999,-9999,-9999,-9999,-9999,-9999,-9999,-9999,-9999,-9999,-9999,-9999,-9999,-9999,-9999,-9999,-9999,-9999,-9999,-9999,-9999,-9999,-9999,-9999,-9999,-9999,-9999,-9999,-9999,-9999,-9999,-9999,-9999,-9999,-9999

Step,349
Year,29.08333
-9999,-9999,-9999,-9999,-9999,-9999,-9999,-9999,-9999,-9999,-9999,-9999,-9999,-9999,-9999,-9999,-9999,-9999,-9999,-9999,-9999,-9999,-9999,-9999,-9999,-9999,-9999,-9999,-9999,-9999,-9999,-9999,-9999,-9999,-9999,-9999,-9999,-9999,-9999,-9999,-9999,-9999,-9999,-9999,-9999,-9999,-9999,-9999,-9999,-9999,-9999,-9999,-9999,-9999,-9999,-9999,-9999,-9999,-9999,-9999,-9999,-9999,-9999,-9999,-9999,-9999,-9999,-9999,-9999,-9999,-9999,-9999,-9999,-9999,-9999,-9999,-9999,-9999,-9999,-9999,-9999,-9999,-9999,-9999,-9999,-9999,-9999,-9999,-9999,-9999,-9999,-9999,-9999,-9999,-9999,-9999,-9999,-9999,-9999,-9999,-9999,-9999,-9999,-9999,-9999,-9999,-9999,-9999,-9999,-9999,-9999,-9999,-9999,-9999,-9999,-9999,-9999,-9999,-9999,-9999,-9999,-9999,-9999,-9999,-9999,-9999,-9999,-9999,-9999,-9999,-9999
-9999,-9999,-9999,-9999,-9999,-9999,-9999,-9999,-9999,-9999,-9999,-9999,-9999,-9999,-9999,-9999,-9999,-9999,-9999,-9999,-9999,-9999,-9999,-9999,-9999,-9999,-9999,-9999,-9999,-9999,-9999,-9999,-9999,-9999,-9999,-9999,-9999,-9999,-9999,-9999,-9999,-9999,-9999,-9999,-9999,-9999,-9999,-9999,-9999,-9999,-9999,-9999,-9999,-9999,-9999,-9999,-9999,-9999,-9999,-9999,-9999,-9999,-9999,-9999,-9999,-9999,-9999,-9999,-9999,-9999,-9999,-9999,-9999,-9999,-9999,-9999,-9999,-9999,-9999,-9999,-9999,-9999,-9999,-9999,-9999,-9999,-9999,-9999,-9999,-9999,-9999,-9999,-9999,-9999,-9999,-9999,-9999,-9999,-9999,-9999,-9999,-9999,-9999,-9999,-9999,-9999,-9999,-9999,-9999,-9999,-9999,-9999,-9999,-9999,-9999,-9999,-9999,-9999,-9999,-9999,-9999,-9999,-9999,-9999,-9999,-9999,-9999,-9999,-9999,-9999,-9999
-9999,-9999,-9999,-9999,-9999,-9999,-9999,-9999,-9999,-9999,-9999,-9999,-9999,-9999,-9999,-9999,-9999,-9999,-9999,-9999,-9999,-9999,-9999,-9999,-9999,-9999,-9999,-9999,-9999,-9999,-9999,-9999,-9999,-9999,-9999,-9999,-9999,-9999,-9999,-9999,-9999,-9999,-9999,-9999,-9999,-9999,-9999,-9999,-9999,-9999,-9999,-9999,-9999,-9999,-9999,-9999,-9999,-9999,-9999,-9999,-9999,-9999,-9999,-9999,-9999,-9999,-9999,-9999,-9999,-9999,-9999,-9999,-9999,-9999,7.59652493798058E-07,1.12941188490367E-06,-9999,-9999,-9999,-9999,-9999,-9999,-9999,-9999,-9999,-9999,-9999,-9999,-9999,-9999,-9999,-9999,-9999,-9999,-9999,-9999,-9999,-9999,-9999,-9999,-9999,-9999,-9999,-9999,-9999,-9999,-9999,-9999,-9999,-9999,-9999,-9999,-9999,-9999,-9999,-9999,-9999,-9999,-9999,-9999,-9999,-9999,-9999,-9999,-9999,-9999,-9999,-9999,-9999,-9999,-9999
-9999,-9999,-9999,-9999,-9999,-9999,-9999,-9999,-9999,-9999,-9999,-9999,-9999,-9999,-9999,-9999,-9999,-9999,-9999,-9999,-9999,-9999,-9999,-9999,-9999,-9999,-9999,-9999,-9999,-9999,-9999,-9999,-9999,-9999,-9999,-9999,-9999,-9999,-9999,-9999,-9999,-9999,-9999,-9999,-9999,-9999,-9999,-9999,-9999,-9999,-9999,-9999,-9999,-9999,-9999,-9999,-9999,-9999,-9999,-9999,-9999,-9999,-9999,-9999,-9999,-9999,-9999,-9999,-9999,-9999,-9999,-9999,-9999,-9999,1.08631775219692E-06,1.60839908858179E-06,-9999,-9999,-9999,-9999,-9999,-9999,-9999,-9999,-9999,-9999,-9999,-9999,-9999,-9999,-9999,-9999,-9999,-9999,-9999,-9999,-9999,-9999,-9999,-9999,-9999,-9999,-9999,-9999,-9999,-9999,-9999,-9999,-9999,-9999,-9999,-9999,-9999,-9999,-9999,-9999,-9999,-9999,-9999,-9999,-9999,-9999,-9999,-9999,-9999,-9999,-9999,-9999,-9999,-9999,-9999
-9999,-9999,-9999,-9999,-9999,-9999,-9999,-9999,-9999,-9999,-9999,-9999,-9999,-9999,-9999,-9999,-9999,-9999,-9999,-9999,-9999,-9999,-9999,-9999,-9999,-9999,-9999,-9999,-9999,-9999,-9999,-9999,-9999,-9999,-9999,-9999,-9999,-9999,-9999,-9999,-9999,-9999,-9999,-9999,-9999,-9999,-9999,-9999,-9999,-9999,-9999,-9999,-9999,-9999,-9999,-9999,9.30848571556453E-08,1.33644007860312E-07,1.87572751997322E-07,2.62635182934901E-07,-9999,-9999,-9999,-9999,-9999,1.37030838232022E-06,1.3141243471182E-06,1.8462264961272E-06,1.78817731466552E-06,1.15115426524426E-06,1.64095013133192E-06,8.15282874100376E-06,1.09270959001151E-05,1.08224085124675E-05,1.53217968090757E-06,7.86787950346479E-06,1.01928162621334E-05,-9999,-9999,9.78124171524541E-06,1.51840695252758E-05,1.33287458083942E-05,1.35722893901402E-05,3.49753499904182E-05,4.66467608930543E-05,4.27040831709746E-05,4.28899802500382E-05,2.62699450104265E-05,1.24081925605424E-05,-9999,-9999,-9999,-9999,-9999,-9999,-9999,-9999,-9999,-9999,-9999,-9999,-9999,-9999,-9999,-9999,-9999,-9999,-9999,-9999,-9999,-9999,-9999,-9999,-9999,-9999,-9999,-9999,-9999,-9999,-9999,-9999,-9999,-9999,-9999,-9999,-9999,-9999,-9999,-9999,-9999,-9999
-9999,-9999,-9999,-9999,-9999,-9999,-9999,-9999,-9999,-9999,-9999,-9999,-9999,-9999,-9999,-9999,-9999,-9999,-9999,-9999,-9999,-9999,-9999,-9999,-9999,-9999,-9999,-9999,-9999,-9999,-9999,-9999,-9999,-9999,-9999,-9999,-9999,-9999,-9999,-9999,-9999,-9999,-9999,-9999,-9999,-9999,-9999,-9999,-9999,-9999,-9999,-9999,-9999,-9999,-9999,9.74909823980852E-08,1.41507442208422E-07,2.01813492139991E-07,2.78897942962431E-07,3.7190238799667E-07,4.87272188820498E-07,6.67315532609791E-07,-9999,2.33844275498996E-06,6.22645347903017E-06,2.05017522603157E-06,1.90201944860746E-06,1.39356834552018E-05,1.40497031679843E-05,1.64909874911245E-06,1.59410740252497E-06,1.83242900675396E-05,2.31996255024569E-05,2.05980613827705E-05,1.81508748937631E-05,1.79267844941933E-05,1.39151643452351E-05,1.54924236994702E-05,2.59738062595716E-05,4.63438955193851E-05,0.000111003006168175,0.00017059083620552,0.000189919403055683,0.000190439619473182,0.000192518578842282,0.000194694381207228,0.000196978828171268,0.000199982299818657,0.000193016589037143,0.000102110643638298,4.34504872828256E-05,-9999,-9999,-9999,-9999,-9999,-9999,-9999,-9999,-9999,-9999,-9999,-9999,-9999,-9999,-9999,-9999,-9999,-9999,-9999,-9999,-9999,-9999,-9999,-9999,-9999,-9999,-9999,-9999,-9999,-9999,-9999,-9999,-9999,-9999,-9999,-9999,-9999,-9999,-9999,-9999
-9999,-9999,-9999,-9999,-9999,-9999,-9999,-9999,-9999,-9999,-9999,-9999,-9999,-9999,-9999,-9999,-9999,-9999,-9999,-9999,-9999,-9999,-9999,-9999,-9999,-9999,-9999,-9999,-9999,-9999,-9999,-9999,-9999,-9999,-9999,-9999,-9999,-9999,-9999,-9999,-9999,-9999,-9999,-9999,-9999,-9999,-9999,-9999,-9999,-9999,-9999,-9999,-9999,-9999,-9999,1.4637583944932E-07,2.14115573271556E-07,3.08329674680863E-07,4.26141070875019E-07,5.60511239200423E-07,7.11123391283763E-07,9.01196813174465E-07,1.17482397854474E-06,1.58290470153588E-06,2.16584180634527E-06,1.22384180940571E-05,2.10433754546102E-05,5.25958348589484E-05,8.45507529447787E-05,0.000121304678032175,0.000138151255669072,0.000123135090689175,0.000151540923980065,0.000169038161402568,0.000135714537464082,0.000133767316583544,0.000126134138554335,0.000135679088998586,0.000184053249540739,0.000189202939509414,0.000193166619283147,0.000195843254914507,0.000198122186702676,0.000199540925677866,0.000200622162083164,0.000201863949769177,0.000203404153580777,0.000204879630473442,0.000205668126000091,0.000205362113774754,0.000202315481146798,0.000168319573276676,4.01220277126413E-05,-9999,-9999,-9999,-9999,-9999,-9999,-9999,-9999,-9999,1.23676072689705E-05,1.23578238344635E-05,1.23687714221887E-05,-9999,-9999,-9999,-9999,-9999,-9999,-9999,-9999,-9999,-9999,-9999,-9999,-9999,-9999,-9999,-9999,-9999,-9999,-9999,-9999,-9999,-9999,-9999,-9999,-9999,-9999
-9999,-9999,-9999,-9999,-9999,-9999,-9999,-9999,-9999,-9999,-9999,-9999,-9999,-9999,-9999,-9999,-9999,-9999,-9999,-9999,-9999,-9999,-9999,-9999,-9999,-9999,-9999,-9999,-9999,-9999,-9999,6.00500379732694E-06,-9999,-9999,-9999,1.81986888492247E-05,-9999,-9999,-9999,-9999,-9999,-9999,-9999,-9999,-9999,-9999,-9999,-9999,-9999,-9999,-9999,-9999,-9999,-9999,-9999,-9999,-9999,2.09932636607846E-07,2.96085886475339E-07,4.08580348221221E-07,-9999,8.19472234070417E-07,1.13499447706999E-06,1.56131397943682E-06,2.14115561902872E-06,1.23851314128842E-05,2.19329631363507E-05,2.97062215395272E-05,1.827979394875E-05,9.96895105345175E-05,0.000204719690373167,0.000214417377719656,0.000212053637369536,0.000209065750823356,0.000202253300813027,0.000197063825908117,0.000198016481590457,0.000198701047338545,0.000197114612092264,0.000196622509974986,0.000196939799934626,0.000198138179257512,0.000198139692656696,0.000198663692572154,0.000200414462597109,0.000201994756935164,0.000203843417693861,0.00020595830574166,0.00020749363466166,0.000208186495001428,0.000208849291084334,0.00020526563457679,0.000186553559615277,4.88422374473885E-05,-9999,-9999,-9999,-9999,-9999,-9999,-9999,-9999,1.67216348927468E-05,2.58636755461339E-05,1.68708538694773E-05,1.21149305414292E-05,1.2212267392897E-05,-9999,-9999,-9999,-9999,-9999,-9999,-9999,-9999,-9999,-9999,-9999,-9999,-9999,-9999,-9999,-9999,-9999,-9999,-9999,-9999,-9999,-9999,-9999,-9999
-9999,-9999,-9999,-9999,-9999,-9999,-9999,-9999,-9999,-9999,-9999,-9999,-9999,-9999,-9999,-9999,-9999,-9999,-9999,-9999,-9999,-9999,-9999,-9999,-9999,-9999,-9999,-9999,-9999,-9999,4.16239799960749E-06,8.06551724963356E-06,-9999,-9999,8.34153433970641E-06,1.42701746881357E-05,-9999,-9999,1.68863480212167E-05,3.04471104755066E-05,-9999,-9999,-9999,-9999,-9999,3.96068980990094E-06,-9999,-9999,-9999,-9999,-9999,-9999,-9999,-9999,-9999,-9999,-9999,-9999,-9999,-9999,-9999,1.16151431939215E-06,1.62535479830694E-06,2.27800978791493E-06,2.14056399272522E-06,1.21003185995505E-05,1.31988908833591E-05,1.25388378364732E-05,1.1743566574296E-05,6.81152014294639E-05,0.000208068042411469,0.000219383131479844,0.000217313223402016,0.000213566527236253,0.000209139790968038,0.000205228090635501,0.00020230891823303,0.000200021517230198,0.000198627618374303,0.000197912770090625,0.000197665416635573,0.000197654633666389,0.00019703054567799,0.000198511814232916,0.000200216512894258,0.000202683877432719,0.000204701471375301,0.000206938799237832,0.000208969446248375,0.000210231097298674,0.000211077931453474,0.000210984464501962,0.000207893928745762,0.00017570549971424,4.93884836032521E-05,-9999,-9999,-9999,-9999,-9999,1.96707806026097E-05,1.98115849343594E-05,3.75783820345532E-05,5.55537117179483E-05,4.21259064751212E-05,2.83455174212577E-05,1.86799370567314E-05,1.20789309221436E-05,-9999,-9999,-9999,-9999,-9999,-9999,-9999,-9999,-9999,-9999,-9999,-9999,-9999,-9999,-9999,-9999,-9999,-9999,-9999,-9999,-9999,-9999,-9999
-9999,-9999,-9999,-9999,-9999,-9999,-9999,-9999,-9999,-9999,-9999,-9999,-9999,-9999,-9999,-9999,-9999,-9999,-9999,-9999,-9999,-9999,-9999,9.67310916166753E-06,1.22888031910406E-05,-9999,-9999,-9999,-9999,9.84530197456479E-06,9.32148304855218E-06,3.74370824829384E-06,1.83832271432038E-05,1.94662220565078E-06,1.65297460625879E-05,2.90101124846842E-05,5.1814888138324E-05,2.26836164074484E-05,1.40349447974586E-05,-9999,1.43229563036584E-05,1.51156091305893E-05,-9999,-9999,4.21799741161522E-05,5.33044521944248E-06,2.98800227938045E-06,1.7584382021596E-06,-9999,-9999,-9999,-9999,-9999,-9999,-9999,-9999,-9999,7.96188669482945E-06,4.98056806463865E-06,-9999,-9999,-9999,2.31545641327102E-06,1.51132462633541E-05,1.43876877700677E-05,1.40550673677353E-05,1.33571484184358E-05,1.24647267512046E-05,1.61756615852937E-05,9.91003325907513E-05,0.000209856560104527,0.000220409143366851,0.000217750464798883,0.000214022642467171,0.000209624369745143,0.000205564370844513,0.000202421055291779,0.000199861387955025,0.00019827536016237,0.000197533925529569,0.00019684991275426,0.000189601356396452,0.000193525178474374,0.000198080859263428,0.000200605150894262,0.000202732888283208,0.000205439704586752,0.00020800789934583,0.000210144891752861,0.000211359059903771,0.000212097686016932,0.000212365732295439,0.000211260281503201,0.000202148468815722,5.91951320529915E-05,1.04534765341668E-05,1.51033600559458E-06,1.03242030036199E-06,1.55625866682385E-06,4.80215785501059E-05,9.46081927395426E-05,0.000122499448480085,0.00013672786008101,0.000116898918349762,0.000110698994831182,8.4242201410234E-05,5.08201082993764E-05,1.66078207257669E-05,1.21103021228919E-05,1.22858955364791E-05,-9999,-9999,-9999,-9999,-9999,-9999,-9999,-9999,-9999,-9999,-9999,-9999,-9999,-9999,-9999,-9999,-9999,-9999,-9999,-9999,-9999
-9999,-9999,-9999,-9999,-9999,-9999,-9999,-9999,-9999,-9999,-9999,-9999,-9999,-9999,-9999,-9999,-9999,-9999,-9999,-9999,-9999,-9999,1.45395542858751E-05,1.69666891451925E-05,1.14304712042212E-05,1.13228570626234E-05,1.2351222721918E-05,1.4176597687765E-05,2.65573416982079E-05,3.98508746002335E-05,2.99249404633883E-05,7.0389207394328E-05,9.66118968790397E-05,0.000103990649222396,0.000119494034152012,0.000103481521364301,0.000102738071291242,9.36478172661737E-05,5.41430345037952E-05,4.13755878980737E-05,1.35937789309537E-05,8.51901313581038E-06,7.38425160307088E-06,1.05439576145727E-05,3.65035293725668E-06,2.55487043432367E-06,2.3559855435451E-06,2.13764906220604E-06,1.30955891108897E-06,-9999,-9999,-9999,-9999,-9999,-9999,-9999,-9999,3.23277854477055E-05,2.81576540146489E-05,2.53628149948781E-05,-9999,-9999,1.51521489897277E-05,1.51849189933273E-05,1.48621356856893E-05,1.41627770062769E-05,1.31868591779494E-05,1.51724025272415E-05,4.92742619826458E-05,0.000139320211019367,0.000213052873732522,0.000221130714635365,0.000217562919715419,0.0002136581169907,0.000209159799851477,0.000204830823349766,0.000201402886887081,0.000198806112166494,0.000196973676793277,0.000196330001926981,0.000186498684342951,9.8445285402704E-05,0.000117994590254966,0.00016546378901694,0.00019320887804497,0.000202808325411752,0.000205976917641237,0.000208820769330487,0.000210906553547829,0.00021191276027821,0.000213139821426012,0.000213933395571075,0.000212417406146415,0.000198612324311398,9.53205162659287E-05,7.70069455029443E-05,6.23633741270169E-06,1.53194855556649E-06,7.37974041840062E-05,0.000170853396411985,0.000189808561117388,0.000201051399926655,0.000198177658603527,0.000191661092685536,0.000184101008926518,0.000151335960254073,9.69086104305461E-05,5.0412243581377E-05,1.84424916369608E-05,1.20618442451814E-05,-9999,-9999,-9999,-9999,-9999,-9999,-9999,-9999,-9999,-9999,-9999,-9999,-9999,-9999,-9999,-9999,-9999,-9999,-9999,-9999,-9999
-9999,-9999,-9999,-9999,-9999,-9999,-9999,-9999,-9999,-9999,-9999,-9999,-9999,-9999,-9999,-9999,-9999,-9999,-9999,-9999,-9999,-9999,1.43700381158851E-05,1.69739723787643E-05,1.42088983920985E-05,1.45148742376477E-05,5.31649602635298E-05,0.000105487582914066,0.000139098207000643,0.000122127283248119,0.000121579003462102,9.76242372416891E-05,0.000104846243630163,0.000120084769150708,0.000111602370452601,0.000126883387565613,0.00015017187979538,0.000149277577293105,0.000155810179421678,0.000138449293444864,9.71241825027391E-05,6.28660563961603E-05,2.62300090980716E-05,1.03450975075248E-05,5.37217874807538E-06,2.51770188697265E-06,2.51861729338998E-06,2.45837077272881E-06,1.60875379151548E-06,1.55160944359523E-06,1.54639496940945E-06,-9999,-9999,-9999,-9999,-9999,-9999,-9999,2.38517168327235E-05,2.09038244065596E-05,1.78926602529828E-05,1.54902809299529E-05,1.52387447087676E-05,1.50252808452933E-05,1.47117261803942E-05,1.38900495585403E-05,1.60143772518495E-05,5.08207776874769E-05,0.00013612219481729,0.000214473635423928,0.000224636096390896,0.000220725676626898,0.000216507454751991,0.000212358601856977,0.000207701508770697,0.000203314950340427,0.000200061840587296,0.000197670466150157,0.000195857282960787,0.00017597118858248,2.45242767960008E-06,1.36333403588651E-06,1.38011682793149E-06,1.39402959575818E-06,1.62296328198863E-05,0.000134544679895043,0.000201560396817513,0.000209076402825303,0.000211465157917701,0.000213140447158366,0.000214637591852807,0.000215618958463892,0.000214489089557901,0.000197992325411178,0.000202243361854926,0.000209600417292677,0.000184854987310246,9.89298714557663E-05,0.000199030386283994,0.000218444663914852,0.000221036258153617,0.000217857421375811,0.000211424470762722,0.00020753825083375,0.000202623079530895,0.000183625787030905,0.000137003735289909,8.93943943083286E-05,2.76360660791397E-05,1.16750607048743E-05,6.01411329625989E-06,-9999,-9999,-9999,-9999,-9999,-9999,-9999,-9999,-9999,-9999,-9999,-9999,-9999,-9999,-9999,-9999,-9999,-9999,-9999,-9999
-9999,-9999,-9999,-9999,-9999,-9999,-9999,-9999,-9999,-9999,-9999,-9999,-9999,-9999,-9999,-9999,-9999,-9999,-9999,-9999,-9999,-9999,1.3840801329934E-05,1.71742358361371E-05,2.67559335043188E-05,0.000121637596748769,0.000156907248310745,0.00017284853674937,0.000164071898325346,0.000130066924612038,0.00012921889720019,0.000144739984534681,0.000152088905451819,0.000159244809765369,0.000181058232556097,0.000180030794581398,0.000185967233846895,0.000191503480891697,0.000202696013730019,0.000189427839359269,0.000167802776559256,0.00010506061516935,5.57412204216234E-05,3.24865832226351E-05,2.8204807676957E-05,3.16871737595648E-05,2.78955521935131E-05,1.93250361917308E-05,2.01547140932234E-06,2.08320238925808E-06,2.11654105441994E-06,-9999,-9999,-9999,-9999,1.63516870088642E-05,1.68812730407808E-05,1.78165373654338E-05,1.89759412023704E-05,1.72800937434658E-05,1.85867265827255E-05,1.4020671187609E-05,1.17538847916876E-05,7.19163563189795E-06,1.97429526451742E-05,6.44431929686107E-05,3.01116651826305E-05,0.000165706500411034,0.000232268910622224,0.000228620352572761,0.000223996350541711,0.000219468798604794,0.000215023843338713,0.000210693935514428,0.000205585703952238,0.000201873859623447,0.000199667250853963,0.000187401819857769,1.34329195589089E-06,1.35110337851074E-06,1.36591870614211E-06,9.29732436816266E-07,9.42198369102698E-07,9.52902780682052E-07,1.43393867801933E-06,5.36011202711961E-06,7.05257916706614E-05,0.000186175471753813,0.000210679543670267,0.00021432907669805,0.000216083717532456,0.000217101114685647,0.000218104221858084,0.000219344714423642,0.000220640620682389,0.000221743175643496,0.00021982568432577,0.000220076704863459,0.000224012765102088,0.000227102500502951,0.000227200027438812,0.000224175862967968,0.000220392990740947,0.00021704490063712,0.000207195087568834,0.000198332360014319,0.000166698766406626,0.000129172243759967,5.89987394050695E-05,2.18704299186356E-05,2.6162358608417E-06,1.69068903232983E-06,-9999,-9999,-9999,-9999,-9999,-9999,-9999,-9999,-9999,-9999,-9999,-9999,-9999,-9999,-9999,-9999,-9999,-9999,-9999
-9999,-9999,-9999,-9999,-9999,-9999,-9999,-9999,-9999,-9999,-9999,-9999,-9999,-9999,-9999,-9999,-9999,-9999,-9999,-9999,-9999,1.25289134302875E-05,1.48188391904114E-05,5.7322315115016E-05,0.000156221009092405,0.000203341100132093,0.000202645009267144,0.000187359386472963,0.000162768439622596,0.000191587780136615,0.000190165083040483,0.00019570863514673,0.000194848500541411,0.000194001346244477,0.000205407428438775,0.000215102816582657,0.000218702800339088,0.000217299006180838,0.000224368704948574,0.000222789778490551,0.000217325665289536,0.000178158836206421,6.9517525844276E-05,4.36716181866359E-05,5.38754065928515E-05,4.90780839754734E-05,4.42930686403997E-05,4.48823484475724E-05,4.46315061708447E-05,3.2291209208779E-05,2.10708003578475E-05,1.43695560836932E-05,1.46402726386441E-05,1.5128726772673E-05,1.56958576553734E-05,1.48752496897941E-05,1.70752537087537E-05,1.53623423102545E-05,1.56465466716327E-05,1.74670476553729E-05,6.8732289946638E-05,0.000144507197546773,7.00638847774826E-05,1.96098653759691E-06,1.9249418983236E-06,1.84246982826153E-06,7.12325163476635E-06,6.49303547106683E-05,0.000232689475524239,0.00022824271582067,0.000223716779146343,0.000217723791138269,0.000213050661841407,0.000182900708750822,7.74212276155595E-06,1.38428015361569E-06,1.36628386826487E-06,1.35825678171386E-06,9.11926690605469E-07,9.18164118957066E-07,9.27749169932213E-07,6.34150183032034E-07,6.43600969851832E-07,6.52937842460233E-07,9.83814629762492E-07,1.47181640386407E-06,9.51573656493565E-06,6.27024128334597E-05,0.000172531261341646,0.000210716636502184,0.00021669891430065,0.000218068860704079,0.000218782632146031,0.000219675086555071,0.000221255162614398,0.000222667964408174,0.000223637704038993,0.000224598130444065,0.000226068805204704,0.000227147174882703,0.000226328149437904,0.000225016978220083,0.000223303388338536,0.000221600901568308,0.000217197070014663,0.000205161137273535,0.000192283376236446,0.00014694276615046,8.70717703946866E-05,4.83560434076935E-05,1.33125395223033E-05,1.65291783105204E-06,1.70449550296325E-06,3.28017335959885E-06,-9999,-9999,-9999,-9999,-9999,-9999,-9999,-9999,-9999,-9999,-9999,-9999,-9999,-9999,-9999,-9999,-9999
-9999,-9999,-9999,-9999,-9999,-9999,-9999,-9999,-9999,-9999,-9999,-9999,-9999,-9999,-9999,-9999,-9999,-9999,-9999,-9999,-9999,2.47641291934997E-05,0.000138917283038609,0.000203257688554004,0.000227505603106692,0.000215420222957619,0.000201627990463749,0.000193358078831807,0.000204966287128627,0.000220159301534295,0.00023187515034806,0.000230340534471907,0.000236828156630509,0.000242025969782844,0.000238032065681182,0.000246914743911475,0.000245465431362391,0.000241553687374108,0.000243575253989547,0.000243060771026649,0.000237618514802307,0.000231953425100073,0.000219006949919276,0.000197218003449962,0.000174399276147597,0.000139889001729898,8.8989530922845E-05,4.87903453176841E-05,5.38554195372853E-05,4.45305267930962E-05,3.3105185138993E-05,2.19454941543518E-05,1.99390779016539E-05,1.6247809980996E-05,1.64179273269838E-05,2.5435159841436E-05,2.28571952902712E-05,2.25949006562587E-05,3.46358319802675E-05,0.000150341875269078,0.000247846764978021,0.000270629185251892,0.000263368390733376,8.32485820865259E-05,1.84258090030198E-06,1.79268045030767E-06,1.71542819771275E-06,0.000238767082919367,0.000233857790590264,0.000229081953875721,0.00016255906666629,1.50162986756186E-06,1.47573030062631E-06,1.46152524393983E-06,-9999,-9999,-9999,-9999,-9999,-9999,-9999,4.34313363939509E-07,4.38517957945805E-07,6.65223637952295E-07,1.00085355825286E-06,1.49839547702868E-06,3.3977764815063E-06,2.07505163416499E-05,8.33086014608853E-05,0.000178499773028307,0.000214147337828763,0.000218337052501738,0.000219035617192276,0.000220473419176415,0.00022161663218867,0.000222592978389002,0.000223482711589895,0.000224752657231875,0.000225606039748527,0.000225777068408206,0.000224833987886086,0.000223496463149786,0.000222903923713602,0.000223248192924075,0.000220811940380372,0.000213647013879381,0.00019884375797119,0.000171926643815823,0.000131341585074551,7.90893245721236E-05,4.30927684647031E-05,1.39301682793302E-05,9.47035096032778E-06,7.70218139223289E-06,1.0344050679123E-05,-9999,-9999,-9999,-9999,-9999,-9999,-9999,-9999,-9999,-9999,-9999,-9999,-9999,-9999,-9999,-9999
-9999,-9999,-9999,-9999,-9999,-9999,-9999,-9999,-9999,-9999,-9999,-9999,-9999,-9999,-9999,-9999,-9999,-9999,-9999,1.30332455228199E-05,3.52366187144071E-05,0.000195334156160243,0.000232749618589878,0.000232414458878338,0.000226641874178313,0.000235615574638359,0.000229526936891489,0.000227592114242725,0.000241664849454537,0.000242216599872336,0.000245139817707241,0.000247856776695698,0.000245005445322022,0.000241715111769736,0.000247064483119175,0.000249319069553167,0.000247966207098216,0.000244588707573712,0.000245195173192769,0.00024588406085968,0.000245352654019371,0.000243249087361619,0.000242567446548492,0.000238143256865442,0.000233609331189655,0.000222329326788895,0.000208577170269564,0.000194908716366626,0.000152298714965582,0.000101546109362971,4.36590889876243E-05,4.39904506492894E-05,4.87557554151863E-05,5.37702071596868E-05,7.06396749592386E-05,0.00010535195178818,0.000159645976964384,0.000175346387550235,0.000218184199184179,0.000260344240814447,0.000269849871983752,0.000270228454610333,0.000268906354904175,0.000269037787802517,6.62288402963895E-06,0.000253312668064609,0.000254429294727743,0.000243656235397793,0.000187303914572112,4.04345837523579E-06,1.57704187131458E-06,-9999,-9999,-9999,-9999,-9999,-9999,-9999,-9999,-9999,-9999,-9999,-9999,4.53387144716544E-07,6.80180050949275E-07,1.02172475635598E-06,1.52517384321982E-06,1.04949458545889E-05,4.26298174716067E-05,0.000119803022244014,0.000196694789337926,0.000217437787796371,0.000219882727833465,0.000220048241317272,0.000220408255700022,0.000221095426240936,0.000221886904910207,0.00022278114920482,0.000223254668526351,0.000222984876018018,0.000222067799768411,0.00022070697741583,0.000219309571548365,0.0002191709500039,0.000218616070924327,0.000214493018575013,0.00020731968106702,0.000196744775166735,0.00017646950436756,0.000121758275781758,6.61680023767985E-05,4.71214771096129E-05,2.96701746265171E-05,1.16638975669048E-05,1.13474388854229E-05,-9999,-9999,-9999,-9999,-9999,-9999,-9999,-9999,-9999,-9999,-9999,-9999,-9999,-9999,-9999,-9999
-9999,-9999,-9999,-9999,-9999,-9999,-9999,-9999,-9999,-9999,-9999,-9999,-9999,-9999,-9999,-9999,-9999,-9999,3.89954948332161E-05,9.79995165835135E-05,0.000221788694034331,0.000249763368628919,0.000249292701482773,0.000254825048614293,0.000256490428000689,0.000252377358265221,0.000263722817180678,0.000266405055299401,0.000262391084106639,0.000257803709246218,0.000253421225352213,0.000248329306486994,0.000243857823079452,0.000249435659497976,0.000248298194492236,0.000251815305091441,0.000250705663347617,0.000251100718742236,0.00024859604309313,0.000247352872975171,0.000246301322476938,0.000245120143517852,0.000244691385887563,0.000244432827457786,0.000243541086092591,0.00024079043942038,0.00023740972392261,0.000230431629461236,0.000218913977732882,0.000191786442883313,0.000121220895380247,6.79147415212356E-05,8.74775869306177E-05,0.00016054866136983,0.00019319131388329,0.000210062062251382,0.000212015147553757,0.000232532562222332,0.000258038577158004,0.000264826987404376,0.000265846261754632,0.000264430913375691,0.000262993591604754,0.000261832785326988,0.000258913903962821,0.00025527281104587,0.000240782392211258,3.6073608953302E-06,-9999,-9999,-9999,-9999,-9999,-9999,-9999,-9999,-9999,-9999,-9999,-9999,-9999,-9999,-9999,-9999,-9999,1.0333886848457E-06,1.54347389980103E-06,4.62699654235621E-06,2.12983995879767E-05,7.166966679506E-05,0.000157197078806348,0.000211680715437979,0.00021933285461273,0.000220102781895548,0.000219526991713792,0.00021909098722972,0.000219246343476698,0.000219692388782278,0.000219660985749215,0.000219004461541772,0.0002175855479436,0.000216096756048501,0.000215125401155092,0.000214451574720442,0.000214374260394834,0.00021201629715506,0.000205112039111555,0.000196417677216232,0.000185724798939191,0.000163017801241949,0.000106369858258404,6.54012692393735E-05,2.61465793300886E-05,1.28041820062208E-05,1.14123140519951E-05,-9999,-9999,-9999,-9999,-9999,-9999,-9999,-9999,-9999,-9999,-9999,-9999,-9999,-9999,-9999,-9999
-9999,-9999,-9999,-9999,-9999,-9999,-9999,-9999,-9999,-9999,-9999,-9999,2.03808576770825E-06,5.97536836721702E-06,-9999,1.35637401399435E-05,2.85674341284903E-05,0.000106710176623892,0.000196918670553714,0.000238518026890233,0.0002666451910045,0.000273484998615459,0.000275984348263592,0.000275168364169076,0.000272820849204436,0.000272793404292315,0.000271647120825946,0.000268629344645888,0.000266674789600074,0.000262871180893853,0.000258786516496912,0.000255991239100695,0.0002550586941652,0.000254703394602984,0.000253893143963069,0.000253898993832991,0.000252992758760229,0.000251790275797248,0.000249810400418937,0.000247559160925448,0.000245451607042924,0.000243466944084503,0.000242561975028366,0.000242592330323532,0.00024268779088743,0.000242364985751919,0.000241714413277805,0.000240340508753434,0.000238101929426193,0.00023284912458621,0.000217906315810978,0.00018450096831657,0.000162748343427666,0.000177348818397149,0.000190887250937521,0.000207669465453364,0.000224952615099028,0.000251416087849066,0.000259216671111062,0.000258328422205523,0.000259741325862706,0.000260003987932578,0.000259138847468421,0.000258171930909157,0.000256871542660519,0.00025625218404457,2.85529154098185E-06,-9999,-9999,-9999,-9999,-9999,-9999,-9999,-9999,-9999,-9999,-9999,-9999,-9999,-9999,-9999,-9999,-9999,-9999,-9999,1.04349658158753E-06,1.55501902554533E-06,7.6144410741108E-06,3.40216647600755E-05,0.000103223326732405,0.00018745350826066,0.00021663645748049,0.0002195284323534,0.000219471505261026,0.000217481763684191,0.000216521642869338,0.000216167536564171,0.00021542253671214,0.000214392537600361,0.000212693557841703,0.000210518555832095,0.000209253790671937,0.000209415520657785,0.000209317746339366,0.000207984368898906,0.000204062962438911,0.000197411442059092,0.000190194376045838,0.000174715794855729,0.000128406405565329,6.91293826093897E-05,2.81443026324268E-05,1.38790501296171E-05,1.10848577605793E-05,-9999,-9999,-9999,-9999,-9999,-9999,-9999,-9999,-9999,-9999,-9999,-9999,-9999,-9999,-9999,-9999
-9999,-9999,-9999,-9999,-9999,-9999,-9999,-9999,-9999,-9999,1.99867008632282E-06,1.98793941308395E-06,1.98112434190989E-06,2.18985387618886E-05,5.30092002009042E-05,0.000139570838655345,0.0002113577502314,0.000244409195147455,0.000266273971647024,0.000277277984423563,0.000280925829429179,0.000280812208075076,0.000279634114122018,0.000278049381449819,0.00027623595087789,0.000273703160928562,0.00027129371301271,0.000268501869868487,0.000265412876615301,0.000262014626059681,0.000258789048530161,0.000255747901974246,0.000253561418503523,0.000252428377280012,0.000251517340075225,0.000251227931585163,0.000250542274443433,0.000249079370405525,0.000247047748416662,0.000244826660491526,0.000242554058786482,0.000240272667724639,0.000238808541325852,0.000238555105170235,0.000238610824453644,0.000238465305301361,0.000238218635786325,0.000237903834204189,0.000237490356084891,0.000237299129366875,0.000237131025642157,0.000236706138821319,0.000236802123254165,0.000237846354139037,0.00024089912767522,0.000247606047196314,0.000251867750193924,0.000254443730227649,0.000255755963735282,0.000254700687946752,6.51849113637581E-05,1.75198033502966E-06,1.76500100224075E-06,4.77362027595518E-06,0.000116945768240839,1.32761651912006E-05,-9999,-9999,-9999,-9999,-9999,-9999,-9999,-9999,-9999,-9999,-9999,-9999,-9999,-9999,-9999,-9999,-9999,-9999,-9999,-9999,-9999,1.0486625114936E-06,1.55957150127506E-06,7.94902825873578E-06,4.07993320550304E-05,0.000121829558338504,0.000200704889721237,0.000217979744775221,0.000217926659388468,0.000216502812691033,0.000213906663702801,0.00021231803111732,0.000210788857657462,0.000209691992495209,0.000207781005883589,0.000205578937311657,0.000203547620913014,0.000203765055630356,0.00020408041018527,0.000203206713194959,0.000200436596060172,0.000196462046005763,0.000188594945939258,0.000173563254065812,0.000141479118610732,9.00473969522864E-05,3.33401803800371E-05,1.49989682540763E-05,1.07396108433022E-05,-9999,-9999,-9999,-9999,-9999,-9999,-9999,-9999,-9999,-9999,-9999,-9999,-9999,-9999,-9999,-9999
-9999,-9999,-9999,-9999,-9999,-9999,-9999,-9999,1.36679464048939E-05,1.36167254822794E-05,3.19573746310198E-06,5.30910301677068E-06,3.84620834665839E-05,0.00017256174760405,0.000234265622566454,0.000255562859820202,0.000270951044512913,0.000278814230114222,0.000280882901279256,0.000282373453956097,0.000282159773632884,0.0002808952704072,0.000279339990811422,0.000276994775049388,0.000274456571787596,0.000271473341854289,0.000268136820523068,0.00026461185188964,0.000261273817159235,0.000257880630670115,0.000254668964771554,0.000251656951149926,0.000249353557592258,0.000248595955781639,0.000247784191742539,0.000247257732553408,0.000246132898610085,0.00024452997604385,0.000242426656768657,0.000239820321439765,0.000237049505813047,0.000234500053920783,0.000233093320275657,0.000232934980886057,0.000232831938774325,0.000232552134548314,0.000232238468015566,0.00023197905102279,0.000231770682148635,0.000231982689001597,0.000232809761655517,0.000234702034504153,0.00023737596347928,0.000240518187638372,0.000243964183027856,0.000246842508204281,0.000249069649726152,0.000251127901719883,0.000252381491009146,0.000252077239565551,0.000246176379732788,1.73132787040231E-06,-9999,-9999,-9999,-9999,-9999,-9999,-9999,-9999,-9999,-9999,-9999,-9999,-9999,-9999,-9999,-9999,-9999,-9999,-9999,-9999,-9999,-9999,-9999,-9999,-9999,-9999,1.04955302049348E-06,1.55843974880554E-06,2.76703758572694E-06,2.21753980440553E-05,0.000100655473943334,0.000193656029296108,0.00021445713355206,0.000214879430131987,0.00021225718955975,0.000209029749385081,0.000206274708034471,0.000204986165044829,0.000203298433916643,0.000201535847736523,0.000199679649085738,0.000198527399334125,0.000198816385818645,0.000198310634004883,0.000196488457731903,0.000193628831766546,0.000187703815754503,0.00017661796300672,0.000151296990225092,9.91074412013404E-05,3.55911470251158E-05,1.45245758176316E-05,1.04072569229174E-05,-9999,-9999,-9999,-9999,-9999,-9999,-9999,-9999,-9999,-9999,-9999,-9999,-9999,-9999,-9999,-9999
-9999,-9999,-9999,-9999,-9999,-9999,-9999,-9999,1.33824396471027E-05,1.51709837155067E-05,1.65718593052588E-05,6.3597530242987E-05,0.000231720259762369,0.00026463798712939,0.000271326338406652,0.000277182349236682,0.000281895016087219,0.000283761532045901,0.000283900677459314,0.000282859225990251,0.000281193235423416,0.000279348547337577,0.000276979204500094,0.000274086225545034,0.000270948628894985,0.000267533527221531,0.000263490102952346,0.000259215594269335,0.000256043713307008,0.000253346690442413,0.000250653858529404,0.000247966672759503,0.000245898641878739,0.000244629191001877,0.000243950154981576,0.00024321251839865,0.00024201835913118,0.000240185836446472,0.000237762622418813,0.000234762032050639,0.000231782934861258,0.000229095196118578,0.00022740665008314,0.000226825097342953,0.000226252741413191,0.000225744981435128,0.000225424853852019,0.000225460855290294,0.000225550844334066,0.000225919182412326,0.000226737174671143,0.000228938661166467,0.00023210869403556,0.000235839237575419,0.000239609929849394,0.000242636815528385,0.000244946626480669,0.000246506126131862,0.000247800751822069,0.000248959549935535,0.000238748776610009,1.72384238794621E-06,-9999,-9999,-9999,-9999,-9999,-9999,-9999,-9999,-9999,-9999,-9999,-9999,-9999,-9999,-9999,-9999,-9999,-9999,-9999,-9999,-9999,-9999,-9999,-9999,-9999,-9999,-9999,-9999,1.55338057084009E-06,1.54536940044636E-06,3.11611529468792E-06,3.09647839458194E-05,0.000150835228851065,0.000207631237572059,0.00020972422498744,0.000206630487809889,0.000203131377929822,0.000200713213416748,0.000199055939447135,0.000197216315427795,0.000195710395928472,0.00019448300008662,0.000194050022400916,0.000193727071746252,0.000192102277651429,0.000190476232091896,0.000186138408025727,0.000178631948074326,0.000161263684276491,0.00010175220813835,3.77751784981228E-05,1.25255955936154E-05,1.03713946373318E-05,-9999,-9999,-9999,-9999,-9999,-9999,-9999,-9999,-9999,-9999,-9999,-9999,-9999,-9999,-9999,-9999
-9999,-9999,-9999,-9999,-9999,-9999,1.40365518745966E-05,1.3797044630337E-05,1.36723310788511E-05,3.8476187910419E-05,0.000178768998011947,0.000247755902819335,0.000272218836471438,0.000277874467428774,0.000282103952486068,0.000284031761111692,0.00028489442775026,0.000284556648693979,0.000283357658190653,0.000281268818071112,0.000278463819995522,0.000275739061180502,0.000273148354608566,0.000269883312284946,0.000266071147052571,0.000262900750385597,0.000258913758443668,0.00025506634847261,0.000251856865361333,0.000248953030677512,0.000245881645241752,0.000243781876633875,0.000242292662733234,0.000240999535890296,0.000240027540712617,0.000239120694459416,0.000237876272876747,0.000236260282690637,0.000233795173699036,0.000230685123824514,0.000227478361921385,0.000225122290430591,0.000223139679292217,0.000221903508645482,0.000220992078538984,0.000220495479879901,0.000220162299228832,0.000219945883145556,0.000220603047637269,0.000221137539483607,0.000222098984522745,0.000224245843128301,0.000227159383939579,0.000230975216254592,0.000234321254538372,0.000237515341723338,0.000240589681197889,0.000242351859924383,0.000242149370023981,0.000116971226816531,1.70254043041496E-06,-9999,-9999,-9999,-9999,-9999,-9999,-9999,-9999,-9999,-9999,-9999,-9999,-9999,-9999,-9999,-9999,-9999,-9999,-9999,-9999,-9999,-9999,-9999,-9999,-9999,-9999,-9999,-9999,-9999,-9999,-9999,-9999,1.50207097249222E-06,4.17200726587907E-06,6.92063695169054E-05,0.000186928853509016,0.000203274757950567,0.00020077230874449,0.000197398447198793,0.000194745094631799,0.000193223997484893,0.000191696410183795,0.000190781007404439,0.000189967438927852,0.000189343903912231,0.000187867815839127,0.000186010292964056,0.00018286170961801,0.000178006128408015,0.000161935036885552,0.000114771515654866,5.2176237659296E-05,1.05769750007312E-05,-9999,-9999,-9999,-9999,-9999,-9999,-9999,-9999,-9999,-9999,-9999,-9999,-9999,-9999,-9999,-9999,-9999
-9999,-9999,-9999,-9999,-9999,-9999,1.39224584927433E-05,1.72873733390588E-05,6.43224702798761E-05,0.000215479085454717,0.00026297100703232,0.000276051345281303,0.000280137377558276,0.000281732238363475,0.000282722903648391,0.000283312663668767,0.0002838003274519,0.000283521803794429,0.000282031745882705,0.000279112573480234,0.000275241327472031,0.000272143894108012,0.00026966500445269,0.000266270013526082,0.00026232551317662,0.000259068649029359,0.000255136168561876,0.000251153542194515,0.000248001102590933,0.000244898343225941,0.000241129033383913,0.000239378307014704,0.000237524567637593,0.000235943793086335,0.00023387762485072,0.000232885897275992,0.000232459060498513,0.000231690792134032,0.000229694691370241,0.00022699250257574,0.000223299313802272,0.000221495633013546,0.000219605877646245,0.000218335306271911,0.000217691223951988,0.000217896013054997,0.000217574764974415,0.000218259636312723,0.00021862835274078,0.000220023284782656,0.000220773305045441,0.000223215582082048,0.000226393894990906,0.000187124242074788,0.000218437242438085,0.000188288453500718,5.21616857440677E-06,1.65328515322472E-06,1.66794086453592E-06,-9999,-9999,-9999,-9999,-9999,-9999,-9999,-9999,-9999,-9999,-9999,-9999,-9999,-9999,-9999,-9999,-9999,-9999,-9999,-9999,-9999,-9999,-9999,-9999,-9999,-9999,-9999,-9999,-9999,-9999,-9999,-9999,-9999,-9999,-9999,1.46478578244569E-06,1.44004116009455E-06,2.82693345070584E-05,0.000163330012583174,0.000196901964955032,0.000194408086827025,0.000191111030289903,0.000189177007996477,0.000188169869943522,0.000187137862667441,0.000186308549018577,0.000185042648809031,0.000183214651769958,0.000181376832188107,0.000178869551746175,0.000175624896655791,0.000165105986525305,0.000130215950775892,5.49769611097872E-05,1.42003591463435E-05,1.15684688353213E-05,9.12285577214789E-06,-9999,-9999,-9999,-9999,-9999,-9999,-9999,-9999,-9999,-9999,-9999,-9999,-9999,-9999,-9999
-9999,-9999,-9999,-9999,1.81332034117077E-05,1.99416208488401E-05,1.40100310090929E-05,5.9347708884161E-05,0.000228892589802854,0.000270956719759852,0.000280683132587001,0.000281280954368412,0.000280753883998841,0.000280556007055566,0.000280706764897332,0.000281245826045051,0.000281883461866528,0.000281784945400432,0.000280312378890812,0.000277139304671437,0.000272625766228884,0.00026925461133942,0.000267522933427244,0.00026314114802517,0.000259415479376912,0.000256307044764981,0.000251812802162021,0.00024961237795651,0.000246019422775134,0.000243047266849317,0.000238924010773189,0.000236187115660869,0.000233705359278247,0.000233644765103236,0.000230377205298282,0.000230557867325842,0.000230930498219095,0.000229256969760172,0.00022939415066503,3.11328258248977E-05,0.000155375804752111,0.000126737635582685,0.000215507054235786,0.000153422151925042,0.000197762041352689,0.000214834930375218,0.000215680192923173,0.000115051814645994,3.69469744327944E-05,0.000105147970316466,1.48643266584259E-05,1.29453583213035E-05,1.54203974034317E-06,1.55656994138553E-06,-9999,-9999,-9999,-9999,-9999,-9999,-9999,-9999,-9999,-9999,-9999,-9999,-9999,-9999,-9999,-9999,-9999,-9999,-9999,-9999,-9999,-9999,-9999,-9999,-9999,-9999,-9999,-9999,-9999,-9999,-9999,-9999,-9999,-9999,-9999,-9999,-9999,-9999,-9999,-9999,-9999,9.46417003433453E-07,1.37703955260804E-06,4.4221607822692E-05,0.00018209611880593,0.000191062514204532,0.000187798941624351,0.000185538330697455,0.000184900098247454,0.000183757307240739,0.000182443283847533,0.000180723203811795,0.000178613016032614,0.00017666767234914,0.000174860819242895,0.000172488857060671,0.000165390898473561,0.000126108730910346,4.45179539383389E-05,8.72281816555187E-06,8.76972899277462E-06,6.31823104413343E-06,9.24063169804867E-06,-9999,-9999,-9999,-9999,-9999,-9999,-9999,-9999,-9999,-9999,-9999,-9999,-9999,-9999
-9999,-9999,-9999,-9999,1.44376554089831E-05,2.21385143959196E-05,3.32318923028652E-05,0.000218765562749468,0.000276051461696625,0.000284243345959112,0.000283625064184889,0.000281530781649053,0.000279976229649037,0.000278634921414778,0.00027796538779512,0.000278162944596261,0.000278812047326937,0.000279830710496753,0.00027894478989765,0.000216681844904087,2.86806903204706E-06,1.84969246674882E-06,1.82996006969915E-06,1.80744257249899E-06,1.78365326064522E-06,1.75941090674314E-06,8.35334867588244E-06,1.70807550148311E-06,6.40691996522946E-06,1.65740277680015E-06,2.12322775041685E-05,0.000167737554875202,0.00022224776330404,0.000214935309486464,0.000229543948080391,0.000225060968659818,0.000228607983444817,0.000226292104343884,6.52009330224246E-05,1.55756879394175E-06,1.53743360442604E-06,1.52247469031863E-06,1.51087238009495E-06,1.50246216890082E-06,1.49625645917695E-06,1.49277002492454E-06,1.49131949456205E-06,-9999,-9999,-9999,-9999,-9999,-9999,-9999,-9999,-9999,-9999,-9999,-9999,-9999,-9999,-9999,-9999,-9999,-9999,-9999,-9999,-9999,-9999,-9999,-9999,-9999,-9999,-9999,-9999,-9999,-9999,-9999,-9999,-9999,-9999,-9999,-9999,-9999,-9999,-9999,-9999,-9999,-9999,-9999,-9999,-9999,-9999,-9999,-9999,-9999,1.34307674670708E-06,8.90679439180531E-06,0.000158992988872342,0.000186244506039657,0.000184662072570063,0.000181756491656415,0.000180957751581445,0.000179703085450456,0.000178088201209903,0.000176249202922918,0.000173947439179756,0.000171926221810281,0.000170288258232176,0.000168476428370923,0.000163615215569735,0.000136262038722634,6.89009102643467E-05,2.33853370446013E-05,4.20180731453001E-06,1.44059140438912E-05,8.77884303918108E-06,-9999,-9999,-9999,-9999,-9999,-9999,-9999,-9999,-9999,-9999,-9999,-9999,-9999,-9999
-9999,-9999,-9999,-9999,-9999,1.39899893838447E-05,0.000159557021106593,0.000274951657047495,0.000286204041913152,0.000286126130959019,0.000283449800917879,0.000280478387139738,0.000278784980764613,0.000276544946245849,0.000275426835287362,0.000276388076599687,0.000166044832440093,1.90039850167523E-06,1.90175740044651E-06,1.90075229511422E-06,-9999,-9999,-9999,-9999,-9999,-9999,-9999,-9999,-9999,-9999,-9999,-9999,-9999,5.94496259509469E-06,1.73149401234696E-05,1.49642337419209E-05,1.99119604076259E-05,1.58561738317076E-06,-9999,-9999,-9999,-9999,-9999,-9999,-9999,-9999,-9999,-9999,-9999,-9999,-9999,-9999,-9999,-9999,-9999,-9999,-9999,-9999,-9999,-9999,-9999,-9999,-9999,-9999,-9999,-9999,-9999,-9999,-9999,-9999,-9999,-9999,-9999,-9999,-9999,-9999,-9999,-9999,-9999,-9999,-9999,-9999,-9999,-9999,-9999,-9999,-9999,-9999,-9999,-9999,-9999,-9999,-9999,-9999,-9999,-9999,8.82966617155034E-07,1.28509532260068E-06,0.000135815600515343,0.00018159624596592,0.000180657152668573,0.000177841502591036,0.000177358990185894,0.00017524155555293,0.000173385458765551,0.000171527441125363,0.000169514401932247,0.000167680816957727,0.000165809760801494,0.000164304990903474,0.000161888339789584,0.000146352962474339,9.54242059378885E-05,2.81264674413251E-05,1.56245187099557E-05,9.57163501880132E-06,-9999,-9999,-9999,-9999,-9999,-9999,-9999,-9999,-9999,-9999,-9999,-9999,-9999,-9999,-9999
-9999,-9999,-9999,-9999,-9999,5.5354081268888E-05,0.000259232183452696,0.000286436901660636,0.00028868330991827,0.00028633902547881,0.000283113913610578,0.00027972404495813,0.000276940205367282,0.00027521260199137,0.000273667479632422,3.14036369672976E-05,1.90404296063207E-06,1.27893486023822E-06,-9999,-9999,-9999,-9999,-9999,-9999,-9999,-9999,-9999,-9999,-9999,-9999,-9999,-9999,-9999,-9999,-9999,-9999,-9999,-9999,-9999,-9999,-9999,-9999,-9999,-9999,-9999,-9999,-9999,-9999,-9999,-9999,-9999,-9999,-9999,-9999,-9999,-9999,-9999,-9999,-9999,-9999,-9999,-9999,-9999,-9999,-9999,-9999,-9999,-9999,-9999,-9999,-9999,-9999,-9999,-9999,-9999,-9999,-9999,-9999,-9999,-9999,-9999,-9999,-9999,-9999,-9999,-9999,-9999,-9999,-9999,-9999,-9999,-9999,-9999,-9999,-9999,-9999,-9999,1.24795110423292E-06,0.000103233833215199,0.000177354333573021,0.000176608184119686,0.000174224085640162,0.000173329521203414,0.000170661238371395,0.000168445752933621,0.000166657919180579,0.000165192555868998,0.000163655597134493,0.000162058480782434,0.00016052057617344,0.000158407769049518,0.000151725311297923,0.000109390537545551,5.51511548110284E-05,1.06596107798396E-05,7.76212345954264E-06,-9999,-9999,-9999,-9999,-9999,-9999,-9999,-9999,-9999,-9999,-9999,-9999,-9999,-9999,-9999
-9999,-9999,1.50624427988078E-05,1.48281123983907E-05,1.43835468406905E-05,0.000152817112393677,0.000282563472865149,0.000289656833047047,0.000289145129499957,0.000285952293779701,0.000282640539808199,0.000279269297607243,0.000276662030955777,0.00027229540864937,1.6460213373648E-05,1.90616435702395E-06,1.28113822484011E-06,-9999,-9999,-9999,-9999,-9999,-9999,-9999,-9999,-9999,-9999,-9999,-9999,-9999,-9999,-9999,-9999,-9999,-9999,-9999,-9999,-9999,-9999,-9999,-9999,-9999,-9999,-9999,-9999,-9999,-9999,-9999,-9999,-9999,-9999,-9999,-9999,-9999,-9999,-9999,-9999,-9999,-9999,-9999,-9999,-9999,-9999,-9999,-9999,-9999,-9999,-9999,-9999,-9999,-9999,-9999,-9999,-9999,-9999,-9999,-9999,-9999,-9999,-9999,-9999,-9999,-9999,-9999,-9999,-9999,-9999,-9999,-9999,-9999,-9999,-9999,-9999,-9999,-9999,-9999,-9999,1.22029427984671E-06,6.01363499299623E-05,0.000173319946043193,0.000173299602465704,0.000170445593539625,0.000168295533512719,0.000166217418154702,0.000163513817824423,0.000162207405082881,0.000161102987476625,0.000159903516760096,0.000158412047312595,0.000156848967890255,0.000155243207700551,0.00015081258607097,0.000132630681036972,8.40352440718561E-05,4.50136467406992E-05,1.02293424788513E-05,-9999,-9999,-9999,-9999,-9999,-9999,-9999,-9999,-9999,-9999,-9999,-9999,-9999,-9999,-9999
-9999,-9999,-9999,-9999,1.77520141733112E-05,0.00023988114844542,0.00028762873262167,0.000290806405246258,0.000288763403659686,0.000284831097815186,0.000281703774817288,0.000279085943475366,0.000277144048595801,2.38489556068089E-05,1.90959690371528E-06,1.28298449908471E-06,-9999,-9999,-9999,-9999,-9999,-9999,-9999,-9999,-9999,-9999,-9999,-9999,-9999,-9999,-9999,-9999,-9999,-9999,-9999,-9999,-9999,-9999,-9999,-9999,-9999,-9999,-9999,-9999,-9999,-9999,-9999,-9999,-9999,-9999,-9999,-9999,-9999,-9999,-9999,-9999,-9999,-9999,-9999,-9999,-9999,-9999,-9999,-9999,-9999,-9999,-9999,-9999,-9999,-9999,-9999,-9999,-9999,-9999,-9999,-9999,-9999,-9999,-9999,-9999,-9999,-9999,-9999,-9999,-9999,-9999,-9999,-9999,-9999,-9999,-9999,-9999,-9999,-9999,-9999,-9999,-9999,1.197011442855E-06,3.1565927201882E-05,0.00016895605949685,0.000169451042893343,0.00016727032198105,0.000164387776749209,0.000162241893121973,0.000159278977662325,0.000158094568178058,0.000157503804075532,0.000156347581651062,0.000154816545546055,0.000153302797116339,0.000151485874084756,0.000148884239024483,0.000142007309477776,0.00012317237269599,7.65740260249004E-05,2.27965374506311E-05,-9999,-9999,-9999,-9999,-9999,-9999,-9999,-9999,-9999,-9999,-9999,-9999,-9999,-9999,-9999
-9999,-9999,-9999,-9999,3.76166062778793E-05,0.000261140143265948,0.000289362651528791,0.000290848693111911,0.000288072187686339,0.000283638888504356,0.000280898646451533,0.000279034924460575,0.000187260928214528,1.91393951354257E-06,1.28733540805115E-06,-9999,-9999,-9999,-9999,-9999,-9999,-9999,-9999,-9999,-9999,-9999,-9999,-9999,-9999,-9999,-9999,-9999,-9999,-9999,-9999,-9999,-9999,-9999,-9999,-9999,-9999,-9999,-9999,-9999,-9999,-9999,-9999,-9999,-9999,-9999,-9999,-9999,-9999,-9999,-9999,-9999,-9999,-9999,-9999,-9999,-9999,-9999,-9999,-9999,-9999,-9999,-9999,-9999,-9999,-9999,-9999,-9999,-9999,-9999,-9999,-9999,-9999,-9999,-9999,-9999,-9999,-9999,-9999,-9999,-9999,-9999,-9999,-9999,-9999,-9999,-9999,-9999,-9999,-9999,-9999,-9999,-9999,1.17596687232435E-06,1.26953100334504E-05,0.000163587727001868,0.000165335761266761,0.000164106779266149,0.000160866431542672,0.000158149094204418,0.000155771267600358,0.000154016684973612,0.000153433007653803,0.000152194639667869,0.000151036671013571,0.000149610175867565,0.000147984697832726,0.000146126752952114,0.000142940014484338,0.000136318092700094,0.000114181995741092,6.14918535575271E-05,8.42091412778245E-06,-9999,-9999,-9999,-9999,-9999,-9999,-9999,-9999,-9999,-9999,-9999,-9999,-9999,-9999
-9999,-9999,-9999,-9999,3.05135017697467E-05,0.000257659237831831,0.000289563933620229,0.000290432100882754,0.000287227885564789,0.000282934634014964,0.000280612468486652,0.000278989551588893,1.91459162124374E-06,1.28987926473201E-06,8.66503910401661E-07,-9999,-9999,-9999,-9999,-9999,-9999,-9999,-9999,-9999,-9999,-9999,-9999,-9999,-9999,-9999,-9999,-9999,-9999,-9999,-9999,-9999,-9999,-9999,-9999,-9999,-9999,-9999,-9999,-9999,-9999,-9999,-9999,-9999,-9999,-9999,-9999,-9999,-9999,-9999,-9999,-9999,-9999,-9999,-9999,-9999,-9999,-9999,-9999,-9999,-9999,-9999,-9999,-9999,-9999,-9999,-9999,-9999,-9999,-9999,-9999,-9999,-9999,-9999,-9999,-9999,-9999,-9999,-9999,-9999,-9999,-9999,-9999,-9999,-9999,-9999,-9999,-9999,-9999,-9999,-9999,-9999,-9999,7.70921019466186E-07,1.13663872980396E-06,0.000156096226419322,0.000161760515766218,0.000160747833433561,0.000158034032210708,0.000154331064550206,0.00015222626097966,0.000150406267493963,0.000149060346302576,0.00014811048458796,0.000147123239003122,0.000146030200994574,0.000144474834087305,0.000142621822305955,0.000140801043016836,0.000137558148708194,0.000127218430861831,9.21777173061855E-05,2.88283135887468E-05,6.59328634355916E-06,-9999,-9999,-9999,-9999,-9999,-9999,-9999,-9999,-9999,-9999,-9999,-9999,-9999
-9999,-9999,-9999,-9999,1.5921650629025E-05,0.000234899256611243,0.000288870127405971,0.000290277850581333,0.00028750638011843,0.000283341767499223,0.00028096599271521,0.000278681080089882,1.92003244592343E-06,1.29351258237875E-06,-9999,-9999,-9999,-9999,-9999,-9999,-9999,-9999,-9999,-9999,-9999,-9999,-9999,-9999,-9999,-9999,-9999,-9999,-9999,-9999,-9999,-9999,-9999,-9999,-9999,-9999,-9999,-9999,-9999,-9999,-9999,-9999,-9999,-9999,-9999,-9999,-9999,-9999,-9999,-9999,-9999,-9999,-9999,-9999,-9999,-9999,-9999,-9999,-9999,-9999,-9999,-9999,-9999,-9999,-9999,-9999,-9999,-9999,-9999,-9999,-9999,-9999,-9999,-9999,-9999,-9999,-9999,-9999,-9999,-9999,-9999,-9999,-9999,-9999,-9999,-9999,-9999,-9999,-9999,-9999,-9999,-9999,-9999,7.59503450353805E-07,1.11254007606476E-06,0.000148484483361244,0.000158229842782021,0.000157159054651856,0.000155368514242582,0.000151644300785847,0.000148633640492335,0.000146764272358268,0.00014536379603669,0.000144937730510719,0.000143960249260999,0.000142897042678669,0.000141221084049903,0.000139421594212763,0.000137928524054587,0.000135616050101817,0.000128999585285783,0.000113771813630592,6.68632492306642E-05,1.26051099869073E-05,9.04113039723597E-06,9.25252606975846E-07,-9999,-9999,-9999,-9999,-9999,-9999,-9999,-9999,-9999,-9999,-9999
-9999,-9999,-9999,-9999,1.42566341310157E-05,0.000127592909848318,0.000283957342617214,0.000290741707431152,0.000289477058686316,0.000286554772173986,0.000283382803900167,0.000281072163488716,4.27098530053627E-06,1.93360597222636E-06,-9999,-9999,-9999,-9999,-9999,-9999,-9999,-9999,-9999,-9999,-9999,-9999,-9999,-9999,-9999,-9999,-9999,-9999,-9999,-9999,-9999,-9999,-9999,-9999,-9999,-9999,-9999,-9999,-9999,-9999,-9999,-9999,-9999,-9999,-9999,-9999,-9999,-9999,-9999,-9999,-9999,-9999,-9999,-9999,-9999,-9999,-9999,-9999,-9999,-9999,-9999,-9999,-9999,-9999,-9999,-9999,-9999,-9999,-9999,-9999,-9999,-9999,-9999,-9999,-9999,-9999,-9999,-9999,-9999,-9999,-9999,-9999,-9999,-9999,-9999,-9999,-9999,-9999,-9999,-9999,-9999,-9999,-9999,-9999,1.08775668650196E-06,0.000142822405905463,0.000154743189341389,0.000153576067532413,0.000152828230056912,0.000149356419569813,0.000146086924360134,0.000144348319736309,0.000143168115755543,0.000142003482324071,0.000141177457408048,0.000139889802085236,0.000138411895022728,0.000136753194965422,0.000135357622639276,0.000133647467009723,0.000128839368699118,0.000117567993584089,8.86241468833759E-05,2.08697383641265E-05,7.17963348506601E-06,-9999,-9999,-9999,-9999,-9999,-9999,-9999,-9999,-9999,-9999,-9999,-9999
-9999,-9999,-9999,-9999,1.42973176480155E-05,5.60076514375396E-05,0.000264022935880348,0.000290752737782896,0.000290781405055895,0.000289576331852004,0.000287081813439727,0.000284342706436291,0.000193309577298351,1.93542700799298E-06,-9999,-9999,-9999,-9999,-9999,-9999,-9999,-9999,-9999,-9999,-9999,-9999,-9999,-9999,-9999,-9999,-9999,-9999,-9999,-9999,-9999,-9999,-9999,-9999,-9999,-9999,-9999,-9999,-9999,-9999,-9999,-9999,-9999,-9999,-9999,-9999,-9999,-9999,-9999,-9999,-9999,-9999,-9999,-9999,-9999,-9999,-9999,-9999,-9999,-9999,-9999,-9999,-9999,-9999,-9999,-9999,-9999,-9999,-9999,-9999,-9999,-9999,-9999,-9999,-9999,-9999,-9999,-9999,-9999,-9999,-9999,-9999,-9999,-9999,-9999,-9999,-9999,-9999,-9999,-9999,-9999,-9999,-9999,-9999,1.0706876309996E-06,0.000128930463688448,0.000151910135173239,0.000150898966239765,0.00015021360013634,0.000148038234328851,0.000144460034789518,0.000141434502438642,0.000140378862852231,0.000138859570142813,0.000137925715534948,0.000136720787850209,0.000135663693072274,0.000134323840029538,0.000133076915517449,0.000131262335344218,0.000127669729408808,0.000118504838610534,0.000102482743386645,3.90978748328052E-05,7.10021367922309E-06,6.39631161902798E-06,6.47066553938203E-06,-9999,-9999,-9999,-9999,-9999,-9999,-9999,-9999,-9999,-9999
-9999,-9999,-9999,-9999,-9999,1.58492639457108E-05,0.000216560263652354,0.000289621442789212,0.000291770586045459,0.000291355012450367,0.000289696647087112,0.000286605209112167,0.000283301225863397,1.93871142073476E-06,-9999,-9999,-9999,-9999,-9999,-9999,-9999,-9999,-9999,-9999,-9999,-9999,-9999,-9999,-9999,-9999,-9999,-9999,-9999,-9999,-9999,-9999,-9999,-9999,-9999,-9999,-9999,-9999,-9999,-9999,-9999,-9999,-9999,-9999,-9999,-9999,-9999,-9999,-9999,-9999,-9999,-9999,-9999,-9999,-9999,-9999,-9999,-9999,-9999,-9999,-9999,-9999,-9999,-9999,-9999,-9999,-9999,-9999,-9999,-9999,-9999,-9999,-9999,-9999,-9999,-9999,-9999,-9999,-9999,-9999,-9999,-9999,-9999,-9999,-9999,-9999,-9999,-9999,-9999,-9999,-9999,-9999,-9999,-9999,1.05888034340751E-06,0.000102552636235487,0.00014838800416328,0.000148815321153961,0.000147780127008446,0.000145977988722734,0.000142457676702179,0.000138807561597787,0.000137713068397716,0.000136106260470115,0.000135253547341563,0.000134024521685205,0.000133101071696728,0.000132035158458166,0.000130871107103303,0.000129378808196634,0.000127029969007708,0.00012267311103642,9.81924822553992E-05,5.98112601437606E-05,2.23547722271178E-05,1.50488012877759E-05,8.94594086275902E-06,6.54087079965393E-06,-9999,-9999,-9999,-9999,-9999,-9999,-9999,-9999,-9999
-9999,-9999,-9999,-9999,-9999,3.2425318750029E-06,0.000153482076711953,0.0002847753057722,0.000292596931103617,0.000292770622763783,0.000291649921564385,0.000288538460154086,0.000284689944237471,1.94564131561492E-06,-9999,-9999,-9999,-9999,-9999,-9999,-9999,-9999,-9999,-9999,-9999,-9999,-9999,-9999,-9999,-9999,-9999,-9999,-9999,-9999,-9999,-9999,-9999,-9999,-9999,-9999,-9999,-9999,-9999,-9999,-9999,-9999,-9999,-9999,-9999,-9999,-9999,-9999,-9999,-9999,-9999,-9999,-9999,-9999,-9999,-9999,-9999,-9999,-9999,-9999,-9999,-9999,-9999,-9999,-9999,-9999,-9999,-9999,-9999,-9999,-9999,-9999,-9999,-9999,-9999,-9999,-9999,-9999,-9999,-9999,-9999,-9999,-9999,-9999,-9999,-9999,-9999,-9999,-9999,-9999,-9999,-9999,-9999,-9999,1.05174069631175E-06,3.41698942065705E-05,0.0001442094653612,0.000146836217027158,0.000145572033943608,0.000143668701639399,0.000140475429361686,0.000137009366881102,0.000135375041281804,0.000134242829517461,0.000133036286570132,0.000131490640342236,0.000130493004689924,0.000129529100377113,0.000128508792840876,0.000127548293676227,0.000125804406707175,0.000120114549645223,0.000101863312011119,8.44348614918999E-05,6.65262632537633E-05,5.56550912733655E-05,1.66722493304405E-05,6.4063733589137E-06,-9999,-9999,-9999,-9999,-9999,-9999,-9999,-9999,-9999
-9999,-9999,-9999,-9999,-9999,1.9994683952973E-06,0.000110863344161771,0.000285394780803472,0.000293281045742333,0.000293955090455711,0.000293198943836614,0.000290023628622293,0.000283154309727252,1.95298844118952E-06,-9999,-9999,-9999,-9999,-9999,-9999,-9999,-9999,-9999,-9999,-9999,-9999,-9999,-9999,-9999,-9999,-9999,-9999,-9999,-9999,-9999,-9999,-9999,-9999,-9999,-9999,-9999,-9999,-9999,-9999,-9999,-9999,-9999,-9999,-9999,-9999,-9999,-9999,-9999,-9999,-9999,-9999,-9999,-9999,-9999,-9999,-9999,-9999,-9999,-9999,-9999,-9999,-9999,-9999,-9999,-9999,-9999,-9999,-9999,-9999,-9999,-9999,-9999,-9999,-9999,-9999,-9999,-9999,-9999,-9999,-9999,-9999,-9999,-9999,-9999,-9999,-9999,-9999,-9999,-9999,-9999,-9999,-9999,-9999,-9999,1.02421699921251E-06,0.000140600997838192,0.000144072837429121,0.00014358147745952,0.000141472017276101,0.000138430594233796,0.000134893678477965,0.000133232984808274,0.000132199696963653,0.00013080338248983,0.000129374209791422,0.00012816306843888,0.000127282546600327,0.000126285769511014,0.000125470629427582,0.000124456782941706,0.000120424578199163,0.000115470553282648,0.000108605876448564,9.29059970076196E-05,5.8740781241795E-05,2.21851951209828E-05,6.28295947535662E-06,-9999,-9999,-9999,-9999,-9999,-9999,-9999,-9999,-9999
-9999,-9999,-9999,-9999,-9999,-9999,6.75913543091156E-05,0.000287081755232066,0.000293822988169268,0.000294873723760247,0.000293915625661612,0.000290145486360416,0.000287628063233569,-9999,-9999,-9999,-9999,-9999,-9999,-9999,-9999,-9999,-9999,-9999,-9999,-9999,-9999,-9999,-9999,-9999,-9999,-9999,-9999,-9999,-9999,-9999,-9999,-9999,-9999,-9999,-9999,-9999,-9999,-9999,-9999,-9999,-9999,-9999,-9999,-9999,-9999,-9999,-9999,-9999,-9999,-9999,-9999,-9999,-9999,-9999,-9999,-9999,-9999,-9999,-9999,-9999,-9999,-9999,-9999,-9999,-9999,-9999,-9999,-9999,-9999,-9999,-9999,-9999,-9999,-9999,-9999,-9999,-9999,-9999,-9999,-9999,-9999,-9999,-9999,-9999,-9999,-9999,-9999,-9999,-9999,-9999,-9999,-9999,-9999,1.01098248705966E-06,0.000130784668726847,0.000141510929097421,0.000141739321406931,0.000139825249789283,0.000136954506160691,0.000133723006001674,0.000131602442706935,0.000130247964989394,0.000128600659081712,0.000127240753499791,0.000126032246043906,0.00012499738659244,0.000124080732348375,0.000123352685477585,0.000123024423373863,0.000122076191473752,0.000119830445328262,0.000112007546704262,9.75044895312749E-05,7.29858729755506E-05,3.77509095415007E-05,7.71685154177248E-06,-9999,-9999,-9999,-9999,-9999,-9999,-9999,-9999,-9999
-9999,-9999,-9999,-9999,-9999,-9999,5.10329373355489E-05,0.000288022856693715,0.000294961995678023,0.000295463687507436,0.00029357461608015,0.000289768096990883,0.000285620160866529,-9999,-9999,-9999,-9999,-9999,-9999,-9999,-9999,-9999,-9999,-9999,-9999,-9999,-9999,-9999,-9999,-9999,-9999,-9999,-9999,-9999,-9999,-9999,-9999,-9999,-9999,-9999,-9999,-9999,-9999,-9999,-9999,-9999,-9999,-9999,-9999,-9999,-9999,-9999,-9999,-9999,-9999,-9999,-9999,-9999,-9999,-9999,-9999,-9999,-9999,-9999,-9999,-9999,-9999,-9999,-9999,-9999,-9999,-9999,-9999,-9999,-9999,-9999,-9999,-9999,-9999,-9999,-9999,-9999,-9999,-9999,-9999,-9999,-9999,-9999,-9999,-9999,-9999,-9999,-9999,-9999,-9999,-9999,-9999,-9999,-9999,9.99441226667841E-07,8.63397508510388E-05,0.000139592273626477,0.000139941403176636,0.000138004426844418,0.000135208989377134,0.000132361106807366,0.000129640524392016,0.000128560903249308,0.000126875165733509,0.000125485865282826,0.000124247715575621,0.000123300502309576,0.000122396624647081,0.000121702913020272,0.00012144247739343,0.000121137301903218,0.000119790944154374,0.000116009381599724,0.000107143321656622,8.27893818495795E-05,5.81784515816253E-05,1.46216534631094E-05,7.7254271673155E-06,6.2521703512175E-06,-9999,-9999,-9999,-9999,-9999,-9999,-9999
-9999,-9999,-9999,-9999,-9999,-9999,8.1278063589707E-05,0.000293074292130768,0.000296366604743525,0.00029549453756772,0.000292697397526354,0.000289032643195242,0.000262598332483321,-9999,-9999,-9999,-9999,-9999,-9999,-9999,-9999,-9999,-9999,-9999,-9999,-9999,-9999,-9999,-9999,-9999,-9999,-9999,-9999,-9999,-9999,-9999,-9999,-9999,-9999,-9999,-9999,-9999,-9999,-9999,-9999,-9999,-9999,-9999,-9999,-9999,-9999,-9999,-9999,-9999,-9999,-9999,-9999,-9999,-9999,-9999,-9999,-9999,-9999,-9999,-9999,-9999,-9999,-9999,-9999,-9999,-9999,-9999,-9999,-9999,-9999,-9999,-9999,-9999,-9999,-9999,-9999,-9999,-9999,-9999,-9999,-9999,-9999,-9999,-9999,-9999,-9999,-9999,-9999,-9999,-9999,-9999,-9999,-9999,-9999,9.8879002052854E-07,5.81442191105452E-06,0.00013770317309536,0.000137585666379891,0.000135952373966575,0.00013309130736161,0.000130265732877888,0.000127798848552629,0.00012656839680858,0.000125355683849193,0.000124009209685028,0.000122675803140737,0.000121662771562114,0.000120943834190257,0.000120456825243309,0.000120051525300369,0.000120013173727784,0.00011901106336154,0.000116251700092107,0.000109402579255402,9.67071173363365E-05,6.89025400788523E-05,2.63854872173397E-05,1.3221382687334E-05,9.67060077528004E-06,6.22691459284397E-06,-9999,-9999,-9999,-9999,-9999,-9999
-9999,-9999,-9999,-9999,-9999,-9999,-9999,-9999,-9999,-9999,-9999,-9999,-9999,-9999,-9999,-9999,-9999,-9999,-9999,-9999,-9999,-9999,-9999,-9999,-9999,-9999,-9999,-9999,-9999,-9999,-9999,-9999,-9999,-9999,-9999,-9999,-9999,-9999,-9999,-9999,-9999,-9999,-9999,-9999,-9999,-9999,-9999,-9999,-9999,-9999,-9999,-9999,-9999,-9999,-9999,-9999,-9999,-9999,-9999,-9999,-9999,-9999,-9999,-9999,-9999,-9999,-9999,-9999,-9999,-9999,-9999,-9999,-9999,-9999,-9999,-9999,-9999,-9999,-9999,-9999,-9999,-9999,-9999,-9999,-9999,-9999,-9999,-9999,-9999,-9999,-9999,-9999,-9999,-9999,-9999,-9999,-9999,-9999,-9999,-9999,9.52942514231836E-07,0.000132138186017983,0.000135080961626954,0.000133720546728,0.000131190870888531,0.000128461397252977,0.000125972481328063,0.000124847400002182,0.000124044003314339,0.000122543191537261,0.000121318909805268,0.000120410331874155,0.000119565855129622,0.000119234144221991,0.000118946918519214,0.000118911731988192,0.000118753057904541,0.000117409312224481,0.000113267560664099,0.000102961064840201,7.57360394345596E-05,4.05660794058349E-05,2.6480349333724E-05,1.99678252101876E-05,1.07348196252133E-05,6.17669365965412E-06,-9999,-9999,-9999,-9999,-9999
-9999,-9999,-9999,-9999,-9999,-9999,-9999,-9999,-9999,-9999,-9999,-9999,-9999,-9999,-9999,-9999,-9999,-9999,-9999,-9999,-9999,-9999,-9999,-9999,-9999,-9999,-9999,-9999,-9999,-9999,-9999,-9999,-9999,-9999,-9999,-9999,-9999,-9999,-9999,-9999,-9999,-9999,-9999,-9999,-9999,-9999,-9999,-9999,-9999,-9999,-9999,-9999,-9999,-9999,-9999,-9999,-9999,-9999,-9999,-9999,-9999,-9999,-9999,-9999,-9999,-9999,-9999,-9999,-9999,-9999,-9999,-9999,-9999,-9999,-9999,-9999,-9999,-9999,-9999,-9999,-9999,-9999,-9999,-9999,-9999,-9999,-9999,-9999,-9999,-9999,-9999,-9999,-9999,-9999,-9999,-9999,-9999,-9999,-9999,-9999,9.381116115037E-07,9.98959149001166E-05,0.000133040739456192,0.000131322609377094,0.000129135776660405,0.000126453509437852,0.000123892139527015,0.000123217410873622,0.000122534343972802,0.00012116513971705,0.000119762757094577,0.00011901515244972,0.000118154945084825,0.000118023861432448,0.000118011943413876,0.000118462499813177,0.000118504649435636,0.000117840099846944,0.000113473935925867,0.000102370540844277,7.87820099503733E-05,5.05234638694674E-05,3.74368391931057E-05,2.186815981986E-05,1.46695838338928E-05,6.88572254148312E-06,6.16998386249179E-06,-9999,-9999,-9999,-9999
-9999,-9999,-9999,-9999,-9999,-9999,-9999,-9999,-9999,-9999,-9999,-9999,-9999,-9999,-9999,-9999,-9999,-9999,-9999,-9999,-9999,-9999,-9999,-9999,-9999,-9999,-9999,-9999,-9999,-9999,-9999,-9999,-9999,-9999,-9999,-9999,-9999,-9999,-9999,-9999,-9999,-9999,-9999,-9999,-9999,-9999,-9999,-9999,-9999,-9999,-9999,-9999,-9999,-9999,-9999,-9999,-9999,-9999,-9999,-9999,-9999,-9999,-9999,-9999,-9999,-9999,-9999,-9999,-9999,-9999,-9999,-9999,-9999,-9999,-9999,-9999,-9999,-9999,-9999,-9999,-9999,-9999,-9999,-9999,-9999,-9999,-9999,-9999,-9999,-9999,-9999,-9999,-9999,-9999,-9999,-9999,-9999,-9999,-9999,-9999,9.27609619338909E-07,2.36195319303079E-06,0.000131087334011681,0.000129069710965268,0.000127097213407978,0.000124425336252898,0.00012224270903971,0.000121675555419642,0.000121024095278699,0.000119865413580555,0.000118515323265456,0.000117767995106988,0.000116956245619804,0.000116806717414875,0.000117113275337033,0.000117653522465844,0.000117315401439555,0.000116347378934734,0.000113156704173889,0.000101825658930466,8.47923947731033E-05,6.46769185550511E-05,4.70247068733443E-05,2.8834863769589E-05,1.6177767975023E-05,8.5654473878094E-06,6.15703811490675E-06,-9999,-9999,-9999,-9999
-9999,-9999,-9999,-9999,-9999,-9999,-9999,-9999,-9999,-9999,-9999,-9999,-9999,-9999,-9999,-9999,-9999,-9999,-9999,-9999,-9999,-9999,-9999,-9999,-9999,-9999,-9999,-9999,-9999,-9999,-9999,-9999,-9999,-9999,-9999,-9999,-9999,-9999,-9999,-9999,-9999,-9999,-9999,-9999,-9999,-9999,-9999,-9999,-9999,-9999,-9999,-9999,-9999,-9999,-9999,-9999,-9999,-9999,-9999,-9999,-9999,-9999,-9999,-9999,-9999,-9999,-9999,-9999,-9999,-9999,-9999,-9999,-9999,-9999,-9999,-9999,-9999,-9999,-9999,-9999,-9999,-9999,-9999,-9999,-9999,-9999,-9999,-9999,-9999,-9999,-9999,-9999,-9999,-9999,-9999,-9999,-9999,-9999,-9999,-9999,-9999,8.99312624369486E-07,0.000120217395306099,0.000126653962070122,0.000124928788864054,0.000122511148219928,0.000120743447041605,0.00011998616537312,0.000119490308861714,0.000118522759294137,0.000117093812150415,0.00011634043767117,0.000115657952846959,0.00011542400898179,0.00011575166718103,0.000116523988253903,0.00011721745977411,0.00011706610530382,0.000113421127025504,0.000103164937172551,8.72496893862262E-05,7.49753380659968E-05,5.380035872804E-05,2.86724080069689E-05,1.7821992514655E-05,8.52383163874038E-06,6.10333790973527E-06,-9999,-9999,6.30291106062941E-06,6.30104887022753E-06
-9999,-9999,-9999,-9999,-9999,-9999,-9999,-9999,-9999,-9999,-9999,-9999,-9999,-9999,-9999,-9999,-9999,-9999,-9999,-9999,-9999,-9999,-9999,-9999,-9999,-9999,-9999,-9999,-9999,-9999,-9999,-9999,-9999,-9999,-9999,-9999,-9999,-9999,-9999,-9999,-9999,-9999,-9999,-9999,-9999,-9999,-9999,-9999,-9999,-9999,-9999,-9999,-9999,-9999,-9999,-9999,-9999,-9999,-9999,-9999,-9999,-9999,-9999,-9999,-9999,-9999,-9999,-9999,-9999,-9999,-9999,-9999,-9999,-9999,-9999,-9999,-9999,-9999,-9999,-9999,-9999,-9999,-9999,-9999,-9999,-9999,-9999,-9999,-9999,-9999,-9999,-9999,-9999,-9999,-9999,-9999,-9999,-9999,-9999,-9999,-9999,-9999,6.28626639809227E-06,0.000126612314488739,0.000123233869089745,0.000121252742246725,0.000119664095109329,0.000118949596071616,0.000118157193355728,0.00011692255793605,0.000115611423098017,0.000114909795229323,0.000114408008812461,0.000114333168312442,0.000114569345896598,0.000115258706500754,0.000115870243462268,0.000115626331535168,0.000111977387859952,0.000107335836219136,9.71398549154401E-05,7.78797111706808E-05,5.35644649062306E-05,3.40544756909367E-05,1.59904393512988E-05,9.44666771829361E-06,6.08758773523732E-06,6.11648420090205E-06,6.19083357378258E-06,6.23680898570456E-06,6.93489892000798E-06
-9999,-9999,-9999,-9999,-9999,-9999,-9999,-9999,-9999,-9999,-9999,-9999,-9999,-9999,-9999,-9999,-9999,-9999,-9999,-9999,-9999,-9999,-9999,-9999,-9999,-9999,-9999,-9999,-9999,-9999,-9999,-9999,-9999,-9999,-9999,-9999,-9999,-9999,-9999,-9999,-9999,-9999,-9999,-9999,-9999,-9999,-9999,-9999,-9999,-9999,-9999,-9999,-9999,-9999,-9999,-9999,-9999,-9999,-9999,-9999,-9999,-9999,-9999,-9999,-9999,-9999,-9999,-9999,-9999,-9999,-9999,-9999,-9999,-9999,-9999,-9999,-9999,-9999,-9999,-9999,-9999,-9999,-9999,-9999,-9999,-9999,-9999,-9999,-9999,-9999,-9999,-9999,-9999,-9999,-9999,-9999,-9999,-9999,-9999,-9999,-9999,-9999,-9999,8.73407916515134E-05,0.000123606179840863,0.000120441589388065,0.000119421965791844,0.000118343457870651,0.000117494819278363,0.000115969844046049,0.000114601723907981,0.000113711612357292,0.000113316185888834,0.000113347559818067,0.000113801550469361,0.000114103291707579,0.000114249291073065,0.000113990827230737,0.000111206267320085,0.000107956875581294,9.8812066426035E-05,8.0720754340291E-05,6.04153756285086E-05,2.82731871266151E-05,1.4250466847443E-05,8.37640254758298E-06,6.78094193062861E-06,6.12265966992709E-06,6.8798117354163E-06,7.64138076192467E-06,6.27911940682679E-05
-9999,-9999,-9999,-9999,-9999,-9999,-9999,-9999,-9999,-9999,-9999,-9999,-9999,-9999,-9999,-9999,-9999,-9999,-9999,-9999,-9999,-9999,-9999,-9999,-9999,-9999,-9999,-9999,-9999,-9999,-9999,-9999,-9999,-9999,-9999,-9999,-9999,-9999,-9999,-9999,-9999,-9999,-9999,-9999,-9999,-9999,-9999,-9999,-9999,-9999,-9999,-9999,-9999,-9999,-9999,-9999,-9999,-9999,-9999,-9999,-9999,-9999,-9999,-9999,-9999,-9999,-9999,-9999,-9999,-9999,-9999,-9999,-9999,-9999,-9999,-9999,-9999,-9999,-9999,-9999,-9999,-9999,-9999,-9999,-9999,-9999,-9999,-9999,-9999,-9999,-9999,-9999,-9999,-9999,-9999,-9999,-9999,-9999,-9999,-9999,-9999,-9999,-9999,8.49833838856284E-07,8.66486952872947E-05,0.000123236692161299,0.000120178592624143,0.000118666343041696,0.000117479634354822,0.000115881601232104,0.000114493399451021,0.000113646165118553,0.000113259557110723,0.000113096444692928,0.000113051923108287,0.000113098984002136,0.000112485060526524,0.000111294306407217,0.000110573462734465,0.000103185018815566,9.13244730327278E-05,6.67158965370618E-05,3.61943893949501E-05,1.13737514766399E-05,7.40387213227223E-06,7.47458443584037E-06,8.45684007799719E-06,8.48980471346295E-06,1.44992509376607E-05,0.000126185361295938,0.000127743667690083
-9999,-9999,-9999,-9999,-9999,-9999,-9999,-9999,-9999,-9999,-9999,-9999,-9999,-9999,-9999,-9999,-9999,-9999,-9999,-9999,-9999,-9999,-9999,-9999,-9999,-9999,-9999,-9999,-9999,-9999,-9999,-9999,-9999,-9999,-9999,-9999,-9999,-9999,-9999,-9999,-9999,-9999,-9999,-9999,-9999,-9999,-9999,-9999,-9999,-9999,-9999,-9999,-9999,-9999,-9999,-9999,-9999,-9999,-9999,-9999,-9999,-9999,-9999,-9999,-9999,-9999,-9999,-9999,-9999,-9999,-9999,-9999,-9999,-9999,-9999,-9999,-9999,-9999,-9999,-9999,-9999,-9999,-9999,-9999,-9999,-9999,-9999,-9999,-9999,-9999,-9999,-9999,-9999,-9999,-9999,-9999,-9999,-9999,-9999,-9999,-9999,-9999,-9999,-9999,8.39252265905088E-07,8.34351737921679E-07,0.000113504356704652,0.000120037191663869,0.000117356728878804,0.000115978364192415,0.000114737660624087,0.000113981994218193,0.000106911167677026,8.92094540176913E-05,0.00011185894254595,0.000108670355984941,9.2152928118594E-05,7.72525309002958E-05,7.16063441359438E-05,6.17156401858665E-05,3.25272048939951E-05,1.23806667033932E-05,6.49296498522745E-06,5.86740907237981E-06,1.03232687251875E-05,1.76070934685413E-05,6.5265194280073E-05,0.000124641243019141,0.000126989587442949,0.000127939812955447,0.000126535887829959
-9999,-9999,-9999,-9999,-9999,-9999,-9999,-9999,-9999,-9999,-9999,-9999,-9999,-9999,-9999,-9999,-9999,-9999,-9999,-9999,-9999,-9999,-9999,-9999,-9999,-9999,-9999,-9999,-9999,-9999,-9999,-9999,-9999,-9999,-9999,-9999,-9999,-9999,-9999,-9999,-9999,-9999,-9999,-9999,-9999,-9999,-9999,-9999,-9999,-9999,-9999,-9999,-9999,-9999,-9999,-9999,-9999,-9999,-9999,-9999,-9999,-9999,-9999,-9999,-9999,-9999,-9999,-9999,-9999,-9999,-9999,-9999,-9999,-9999,-9999,-9999,-9999,-9999,-9999,-9999,-9999,-9999,-9999,-9999,-9999,-9999,-9999,-9999,-9999,-9999,-9999,-9999,-9999,-9999,-9999,-9999,-9999,-9999,-9999,-9999,-9999,-9999,-9999,-9999,-9999,-9999,8.23311722797371E-07,4.10664006267325E-06,0.000119355492643081,0.000117541079816874,0.000115673858090304,0.000114635360660031,0.000108991574961692,0.000109493135823868,0.00010453967115609,8.19871056592092E-05,6.00026214669924E-05,3.72316862922162E-05,1.47872042361996E-05,2.21996269829106E-05,1.35374011733802E-05,1.86423021659721E-05,6.30205031484365E-05,0.000121023898827843,0.000123342688311823,0.000125158403534442,0.000126075756270438,0.000125810314784758,0.000125464182929136,0.000120947748655453,6.29652058705688E-05
-9999,-9999,-9999,-9999,-9999,-9999,-9999,-9999,-9999,-9999,-9999,-9999,-9999,-9999,-9999,-9999,-9999,-9999,-9999,-9999,-9999,-9999,-9999,-9999,-9999,-9999,-9999,-9999,-9999,-9999,-9999,-9999,-9999,-9999,-9999,-9999,-9999,-9999,-9999,-9999,-9999,-9999,-9999,-9999,-9999,-9999,-9999,-9999,-9999,-9999,-9999,-9999,-9999,-9999,-9999,-9999,-9999,-9999,-9999,-9999,-9999,-9999,-9999,-9999,-9999,-9999,-9999,-9999,-9999,-9999,-9999,-9999,-9999,-9999,-9999,-9999,-9999,-9999,-9999,-9999,-9999,-9999,-9999,-9999,-9999,-9999,-9999,-9999,-9999,-9999,-9999,-9999,-9999,-9999,-9999,-9999,-9999,-9999,-9999,-9999,-9999,-9999,-9999,-9999,-9999,-9999,-9999,-9999,8.06002049102972E-07,3.25746373164293E-06,0.000114438720629551,0.000117354065878317,0.000116511611850001,0.000115984461444896,0.000115332404675428,0.000114907314127777,0.000114635920908768,0.000115207767521497,0.000116072653327137,0.000116986069770064,0.000118280542665161,0.000120400778541807,0.000122327299322933,0.000123221281683072,0.000123544712550938,0.000123963880469091,0.000123232879559509,0.000116101888124831,6.95531634846702E-05,4.85320106236031E-06,-9999
-9999,-9999,-9999,-9999,-9999,-9999,-9999,-9999,-9999,-9999,-9999,-9999,-9999,-9999,-9999,-9999,-9999,-9999,-9999,-9999,-9999,-9999,-9999,-9999,-9999,-9999,-9999,-9999,-9999,-9999,-9999,-9999,-9999,-9999,-9999,-9999,-9999,-9999,-9999,-9999,-9999,-9999,-9999,-9999,-9999,-9999,-9999,-9999,-9999,-9999,-9999,-9999,-9999,-9999,-9999,-9999,-9999,-9999,-9999,-9999,-9999,-9999,-9999,-9999,-9999,-9999,-9999,-9999,-9999,-9999,-9999,-9999,-9999,-9999,-9999,-9999,-9999,-9999,-9999,-9999,-9999,-9999,-9999,-9999,-9999,-9999,-9999,-9999,-9999,-9999,-9999,-9999,-9999,-9999,-9999,-9999,-9999,-9999,-9999,-9999,-9999,-9999,-9999,-9999,-9999,-9999,-9999,-9999,-9999,-9999,8.00519387667009E-07,7.98311589278455E-07,7.96193717178539E-07,7.93907759089052E-07,3.28587634612632E-06,4.61164108855883E-06,7.88509737503773E-07,7.89849309512647E-07,7.94382913227309E-07,1.53418773152225E-06,4.96022130391793E-06,2.19527646549977E-05,4.57688329333905E-05,5.05584976053797E-05,1.16805686047883E-05,8.5098571389608E-07,8.57304883083998E-07,8.60799900692655E-07,-9999,-9999,-9999
-9999,-9999,-9999,-9999,-9999,-9999,-9999,-9999,-9999,-9999,-9999,-9999,-9999,-9999,-9999,-9999,-9999,-9999,-9999,-9999,-9999,-9999,-9999,-9999,-9999,-9999,-9999,-9999,-9999,-9999,-9999,-9999,-9999,-9999,-9999,-9999,-9999,-9999,-9999,-9999,-9999,-9999,-9999,-9999,-9999,-9999,-9999,-9999,-9999,-9999,-9999,-9999,-9999,-9999,-9999,-9999,-9999,-9999,-9999,-9999,-9999,-9999,-9999,-9999,-9999,-9999,-9999,-9999,-9999,-9999,-9999,-9999,-9999,-9999,-9999,-9999,-9999,-9999,-9999,-9999,-9999,-9999,-9999,-9999,-9999,-9999,-9999,-9999,-9999,-9999,-9999,-9999,-9999,-9999,-9999,-9999,-9999,-9999,-9999,-9999,-9999,-9999,-9999,-9999,-9999,-9999,-9999,-9999,-9999,-9999,-9999,-9999,-9999,-9999,-9999,-9999,-9999,-9999,-9999,-9999,-9999,-9999,-9999,-9999,-9999,-9999,-9999,-9999,-9999,-9999,-9999
-9999,-9999,-9999,-9999,-9999,-9999,-9999,-9999,-9999,-9999,-9999,-9999,-9999,-9999,-9999,-9999,-9999,-9999,-9999,-9999,-9999,-9999,-9999,-9999,-9999,-9999,-9999,-9999,-9999,-9999,-9999,-9999,-9999,-9999,-9999,-9999,-9999,-9999,-9999,-9999,-9999,-9999,-9999,-9999,-9999,-9999,-9999,-9999,-9999,-9999,-9999,-9999,-9999,-9999,-9999,-9999,-9999,-9999,-9999,-9999,-9999,-9999,-9999,-9999,-9999,-9999,-9999,-9999,-9999,-9999,-9999,-9999,-9999,-9999,-9999,-9999,-9999,-9999,-9999,-9999,-9999,-9999,-9999,-9999,-9999,-9999,-9999,-9999,-9999,-9999,-9999,-9999,-9999,-9999,-9999,-9999,-9999,-9999,-9999,-9999,-9999,-9999,-9999,-9999,-9999,-9999,-9999,-9999,-9999,-9999,-9999,-9999,-9999,-9999,-9999,-9999,-9999,-9999,-9999,-9999,-9999,-9999,-9999,-9999,-9999,-9999,-9999,-9999,-9999,-9999,-9999

Step,361
Year,30.08333
-9999,-9999,-9999,-9999,-9999,-9999,-9999,-9999,-9999,-9999,-9999,-9999,-9999,-9999,-9999,-9999,-9999,-9999,-9999,-9999,-9999,-9999,-9999,-9999,-9999,-9999,-9999,-9999,-9999,-9999,-9999,-9999,-9999,-9999,-9999,-9999,-9999,-9999,-9999,-9999,-9999,-9999,-9999,-9999,-9999,-9999,-9999,-9999,-9999,-9999,-9999,-9999,-9999,-9999,-9999,-9999,-9999,-9999,-9999,-9999,-9999,-9999,-9999,-9999,-9999,-9999,-9999,-9999,-9999,-9999,-9999,-9999,-9999,-9999,-9999,-9999,-9999,-9999,-9999,-9999,-9999,-9999,-9999,-9999,-9999,-9999,-9999,-9999,-9999,-9999,-9999,-9999,-9999,-9999,-9999,-9999,-9999,-9999,-9999,-9999,-9999,-9999,-9999,-9999,-9999,-9999,-9999,-9999,-9999,-9999,-9999,-9999,-9999,-9999,-9999,-9999,-9999,-9999,-9999,-9999,-9999,-9999,-9999,-9999,-9999,-9999,-9999,-9999,-9999,-9999,-9999
-9999,-9999,-9999,-9999,-9999,-9999,-9999,-9999,-9999,-9999,-9999,-9999,-9999,-9999,-9999,-9999,-9999,-9999,-9999,-9999,-9999,-9999,-9999,-9999,-9999,-9999,-9999,-9999,-9999,-9999,-9999,-9999,-9999,-9999,-9999,-9999,-9999,-9999,-9999,-9999,-9999,-9999,-9999,-9999,-9999,-9999,-9999,-9999,-9999,-9999,-9999,-9999,-9999,-9999,-9999,-9999,-9999,-9999,-9999,-9999,-9999,-9999,-9999,-9999,-9999,-9999,-9999,-9999,-9999,-9999,-9999,-9999,-9999,-9999,-9999,-9999,-9999,-9999,-9999,-9999,-9999,-9999,-9999,-9999,-9999,-9999,-9999,-9999,-9999,-9999,-9999,-9999,-9999,-9999,-9999,-9999,-9999,-9999,-9999,-9999,-9999,-9999,-9999,-9999,-9999,-9999,-9999,-9999,-9999,-9999,-9999,-9999,-9999,-9999,-9999,-9999,-9999,-9999,-9999,-9999,-9999,-9999,-9999,-9999,-9999,-9999,-9999,-9999,-9999,-9999,-9999
-9999,-9999,-9999,-9999,-9999,-9999,-9999,-9999,-9999,-9999,-9999,-9999,-9999,-9999,-9999,-9999,-9999,-9999,-9999,-9999,-9999,-9999,-9999,-9999,-9999,-9999,-9999,-9999,-9999,-9999,-9999,-9999,-9999,-9999,-9999,-9999,-9999,-9999,-9999,-9999,-9999,-9999,-9999,-9999,-9999,-9999,-9999,-9999,-9999,-9999,-9999,-9999,-9999,-9999,-9999,-9999,-9999,-9999,-9999,-9999,-9999,-9999,-9999,-9999,-9999,-9999,-9999,-9999,-9999,-9999,-9999,-9999,-9999,-9999,6.95855703725101E-07,1.03427180420113E-06,-9999,-9999,-9999,-9999,-9999,-9999,-9999,-9999,-9999,-9999,-9999,-9999,-9999,-9999,-9999,-9999,-9999,-9999,-9999,-9999,-9999,-9999,-9999,-9999,-9999,-9999,-9999,-9999,-9999,-9999,-9999,-9999,-9999,-9999,-9999,-9999,-9999,-9999,-9999,-9999,-9999,-9999,-9999,-9999,-9999,-9999,-9999,-9999,-9999,-9999,-9999,-9999,-9999,-9999,-9999
-9999,-9999,-9999,-9999,-9999,-9999,-9999,-9999,-9999,-9999,-9999,-9999,-9999,-9999,-9999,-9999,-9999,-9999,-9999,-9999,-9999,-9999,-9999,-9999,-9999,-9999,-9999,-9999,-9999,-9999,-9999,-9999,-9999,-9999,-9999,-9999,-9999,-9999,-9999,-9999,-9999,-9999,-9999,-9999,-9999,-9999,-9999,-9999,-9999,-9999,-9999,-9999,-9999,-9999,-9999,-9999,-9999,-9999,-9999,-9999,-9999,-9999,-9999,-9999,-9999,-9999,-9999,-9999,-9999,-9999,-9999,-9999,-9999,-9999,9.95875439002702E-07,1.47380183079804E-06,-9999,-9999,-9999,-9999,-9999,-9999,-9999,-9999,-9999,-9999,-9999,-9999,-9999,-9999,-9999,-9999,-9999,-9999,-9999,-9999,-9999,-9999,-9999,-9999,-9999,-9999,-9999,-9999,-9999,-9999,-9999,-9999,-9999,-9999,-9999,-9999,-9999,-9999,-9999,-9999,-9999,-9999,-9999,-9999,-9999,-9999,-9999,-9999,-9999,-9999,-9999,-9999,-9999,-9999,-9999
-9999,-9999,-9999,-9999,-9999,-9999,-9999,-9999,-9999,-9999,-9999,-9999,-9999,-9999,-9999,-9999,-9999,-9999,-9999,-9999,-9999,-9999,-9999,-9999,-9999,-9999,-9999,-9999,-9999,-9999,-9999,-9999,-9999,-9999,-9999,-9999,-9999,-9999,-9999,-9999,-9999,-9999,-9999,-9999,-9999,-9999,-9999,-9999,-9999,-9999,-9999,-9999,-9999,-9999,-9999,-9999,8.53069366257841E-08,1.22558077464419E-07,1.72183106883494E-07,2.41428693925627E-07,-9999,-9999,-9999,-9999,-9999,1.26602549244126E-06,1.21376137940388E-06,1.70369651186775E-06,1.64870493790659E-06,1.05971548691741E-06,1.50889252381603E-06,7.49302716940292E-06,1.0040153938462E-05,9.94108540908201E-06,1.40511951940425E-06,7.20808566256892E-06,9.33432875172002E-06,-9999,-9999,8.92231582838576E-06,1.38483901537256E-05,1.21550219773781E-05,1.2377163329802E-05,3.1900894100545E-05,4.25527687184513E-05,3.89650704164524E-05,3.91437861253507E-05,2.39779201365309E-05,1.13273799797753E-05,-9999,-9999,-9999,-9999,-9999,-9999,-9999,-9999,-9999,-9999,-9999,-9999,-9999,-9999,-9999,-9999,-9999,-9999,-9999,-9999,-9999,-9999,-9999,-9999,-9999,-9999,-9999,-9999,-9999,-9999,-9999,-9999,-9999,-9999,-9999,-9999,-9999,-9999,-9999,-9999,-9999,-9999
-9999,-9999,-9999,-9999,-9999,-9999,-9999,-9999,-9999,-9999,-9999,-9999,-9999,-9999,-9999,-9999,-9999,-9999,-9999,-9999,-9999,-9999,-9999,-9999,-9999,-9999,-9999,-9999,-9999,-9999,-9999,-9999,-9999,-9999,-9999,-9999,-9999,-9999,-9999,-9999,-9999,-9999,-9999,-9999,-9999,-9999,-9999,-9999,-9999,-9999,-9999,-9999,-9999,-9999,-9999,8.92915466010891E-08,1.29682561578193E-07,1.85115027306892E-07,2.56117175467807E-07,3.42139571785083E-07,4.48636313876705E-07,6.1455943978217E-07,-9999,2.15827481042652E-06,5.7522370298102E-06,1.89324987331929E-06,1.75530237811472E-06,1.28481387946522E-05,1.2943557521794E-05,1.51620906763128E-06,1.46386173582869E-06,1.68069291248685E-05,2.1270323486533E-05,1.88767808140256E-05,1.66201098181773E-05,1.64051416504662E-05,1.27239763969555E-05,1.41480195452459E-05,2.36939940805314E-05,4.22482808062341E-05,0.000101151927083265,0.000155446410644799,0.000173067557625473,0.000173594235093333,0.000175540772033855,0.000177578054717742,0.000179720853338949,0.000182503354153596,0.00017615596880205,9.31624526856467E-05,3.96318355342373E-05,-9999,-9999,-9999,-9999,-9999,-9999,-9999,-9999,-9999,-9999,-9999,-9999,-9999,-9999,-9999,-9999,-9999,-9999,-9999,-9999,-9999,-9999,-9999,-9999,-9999,-9999,-9999,-9999,-9999,-9999,-9999,-9999,-9999,-9999,-9999,-9999,-9999,-9999,-9999,-9999
-9999,-9999,-9999,-9999,-9999,-9999,-9999,-9999,-9999,-9999,-9999,-9999,-9999,-9999,-9999,-9999,-9999,-9999,-9999,-9999,-9999,-9999,-9999,-9999,-9999,-9999,-9999,-9999,-9999,-9999,-9999,-9999,-9999,-9999,-9999,-9999,-9999,-9999,-9999,-9999,-9999,-9999,-9999,-9999,-9999,-9999,-9999,-9999,-9999,-9999,-9999,-9999,-9999,-9999,-9999,1.34066340251593E-07,1.96237635918806E-07,2.82908359849898E-07,3.91498076623975E-07,5.15979706960934E-07,6.54999325888639E-07,8.30280100672098E-07,1.08284780253598E-06,1.45981528021366E-06,1.99873147721519E-06,1.12908937808243E-05,1.94052026927238E-05,4.84449192299508E-05,7.77268651290797E-05,0.000111258064862341,0.000126519298646599,0.000112671186798252,0.000138601375510916,0.000154559267684817,0.000124037527712062,0.00012220605276525,0.000115167116746306,0.000123805817565881,0.00016784570470918,0.000172434854903258,0.000176006418769248,0.000178398011485115,0.000180481569259427,0.000181819210411049,0.000182883173692971,0.000184083022759296,0.000185554948984645,0.000186930861673318,0.000187650817679241,0.00018734612967819,0.000184536591405049,0.000153483852045611,3.65751438948791E-05,-9999,-9999,-9999,-9999,-9999,-9999,-9999,-9999,-9999,1.14207605292904E-05,1.14114945972688E-05,1.14209196908632E-05,-9999,-9999,-9999,-9999,-9999,-9999,-9999,-9999,-9999,-9999,-9999,-9999,-9999,-9999,-9999,-9999,-9999,-9999,-9999,-9999,-9999,-9999,-9999,-9999,-9999,-9999
-9999,-9999,-9999,-9999,-9999,-9999,-9999,-9999,-9999,-9999,-9999,-9999,-9999,-9999,-9999,-9999,-9999,-9999,-9999,-9999,-9999,-9999,-9999,-9999,-9999,-9999,-9999,-9999,-9999,-9999,-9999,5.35554636371671E-06,-9999,-9999,-9999,1.632202656765E-05,-9999,-9999,-9999,-9999,-9999,-9999,-9999,-9999,-9999,-9999,-9999,-9999,-9999,-9999,-9999,-9999,-9999,-9999,-9999,-9999,-9999,1.92731704373728E-07,2.72103505949417E-07,3.76217144548718E-07,-9999,7.55201426727581E-07,1.04625394214963E-06,1.43955219300551E-06,1.97459053197235E-06,1.14186186692677E-05,2.02148949028924E-05,2.73421028396115E-05,1.67831494763959E-05,9.12813484319486E-05,0.000187205499969423,0.000195949716726318,0.000193749670870602,0.000190994382137433,0.000184762291610241,0.000179948809091002,0.000180748087586835,0.000181296025402844,0.000179769165697508,0.000179167385795154,0.000179370676050894,0.000180398565134965,0.000180340342922136,0.000180788803845644,0.000182464529643767,0.000184058560989797,0.000185849363333546,0.000187807774636894,0.000189231795957312,0.000189874379429966,0.000190492966794409,0.000187190729775466,0.000170090148458257,4.45276818936691E-05,-9999,-9999,-9999,-9999,-9999,-9999,-9999,-9999,1.54075896716677E-05,2.38356460613431E-05,1.55485940922517E-05,1.11621775431558E-05,1.12584693852114E-05,-9999,-9999,-9999,-9999,-9999,-9999,-9999,-9999,-9999,-9999,-9999,-9999,-9999,-9999,-9999,-9999,-9999,-9999,-9999,-9999,-9999,-9999,-9999,-9999
-9999,-9999,-9999,-9999,-9999,-9999,-9999,-9999,-9999,-9999,-9999,-9999,-9999,-9999,-9999,-9999,-9999,-9999,-9999,-9999,-9999,-9999,-9999,-9999,-9999,-9999,-9999,-9999,-9999,-9999,3.73651369045547E-06,7.21797096048249E-06,-9999,-9999,7.52129108150257E-06,1.28527208289597E-05,-9999,-9999,1.51626654769643E-05,2.72653905994957E-05,-9999,-9999,-9999,-9999,-9999,3.70302518604149E-06,-9999,-9999,-9999,-9999,-9999,-9999,-9999,-9999,-9999,-9999,-9999,-9999,-9999,-9999,-9999,1.07073230992683E-06,1.4986860605859E-06,2.10043663173565E-06,1.97324334294535E-06,1.11466306407237E-05,1.21459979709471E-05,1.15171851575724E-05,1.07610803752323E-05,6.22572842985392E-05,0.000189993806998245,0.000200252849026583,0.000198333422304131,0.000194920794456266,0.000190892824321054,0.000187303143320605,0.000184580465429462,0.000182428513653576,0.000181073366547935,0.000180271177669056,0.000179924332769588,0.000179729962837882,0.000179009672137909,0.000180320901563391,0.000181970433914103,0.000184406133485027,0.00018640304915607,0.00018853836809285,0.000190464968909509,0.000191667844774202,0.00019247988529969,0.000192427105503157,0.000189600468729623,0.000160217299708165,4.50369734608103E-05,-9999,-9999,-9999,-9999,-9999,1.80237075255718E-05,1.81664399860892E-05,3.45196240232326E-05,5.10665158799384E-05,3.87331492675003E-05,2.60721644735895E-05,1.72004238265799E-05,1.11323097371496E-05,-9999,-9999,-9999,-9999,-9999,-9999,-9999,-9999,-9999,-9999,-9999,-9999,-9999,-9999,-9999,-9999,-9999,-9999,-9999,-9999,-9999,-9999,-9999
-9999,-9999,-9999,-9999,-9999,-9999,-9999,-9999,-9999,-9999,-9999,-9999,-9999,-9999,-9999,-9999,-9999,-9999,-9999,-9999,-9999,-9999,-9999,8.79866183822742E-06,1.11924928205553E-05,-9999,-9999,-9999,-9999,8.92842399480287E-06,8.43839916342404E-06,3.3807471027103E-06,1.66605877893744E-05,1.76463686329953E-06,1.49803272506688E-05,2.63030251517193E-05,4.70246814074926E-05,2.05744545382913E-05,1.26879531308077E-05,-9999,1.29783638840308E-05,1.36939233925659E-05,-9999,-9999,3.9386643038597E-05,4.97347764394362E-06,2.78330776382063E-06,1.63703975886165E-06,-9999,-9999,-9999,-9999,-9999,-9999,-9999,-9999,-9999,7.41259646019898E-06,4.63551714346977E-06,-9999,-9999,-9999,2.13594057640876E-06,1.39377152663656E-05,1.32570867208415E-05,1.29335521705798E-05,1.22715455290745E-05,1.14232125270064E-05,1.47837536133011E-05,9.04229891602881E-05,0.000191387691302225,0.000200975511688739,0.000198521665879525,0.000195151777006686,0.000191175189684145,0.000187492230907083,0.00018457492114976,0.00018217766773887,0.000180642717168666,0.000179811831912957,0.000178923510247841,0.000172132888110355,0.000175563167431392,0.00017967663006857,0.00018204482330475,0.000184140139026567,0.000186794917681254,0.000189316575415432,0.000191429397091269,0.00019266753224656,0.000193425890756771,0.000193701314856298,0.000192678315215744,0.000184343822184019,5.39827306056395E-05,9.53326798480703E-06,1.37762276608555E-06,9.41990606406762E-07,1.42117573886935E-06,4.3903255573241E-05,8.65467882249504E-05,0.000112129870103672,0.000125296355690807,0.00010720310092438,0.00010156261123484,7.73351057432592E-05,4.6715769713046E-05,1.52933625940932E-05,1.11705039671506E-05,1.13490859803278E-05,-9999,-9999,-9999,-9999,-9999,-9999,-9999,-9999,-9999,-9999,-9999,-9999,-9999,-9999,-9999,-9999,-9999,-9999,-9999,-9999,-9999
-9999,-9999,-9999,-9999,-9999,-9999,-9999,-9999,-9999,-9999,-9999,-9999,-9999,-9999,-9999,-9999,-9999,-9999,-9999,-9999,-9999,-9999,1.32120158014004E-05,1.54418867168715E-05,1.04009286587825E-05,1.03086476883618E-05,1.1242596883676E-05,1.2899343346362E-05,2.41527286561904E-05,3.62203245458659E-05,2.7179947210243E-05,6.38995406916365E-05,8.77152851899154E-05,9.44569037528709E-05,0.000108566069684457,9.40451573114842E-05,9.3354748969432E-05,8.51239892654121E-05,4.92037615913432E-05,3.7616424378939E-05,1.23534709928208E-05,7.75036551203812E-06,6.7362511799729E-06,9.65310391620733E-06,3.38297832058743E-06,2.37213953369064E-06,2.18840114030172E-06,1.98193879441533E-06,1.20887193588715E-06,-9999,-9999,-9999,-9999,-9999,-9999,-9999,-9999,3.0058032280067E-05,2.61450368270744E-05,2.35199240705697E-05,-9999,-9999,1.39734447657247E-05,1.3993193533679E-05,1.36771295728977E-05,1.30111402540933E-05,1.20874656204251E-05,1.38667901410372E-05,4.49231738457456E-05,0.000126950035337359,0.000194102613022551,0.000201461356482469,0.00019819506269414,0.000194649619515985,0.000190595543244854,0.000186713179573417,0.000183572818059474,0.000181160066858865,0.000179408831172623,0.000178615082404576,0.000169384918990545,8.92702519195154E-05,0.000106918305391446,0.000149935542140156,0.000175150547875091,0.000183984448085539,0.000187040423043072,0.000189858226804063,0.000192001229152083,0.000193132902495563,0.000194353429833427,0.000195108601474203,0.000193717321963049,0.000181119088665582,8.69179420988075E-05,7.02157049090602E-05,5.68658197153127E-06,1.39752523864445E-06,6.73738613841124E-05,0.000156064590555616,0.000173476786585525,0.000183905649464577,0.000181452720426023,0.000175594381289557,0.000168740472872742,0.000138740098918788,8.89370276127011E-05,4.63454198325053E-05,1.69903942150995E-05,1.11318331619259E-05,-9999,-9999,-9999,-9999,-9999,-9999,-9999,-9999,-9999,-9999,-9999,-9999,-9999,-9999,-9999,-9999,-9999,-9999,-9999,-9999,-9999
-9999,-9999,-9999,-9999,-9999,-9999,-9999,-9999,-9999,-9999,-9999,-9999,-9999,-9999,-9999,-9999,-9999,-9999,-9999,-9999,-9999,-9999,1.30581456687651E-05,1.54467215907061E-05,1.29332547658123E-05,1.32191817101557E-05,4.84282936668023E-05,9.60333927650936E-05,0.000126544662634842,0.000111046887468547,0.000110534878331237,8.86872585397214E-05,9.52073460211977E-05,0.000109077445813455,0.000101414712844416,0.000115343442303129,0.000136562084662728,0.00013578544894699,0.000141714539495297,0.000125968916108832,8.84378678165376E-05,5.72936551179737E-05,2.39382752624806E-05,9.46427280723583E-06,4.93535662826616E-06,2.3208194761537E-06,2.32283287004975E-06,2.26451493290369E-06,1.47720322729583E-06,1.41737473313697E-06,1.40969700623828E-06,-9999,-9999,-9999,-9999,-9999,-9999,-9999,2.20631809497718E-05,1.93213891179767E-05,1.64970479090698E-05,1.42755206979928E-05,1.40383472171379E-05,1.38270816023578E-05,1.35104537548614E-05,1.27333551063202E-05,1.46396241689217E-05,4.63121141365264E-05,0.00012389752373565,0.000195204804185778,0.000204443538677879,0.000200902271899395,0.000197077170014381,0.000193359272088856,0.000189212005352601,0.00018525795894675,0.000182255142135546,0.000180020520929247,0.00017830501019489,0.000159989955136552,2.22318567466573E-06,1.23367408377817E-06,1.24800612866238E-06,1.26070563055691E-06,1.46939901242149E-05,0.000121967372251675,0.00018287161947228,0.00018988574447576,0.000192320716450922,0.000194088686839677,0.000195596323464997,0.000196579552721232,0.000195607601199299,0.000180530056240968,0.000184399847057648,0.000191088402061723,0.000168533442774788,9.02136453078128E-05,0.00018161152547691,0.000199424714082852,0.000201867485884577,0.000199115529539995,0.000193398911505938,0.000189963495358825,0.00018552943947725,0.000168215978192165,0.000125621430925094,8.20658460725099E-05,2.54176193266176E-05,1.07591158666764E-05,5.54770122107584E-06,-9999,-9999,-9999,-9999,-9999,-9999,-9999,-9999,-9999,-9999,-9999,-9999,-9999,-9999,-9999,-9999,-9999,-9999,-9999,-9999
-9999,-9999,-9999,-9999,-9999,-9999,-9999,-9999,-9999,-9999,-9999,-9999,-9999,-9999,-9999,-9999,-9999,-9999,-9999,-9999,-9999,-9999,1.25898523037904E-05,1.56294372573029E-05,2.43532922468148E-05,0.000110733235487714,0.000142878445331007,0.000157380171003751,0.000149315412272699,0.000118273834232241,0.000117464987852145,0.000131492197397165,0.000138152186991647,0.000144672390888445,0.000164536424563266,0.000163637683726847,0.000169044811627828,0.00017413125897292,0.000184356569661759,0.000172351516084746,0.00015277010970749,9.57041629590094E-05,5.08229059050791E-05,2.96465259452816E-05,2.57585961662699E-05,2.89468571281759E-05,2.54903352470137E-05,1.76591693161754E-05,1.84257044111291E-06,1.8996464632437E-06,1.92771994989016E-06,-9999,-9999,-9999,-9999,1.49290099216159E-05,1.54388653754722E-05,1.63413733389461E-05,1.74701635842212E-05,1.59155988512794E-05,1.71066967595834E-05,1.28957308334066E-05,1.08046342575108E-05,6.60527166473912E-06,1.80906390596647E-05,5.89283627050463E-05,2.74749691016041E-05,0.00015076735871844,0.000211224280064926,0.000207905468414538,0.000203713032533415,0.000199615707970224,0.000195612214156426,0.000191733881365508,0.000187163735972717,0.000183737691259012,0.000181646435521543,0.000170393061125651,1.21847347145376E-06,1.22358198950678E-06,1.23500751669781E-06,8.3969877096024E-07,8.50625610837596E-07,8.60522504808614E-07,1.2961028232894E-06,4.8518882067583E-06,6.39191275695339E-05,0.000168958344147541,0.000191390296095051,0.000194910346181132,0.000196701366803609,0.000197787419892848,0.000198830515728332,0.000199986068764701,0.000201189264771529,0.00020217958081048,0.000200443624635227,0.000200690075871535,0.000204294992727228,0.000207190212677233,0.000207376229809597,0.000204745621886104,0.000201432019821368,0.000198468871531077,0.000189536542166024,0.000181534865987487,0.000152726788655855,0.000118470365123358,5.41891895409208E-05,2.01207312784391E-05,2.41049451688014E-06,1.55990085204394E-06,-9999,-9999,-9999,-9999,-9999,-9999,-9999,-9999,-9999,-9999,-9999,-9999,-9999,-9999,-9999,-9999,-9999,-9999,-9999
-9999,-9999,-9999,-9999,-9999,-9999,-9999,-9999,-9999,-9999,-9999,-9999,-9999,-9999,-9999,-9999,-9999,-9999,-9999,-9999,-9999,1.13930536826956E-05,1.347703346255E-05,5.21527035743929E-05,0.000142150049214251,0.000185055163456127,0.000184431351954117,0.000170525570865721,0.000148106846609153,0.000174265980604105,0.000172934451256879,0.000177907539182343,0.000177040448761545,0.000176243323949166,0.000186630233656615,0.000195435015484691,0.00019874308782164,0.000197526460397057,0.000204002193640918,0.000202658105990849,0.000197780798771419,0.000162203650688753,6.3332001445815E-05,3.98108604713343E-05,4.91338832944166E-05,4.47709790023509E-05,4.0417282434646E-05,4.09542080888059E-05,4.07196130254306E-05,2.94554174615769E-05,1.91849012480816E-05,1.30681401060428E-05,1.33096054923953E-05,1.37592596729519E-05,1.42860853884486E-05,1.35687496367609E-05,1.56051446538186E-05,1.40782422022312E-05,1.4363808077178E-05,1.60321360453963E-05,6.2962069932837E-05,0.00013228683383204,6.41389851807617E-05,1.79466519512061E-06,1.75865466189862E-06,1.67954635799106E-06,6.48158675176091E-06,5.89937917538919E-05,0.000211398408282548,0.000207345947274007,0.000203241157578304,0.0001977760985028,0.000193506217328832,0.000166111713042483,7.02775969330105E-06,1.25592373478867E-06,1.23897575576848E-06,1.23088193504373E-06,8.25188578801317E-07,8.29652492484456E-07,8.37374273032765E-07,5.71842690533231E-07,5.80271887429262E-07,5.88899013109767E-07,8.88083775407722E-07,1.33028493110032E-06,8.61439912114292E-06,5.68283103348222E-05,0.000156547073856927,0.000191350918612443,0.000196950029931031,0.00019840728782583,0.000199254500330426,0.000200206850422546,0.000201725895749405,0.000203012983547524,0.000203913630684838,0.000204803814995103,0.000206152064492926,0.000207160628633574,0.000206512500881217,0.000205422285944223,0.000203980889637023,0.00020249086082913,0.000198561188881285,0.000187690122402273,0.000176098779775202,0.000134708563564345,7.99201952759176E-05,4.4432861614041E-05,1.22470228234306E-05,1.52635777794785E-06,1.58052455390134E-06,3.05135290545877E-06,-9999,-9999,-9999,-9999,-9999,-9999,-9999,-9999,-9999,-9999,-9999,-9999,-9999,-9999,-9999,-9999,-9999
-9999,-9999,-9999,-9999,-9999,-9999,-9999,-9999,-9999,-9999,-9999,-9999,-9999,-9999,-9999,-9999,-9999,-9999,-9999,-9999,-9999,2.25217663682997E-05,0.000126349739730358,0.000184897449798882,0.000206983939278871,0.000195994231035002,0.000183430529432371,0.000175898938323371,0.000186460063559934,0.000200233596842736,0.000210887345019728,0.000209430436370894,0.000215220279642381,0.000219881316297688,0.000216248110518791,0.000224297342356294,0.000222986738663167,0.000219500754610635,0.000221401511225849,0.0002210558304796,0.000216221786104143,0.00021112036483828,0.000199380738195032,0.000179591923370026,0.000158843686222099,0.000127442224766128,8.10987985460088E-05,4.44790202891454E-05,4.91084429086186E-05,4.06110702897422E-05,3.01828767987899E-05,1.99977057491196E-05,1.81625109689776E-05,1.48001845445833E-05,1.49665229400853E-05,2.32170514209429E-05,2.08807050512405E-05,2.06617332878523E-05,3.16817677230574E-05,0.000137441704282537,0.00022656747023575,0.000247365824179724,0.00024064326134976,7.60248440201394E-05,1.67909820447676E-06,1.62998526320735E-06,1.557747964398E-06,0.000216582528082654,0.000212156388442963,0.000207776727620512,0.00014739524340257,1.36053620281018E-06,1.33662558710057E-06,1.32356615267781E-06,-9999,-9999,-9999,-9999,-9999,-9999,-9999,3.91049923109676E-07,3.94948642679083E-07,5.99423628955265E-07,9.02667693480907E-07,1.35297659653588E-06,3.0722458177479E-06,1.87845034815837E-05,7.5484553235583E-05,0.000161901363753714,0.00019437971059233,0.000198363195522688,0.000199207439436577,0.000200758469873108,0.000201960472622886,0.000202911804080941,0.00020375641179271,0.000204924450372346,0.000205715638003312,0.000205866148462519,0.00020508399757091,0.000203963383683003,0.000203556861379184,0.000203939707716927,0.000201840593945235,0.000195376487681642,0.000182018222403713,0.000157558504724875,0.000120494427392259,7.26559446775354E-05,3.96519462810829E-05,1.2852994586865E-05,8.77211368788267E-06,7.1606227720622E-06,9.63207457971293E-06,-9999,-9999,-9999,-9999,-9999,-9999,-9999,-9999,-9999,-9999,-9999,-9999,-9999,-9999,-9999,-9999
-9999,-9999,-9999,-9999,-9999,-9999,-9999,-9999,-9999,-9999,-9999,-9999,-9999,-9999,-9999,-9999,-9999,-9999,-9999,1.18520993055427E-05,3.20454382745083E-05,0.000177630092366599,0.000211644684895873,0.000211363279959187,0.000206118173082359,0.000214250612771139,0.00020869419677183,0.000206949640414678,0.000219780631596223,0.000220280911889859,0.00022296592942439,0.000225407595280558,0.000222673814278096,0.000219628258491866,0.000224451767280698,0.000226458229008131,0.000225229072384536,0.000222200294956565,0.000222809219849296,0.000223569892114028,0.000223230352276005,0.000221391266677529,0.000220808477024548,0.000216772750718519,0.000212654034839943,0.00020241120364517,0.000189914717338979,0.000177511014044285,0.000138729010359384,9.25261629163288E-05,3.97936928493436E-05,4.01084434997756E-05,4.44573997810949E-05,4.90356760565192E-05,6.44430620013736E-05,9.61398909566924E-05,0.000145710873766802,0.000160057883476838,0.000199190151761286,0.000237761036260054,0.000246455543674529,0.000246774405241013,0.000245507282670587,0.000245453964453191,6.02550971962046E-06,0.000229884361033328,0.000230765785090625,0.000220869958866388,0.000169595470651984,3.65871960639197E-06,1.42642136324866E-06,-9999,-9999,-9999,-9999,-9999,-9999,-9999,-9999,-9999,-9999,-9999,-9999,4.08340468993629E-07,6.13067584254168E-07,9.21904870665458E-07,1.37765471208695E-06,9.49148125073407E-06,3.85837665817235E-05,0.00010851543629542,0.000178303889697418,0.00019732779765036,0.000199738729861565,0.000200125257833861,0.000200702139409259,0.000201473594643176,0.000202282360987738,0.000203125280677341,0.000203576753847301,0.000203365823836066,0.000202603812795132,0.000201477261725813,0.000200265887542628,0.000200215581571683,0.00019980946672149,0.000196161709027365,0.000189768936252221,0.000180243485374376,0.000161863325047307,0.000111821820610203,6.08659393037669E-05,4.3432395614218E-05,2.74405410891632E-05,1.08279355117702E-05,1.05546932900324E-05,-9999,-9999,-9999,-9999,-9999,-9999,-9999,-9999,-9999,-9999,-9999,-9999,-9999,-9999,-9999,-9999
-9999,-9999,-9999,-9999,-9999,-9999,-9999,-9999,-9999,-9999,-9999,-9999,-9999,-9999,-9999,-9999,-9999,-9999,3.54776675521862E-05,8.91451782081276E-05,0.000201718925382011,0.000227135518798605,0.000226664793444797,0.000231672820518725,0.000233156650210731,0.000229391429456882,0.000239687287830748,0.00024212829885073,0.00023855066683609,0.000234422972425818,0.00023047931608744,0.000225833558943123,0.000221646521822549,0.000226650052354671,0.000225586263695732,0.000228715958655812,0.000227676602662541,0.000228052536840551,0.000225844531087205,0.000224861767492257,0.000224000483285636,0.000223037844989449,0.000222704795305617,0.000222427246626467,0.000221606649574824,0.000219129666220397,0.00021607885719277,0.000209771853405982,0.000199325033463538,0.000174665576196276,0.000110442837467417,6.18968042545021E-05,7.97444226918742E-05,0.000146367456181906,0.000176152738276869,0.000191565079148859,0.00019337993580848,0.000212105311220512,0.000235404833802022,0.000241606263443828,0.000242527938098647,0.000241216490394436,0.000239825312746689,0.000238506283494644,0.000235391344176605,0.000231693949899636,0.000218274857616052,3.26547160511836E-06,-9999,-9999,-9999,-9999,-9999,-9999,-9999,-9999,-9999,-9999,-9999,-9999,-9999,-9999,-9999,-9999,-9999,9.32138675580063E-07,1.39331177706481E-06,4.18106947108754E-06,1.92618881555973E-05,6.48685818305239E-05,0.000142431425047107,0.000191945830010809,0.00019904159125872,0.000199938018340617,0.000199655914912,0.000199455666006543,0.000199760514078662,0.000200271926587448,0.00020033199689351,0.000199820511625148,0.000198625377379358,0.000197355620912276,0.000196557666640729,0.000195968867046759,0.00019596291531343,0.000193905740161426,0.000187742771231569,0.000179936367203481,0.000170378858456388,0.000149699408211745,9.78050084086135E-05,6.02483996772207E-05,2.41522138821892E-05,1.18709995149402E-05,1.0601943358779E-05,-9999,-9999,-9999,-9999,-9999,-9999,-9999,-9999,-9999,-9999,-9999,-9999,-9999,-9999,-9999,-9999
-9999,-9999,-9999,-9999,-9999,-9999,-9999,-9999,-9999,-9999,-9999,-9999,1.85588305612328E-06,5.44650765732513E-06,-9999,1.23500340123428E-05,2.60068682109704E-05,9.71232220763341E-05,0.000179166192538105,0.000216968925087713,0.00024247876717709,0.000248644151724875,0.000250883836997673,0.000250102544669062,0.000247948511969298,0.000247929769102484,0.000246891868300736,0.000244114504312165,0.000242365509620868,0.000238979773712344,0.000235301413340494,0.000232772072195075,0.000231855679885484,0.000231468657148071,0.000230709862080403,0.000230619698413648,0.000229736600886099,0.000228668446652591,0.000226911331992596,0.00022493617143482,0.000223086273763329,0.000221393900574185,0.000220684494706802,0.000220671063289046,0.000220721587538719,0.000220424073631875,0.000219855166506022,0.000218668443267234,0.000216701402678154,0.000211963881156407,0.000198406152776442,0.000168033846421167,0.00014825580001343,0.000161579780979082,0.000173939537489787,0.000189237835002132,0.000204984869924374,0.00022910546977073,0.000236219391808845,0.000235382321989164,0.000236586507526226,0.000236846535699442,0.00023606103786733,0.000234909370192327,0.000233270111493766,0.000232439604587853,2.58568957178795E-06,-9999,-9999,-9999,-9999,-9999,-9999,-9999,-9999,-9999,-9999,-9999,-9999,-9999,-9999,-9999,-9999,-9999,-9999,-9999,9.41624591632717E-07,1.40416011618072E-06,6.88194768372341E-06,3.07748305203859E-05,9.34724012040533E-05,0.000169857506989501,0.000196409790078178,0.000199196554603986,0.000199358211830258,0.000197779358131811,0.000197145651327446,0.000197024288354442,0.00019650837930385,0.000195680069737136,0.000194251624634489,0.000192388586583547,0.000191318598808721,0.000191471670405008,0.00019138734205626,0.000190235339687206,0.000186815610504709,0.0001809010427678,0.00017450655286666,0.000160432231496088,0.000118013798783068,6.36289769317955E-05,2.59593689406756E-05,1.28452102217125E-05,1.02827743830858E-05,-9999,-9999,-9999,-9999,-9999,-9999,-9999,-9999,-9999,-9999,-9999,-9999,-9999,-9999,-9999,-9999
-9999,-9999,-9999,-9999,-9999,-9999,-9999,-9999,-9999,-9999,1.82494000000588E-06,1.81370364771283E-06,1.80567451479874E-06,1.99537353182677E-05,4.82917239423841E-05,0.000127110484754667,0.000192403924302198,0.000222418122575618,0.000242204274400137,0.000252162717515603,0.000255385268246755,0.000255238352110609,0.000254168204264715,0.000252712197834626,0.000251043791649863,0.000248733325861394,0.000246547977440059,0.000244026421569288,0.000241216606809758,0.000238178967265412,0.000235265644732863,0.000232518650591373,0.000230513061978854,0.000229421624680981,0.000228538672672585,0.000228141012485139,0.000227450233069248,0.000226148855290376,0.000224354807869531,0.00022237267694436,0.000220379486563616,0.000218412926187739,0.0002171821979573,0.000216921820538118,0.000216950051253662,0.000216825268580578,0.000216633387026377,0.000216378190089017,0.000216066429857165,0.000215955136809498,0.000215848631341942,0.000215516760363244,0.000215607564314269,0.000216573316720314,0.00021934493270237,0.000225442578084767,0.0002293138531968,0.000231665777391754,0.000232809456065297,0.000231750425882638,5.92285905440804E-05,1.59043997882691E-06,1.6020366047087E-06,4.32846900366712E-06,0.000105912520666607,1.20175373012898E-05,-9999,-9999,-9999,-9999,-9999,-9999,-9999,-9999,-9999,-9999,-9999,-9999,-9999,-9999,-9999,-9999,-9999,-9999,-9999,-9999,-9999,9.46516593103297E-07,1.40851852847845E-06,7.18599312676815E-06,3.6920540878782E-05,0.000110309410956688,0.000181760638952255,0.000197545494302176,0.000197758752619848,0.000196706052520312,0.000194614345673472,0.00019345580949448,0.000192291627172381,0.00019142177188769,0.000189821439562365,0.000187969315447845,0.000186198129085824,0.000186398741789162,0.000186657009180635,0.000185924349352717,0.000183569442015141,0.00018007708422374,0.000172990476130508,0.000159285496920347,0.000129936888697557,8.27760741231032E-05,3.07123409584165E-05,1.38624800456455E-05,9.94624679151457E-06,-9999,-9999,-9999,-9999,-9999,-9999,-9999,-9999,-9999,-9999,-9999,-9999,-9999,-9999,-9999,-9999
-9999,-9999,-9999,-9999,-9999,-9999,-9999,-9999,1.25000624393579E-05,1.24505177154788E-05,2.91983019451436E-06,4.84468819195172E-06,3.50712725776248E-05,0.000157281654537655,0.000213413048186339,0.000232730075367726,0.00024660918279551,0.000253677921136841,0.000255493534496054,0.000256736006122082,0.000256461702520028,0.000255295482929796,0.000253851234447211,0.000251721648965031,0.000249381380854174,0.000246669340413064,0.000243661328568123,0.000240486144321039,0.00023748837702442,0.000234430321143009,0.000231526180868968,0.00022880760661792,0.000226687625399791,0.000225867552217096,0.000225017633056268,0.000224433926632628,0.000223362920223735,0.000221915906877257,0.000220043788431212,0.000217741588130593,0.00021533394465223,0.000213133433135226,0.000211905644391663,0.000211721431696787,0.000211618127650581,0.000211374906939454,0.000211129736271687,0.000210943180718459,0.000210817495826632,0.000211072489037178,0.00021188156097196,0.000213625084143132,0.000216044878470711,0.000218863773625344,0.000221949812839739,0.000224544390221126,0.000226574731641449,0.000228381773922592,0.000229406185098924,0.00022895002621226,0.000223256094614044,1.5685242260588E-06,-9999,-9999,-9999,-9999,-9999,-9999,-9999,-9999,-9999,-9999,-9999,-9999,-9999,-9999,-9999,-9999,-9999,-9999,-9999,-9999,-9999,-9999,-9999,-9999,-9999,-9999,9.47419835028995E-07,1.40760550948471E-06,2.50098401011201E-06,2.00580907403491E-05,9.10911403479986E-05,0.000175387991475873,0.000194465406821109,0.000195079599507153,0.000192971070646308,0.00019036082085222,0.000188158606761135,0.000187136145541444,0.0001857346505858,0.000184267046279274,0.000182706382474862,0.000181687530130148,0.000181898780283518,0.000181470444658771,0.000179966387804598,0.000177450565388426,0.000172095169546083,0.000162000957061537,0.000138876202981919,9.10247181309387E-05,3.27504967572168E-05,1.3406229300017E-05,9.62608828558587E-06,-9999,-9999,-9999,-9999,-9999,-9999,-9999,-9999,-9999,-9999,-9999,-9999,-9999,-9999,-9999,-9999
-9999,-9999,-9999,-9999,-9999,-9999,-9999,-9999,1.22334622574272E-05,1.38624300234369E-05,1.51307222040487E-05,5.80275445827283E-05,0.00021132460096851,0.000241219517192803,0.000247174990363419,0.000252397789154202,0.000256531231570989,0.000258169078733772,0.000258196698268875,0.000257167674135417,0.000255589984590188,0.000253885285928845,0.000251655437750742,0.000249042641371489,0.000246195180807263,0.00024308281717822,0.000239459564909339,0.000235654384596273,0.000232738748309202,0.000230245015700348,0.000227740951231681,0.000225268173380755,0.000223348295548931,0.000222110422328115,0.000221377369598486,0.00022060185438022,0.000219473469769582,0.000217809167224914,0.000215652398765087,0.000213020161027089,0.00021041177387815,0.000208074474358,0.000206585857085884,0.00020604018936865,0.000205537347937934,0.000205099495360628,0.000204837037017569,0.000204901283723302,0.000205007439944893,0.000205395772354677,0.000206223936402239,0.000208244746318087,0.000211095670238137,0.00021441638818942,0.000217772845644504,0.000220492787775584,0.000222576491069049,0.000223886861931533,0.000224919174797833,0.000225810712436214,0.000216351472772658,1.56000623974251E-06,-9999,-9999,-9999,-9999,-9999,-9999,-9999,-9999,-9999,-9999,-9999,-9999,-9999,-9999,-9999,-9999,-9999,-9999,-9999,-9999,-9999,-9999,-9999,-9999,-9999,-9999,-9999,-9999,1.40309430207708E-06,1.39653400310635E-06,2.81819120573346E-06,2.8031128749717E-05,0.000136676011607051,0.00018833031936083,0.000190529914107174,0.000188021382200532,0.000185147961019538,0.000183170326636173,0.000181832379894331,0.000180286384420469,0.000179050315637141,0.000178003625478595,0.00017758650938049,0.000177288166014478,0.000175921246409416,0.000174478234839626,0.000170575309311971,0.000163790391525254,0.000147938175359741,9.33938936213963E-05,3.47236491506919E-05,1.15477550934884E-05,9.58602686296217E-06,-9999,-9999,-9999,-9999,-9999,-9999,-9999,-9999,-9999,-9999,-9999,-9999,-9999,-9999,-9999,-9999
-9999,-9999,-9999,-9999,-9999,-9999,1.28458514154772E-05,1.26176610137918E-05,1.24936086649541E-05,3.51366834365763E-05,0.000163195800269023,0.000226133415708318,0.000248348456807435,0.000253274221904576,0.000256983301369473,0.000258573709288612,0.000259217369602993,0.000258815678535029,0.000257656909525394,0.000255674443906173,0.000253094709478319,0.000250563345616683,0.000248120573814958,0.000245156727032736,0.000241720714257099,0.000238804976106621,0.00023519441310782,0.000231727201025933,0.00022877031005919,0.000226053278311156,0.000223213064600714,0.000221205555135384,0.000219779860344715,0.000218526693060994,0.00021754733461421,0.000216632484807633,0.000215447449591011,0.000213988299947232,0.000211822494748048,0.000209123507374898,0.00020629185019061,0.000204196534468792,0.000202434894163162,0.000201356117031537,0.000200567577849142,0.000200135546037927,0.000199864443857223,0.000199673741008155,0.000200232709175907,0.000200740832951851,0.000201688497327268,0.000203670701012015,0.00020631386723835,0.00020971181220375,0.000212654224014841,0.000215527543332428,0.000218304776353762,0.000219757246668451,0.00021943825413473,0.000105935185274575,1.54049985212623E-06,-9999,-9999,-9999,-9999,-9999,-9999,-9999,-9999,-9999,-9999,-9999,-9999,-9999,-9999,-9999,-9999,-9999,-9999,-9999,-9999,-9999,-9999,-9999,-9999,-9999,-9999,-9999,-9999,-9999,-9999,-9999,-9999,1.35929474254226E-06,3.77866899725632E-06,6.27542904112488E-05,0.000169716309756041,0.000184860866283998,0.000182857533218339,0.000180034185177647,0.000177813781192526,0.00017657974967733,0.000175314475200139,0.000174577085999772,0.000173850596183911,0.000173240274307318,0.000171977473655716,0.000170324434293434,0.000167543548741378,0.000163170334417373,0.000148492443258874,0.000105294122477062,4.79150548926555E-05,9.73309033724945E-06,-9999,-9999,-9999,-9999,-9999,-9999,-9999,-9999,-9999,-9999,-9999,-9999,-9999,-9999,-9999,-9999,-9999
-9999,-9999,-9999,-9999,-9999,-9999,1.2734066331177E-05,1.58015318447724E-05,5.87529357289895E-05,0.000196750552277081,0.000240079330978915,0.000252002442721277,0.000255585589911789,0.000256831553997472,0.000257525302004069,0.000257869163760915,0.000258154235780239,0.000257765728747472,0.00025631589232944,0.000253604928730056,0.000250067823799327,0.000247155752731487,0.00024474595556967,0.000241642788751051,0.000238092354265973,0.000235082596191205,0.000231521902605891,0.000227927870582789,0.000224995252210647,0.000222106304136105,0.000218720611883327,0.000216933898627758,0.000215125182876363,0.000213577077374794,0.000211615100852214,0.000210604033782147,0.000210146215977147,0.000209462770726532,0.000207745062652975,0.000205464632017538,0.000202198047190905,0.000200614362256601,0.000198867812287062,0.000197772722458467,0.000197227171156555,0.000197404748178087,0.000197120782104321,0.000197782748728059,0.000198065768927336,0.000199318688828498,0.000200074340682477,0.000202340394025669,0.000205220465431921,0.000169583247043192,0.000197903194930404,0.000170548970345408,4.72186275146669E-06,1.49567279095209E-06,1.50838093304628E-06,-9999,-9999,-9999,-9999,-9999,-9999,-9999,-9999,-9999,-9999,-9999,-9999,-9999,-9999,-9999,-9999,-9999,-9999,-9999,-9999,-9999,-9999,-9999,-9999,-9999,-9999,-9999,-9999,-9999,-9999,-9999,-9999,-9999,-9999,-9999,1.32631907945324E-06,1.30513785734365E-06,2.56633411481744E-05,0.000148518738569692,0.000179235430550762,0.000177196256117895,0.000174401764525101,0.000172808242496103,0.000172019936144352,0.000171166044310667,0.00017044527339749,0.000169313687365502,0.000167714417329989,0.000166091529536061,0.000163862205226906,0.000160959069035016,0.000151341781020164,0.000119400865514763,5.04462841490749E-05,1.30519310914678E-05,1.06429006336839E-05,8.39771655591903E-06,-9999,-9999,-9999,-9999,-9999,-9999,-9999,-9999,-9999,-9999,-9999,-9999,-9999,-9999,-9999
-9999,-9999,-9999,-9999,1.66188910952769E-05,1.82600160769653E-05,1.28127794596367E-05,5.42101442988496E-05,0.000209007121156901,0.000247375079197809,0.000256178085692227,0.000256685889326036,0.000256072118645534,0.000255720427958295,0.000255654944339767,0.000255929888226092,0.000256300671026111,0.00025601068045944,0.000254521582974121,0.000251549790846184,0.000247403309913352,0.000244170281803235,0.000242420239374042,0.000238375054323114,0.000234986015129834,0.000232125719776377,0.000228047501877882,0.000226099276915193,0.000222842340008356,0.00022004650963936,0.000216274725971743,0.0002136195107596,0.000211224294616841,0.000211022968869656,0.00020801268692594,0.000208074226975441,0.000208300480153412,0.000206789947696961,0.00020697750733234,2.81063148577232E-05,0.000140396223287098,0.000114534581371117,0.000194777807337232,0.000138681556563824,0.000178793241502717,0.00019423381309025,0.000194994878256693,0.000104010621726047,3.33927855535876E-05,9.50399917201139E-05,1.34336587507278E-05,1.17001936814631E-05,1.39370831675478E-06,1.40666327297367E-06,-9999,-9999,-9999,-9999,-9999,-9999,-9999,-9999,-9999,-9999,-9999,-9999,-9999,-9999,-9999,-9999,-9999,-9999,-9999,-9999,-9999,-9999,-9999,-9999,-9999,-9999,-9999,-9999,-9999,-9999,-9999,-9999,-9999,-9999,-9999,-9999,-9999,-9999,-9999,-9999,-9999,8.5772541069673E-07,1.24949383462081E-06,4.0185925172409E-05,0.000165663630468771,0.000174036729731597,0.000171280742506497,0.000169396458659321,0.000168944767210633,0.000168008045875467,0.000166889003594406,0.000165367382578552,0.000163509059348144,0.000161790419952013,0.000160183335538022,0.000158048147568479,0.000151550251757726,0.00011556225217646,4.08150081057101E-05,8.00886118668132E-06,8.06099706096575E-06,5.80943060413119E-06,8.49623484100448E-06,-9999,-9999,-9999,-9999,-9999,-9999,-9999,-9999,-9999,-9999,-9999,-9999,-9999,-9999
-9999,-9999,-9999,-9999,1.32253835545271E-05,2.02553583221743E-05,3.037189526367E-05,0.000199771166080609,0.000252033583819866,0.000259415450273082,0.000258789135841653,0.000256819505011663,0.000255257065873593,0.000253855949267745,0.000253007747232914,0.000252944475505501,0.000253295467700809,0.000253960548434407,0.000252937898039818,0.000196383698494174,2.59668195212726E-06,1.67301652709284E-06,1.65408664543065E-06,1.63322715707181E-06,1.6114054233185E-06,1.58923364779184E-06,7.54449047235539E-06,1.54269764607307E-06,5.78625713387737E-06,1.49630045598315E-06,1.91613125934964E-05,0.000151340253069066,0.00020046008285135,0.000193792686332017,0.00020689562370535,0.000202789466129616,0.000205921242013574,0.000203818344743922,5.87141512369271E-05,1.40260465286701E-06,1.38496955059964E-06,1.37190249915875E-06,1.36169148845511E-06,1.3543051409215E-06,1.34888057345961E-06,1.34582228383806E-06,1.34454626277147E-06,-9999,-9999,-9999,-9999,-9999,-9999,-9999,-9999,-9999,-9999,-9999,-9999,-9999,-9999,-9999,-9999,-9999,-9999,-9999,-9999,-9999,-9999,-9999,-9999,-9999,-9999,-9999,-9999,-9999,-9999,-9999,-9999,-9999,-9999,-9999,-9999,-9999,-9999,-9999,-9999,-9999,-9999,-9999,-9999,-9999,-9999,-9999,-9999,-9999,1.21873313219112E-06,8.09215998742729E-06,0.000144673613249324,0.000169615086633712,0.000168362341355532,0.000165883611771278,0.000165296296472661,0.000164283250342123,0.000162910029757768,0.000161288306117058,0.000159245071699843,0.000157445232616737,0.000155964342411608,0.000154346867930144,0.00014987173199188,0.000124827827676199,6.31329094176181E-05,2.14337578654522E-05,3.85680596082238E-06,1.32331933855312E-05,8.06662319519091E-06,-9999,-9999,-9999,-9999,-9999,-9999,-9999,-9999,-9999,-9999,-9999,-9999,-9999,-9999
-9999,-9999,-9999,-9999,-9999,1.2786917068297E-05,0.000145735422847793,0.000251096556894481,0.000261281587881967,0.000261134759057313,0.000258630723692477,0.000255815364653245,0.000254006066825241,0.000251672056037933,0.000250368437264115,0.000251000979915261,0.000150672523886897,1.72107752405282E-06,1.72066927461856E-06,1.71894555478502E-06,-9999,-9999,-9999,-9999,-9999,-9999,-9999,-9999,-9999,-9999,-9999,-9999,-9999,5.3461030802282E-06,1.55685811478179E-05,1.34520787469228E-05,1.78953960130457E-05,1.42481724196841E-06,-9999,-9999,-9999,-9999,-9999,-9999,-9999,-9999,-9999,-9999,-9999,-9999,-9999,-9999,-9999,-9999,-9999,-9999,-9999,-9999,-9999,-9999,-9999,-9999,-9999,-9999,-9999,-9999,-9999,-9999,-9999,-9999,-9999,-9999,-9999,-9999,-9999,-9999,-9999,-9999,-9999,-9999,-9999,-9999,-9999,-9999,-9999,-9999,-9999,-9999,-9999,-9999,-9999,-9999,-9999,-9999,-9999,-9999,8.0112658906728E-07,1.16736021027464E-06,0.000123572317534126,0.00016535232134629,0.000164674886036664,0.000162275624461472,0.000161991993081756,0.000160229101311415,0.000158653492690064,0.000157016969751567,0.000155212372192182,0.000153552900883369,0.00015186911332421,0.000150471110828221,0.000148252802318893,0.000134024317958392,8.73979952302761E-05,2.57629581028596E-05,1.43205752465292E-05,8.77922229847172E-06,-9999,-9999,-9999,-9999,-9999,-9999,-9999,-9999,-9999,-9999,-9999,-9999,-9999,-9999,-9999
-9999,-9999,-9999,-9999,-9999,5.05769639858045E-05,0.000236788691836409,0.000261586508713663,0.000263578374870121,0.00026136904489249,0.00025829704827629,0.000255024875514209,0.000252114608883858,0.000250183395110071,0.000248527765506878,2.84771194856148E-05,1.7239156022697E-06,1.15673788059212E-06,-9999,-9999,-9999,-9999,-9999,-9999,-9999,-9999,-9999,-9999,-9999,-9999,-9999,-9999,-9999,-9999,-9999,-9999,-9999,-9999,-9999,-9999,-9999,-9999,-9999,-9999,-9999,-9999,-9999,-9999,-9999,-9999,-9999,-9999,-9999,-9999,-9999,-9999,-9999,-9999,-9999,-9999,-9999,-9999,-9999,-9999,-9999,-9999,-9999,-9999,-9999,-9999,-9999,-9999,-9999,-9999,-9999,-9999,-9999,-9999,-9999,-9999,-9999,-9999,-9999,-9999,-9999,-9999,-9999,-9999,-9999,-9999,-9999,-9999,-9999,-9999,-9999,-9999,-9999,1.13400108148198E-06,9.39132805797271E-05,0.000161473435582593,0.000160954179591499,0.000158949289470911,0.000158315306180157,0.000156074587721378,0.000154206456500106,0.000152646083733998,0.000151301719597541,0.000149873812915757,0.000148402861668728,0.000146987280459143,0.000145023092045449,0.000138904651976191,0.000100156001280993,5.04876152263023E-05,9.76243791228626E-06,7.11269967723638E-06,-9999,-9999,-9999,-9999,-9999,-9999,-9999,-9999,-9999,-9999,-9999,-9999,-9999,-9999,-9999
-9999,-9999,1.3776706509816E-05,1.35556274472037E-05,1.31438255266403E-05,0.000139605690492317,0.000258120096987113,0.000264587375568226,0.000264075177256018,0.000261043838690966,0.000257805368164554,0.000254428887274116,0.000251663441304117,0.000247384974500164,1.49291990965139E-05,1.72578131696355E-06,1.15864611416328E-06,-9999,-9999,-9999,-9999,-9999,-9999,-9999,-9999,-9999,-9999,-9999,-9999,-9999,-9999,-9999,-9999,-9999,-9999,-9999,-9999,-9999,-9999,-9999,-9999,-9999,-9999,-9999,-9999,-9999,-9999,-9999,-9999,-9999,-9999,-9999,-9999,-9999,-9999,-9999,-9999,-9999,-9999,-9999,-9999,-9999,-9999,-9999,-9999,-9999,-9999,-9999,-9999,-9999,-9999,-9999,-9999,-9999,-9999,-9999,-9999,-9999,-9999,-9999,-9999,-9999,-9999,-9999,-9999,-9999,-9999,-9999,-9999,-9999,-9999,-9999,-9999,-9999,-9999,-9999,-9999,1.10895405214251E-06,5.47007803106681E-05,0.000157784845214337,0.000157902453793213,0.00015547736256849,0.000153718530782498,0.000152041611727327,0.000149751154822297,0.00014863966498524,0.000147610553540289,0.000146436534123495,0.000145038240589201,0.000143601282616146,0.000142101256642491,0.000138043295009993,0.000121382181532681,7.68944155424833E-05,4.11847795476206E-05,9.36378637561575E-06,-9999,-9999,-9999,-9999,-9999,-9999,-9999,-9999,-9999,-9999,-9999,-9999,-9999,-9999,-9999
-9999,-9999,-9999,-9999,1.62197902682237E-05,0.000219169902266003,0.000262804969679564,0.000265696347923949,0.000263798166997731,0.000260093162069097,0.000256944535067305,0.000254167651291937,0.000252039171755314,2.16479093069211E-05,1.72986699453759E-06,1.16068190436636E-06,-9999,-9999,-9999,-9999,-9999,-9999,-9999,-9999,-9999,-9999,-9999,-9999,-9999,-9999,-9999,-9999,-9999,-9999,-9999,-9999,-9999,-9999,-9999,-9999,-9999,-9999,-9999,-9999,-9999,-9999,-9999,-9999,-9999,-9999,-9999,-9999,-9999,-9999,-9999,-9999,-9999,-9999,-9999,-9999,-9999,-9999,-9999,-9999,-9999,-9999,-9999,-9999,-9999,-9999,-9999,-9999,-9999,-9999,-9999,-9999,-9999,-9999,-9999,-9999,-9999,-9999,-9999,-9999,-9999,-9999,-9999,-9999,-9999,-9999,-9999,-9999,-9999,-9999,-9999,-9999,-9999,1.08779136098747E-06,2.8709086109302E-05,0.000153771514305845,0.000154375418787822,0.000152560824062675,0.000150132982525975,0.000148395818541758,0.00014589169586543,0.000144913006806746,0.000144338511745445,0.000143186334753409,0.00014173606177792,0.000140348114655353,0.000138675764901564,0.000136264294269495,0.0001299443829339,0.000112688983790576,7.00479868100956E-05,2.08546025532996E-05,-9999,-9999,-9999,-9999,-9999,-9999,-9999,-9999,-9999,-9999,-9999,-9999,-9999,-9999,-9999
-9999,-9999,-9999,-9999,3.43722058460116E-05,0.000238628723309375,0.000264470581896603,0.000265833135927096,0.00026326734223403,0.000259099033428356,0.000256265484495088,0.0002541423891671,0.000170275321579538,1.73597197772324E-06,1.16576734399132E-06,-9999,-9999,-9999,-9999,-9999,-9999,-9999,-9999,-9999,-9999,-9999,-9999,-9999,-9999,-9999,-9999,-9999,-9999,-9999,-9999,-9999,-9999,-9999,-9999,-9999,-9999,-9999,-9999,-9999,-9999,-9999,-9999,-9999,-9999,-9999,-9999,-9999,-9999,-9999,-9999,-9999,-9999,-9999,-9999,-9999,-9999,-9999,-9999,-9999,-9999,-9999,-9999,-9999,-9999,-9999,-9999,-9999,-9999,-9999,-9999,-9999,-9999,-9999,-9999,-9999,-9999,-9999,-9999,-9999,-9999,-9999,-9999,-9999,-9999,-9999,-9999,-9999,-9999,-9999,-9999,-9999,-9999,1.06867969407176E-06,1.15457887659431E-05,0.000148908191476949,0.000150633262819611,0.000149671715917066,0.000146904785651714,0.000144635530887172,0.000142649281769991,0.000141153810545802,0.000140629068482667,0.000139441282954067,0.000138301213155501,0.000136962960823439,0.000135468173539266,0.00013373231922742,0.000130804735817946,0.000124716170830652,0.000104442944575567,5.62420973437838E-05,7.70291990193073E-06,-9999,-9999,-9999,-9999,-9999,-9999,-9999,-9999,-9999,-9999,-9999,-9999,-9999,-9999
-9999,-9999,-9999,-9999,2.7889029297512E-05,0.000235521249123849,0.000264705449808389,0.000265536655206233,0.000262620946159586,0.000258580927038565,0.000256123836152256,0.000254260667134076,1.74013439391274E-06,1.16987666842761E-06,7.84522228514106E-07,-9999,-9999,-9999,-9999,-9999,-9999,-9999,-9999,-9999,-9999,-9999,-9999,-9999,-9999,-9999,-9999,-9999,-9999,-9999,-9999,-9999,-9999,-9999,-9999,-9999,-9999,-9999,-9999,-9999,-9999,-9999,-9999,-9999,-9999,-9999,-9999,-9999,-9999,-9999,-9999,-9999,-9999,-9999,-9999,-9999,-9999,-9999,-9999,-9999,-9999,-9999,-9999,-9999,-9999,-9999,-9999,-9999,-9999,-9999,-9999,-9999,-9999,-9999,-9999,-9999,-9999,-9999,-9999,-9999,-9999,-9999,-9999,-9999,-9999,-9999,-9999,-9999,-9999,-9999,-9999,-9999,-9999,7.00710472756327E-07,1.03393460904044E-06,0.000142171513289213,0.000147404090967029,0.000146611826494336,0.000144307952723466,0.000141132186399773,0.000139411975396797,0.000137885741423815,0.000136679445859045,0.000135756868985482,0.000134780770167708,0.00013370877422858,0.000132277797092684,0.000130577391246334,0.00012887422053609,0.00012587642413564,0.000116398943646345,8.43287634779699E-05,2.63734709733399E-05,6.03360467721359E-06,-9999,-9999,-9999,-9999,-9999,-9999,-9999,-9999,-9999,-9999,-9999,-9999,-9999
-9999,-9999,-9999,-9999,1.45610074469005E-05,0.000214752741158009,0.000264083093497902,0.000265449634753168,0.000262956134974957,0.000259058928349987,0.000256574130617082,0.000254114798735827,1.74591707491345E-06,1.17420734113693E-06,-9999,-9999,-9999,-9999,-9999,-9999,-9999,-9999,-9999,-9999,-9999,-9999,-9999,-9999,-9999,-9999,-9999,-9999,-9999,-9999,-9999,-9999,-9999,-9999,-9999,-9999,-9999,-9999,-9999,-9999,-9999,-9999,-9999,-9999,-9999,-9999,-9999,-9999,-9999,-9999,-9999,-9999,-9999,-9999,-9999,-9999,-9999,-9999,-9999,-9999,-9999,-9999,-9999,-9999,-9999,-9999,-9999,-9999,-9999,-9999,-9999,-9999,-9999,-9999,-9999,-9999,-9999,-9999,-9999,-9999,-9999,-9999,-9999,-9999,-9999,-9999,-9999,-9999,-9999,-9999,-9999,-9999,-9999,6.90345075327059E-07,1.01224236459529E-06,0.00013527246483136,0.0001442059292458,0.000143341807415709,0.000141865850309841,0.000138659102958627,0.000136123344418593,0.000134574496769346,0.000133341090986505,0.000132865214254707,0.000131904307636432,0.000130883563542739,0.00012934411643073,0.000127688806969672,0.000126276296214201,0.000124134094221517,0.000118066876893863,0.000104105980426539,6.11819123150781E-05,1.15365101009957E-05,8.27862822916359E-06,8.47150602112379E-07,-9999,-9999,-9999,-9999,-9999,-9999,-9999,-9999,-9999,-9999,-9999
-9999,-9999,-9999,-9999,1.30396265376476E-05,0.000116667833935935,0.000259648251812905,0.000265869894064963,0.000264663598500192,0.00026190243079327,0.000258809304796159,0.000256417930359021,3.88748640034464E-06,1.75687694081716E-06,-9999,-9999,-9999,-9999,-9999,-9999,-9999,-9999,-9999,-9999,-9999,-9999,-9999,-9999,-9999,-9999,-9999,-9999,-9999,-9999,-9999,-9999,-9999,-9999,-9999,-9999,-9999,-9999,-9999,-9999,-9999,-9999,-9999,-9999,-9999,-9999,-9999,-9999,-9999,-9999,-9999,-9999,-9999,-9999,-9999,-9999,-9999,-9999,-9999,-9999,-9999,-9999,-9999,-9999,-9999,-9999,-9999,-9999,-9999,-9999,-9999,-9999,-9999,-9999,-9999,-9999,-9999,-9999,-9999,-9999,-9999,-9999,-9999,-9999,-9999,-9999,-9999,-9999,-9999,-9999,-9999,-9999,-9999,-9999,9.90087642094295E-07,0.000130126616568305,0.000141037366120145,0.000140065778396092,0.000139523879624903,0.000136526956339367,0.000133732377435081,0.000132279441459104,0.000131275126477703,0.000130213258671574,0.000129404696053825,0.00012818569666706,0.000126815808471292,0.000125282109365799,0.000123957797768526,0.000122345532872714,0.000117936098831706,0.000107619525806513,8.1124875578098E-05,1.91083981917473E-05,6.5767640080594E-06,-9999,-9999,-9999,-9999,-9999,-9999,-9999,-9999,-9999,-9999,-9999,-9999
-9999,-9999,-9999,-9999,1.30787284433609E-05,5.12172518938314E-05,0.00024135118292179,0.000265796901658177,0.000265769864199683,0.000264564936514944,0.000262146117165685,0.000259460473898798,0.000176178567926399,1.7597362784727E-06,-9999,-9999,-9999,-9999,-9999,-9999,-9999,-9999,-9999,-9999,-9999,-9999,-9999,-9999,-9999,-9999,-9999,-9999,-9999,-9999,-9999,-9999,-9999,-9999,-9999,-9999,-9999,-9999,-9999,-9999,-9999,-9999,-9999,-9999,-9999,-9999,-9999,-9999,-9999,-9999,-9999,-9999,-9999,-9999,-9999,-9999,-9999,-9999,-9999,-9999,-9999,-9999,-9999,-9999,-9999,-9999,-9999,-9999,-9999,-9999,-9999,-9999,-9999,-9999,-9999,-9999,-9999,-9999,-9999,-9999,-9999,-9999,-9999,-9999,-9999,-9999,-9999,-9999,-9999,-9999,-9999,-9999,-9999,-9999,9.7467238902027E-07,0.000117470262921415,0.000138461356982589,0.000137630326207727,0.000137127819471061,0.000135299764224328,0.000132208253489807,0.000129596053739078,0.000128746061818674,0.000127436156617478,0.000126522238133475,0.000125379010569304,0.000124356593005359,0.000123083722428419,0.000121904100524262,0.000120200806122739,0.000116907620395068,0.000108530141005758,9.38631710596383E-05,3.58207180397585E-05,6.51304208076908E-06,5.87485010328237E-06,5.94698667555349E-06,-9999,-9999,-9999,-9999,-9999,-9999,-9999,-9999,-9999,-9999
-9999,-9999,-9999,-9999,-9999,1.44931973409257E-05,0.00019786624761764,0.000264652044279501,0.000266557442955673,0.000266098591964692,0.000264501315541565,0.000261580309597775,0.000258262793067843,1.76317360001121E-06,-9999,-9999,-9999,-9999,-9999,-9999,-9999,-9999,-9999,-9999,-9999,-9999,-9999,-9999,-9999,-9999,-9999,-9999,-9999,-9999,-9999,-9999,-9999,-9999,-9999,-9999,-9999,-9999,-9999,-9999,-9999,-9999,-9999,-9999,-9999,-9999,-9999,-9999,-9999,-9999,-9999,-9999,-9999,-9999,-9999,-9999,-9999,-9999,-9999,-9999,-9999,-9999,-9999,-9999,-9999,-9999,-9999,-9999,-9999,-9999,-9999,-9999,-9999,-9999,-9999,-9999,-9999,-9999,-9999,-9999,-9999,-9999,-9999,-9999,-9999,-9999,-9999,-9999,-9999,-9999,-9999,-9999,-9999,-9999,9.63875891102361E-07,9.34287527343258E-05,0.000135246256832033,0.00013571728777606,0.000134901580167934,0.000133423396619037,0.000130364511278458,0.000127195889945142,0.000126329978229478,0.000124959013191983,0.000124117126688361,0.000122939818538725,0.000122036653920077,0.000121011144074146,0.000119924174214248,0.000118524389108643,0.000116365743451752,0.000112389789137524,8.99866718100384E-05,5.48571588296909E-05,2.0529058019747E-05,1.38271498144604E-05,8.223949407693E-06,6.02174804953393E-06,-9999,-9999,-9999,-9999,-9999,-9999,-9999,-9999,-9999
-9999,-9999,-9999,-9999,-9999,2.96294706458866E-06,0.000140213378472254,0.000260128261288628,0.000267219642410055,0.000267288356553763,0.00026618834817782,0.00026325645740144,0.000259451480815187,1.76928574546764E-06,-9999,-9999,-9999,-9999,-9999,-9999,-9999,-9999,-9999,-9999,-9999,-9999,-9999,-9999,-9999,-9999,-9999,-9999,-9999,-9999,-9999,-9999,-9999,-9999,-9999,-9999,-9999,-9999,-9999,-9999,-9999,-9999,-9999,-9999,-9999,-9999,-9999,-9999,-9999,-9999,-9999,-9999,-9999,-9999,-9999,-9999,-9999,-9999,-9999,-9999,-9999,-9999,-9999,-9999,-9999,-9999,-9999,-9999,-9999,-9999,-9999,-9999,-9999,-9999,-9999,-9999,-9999,-9999,-9999,-9999,-9999,-9999,-9999,-9999,-9999,-9999,-9999,-9999,-9999,-9999,-9999,-9999,-9999,-9999,9.57184056460392E-07,3.11213807435706E-05,0.000131392385810614,0.000133867477416061,0.000132886663777754,0.000131338209030218,0.000128565210616216,0.000125560778542422,0.000124196711112745,0.000123247373267077,0.000122123848996125,0.000120672331831884,0.000119702322990634,0.000118772120913491,0.000117802672320977,0.000116910945507698,0.000115294868010096,0.000110097913420759,9.34165727812797E-05,7.7497294114437E-05,6.11097566434182E-05,5.11382168042473E-05,1.53251094161533E-05,5.89167939324398E-06,-9999,-9999,-9999,-9999,-9999,-9999,-9999,-9999,-9999
-9999,-9999,-9999,-9999,-9999,1.82624057742942E-06,0.000101231438748073,0.000260589004028589,0.000267752882791683,0.000268258096184582,0.000267464725766331,0.000264414586126804,0.000257870997302234,1.77533092937665E-06,-9999,-9999,-9999,-9999,-9999,-9999,-9999,-9999,-9999,-9999,-9999,-9999,-9999,-9999,-9999,-9999,-9999,-9999,-9999,-9999,-9999,-9999,-9999,-9999,-9999,-9999,-9999,-9999,-9999,-9999,-9999,-9999,-9999,-9999,-9999,-9999,-9999,-9999,-9999,-9999,-9999,-9999,-9999,-9999,-9999,-9999,-9999,-9999,-9999,-9999,-9999,-9999,-9999,-9999,-9999,-9999,-9999,-9999,-9999,-9999,-9999,-9999,-9999,-9999,-9999,-9999,-9999,-9999,-9999,-9999,-9999,-9999,-9999,-9999,-9999,-9999,-9999,-9999,-9999,-9999,-9999,-9999,-9999,-9999,-9999,9.32700629618921E-07,0.000128103303723037,0.000131347289425321,0.000131076667457819,0.00012934319966007,0.000126710699987598,0.000123655234347098,0.00012223597150296,0.000121381272037979,0.000120105672976933,0.000118778487376403,0.000117622272227891,0.000116776092909276,0.000115833565359935,0.000115078728413209,0.000114122922241222,0.000110436900286004,0.000105941348010674,9.97089009615593E-05,8.53372548590414E-05,5.39625289093237E-05,2.03883591893828E-05,5.77510172661277E-06,-9999,-9999,-9999,-9999,-9999,-9999,-9999,-9999,-9999
-9999,-9999,-9999,-9999,-9999,-9999,6.1670936702285E-05,0.000261907232925296,0.000268098898231983,0.00026896974304691,0.000267985742539167,0.000264350499492139,0.000261780776781961,-9999,-9999,-9999,-9999,-9999,-9999,-9999,-9999,-9999,-9999,-9999,-9999,-9999,-9999,-9999,-9999,-9999,-9999,-9999,-9999,-9999,-9999,-9999,-9999,-9999,-9999,-9999,-9999,-9999,-9999,-9999,-9999,-9999,-9999,-9999,-9999,-9999,-9999,-9999,-9999,-9999,-9999,-9999,-9999,-9999,-9999,-9999,-9999,-9999,-9999,-9999,-9999,-9999,-9999,-9999,-9999,-9999,-9999,-9999,-9999,-9999,-9999,-9999,-9999,-9999,-9999,-9999,-9999,-9999,-9999,-9999,-9999,-9999,-9999,-9999,-9999,-9999,-9999,-9999,-9999,-9999,-9999,-9999,-9999,-9999,-9999,9.20656248126761E-07,0.000119163909403142,0.000129024934722111,0.000129400956211612,0.00012783297279384,0.000125349542940967,0.000122558223665692,0.000120739918202162,0.000119598429591861,0.00011813038145192,0.000116892340884078,0.000115747010568157,0.000114751492219511,0.000113886861072388,0.000113201174826827,0.000112863919639494,0.000111993118480314,0.000109958702523727,0.00010283209849149,8.95554330782034E-05,6.70467634336092E-05,3.46953347616363E-05,7.09129108145135E-06,-9999,-9999,-9999,-9999,-9999,-9999,-9999,-9999,-9999
-9999,-9999,-9999,-9999,-9999,-9999,4.65214725409169E-05,0.000262576941167936,0.000268949806923047,0.000269345968263224,0.000267503201030195,0.000263811583863571,0.000259756576269865,-9999,-9999,-9999,-9999,-9999,-9999,-9999,-9999,-9999,-9999,-9999,-9999,-9999,-9999,-9999,-9999,-9999,-9999,-9999,-9999,-9999,-9999,-9999,-9999,-9999,-9999,-9999,-9999,-9999,-9999,-9999,-9999,-9999,-9999,-9999,-9999,-9999,-9999,-9999,-9999,-9999,-9999,-9999,-9999,-9999,-9999,-9999,-9999,-9999,-9999,-9999,-9999,-9999,-9999,-9999,-9999,-9999,-9999,-9999,-9999,-9999,-9999,-9999,-9999,-9999,-9999,-9999,-9999,-9999,-9999,-9999,-9999,-9999,-9999,-9999,-9999,-9999,-9999,-9999,-9999,-9999,-9999,-9999,-9999,-9999,-9999,9.10191261027649E-07,7.86709861131385E-05,0.000127305364003405,0.000127749794046395,0.000126159167848527,0.000123760706628673,0.000121309458336327,0.00011894760245923,0.000118073454359546,0.000116583440103568,0.000115326794912107,0.000114166607090738,0.000113254092866555,0.000112386733235326,0.000111733752419241,0.000111446410301141,0.000111154462501872,0.000109935062937438,0.000106499916000757,9.83910213108175E-05,7.60387847549282E-05,5.3451927669812E-05,1.34263154905057E-05,7.09429059497779E-06,5.74371188122313E-06,-9999,-9999,-9999,-9999,-9999,-9999,-9999
-9999,-9999,-9999,-9999,-9999,-9999,7.40393879823387E-05,0.000267048104433343,0.000270028598606586,0.000269206415396184,0.000266500806901604,0.000262945308350027,0.000238586304476485,-9999,-9999,-9999,-9999,-9999,-9999,-9999,-9999,-9999,-9999,-9999,-9999,-9999,-9999,-9999,-9999,-9999,-9999,-9999,-9999,-9999,-9999,-9999,-9999,-9999,-9999,-9999,-9999,-9999,-9999,-9999,-9999,-9999,-9999,-9999,-9999,-9999,-9999,-9999,-9999,-9999,-9999,-9999,-9999,-9999,-9999,-9999,-9999,-9999,-9999,-9999,-9999,-9999,-9999,-9999,-9999,-9999,-9999,-9999,-9999,-9999,-9999,-9999,-9999,-9999,-9999,-9999,-9999,-9999,-9999,-9999,-9999,-9999,-9999,-9999,-9999,-9999,-9999,-9999,-9999,-9999,-9999,-9999,-9999,-9999,-9999,9.00603197351302E-07,5.29953967998154E-06,0.000125655104056932,0.000125682607176714,0.000124324462376535,0.000121856130135711,0.000119418669783045,0.000117299277917482,0.000116280221845955,0.000115238937723916,0.000114029950054828,0.000112782101496123,0.000111801156890579,0.000111090856080409,0.000110617918835487,0.000110192682768684,0.00011013554467354,0.000109223925392143,0.000106713610875886,0.000100443241535686,8.87848000274971E-05,6.32564551779069E-05,2.42211899603717E-05,1.21370494525763E-05,8.88074282556772E-06,5.71796408621594E-06,-9999,-9999,-9999,-9999,-9999,-9999
-9999,-9999,-9999,-9999,-9999,-9999,-9999,-9999,-9999,-9999,-9999,-9999,-9999,-9999,-9999,-9999,-9999,-9999,-9999,-9999,-9999,-9999,-9999,-9999,-9999,-9999,-9999,-9999,-9999,-9999,-9999,-9999,-9999,-9999,-9999,-9999,-9999,-9999,-9999,-9999,-9999,-9999,-9999,-9999,-9999,-9999,-9999,-9999,-9999,-9999,-9999,-9999,-9999,-9999,-9999,-9999,-9999,-9999,-9999,-9999,-9999,-9999,-9999,-9999,-9999,-9999,-9999,-9999,-9999,-9999,-9999,-9999,-9999,-9999,-9999,-9999,-9999,-9999,-9999,-9999,-9999,-9999,-9999,-9999,-9999,-9999,-9999,-9999,-9999,-9999,-9999,-9999,-9999,-9999,-9999,-9999,-9999,-9999,-9999,-9999,8.69072323439468E-07,0.000120624055853114,0.000123452628031373,0.000122330675367266,0.000120156226330437,0.000117807932838332,0.000115684262709692,0.000114757698611356,0.000114092872536276,0.000112723755592015,0.000111566638224758,0.00011067304876633,0.000109851018351037,0.000109509564936161,0.000109200773295015,0.00010912942525465,0.000108970241853967,0.000107737330836244,0.000103947117167991,9.44818093557842E-05,6.94867994752713E-05,3.7216414057184E-05,2.42993573920103E-05,1.83258234756067E-05,9.85290898825042E-06,5.66855032957392E-06,-9999,-9999,-9999,-9999,-9999
-9999,-9999,-9999,-9999,-9999,-9999,-9999,-9999,-9999,-9999,-9999,-9999,-9999,-9999,-9999,-9999,-9999,-9999,-9999,-9999,-9999,-9999,-9999,-9999,-9999,-9999,-9999,-9999,-9999,-9999,-9999,-9999,-9999,-9999,-9999,-9999,-9999,-9999,-9999,-9999,-9999,-9999,-9999,-9999,-9999,-9999,-9999,-9999,-9999,-9999,-9999,-9999,-9999,-9999,-9999,-9999,-9999,-9999,-9999,-9999,-9999,-9999,-9999,-9999,-9999,-9999,-9999,-9999,-9999,-9999,-9999,-9999,-9999,-9999,-9999,-9999,-9999,-9999,-9999,-9999,-9999,-9999,-9999,-9999,-9999,-9999,-9999,-9999,-9999,-9999,-9999,-9999,-9999,-9999,-9999,-9999,-9999,-9999,-9999,-9999,8.55807911648299E-07,9.12120085558854E-05,0.000121651763038244,0.000120189142762683,0.000118313822895288,0.000116007438919041,0.000113831847556867,0.000113319649244659,0.000112743546196725,0.00011147581244586,0.000110153298010118,0.00010941917571472,0.000108586660644505,0.000108414664282463,0.000108335945697036,0.000108696920506191,0.000108702035504393,0.000108086038380861,0.00010409030073788,9.38899684115313E-05,7.22469412721694E-05,4.63335454696789E-05,3.43344217981212E-05,2.0061213945155E-05,1.34597703436157E-05,6.31938519290998E-06,5.66332892049104E-06,-9999,-9999,-9999,-9999
-9999,-9999,-9999,-9999,-9999,-9999,-9999,-9999,-9999,-9999,-9999,-9999,-9999,-9999,-9999,-9999,-9999,-9999,-9999,-9999,-9999,-9999,-9999,-9999,-9999,-9999,-9999,-9999,-9999,-9999,-9999,-9999,-9999,-9999,-9999,-9999,-9999,-9999,-9999,-9999,-9999,-9999,-9999,-9999,-9999,-9999,-9999,-9999,-9999,-9999,-9999,-9999,-9999,-9999,-9999,-9999,-9999,-9999,-9999,-9999,-9999,-9999,-9999,-9999,-9999,-9999,-9999,-9999,-9999,-9999,-9999,-9999,-9999,-9999,-9999,-9999,-9999,-9999,-9999,-9999,-9999,-9999,-9999,-9999,-9999,-9999,-9999,-9999,-9999,-9999,-9999,-9999,-9999,-9999,-9999,-9999,-9999,-9999,-9999,-9999,8.46326997816504E-07,2.15741533793334E-06,0.000119955249829218,0.000118187737825792,0.000116497605631594,0.000114201298856642,0.000112372697913088,0.000111956767796073,0.000111396235297434,0.000110316439531744,0.000109035594505258,0.000108300773717929,0.000107508378277998,0.000107300897070672,0.000107502892205957,0.000107938903965987,0.00010759098950075,0.000106683706690092,0.000103740530903451,9.33446281123906E-05,7.7724595030304E-05,5.928543760092E-05,4.31144144386053E-05,2.64439004240558E-05,1.48425197039614E-05,7.86316104495199E-06,5.65455547985039E-06,-9999,-9999,-9999,-9999
-9999,-9999,-9999,-9999,-9999,-9999,-9999,-9999,-9999,-9999,-9999,-9999,-9999,-9999,-9999,-9999,-9999,-9999,-9999,-9999,-9999,-9999,-9999,-9999,-9999,-9999,-9999,-9999,-9999,-9999,-9999,-9999,-9999,-9999,-9999,-9999,-9999,-9999,-9999,-9999,-9999,-9999,-9999,-9999,-9999,-9999,-9999,-9999,-9999,-9999,-9999,-9999,-9999,-9999,-9999,-9999,-9999,-9999,-9999,-9999,-9999,-9999,-9999,-9999,-9999,-9999,-9999,-9999,-9999,-9999,-9999,-9999,-9999,-9999,-9999,-9999,-9999,-9999,-9999,-9999,-9999,-9999,-9999,-9999,-9999,-9999,-9999,-9999,-9999,-9999,-9999,-9999,-9999,-9999,-9999,-9999,-9999,-9999,-9999,-9999,-9999,8.21749836177332E-07,0.000110039596620481,0.000116029565106146,0.000114562542876229,0.000112499423266854,0.000111049062979873,0.000110456036054529,0.000110030028736219,0.000109134969534352,0.000107795247458853,0.000107054824184161,0.000106367006083019,0.000106071893242188,0.000106282706838101,0.00010691301577026,0.000107488893263508,0.000107315383502282,0.0001039562994265,9.45429201237857E-05,7.99574627308175E-05,6.87139472574927E-05,4.93152692797594E-05,2.6294035706087E-05,1.63548211276066E-05,7.83075120125432E-06,5.61286242373171E-06,-9999,-9999,5.8475502555666E-06,5.84598228670075E-06
-9999,-9999,-9999,-9999,-9999,-9999,-9999,-9999,-9999,-9999,-9999,-9999,-9999,-9999,-9999,-9999,-9999,-9999,-9999,-9999,-9999,-9999,-9999,-9999,-9999,-9999,-9999,-9999,-9999,-9999,-9999,-9999,-9999,-9999,-9999,-9999,-9999,-9999,-9999,-9999,-9999,-9999,-9999,-9999,-9999,-9999,-9999,-9999,-9999,-9999,-9999,-9999,-9999,-9999,-9999,-9999,-9999,-9999,-9999,-9999,-9999,-9999,-9999,-9999,-9999,-9999,-9999,-9999,-9999,-9999,-9999,-9999,-9999,-9999,-9999,-9999,-9999,-9999,-9999,-9999,-9999,-9999,-9999,-9999,-9999,-9999,-9999,-9999,-9999,-9999,-9999,-9999,-9999,-9999,-9999,-9999,-9999,-9999,-9999,-9999,-9999,-9999,5.75441708861035E-06,0.000116054216050543,0.000113054920802824,0.000111384775664192,0.000110082277387846,0.000109530839836225,0.000108834727143403,0.000107719941297546,0.000106505322037265,0.00010580824164208,0.000105265899037477,0.000105103732494172,0.000105225073639303,0.000105771781818476,0.000106263454654254,0.000105994004115928,0.000102622958365828,9.83556528808549E-05,8.90077062649652E-05,7.13665140210651E-05,4.90951679239515E-05,3.12313095491845E-05,1.46824704643223E-05,8.68998085934436E-06,5.61383421882056E-06,5.65830578125315E-06,5.73849274587701E-06,5.78657318328624E-06,6.43622115603648E-06
-9999,-9999,-9999,-9999,-9999,-9999,-9999,-9999,-9999,-9999,-9999,-9999,-9999,-9999,-9999,-9999,-9999,-9999,-9999,-9999,-9999,-9999,-9999,-9999,-9999,-9999,-9999,-9999,-9999,-9999,-9999,-9999,-9999,-9999,-9999,-9999,-9999,-9999,-9999,-9999,-9999,-9999,-9999,-9999,-9999,-9999,-9999,-9999,-9999,-9999,-9999,-9999,-9999,-9999,-9999,-9999,-9999,-9999,-9999,-9999,-9999,-9999,-9999,-9999,-9999,-9999,-9999,-9999,-9999,-9999,-9999,-9999,-9999,-9999,-9999,-9999,-9999,-9999,-9999,-9999,-9999,-9999,-9999,-9999,-9999,-9999,-9999,-9999,-9999,-9999,-9999,-9999,-9999,-9999,-9999,-9999,-9999,-9999,-9999,-9999,-9999,-9999,-9999,8.00700800027698E-05,0.000113427697215229,0.000110658766061533,0.000109855463961139,0.000108975807961542,0.000108232707134448,0.00010687205940485,0.000105613406049088,0.000104739599919412,0.000104284161352552,0.000104209975688718,0.000104528735391796,0.000104715931229293,0.000104777587694116,0.000104483508039266,0.000101902332971804,9.8916731076315E-05,9.05425404198468E-05,7.39703900762834E-05,5.53784047951922E-05,2.59397857007571E-05,1.30982443806715E-05,7.71988288761349E-06,6.2660701587447E-06,5.67081224289723E-06,6.38304481981322E-06,7.09646519680973E-06,5.83382025070023E-05
-9999,-9999,-9999,-9999,-9999,-9999,-9999,-9999,-9999,-9999,-9999,-9999,-9999,-9999,-9999,-9999,-9999,-9999,-9999,-9999,-9999,-9999,-9999,-9999,-9999,-9999,-9999,-9999,-9999,-9999,-9999,-9999,-9999,-9999,-9999,-9999,-9999,-9999,-9999,-9999,-9999,-9999,-9999,-9999,-9999,-9999,-9999,-9999,-9999,-9999,-9999,-9999,-9999,-9999,-9999,-9999,-9999,-9999,-9999,-9999,-9999,-9999,-9999,-9999,-9999,-9999,-9999,-9999,-9999,-9999,-9999,-9999,-9999,-9999,-9999,-9999,-9999,-9999,-9999,-9999,-9999,-9999,-9999,-9999,-9999,-9999,-9999,-9999,-9999,-9999,-9999,-9999,-9999,-9999,-9999,-9999,-9999,-9999,-9999,-9999,-9999,-9999,-9999,7.78843400439655E-07,7.95248197391629E-05,0.000113209716801066,0.000110498338472098,0.000109181011794135,0.000108164873381611,0.000106747698737308,0.0001054746680893,0.000104646052932367,0.000104203470982611,0.000103950980701484,0.000103821032098494,0.000103790596767794,0.000103164929896593,0.000102022335340735,0.00010133095929632,9.45438150665723E-05,8.36787003208883E-05,6.11421492067166E-05,3.31895062117837E-05,1.04523114714539E-05,6.82565132592572E-06,6.90843262418639E-06,7.83413906901842E-06,7.87707631388912E-06,1.34706560857012E-05,0.000117340336146299,0.000118782212666702
-9999,-9999,-9999,-9999,-9999,-9999,-9999,-9999,-9999,-9999,-9999,-9999,-9999,-9999,-9999,-9999,-9999,-9999,-9999,-9999,-9999,-9999,-9999,-9999,-9999,-9999,-9999,-9999,-9999,-9999,-9999,-9999,-9999,-9999,-9999,-9999,-9999,-9999,-9999,-9999,-9999,-9999,-9999,-9999,-9999,-9999,-9999,-9999,-9999,-9999,-9999,-9999,-9999,-9999,-9999,-9999,-9999,-9999,-9999,-9999,-9999,-9999,-9999,-9999,-9999,-9999,-9999,-9999,-9999,-9999,-9999,-9999,-9999,-9999,-9999,-9999,-9999,-9999,-9999,-9999,-9999,-9999,-9999,-9999,-9999,-9999,-9999,-9999,-9999,-9999,-9999,-9999,-9999,-9999,-9999,-9999,-9999,-9999,-9999,-9999,-9999,-9999,-9999,-9999,7.69759878949117E-07,7.65858601425862E-07,0.000104332983028144,0.000110396300442517,0.000107994310383219,0.000106770625279751,0.000105640559922904,0.000104892722447403,9.83032150543295E-05,8.19483830127865E-05,0.000102686666650698,9.97166062006727E-05,8.45223767100833E-05,7.08233419572935E-05,6.56315460219048E-05,5.6576154747745E-05,2.98373961413745E-05,1.13785627036123E-05,5.97999678575434E-06,5.41565896128304E-06,9.55360519583337E-06,1.63269196491456E-05,6.06126413913444E-05,0.000115838280180469,0.000118062940600794,0.000118983451102395,0.000117681323899888
-9999,-9999,-9999,-9999,-9999,-9999,-9999,-9999,-9999,-9999,-9999,-9999,-9999,-9999,-9999,-9999,-9999,-9999,-9999,-9999,-9999,-9999,-9999,-9999,-9999,-9999,-9999,-9999,-9999,-9999,-9999,-9999,-9999,-9999,-9999,-9999,-9999,-9999,-9999,-9999,-9999,-9999,-9999,-9999,-9999,-9999,-9999,-9999,-9999,-9999,-9999,-9999,-9999,-9999,-9999,-9999,-9999,-9999,-9999,-9999,-9999,-9999,-9999,-9999,-9999,-9999,-9999,-9999,-9999,-9999,-9999,-9999,-9999,-9999,-9999,-9999,-9999,-9999,-9999,-9999,-9999,-9999,-9999,-9999,-9999,-9999,-9999,-9999,-9999,-9999,-9999,-9999,-9999,-9999,-9999,-9999,-9999,-9999,-9999,-9999,-9999,-9999,-9999,-9999,-9999,-9999,7.56071074192732E-07,3.77405035578704E-06,0.000109768399852328,0.000108120242657606,0.000106392137240618,0.000105386934592389,0.000100144097814336,0.000100535762612708,9.59429089562036E-05,7.5234413088765E-05,5.50597869732883E-05,3.41706108883955E-05,1.35787577164592E-05,2.04026073333807E-05,1.24612161016557E-05,1.72020590980537E-05,5.83184555580374E-05,0.000112167930637952,0.000114415939606261,0.000116183939098846,0.000117121191578917,0.000116929826617707,0.000116644012450706,0.000112469570012763,5.85527959628962E-05
-9999,-9999,-9999,-9999,-9999,-9999,-9999,-9999,-9999,-9999,-9999,-9999,-9999,-9999,-9999,-9999,-9999,-9999,-9999,-9999,-9999,-9999,-9999,-9999,-9999,-9999,-9999,-9999,-9999,-9999,-9999,-9999,-9999,-9999,-9999,-9999,-9999,-9999,-9999,-9999,-9999,-9999,-9999,-9999,-9999,-9999,-9999,-9999,-9999,-9999,-9999,-9999,-9999,-9999,-9999,-9999,-9999,-9999,-9999,-9999,-9999,-9999,-9999,-9999,-9999,-9999,-9999,-9999,-9999,-9999,-9999,-9999,-9999,-9999,-9999,-9999,-9999,-9999,-9999,-9999,-9999,-9999,-9999,-9999,-9999,-9999,-9999,-9999,-9999,-9999,-9999,-9999,-9999,-9999,-9999,-9999,-9999,-9999,-9999,-9999,-9999,-9999,-9999,-9999,-9999,-9999,-9999,-9999,7.40362906981318E-07,2.99271346193564E-06,0.000105156352219637,0.000107807580207009,0.000106996070826426,0.000106463288830128,0.000105852930573747,0.000105477360193618,0.00010530769941397,0.00010591540922178,0.00010682445281418,0.000107801519334316,0.000109161206637509,0.000111266155727208,0.000113193484139629,0.000114161673991475,0.000114581562229432,0.000115065457066521,0.000114458809548523,0.000107879561255686,6.46416228846647E-05,4.50985362476786E-06,-9999
-9999,-9999,-9999,-9999,-9999,-9999,-9999,-9999,-9999,-9999,-9999,-9999,-9999,-9999,-9999,-9999,-9999,-9999,-9999,-9999,-9999,-9999,-9999,-9999,-9999,-9999,-9999,-9999,-9999,-9999,-9999,-9999,-9999,-9999,-9999,-9999,-9999,-9999,-9999,-9999,-9999,-9999,-9999,-9999,-9999,-9999,-9999,-9999,-9999,-9999,-9999,-9999,-9999,-9999,-9999,-9999,-9999,-9999,-9999,-9999,-9999,-9999,-9999,-9999,-9999,-9999,-9999,-9999,-9999,-9999,-9999,-9999,-9999,-9999,-9999,-9999,-9999,-9999,-9999,-9999,-9999,-9999,-9999,-9999,-9999,-9999,-9999,-9999,-9999,-9999,-9999,-9999,-9999,-9999,-9999,-9999,-9999,-9999,-9999,-9999,-9999,-9999,-9999,-9999,-9999,-9999,-9999,-9999,-9999,-9999,7.34359673515428E-07,7.3237760034317E-07,7.30340161680942E-07,7.28114514458866E-07,3.01340401165362E-06,4.22967787017114E-06,7.23812263458967E-07,7.25781262644887E-07,7.30911153823399E-07,1.41405826070695E-06,4.57934402220417E-06,2.02932587853866E-05,4.23483616032172E-05,4.68095240648836E-05,1.08220956462901E-05,7.89279567925405E-07,7.9567922739443E-07,7.99199710854737E-07,-9999,-9999,-9999
-9999,-9999,-9999,-9999,-9999,-9999,-9999,-9999,-9999,-9999,-9999,-9999,-9999,-9999,-9999,-9999,-9999,-9999,-9999,-9999,-9999,-9999,-9999,-9999,-9999,-9999,-9999,-9999,-9999,-9999,-9999,-9999,-9999,-9999,-9999,-9999,-9999,-9999,-9999,-9999,-9999,-9999,-9999,-9999,-9999,-9999,-9999,-9999,-9999,-9999,-9999,-9999,-9999,-9999,-9999,-9999,-9999,-9999,-9999,-9999,-9999,-9999,-9999,-9999,-9999,-9999,-9999,-9999,-9999,-9999,-9999,-9999,-9999,-9999,-9999,-9999,-9999,-9999,-9999,-9999,-9999,-9999,-9999,-9999,-9999,-9999,-9999,-9999,-9999,-9999,-9999,-9999,-9999,-9999,-9999,-9999,-9999,-9999,-9999,-9999,-9999,-9999,-9999,-9999,-9999,-9999,-9999,-9999,-9999,-9999,-9999,-9999,-9999,-9999,-9999,-9999,-9999,-9999,-9999,-9999,-9999,-9999,-9999,-9999,-9999,-9999,-9999,-9999,-9999,-9999,-9999
-9999,-9999,-9999,-9999,-9999,-9999,-9999,-9999,-9999,-9999,-9999,-9999,-9999,-9999,-9999,-9999,-9999,-9999,-9999,-9999,-9999,-9999,-9999,-9999,-9999,-9999,-9999,-9999,-9999,-9999,-9999,-9999,-9999,-9999,-9999,-9999,-9999,-9999,-9999,-9999,-9999,-9999,-9999,-9999,-9999,-9999,-9999,-9999,-9999,-9999,-9999,-9999,-9999,-9999,-9999,-9999,-9999,-9999,-9999,-9999,-9999,-9999,-9999,-9999,-9999,-9999,-9999,-9999,-9999,-9999,-9999,-9999,-9999,-9999,-9999,-9999,-9999,-9999,-9999,-9999,-9999,-9999,-9999,-9999,-9999,-9999,-9999,-9999,-9999,-9999,-9999,-9999,-9999,-9999,-9999,-9999,-9999,-9999,-9999,-9999,-9999,-9999,-9999,-9999,-9999,-9999,-9999,-9999,-9999,-9999,-9999,-9999,-9999,-9999,-9999,-9999,-9999,-9999,-9999,-9999,-9999,-9999,-9999,-9999,-9999,-9999,-9999,-9999,-9999,-9999,-9999

Step,373
Year,31.08333
-9999,-9999,-9999,-9999,-9999,-9999,-9999,-9999,-9999,-9999,-9999,-9999,-9999,-9999,-9999,-9999,-9999,-9999,-9999,-9999,-9999,-9999,-9999,-9999,-9999,-9999,-9999,-9999,-9999,-9999,-9999,-9999,-9999,-9999,-9999,-9999,-9999,-9999,-9999,-9999,-9999,-9999,-9999,-9999,-9999,-9999,-9999,-9999,-9999,-9999,-9999,-9999,-9999,-9999,-9999,-9999,-9999,-9999,-9999,-9999,-9999,-9999,-9999,-9999,-9999,-9999,-9999,-9999,-9999,-9999,-9999,-9999,-9999,-9999,-9999,-9999,-9999,-9999,-9999,-9999,-9999,-9999,-9999,-9999,-9999,-9999,-9999,-9999,-9999,-9999,-9999,-9999,-9999,-9999,-9999,-9999,-9999,-9999,-9999,-9999,-9999,-9999,-9999,-9999,-9999,-9999,-9999,-9999,-9999,-9999,-9999,-9999,-9999,-9999,-9999,-9999,-9999,-9999,-9999,-9999,-9999,-9999,-9999,-9999,-9999,-9999,-9999,-9999,-9999,-9999,-9999
-9999,-9999,-9999,-9999,-9999,-9999,-9999,-9999,-9999,-9999,-9999,-9999,-9999,-9999,-9999,-9999,-9999,-9999,-9999,-9999,-9999,-9999,-9999,-9999,-9999,-9999,-9999,-9999,-9999,-9999,-9999,-9999,-9999,-9999,-9999,-9999,-9999,-9999,-9999,-9999,-9999,-9999,-9999,-9999,-9999,-9999,-9999,-9999,-9999,-9999,-9999,-9999,-9999,-9999,-9999,-9999,-9999,-9999,-9999,-9999,-9999,-9999,-9999,-9999,-9999,-9999,-9999,-9999,-9999,-9999,-9999,-9999,-9999,-9999,-9999,-9999,-9999,-9999,-9999,-9999,-9999,-9999,-9999,-9999,-9999,-9999,-9999,-9999,-9999,-9999,-9999,-9999,-9999,-9999,-9999,-9999,-9999,-9999,-9999,-9999,-9999,-9999,-9999,-9999,-9999,-9999,-9999,-9999,-9999,-9999,-9999,-9999,-9999,-9999,-9999,-9999,-9999,-9999,-9999,-9999,-9999,-9999,-9999,-9999,-9999,-9999,-9999,-9999,-9999,-9999,-9999
-9999,-9999,-9999,-9999,-9999,-9999,-9999,-9999,-9999,-9999,-9999,-9999,-9999,-9999,-9999,-9999,-9999,-9999,-9999,-9999,-9999,-9999,-9999,-9999,-9999,-9999,-9999,-9999,-9999,-9999,-9999,-9999,-9999,-9999,-9999,-9999,-9999,-9999,-9999,-9999,-9999,-9999,-9999,-9999,-9999,-9999,-9999,-9999,-9999,-9999,-9999,-9999,-9999,-9999,-9999,-9999,-9999,-9999,-9999,-9999,-9999,-9999,-9999,-9999,-9999,-9999,-9999,-9999,-9999,-9999,-9999,-9999,-9999,-9999,6.64330229938059E-07,9.87477278613369E-07,-9999,-9999,-9999,-9999,-9999,-9999,-9999,-9999,-9999,-9999,-9999,-9999,-9999,-9999,-9999,-9999,-9999,-9999,-9999,-9999,-9999,-9999,-9999,-9999,-9999,-9999,-9999,-9999,-9999,-9999,-9999,-9999,-9999,-9999,-9999,-9999,-9999,-9999,-9999,-9999,-9999,-9999,-9999,-9999,-9999,-9999,-9999,-9999,-9999,-9999,-9999,-9999,-9999,-9999,-9999
-9999,-9999,-9999,-9999,-9999,-9999,-9999,-9999,-9999,-9999,-9999,-9999,-9999,-9999,-9999,-9999,-9999,-9999,-9999,-9999,-9999,-9999,-9999,-9999,-9999,-9999,-9999,-9999,-9999,-9999,-9999,-9999,-9999,-9999,-9999,-9999,-9999,-9999,-9999,-9999,-9999,-9999,-9999,-9999,-9999,-9999,-9999,-9999,-9999,-9999,-9999,-9999,-9999,-9999,-9999,-9999,-9999,-9999,-9999,-9999,-9999,-9999,-9999,-9999,-9999,-9999,-9999,-9999,-9999,-9999,-9999,-9999,-9999,-9999,9.51749143496272E-07,1.40844679208385E-06,-9999,-9999,-9999,-9999,-9999,-9999,-9999,-9999,-9999,-9999,-9999,-9999,-9999,-9999,-9999,-9999,-9999,-9999,-9999,-9999,-9999,-9999,-9999,-9999,-9999,-9999,-9999,-9999,-9999,-9999,-9999,-9999,-9999,-9999,-9999,-9999,-9999,-9999,-9999,-9999,-9999,-9999,-9999,-9999,-9999,-9999,-9999,-9999,-9999,-9999,-9999,-9999,-9999,-9999,-9999
-9999,-9999,-9999,-9999,-9999,-9999,-9999,-9999,-9999,-9999,-9999,-9999,-9999,-9999,-9999,-9999,-9999,-9999,-9999,-9999,-9999,-9999,-9999,-9999,-9999,-9999,-9999,-9999,-9999,-9999,-9999,-9999,-9999,-9999,-9999,-9999,-9999,-9999,-9999,-9999,-9999,-9999,-9999,-9999,-9999,-9999,-9999,-9999,-9999,-9999,-9999,-9999,-9999,-9999,-9999,-9999,7.98663464252058E-08,1.14905937209642E-07,1.61743926696545E-07,2.27115066309125E-07,-9999,-9999,-9999,-9999,-9999,1.21446589673724E-06,1.16482613066182E-06,1.63572110523091E-06,1.58303168973362E-06,1.0174662747886E-06,1.44803971124929E-06,7.18765977580915E-06,9.62883495958522E-06,9.53218295762781E-06,1.3453570772981E-06,6.8961021497671E-06,8.92804018803872E-06,-9999,-9999,8.48288618726656E-06,1.31579163280549E-05,1.15429020297597E-05,1.17479448817903E-05,3.02628504869062E-05,4.03599624405615E-05,3.69571789633483E-05,3.71217756764963E-05,2.27354266826296E-05,1.07390851553646E-05,-9999,-9999,-9999,-9999,-9999,-9999,-9999,-9999,-9999,-9999,-9999,-9999,-9999,-9999,-9999,-9999,-9999,-9999,-9999,-9999,-9999,-9999,-9999,-9999,-9999,-9999,-9999,-9999,-9999,-9999,-9999,-9999,-9999,-9999,-9999,-9999,-9999,-9999,-9999,-9999,-9999,-9999
-9999,-9999,-9999,-9999,-9999,-9999,-9999,-9999,-9999,-9999,-9999,-9999,-9999,-9999,-9999,-9999,-9999,-9999,-9999,-9999,-9999,-9999,-9999,-9999,-9999,-9999,-9999,-9999,-9999,-9999,-9999,-9999,-9999,-9999,-9999,-9999,-9999,-9999,-9999,-9999,-9999,-9999,-9999,-9999,-9999,-9999,-9999,-9999,-9999,-9999,-9999,-9999,-9999,-9999,-9999,8.3497319280923E-08,1.21414046816426E-07,1.73652139778824E-07,2.40826039998865E-07,3.22517394124588E-07,4.24368749918358E-07,5.82656866754405E-07,-9999,2.06405979952251E-06,5.50624008610612E-06,1.81479447292077E-06,1.68426129221189E-06,1.23418740258785E-05,1.24307789519662E-05,1.45554872688081E-06,1.40441386520251E-06,1.61148582265014E-05,2.03903109650128E-05,1.8091641322826E-05,1.59197206812678E-05,1.57031099661253E-05,1.21677339848247E-05,1.35102181957336E-05,2.25872772716684E-05,4.02124351239763E-05,9.61594996624626E-05,0.000147644212120213,0.000164269367814995,0.000164698853041045,0.000166503072250634,0.000168420883710496,0.000170400729984976,0.00017299791215919,0.000166942030773498,8.82739841472358E-05,3.754042336368E-05,-9999,-9999,-9999,-9999,-9999,-9999,-9999,-9999,-9999,-9999,-9999,-9999,-9999,-9999,-9999,-9999,-9999,-9999,-9999,-9999,-9999,-9999,-9999,-9999,-9999,-9999,-9999,-9999,-9999,-9999,-9999,-9999,-9999,-9999,-9999,-9999,-9999,-9999,-9999,-9999
-9999,-9999,-9999,-9999,-9999,-9999,-9999,-9999,-9999,-9999,-9999,-9999,-9999,-9999,-9999,-9999,-9999,-9999,-9999,-9999,-9999,-9999,-9999,-9999,-9999,-9999,-9999,-9999,-9999,-9999,-9999,-9999,-9999,-9999,-9999,-9999,-9999,-9999,-9999,-9999,-9999,-9999,-9999,-9999,-9999,-9999,-9999,-9999,-9999,-9999,-9999,-9999,-9999,-9999,-9999,1.25387842331293E-07,1.83787832952476E-07,2.65588084857882E-07,3.68398218597576E-07,4.86671240196301E-07,6.19971103787975E-07,7.88776901572419E-07,1.03177649179997E-06,1.3944799093224E-06,1.91251660908165E-06,1.08222566268523E-05,1.86109227797715E-05,4.64888544229325E-05,7.46171572245657E-05,0.000106721839983948,0.000121279626910109,0.000107968029624317,0.000132781759020872,0.000148036939208396,0.000118777716124896,0.000116976021672599,0.000110145221697167,0.000118272255349439,0.000160117357154377,0.000164257799042389,0.000167389065609314,0.000169468257809058,0.000171276216860861,0.000172424959600903,0.000173368258401752,0.000174476313986816,0.000175848763319664,0.000177129390067421,0.000177759575308301,0.000177403126144782,0.000174704953678884,0.000145260128192604,3.4601103834575E-05,-9999,-9999,-9999,-9999,-9999,-9999,-9999,-9999,-9999,1.09197080746526E-05,1.09136444734759E-05,1.09285956568783E-05,-9999,-9999,-9999,-9999,-9999,-9999,-9999,-9999,-9999,-9999,-9999,-9999,-9999,-9999,-9999,-9999,-9999,-9999,-9999,-9999,-9999,-9999,-9999,-9999,-9999,-9999
-9999,-9999,-9999,-9999,-9999,-9999,-9999,-9999,-9999,-9999,-9999,-9999,-9999,-9999,-9999,-9999,-9999,-9999,-9999,-9999,-9999,-9999,-9999,-9999,-9999,-9999,-9999,-9999,-9999,-9999,-9999,5.03202181789675E-06,-9999,-9999,-9999,1.53758155647665E-05,-9999,-9999,-9999,-9999,-9999,-9999,-9999,-9999,-9999,-9999,-9999,-9999,-9999,-9999,-9999,-9999,-9999,-9999,-9999,-9999,-9999,1.81131767362785E-07,2.56114503827121E-07,3.54496080490208E-07,-9999,7.18948342637304E-07,9.97367351374123E-07,1.3744219131695E-06,1.8880721199821E-06,1.09381044239854E-05,1.9375251213205E-05,2.62186949839815E-05,1.60964082169812E-05,8.74846009537578E-05,0.00017927614680957,0.000187638695933856,0.000185518641956151,0.000182878749910742,0.000176867935806513,0.000172215703059919,0.000172861342434771,0.00017321138875559,0.000171515857800841,0.00017069888417609,0.000170589264598675,0.000171300111105666,0.000171029314515181,0.000171311025042087,0.000172819796716794,0.000174273329321295,0.000175953216967173,0.000177803318365477,0.000179135939106345,0.000179713300894946,0.000180231872946024,0.000177072040969506,0.000160845287609845,4.21004478994291E-05,-9999,-9999,-9999,-9999,-9999,-9999,-9999,-9999,1.4729994290974E-05,2.27821728913113E-05,1.48697063195868E-05,1.0681884305086E-05,1.07786854641745E-05,-9999,-9999,-9999,-9999,-9999,-9999,-9999,-9999,-9999,-9999,-9999,-9999,-9999,-9999,-9999,-9999,-9999,-9999,-9999,-9999,-9999,-9999,-9999,-9999
-9999,-9999,-9999,-9999,-9999,-9999,-9999,-9999,-9999,-9999,-9999,-9999,-9999,-9999,-9999,-9999,-9999,-9999,-9999,-9999,-9999,-9999,-9999,-9999,-9999,-9999,-9999,-9999,-9999,-9999,3.54024587068125E-06,6.81029632687569E-06,-9999,-9999,7.13294775778195E-06,1.21631055662874E-05,-9999,-9999,1.42363523991662E-05,2.54840360867092E-05,-9999,-9999,-9999,-9999,-9999,3.51048515767616E-06,-9999,-9999,-9999,-9999,-9999,-9999,-9999,-9999,-9999,-9999,-9999,-9999,-9999,-9999,-9999,1.0203158353761E-06,1.42931673963176E-06,2.00486374524189E-06,1.88529918432323E-06,1.0663351531548E-05,1.16249120765133E-05,1.10272667370737E-05,1.03039710666053E-05,5.95991441514343E-05,0.000181823139428161,0.000191629835171625,0.000189809448784217,0.000186549426871352,0.000182690258952789,0.000179221271537244,0.000176544650457799,0.000174313361640088,0.000172790678334422,0.000171742271049879,0.000171072344528511,0.00017056985234376,0.000169616658240557,0.000170664061442949,0.000172112413565628,0.000174362634425052,0.000176253292011097,0.000178289163159207,0.000180129631189629,0.000181267139851116,0.000182032090378925,0.000181951327249408,0.000179235357791185,0.000151434287545271,4.25573780375998E-05,-9999,-9999,-9999,-9999,-9999,1.71706451510545E-05,1.73222979356069E-05,3.29581380356103E-05,4.87951911054552E-05,3.70231900888029E-05,2.49335698754294E-05,1.646392775001E-05,1.06623247120297E-05,-9999,-9999,-9999,-9999,-9999,-9999,-9999,-9999,-9999,-9999,-9999,-9999,-9999,-9999,-9999,-9999,-9999,-9999,-9999,-9999,-9999,-9999,-9999
-9999,-9999,-9999,-9999,-9999,-9999,-9999,-9999,-9999,-9999,-9999,-9999,-9999,-9999,-9999,-9999,-9999,-9999,-9999,-9999,-9999,-9999,-9999,8.32492514746264E-06,1.05929721030407E-05,-9999,-9999,-9999,-9999,8.53319306770572E-06,8.05305444373516E-06,3.2191285299632E-06,1.59170303959399E-05,1.68442704762128E-06,1.42680655699223E-05,2.50431912718341E-05,4.48126593255438E-05,1.95818520296598E-05,1.2015795618936E-05,-9999,1.2339390195848E-05,1.30146909214091E-05,-9999,-9999,3.72679896827321E-05,4.71308521809988E-06,2.64035315922229E-06,1.55358736719791E-06,-9999,-9999,-9999,-9999,-9999,-9999,-9999,-9999,-9999,7.02692204868072E-06,4.39320410805522E-06,-9999,-9999,-9999,2.03781132768199E-06,1.33021385408938E-05,1.26561508295708E-05,1.23571235235431E-05,1.1728912795661E-05,1.09201837403816E-05,1.41321315823006E-05,8.64485264173709E-05,0.000182999167009257,0.000192193620023318,0.00018988925148733,0.000186695513548329,0.000182928182766773,0.000179365131771192,0.000176524554262869,0.000174089014763013,0.000172394938999787,0.000171295745531097,0.000170110026374459,0.000163277189130895,0.000166199388331734,0.000169841456227005,0.000171935971593484,0.000173850799910724,0.000176357803866267,0.000178779519046657,0.000180829898454249,0.000182042000233196,0.000182794756256044,0.000183065742021427,0.000182064482942224,0.000174155909917317,5.0994785851799E-05,9.00229770195438E-06,1.30148237076355E-06,8.91556965143536E-07,1.34834260734351E-06,4.17422052123584E-05,8.23831651359797E-05,0.000106830906588584,0.0001194848009618,0.00010235720401397,9.70653418335132E-05,7.39287788746879E-05,4.46974881924689E-05,1.46420916280476E-05,1.07047835626872E-05,1.08801577880513E-05,-9999,-9999,-9999,-9999,-9999,-9999,-9999,-9999,-9999,-9999,-9999,-9999,-9999,-9999,-9999,-9999,-9999,-9999,-9999,-9999,-9999
-9999,-9999,-9999,-9999,-9999,-9999,-9999,-9999,-9999,-9999,-9999,-9999,-9999,-9999,-9999,-9999,-9999,-9999,-9999,-9999,-9999,-9999,1.25127744468045E-05,1.46308520925231E-05,9.87633939075749E-06,9.82177698460873E-06,1.07442356238607E-05,1.23437748698052E-05,2.3119220713852E-05,3.46741217072122E-05,2.60016877291491E-05,6.11122231930494E-05,8.38583000586368E-05,9.02421452337876E-05,0.000103682374174241,8.97444260772318E-05,8.90540686668828E-05,8.11700883787125E-05,4.69077858724631E-05,3.58771176252048E-05,1.17689651233377E-05,7.38030712454929E-06,6.41963015368674E-06,9.19020021683536E-06,3.20942604048469E-06,2.25150392907381E-06,2.07706830224197E-06,1.88298463399406E-06,1.14948124974035E-06,-9999,-9999,-9999,-9999,-9999,-9999,-9999,-9999,2.84871330222813E-05,2.47714124270715E-05,2.22893522732193E-05,-9999,-9999,1.33289004224935E-05,1.33544417622034E-05,1.30568514578044E-05,1.24246289487928E-05,1.15412258310243E-05,1.32365785248112E-05,4.28713392466307E-05,0.000121203949674964,0.000185403172508813,0.000192492705537006,0.000189480357221328,0.000186158591532148,0.00018233856826555,0.000178600821527652,0.000175543566001579,0.000173133521457203,0.000171245395904407,0.00017021904932335,0.000161087737069465,8.46483817440458E-05,0.000101135126897134,0.000141588810947724,0.000165246718097478,0.000173474807525054,0.000176326779183,0.000179018476046622,0.00018111159442924,0.000182251416845247,0.000183468408067711,0.000184227799763903,0.000182946037966758,0.000171035339008085,8.20668356027454E-05,6.62894599372521E-05,5.37083178642206E-06,1.32239415506774E-06,6.3901454268489E-05,0.000148214778164402,0.000164961718837731,0.000175095643498935,0.000172938060131855,0.000167545702424832,0.000161138479597867,0.000132613713503815,8.50625947350636E-05,4.43403841927648E-05,1.62725991685875E-05,1.06677462099469E-05,-9999,-9999,-9999,-9999,-9999,-9999,-9999,-9999,-9999,-9999,-9999,-9999,-9999,-9999,-9999,-9999,-9999,-9999,-9999,-9999,-9999
-9999,-9999,-9999,-9999,-9999,-9999,-9999,-9999,-9999,-9999,-9999,-9999,-9999,-9999,-9999,-9999,-9999,-9999,-9999,-9999,-9999,-9999,1.23919635370839E-05,1.46683341881726E-05,1.2308502846281E-05,1.26096065287129E-05,4.63047072116751E-05,9.18782388907857E-05,0.000121061581012327,0.000106267463706899,0.000105728955531958,8.48103954922408E-05,9.10235175979324E-05,0.00010420548642287,9.68579624895938E-05,0.000110092587419786,0.000130281929159537,0.000129497071611695,0.000135210197186098,0.000120217191579286,8.44177629915066E-05,5.47036979696713E-05,2.28538392548217E-05,9.02424471860286E-06,4.70137456431985E-06,2.20918741433707E-06,2.21051755033841E-06,2.15555519389454E-06,1.40544671012321E-06,1.34800791329326E-06,1.34004449137137E-06,-9999,-9999,-9999,-9999,-9999,-9999,-9999,2.09107747650705E-05,1.83273550646845E-05,1.56745736603625E-05,1.35829714054125E-05,1.33810854094918E-05,1.31944598251721E-05,1.28978372231359E-05,1.21531502372818E-05,1.39658932312159E-05,4.41349729953799E-05,0.000118093375931494,0.000186128891073167,0.000195077634998597,0.000191811705008149,0.000188278092537075,0.000184826101758517,0.000180937495315447,0.000177175359567627,0.00017427618149668,0.000172049971297383,0.000170262894243933,0.000152652501128614,2.11233145819278E-06,1.16686987894354E-06,1.17700233204232E-06,1.18727166409371E-06,1.38386139951763E-05,0.000114850896352436,0.000172175088664517,0.000178782473085448,0.000181124923983589,0.000182870877324603,0.000184382341103628,0.000185379001777619,0.000184512537089176,0.000170347484527156,0.000174019340192899,0.000180406495928764,0.000159215458552353,8.53348101372831E-05,0.000172064537764527,0.000189199927262962,0.00019177766807843,0.000189425656571984,0.000184197691851296,0.00018113138503395,0.000177084919414483,0.000160702300490811,0.000120100907224696,7.85006996011361E-05,2.43405429500854E-05,1.03102211141959E-05,5.3180656323093E-06,-9999,-9999,-9999,-9999,-9999,-9999,-9999,-9999,-9999,-9999,-9999,-9999,-9999,-9999,-9999,-9999,-9999,-9999,-9999,-9999
-9999,-9999,-9999,-9999,-9999,-9999,-9999,-9999,-9999,-9999,-9999,-9999,-9999,-9999,-9999,-9999,-9999,-9999,-9999,-9999,-9999,-9999,1.19667520266376E-05,1.48745039041387E-05,2.32269849220756E-05,0.000105796396383084,0.00013662017590832,0.000150509105878882,0.000142793825943954,0.000113149333628826,0.000112344408989884,0.000125718128401786,0.000132004846818745,0.000138144954689778,0.000157054499140941,0.000156141555635259,0.000161278629093431,0.000166140802321024,0.000175944500369951,0.000164554250659421,0.000145888130646199,9.14224801817909E-05,4.8546695325058E-05,2.83157187368488E-05,2.4604420104879E-05,2.76540577033302E-05,2.43468912231037E-05,1.68647620739648E-05,1.75663808477111E-06,1.80923234438524E-06,1.83438373824174E-06,-9999,-9999,-9999,-9999,1.4134930097498E-05,1.46229594975011E-05,1.54886147356592E-05,1.65706314874114E-05,1.51155481944443E-05,1.62690139404731E-05,1.22811279652524E-05,1.03014172054827E-05,6.30361091680243E-06,1.7267342627747E-05,5.62397981411777E-05,2.62030316662276E-05,0.000143591460073367,0.000201079077669419,0.000198019610252231,0.000194164647837169,0.000190409278729931,0.000186706485692412,0.000183129974175245,0.000178918387973681,0.000175710010807961,0.000173707405338064,0.000162917203851976,1.16129331217962E-06,1.16260241611599E-06,1.16924081794423E-06,7.91406819189433E-07,7.99313454535877E-07,8.07386982160097E-07,1.21610344194778E-06,4.55825011158595E-06,6.00956191192381E-05,0.000158847935381345,0.000179941445821896,0.000183310912689194,0.000185095268534496,0.000186229808605276,0.000187320270924829,0.000188551683095284,0.00018978062144015,0.00019084571977146,0.000189327736734413,0.000189765924005769,0.000193428568309173,0.000196419190615416,0.000196878099814057,0.000194650754565373,0.000191729006473906,0.000189136684639379,0.000180816045030951,0.000173336549778469,0.000145954982144758,0.000113332411274314,5.18747001478914E-05,1.92655788850971E-05,2.3101251827029E-06,1.49506877278327E-06,-9999,-9999,-9999,-9999,-9999,-9999,-9999,-9999,-9999,-9999,-9999,-9999,-9999,-9999,-9999,-9999,-9999,-9999,-9999
-9999,-9999,-9999,-9999,-9999,-9999,-9999,-9999,-9999,-9999,-9999,-9999,-9999,-9999,-9999,-9999,-9999,-9999,-9999,-9999,-9999,1.08518861452467E-05,1.28359370137332E-05,4.9727128498489E-05,0.00013568953727372,0.000176719026057981,0.000176246714545414,0.000162970449309796,0.00014156945690047,0.000166591824381612,0.000165249482961372,0.0001699801068753,0.000169099803315476,0.000168258673511446,0.000178087168023922,0.000186461416888051,0.000189591184607707,0.000188464255188592,0.000194724212633446,0.000193496685824357,0.000188900157809258,0.000154938112245873,6.05051645834465E-05,3.8033274904592E-05,4.69464976049494E-05,4.27768682129681E-05,3.86094106943347E-05,3.9115624531405E-05,3.88785556424409E-05,2.80989861494163E-05,1.82816038432065E-05,1.2432456969691E-05,1.26461518448195E-05,1.30581502162386E-05,1.35542195494054E-05,1.28650044644019E-05,1.48010258271825E-05,1.33594530780101E-05,1.364577201457E-05,1.5255870494002E-05,6.0049209423596E-05,0.000126204220578074,6.11971991020255E-05,1.71215901900723E-06,1.67735038303363E-06,1.60093259182759E-06,6.17525711277267E-06,5.60959160793573E-05,0.0002010042371694,0.000197282060980797,0.000193527739611454,0.000188529898878187,0.000184590084245428,0.000158537412062287,6.71299358145916E-06,1.19972844458971E-06,1.18297532480938E-06,1.17400838917092E-06,7.84583562563057E-07,7.86120040174865E-07,7.90540354955738E-07,5.36960442332202E-07,5.43207818282099E-07,5.50259755982552E-07,8.29757652809349E-07,1.24459586459125E-06,8.07764990895521E-06,5.33237434865441E-05,0.000146912832860835,0.000179605427547358,0.000184956908924505,0.000186474280781113,0.000187447862117551,0.000188536127097905,0.000190144361113198,0.000191542450920679,0.000192548657651059,0.000193590443814173,0.000195090920897201,0.00019630094175227,0.000195947824977338,0.000195165295735933,0.000194046297110617,0.000192880092072301,0.000189332669833675,0.00017913049669005,0.000168224782100879,0.000128834828501567,7.64842407079414E-05,4.25514263042714E-05,1.17375875561265E-05,1.46366073749959E-06,1.51569145145913E-06,2.92722825179226E-06,-9999,-9999,-9999,-9999,-9999,-9999,-9999,-9999,-9999,-9999,-9999,-9999,-9999,-9999,-9999,-9999,-9999
-9999,-9999,-9999,-9999,-9999,-9999,-9999,-9999,-9999,-9999,-9999,-9999,-9999,-9999,-9999,-9999,-9999,-9999,-9999,-9999,-9999,2.14590909308754E-05,0.00012040668661939,0.000176248053321615,0.000197395973373204,0.000187018216820434,0.000175121982465498,0.00016795723058749,0.000178083646460436,0.000191286118933931,0.000201434595510364,0.000200000024051405,0.000205457443371415,0.000209867852390744,0.000206312295631506,0.0002139368589269,0.000212671642657369,0.000209392688702792,0.000211289647268131,0.000211049016797915,0.000206487602554262,0.000201667498913594,0.000190489328815602,0.000171577994478866,0.000151776053826325,0.000121764416689985,7.74743821239099E-05,4.24770078097936E-05,4.68841644760687E-05,3.87494364986196E-05,2.87694565486163E-05,1.90424816537416E-05,1.72779946296941E-05,1.4069877579459E-05,1.42238459375221E-05,2.20721140067326E-05,1.98551788344048E-05,1.96572600543732E-05,3.01732798106968E-05,0.000131068023620173,0.000216104483115487,0.000235899613471702,0.00022949295816943,7.24974961485714E-05,1.59930743848236E-06,1.55039742821828E-06,1.48040828662488E-06,0.000205527991056442,0.000201471208129078,0.000197504385141656,0.000140192962135188,1.29531372294878E-06,1.27323846754734E-06,1.26118061416491E-06,-9999,-9999,-9999,-9999,-9999,-9999,-9999,3.65477376362833E-07,3.68544391449177E-07,5.58351246127131E-07,8.40851555494737E-07,1.26182146686915E-06,2.87110856334039E-06,1.75774493982317E-05,7.06768551026471E-05,0.000151639193063602,0.000182153104105964,0.000186050936463289,0.000187064957572147,0.000188764373888262,0.000190145030501299,0.000191294573596679,0.000192302948562428,0.000193617728655227,0.00019459004397504,0.00019502617942635,0.000194550782907754,0.000193728614249267,0.000193572923308238,0.00019418126612436,0.000192372972378507,0.000186424906132743,0.000173852808075026,0.00015063481987454,0.000115291193651501,6.95824273861945E-05,3.79966113541741E-05,1.23248591989977E-05,8.41354722069809E-06,6.87222154738265E-06,9.25112180993892E-06,-9999,-9999,-9999,-9999,-9999,-9999,-9999,-9999,-9999,-9999,-9999,-9999,-9999,-9999,-9999,-9999
-9999,-9999,-9999,-9999,-9999,-9999,-9999,-9999,-9999,-9999,-9999,-9999,-9999,-9999,-9999,-9999,-9999,-9999,-9999,1.12817569970503E-05,3.05116445815656E-05,0.000169172300957143,0.000201596994884312,0.000201359536731616,0.000196424138266593,0.000204269832465798,0.000199054498807527,0.000197435059817508,0.000209758727578446,0.000210299782338552,0.000212874612770975,0.000215168838622048,0.000212522805668414,0.000209540652576834,0.000214069805224426,0.000215936219319701,0.00021473501692526,0.000211896956898272,0.000212577258935198,0.000213407911360264,0.000213141538552009,0.000211455771932378,0.000210914935451001,0.000207092147320509,0.000203165080165491,0.000193338244571351,0.000181360432179645,0.000169466773513705,0.000132427478092723,8.83080138009973E-05,3.795222073677E-05,3.82297657779418E-05,4.2359773942735E-05,4.67153731733561E-05,6.13915326539427E-05,9.1586283815559E-05,0.000138816685648635,0.000152478474774398,0.000189791695447639,0.000226590840611607,0.000234930907026865,0.000235234372667037,0.000233971033594571,0.000233808532357216,5.72788258068613E-06,0.000217885928577743,0.000218729343032464,0.000209454417927191,0.000160911193233915,3.47241916642815E-06,1.35405957735202E-06,-9999,-9999,-9999,-9999,-9999,-9999,-9999,-9999,-9999,-9999,-9999,-9999,3.79429536678799E-07,5.69804285532882E-07,8.57315910707257E-07,1.28308829516754E-06,8.85839108377695E-06,3.60408412234392E-05,0.000101432167866733,0.000166778278071433,0.000184713630005717,0.000187199359061196,0.000187839556019753,0.000188674835953861,0.000189695943845436,0.000190728591405787,0.00019178946968168,0.000192483494174667,0.000192573337699287,0.000192109742783941,0.000191298429854214,0.000190414575627074,0.000190554157597944,0.000190392645890824,0.000187127938261256,0.000181221519596875,0.000172301544807851,0.000154854933498427,0.00010707455658121,5.83305372856557E-05,4.16446418967098E-05,2.63135334535036E-05,1.03940055851126E-05,1.0136648597836E-05,-9999,-9999,-9999,-9999,-9999,-9999,-9999,-9999,-9999,-9999,-9999,-9999,-9999,-9999,-9999,-9999
-9999,-9999,-9999,-9999,-9999,-9999,-9999,-9999,-9999,-9999,-9999,-9999,-9999,-9999,-9999,-9999,-9999,-9999,3.37515593855642E-05,8.48266354296356E-05,0.000191994418855757,0.000216191867366433,0.000215787120396271,0.000220571033423766,0.000222055052290671,0.000218524291994981,0.000228419798077084,0.000230799661949277,0.000227483455091715,0.000223655006266199,0.000219923735130578,0.000215479725738987,0.000211475125979632,0.000216168977203779,0.000215081090573221,0.000218008470255882,0.000216998523683287,0.000217399050598033,0.000215371008380316,0.000214532148675062,0.000213816572795622,0.0002129453496309,0.000212673578062095,0.000212442100746557,0.00021166140504647,0.000209218327654526,0.000206276323297061,0.000200238122488372,0.000190234408364631,0.000166665093274787,0.000105353174149059,5.90195013501216E-05,7.6002164860256E-05,0.00013946597755421,0.00016783905448392,0.000182491086889058,0.000184188043931499,0.000202007024199702,0.000224177536438219,0.000230113437282853,0.000231035359320231,0.000229795012273826,0.00022838193399366,0.00022690296464134,0.000223522467422299,0.000219731067772955,0.000206929966225289,3.09527217723371E-06,-9999,-9999,-9999,-9999,-9999,-9999,-9999,-9999,-9999,-9999,-9999,-9999,-9999,-9999,-9999,-9999,-9999,8.65592255649972E-07,1.29506179291639E-06,3.89326987715322E-06,1.79579055838985E-05,6.05308159720153E-05,0.00013300396676641,0.000179382361238822,0.00018620777700562,0.000187318830285221,0.000187378434929997,0.000187529643881135,0.000188146499567665,0.000188942547538318,0.000189307043910958,0.000189115118701011,0.000188271282240748,0.000187349753105082,0.000186837467481382,0.000186499964911491,0.000186670804396272,0.000184926509973593,0.000179216716787778,0.000171945997863077,0.000162976299179718,0.000143317054607905,9.36950018513016E-05,5.77375103603117E-05,2.31580997933634E-05,1.13913847599179E-05,1.01771074696444E-05,-9999,-9999,-9999,-9999,-9999,-9999,-9999,-9999,-9999,-9999,-9999,-9999,-9999,-9999,-9999,-9999
-9999,-9999,-9999,-9999,-9999,-9999,-9999,-9999,-9999,-9999,-9999,-9999,1.76355467829126E-06,5.17539592692629E-06,-9999,1.1738144166884E-05,2.47214393311879E-05,9.23336701816879E-05,0.000170366110978648,0.000206341326702386,0.000230646124691702,0.000236573265283369,0.000238750464632176,0.000238014064962044,0.000236002641031519,0.000236029678490013,0.000235125466133468,0.00023254967527464,0.000231016470934264,0.000227859520236962,0.000224418836296536,0.00022203236585483,0.000221131165744737,0.000220675894524902,0.000219873327296227,0.000219729321543127,0.000218856745050289,0.000217852459172718,0.00021629010734614,0.000214492160012014,0.000212852115510032,0.000211307560675777,0.000210658152354881,0.000210685189813375,0.000210726953810081,0.000210426806006581,0.00020983639115002,0.000208684854442254,0.000206770142540336,0.0002022270928137,0.000189227517694235,0.00016020551265683,0.000141283569973893,0.00015394581714645,0.000165677352924831,0.000180215123691596,0.000195145010366105,0.000218039509491064,0.000224762348807417,0.000223977942368947,0.000225221549044363,0.000225515264901333,0.000224671413889155,0.000223356924834661,0.000221445719944313,0.000220484449528158,2.45098431150836E-06,-9999,-9999,-9999,-9999,-9999,-9999,-9999,-9999,-9999,-9999,-9999,-9999,-9999,-9999,-9999,-9999,-9999,-9999,-9999,8.74164243214182E-07,1.30490604988154E-06,6.40628331893822E-06,2.86806607618928E-05,8.71831070980988E-05,0.000158535418449901,0.000183468640898354,0.000186306802788749,0.000186779740033671,0.000185665674507618,0.00018544786144048,0.000185709330253303,0.000185570286703296,0.000185118042281829,0.000184068907401524,0.00018257659394294,0.000181799885467626,0.000182182717253454,0.000182263887836598,0.000181344628799707,0.000178246889845468,0.000172795742400922,0.000166851503308862,0.000153522167238407,0.000113020985736512,6.09437229286414E-05,2.48769993049791E-05,1.2319469533395E-05,9.86501254374161E-06,-9999,-9999,-9999,-9999,-9999,-9999,-9999,-9999,-9999,-9999,-9999,-9999,-9999,-9999,-9999,-9999
-9999,-9999,-9999,-9999,-9999,-9999,-9999,-9999,-9999,-9999,1.73442799678014E-06,1.72398620179592E-06,1.71666658843606E-06,1.89695820154157E-05,4.59079637948889E-05,0.000120800097647589,0.000182854564627632,0.000211418722756207,0.000230235658818856,0.000239738277741708,0.0002428123698337,0.00024270432186313,0.000241722140344791,0.000240359164308757,0.000238825145061128,0.000236721782130189,0.000234705134062096,0.000232373538892716,0.000229819139349274,0.000227019947487861,0.000224297808017582,0.000221672147745267,0.000219697481952608,0.000218598725041375,0.000217660126509145,0.000217223801882938,0.000216523403651081,0.000215277395909652,0.00021364470012486,0.000211891063372605,0.000210106023587286,0.000208334240596741,0.000207197110285051,0.000206999015063047,0.000207016128115356,0.000206880853511393,0.000206681695999578,0.000206416050787084,0.000206093012820929,0.000205958407605067,0.000205779957468621,0.000205361662665382,0.000205381817067973,0.000206225784495473,0.00020879358635284,0.000214512197999284,0.000218127475818619,0.0002202462637797,0.000221246649743989,0.000220181318582036,5.62543064006604E-05,1.51016865856946E-06,1.52152529153682E-06,4.10724669563933E-06,0.000100384677352849,1.13852292997763E-05,-9999,-9999,-9999,-9999,-9999,-9999,-9999,-9999,-9999,-9999,-9999,-9999,-9999,-9999,-9999,-9999,-9999,-9999,-9999,-9999,-9999,8.78663911407784E-07,1.30891589833482E-06,6.68913753543166E-06,3.4404616599204E-05,0.000102857702586334,0.000169612816534936,0.000184541728231125,0.000185016222530976,0.000184396820259281,0.000182838368345983,0.000182155097718351,0.000181446739588864,0.000180993883986957,0.000179791270056739,0.000178311791387387,0.000176867877598852,0.000177279624040239,0.000177683265064843,0.000177149267983623,0.000175040695467032,0.000171887368196622,0.000165311139426194,0.000152334148879163,0.000124338548630476,7.92210048530251E-05,2.94019628199749E-05,1.32810991999577E-05,9.53583912632894E-06,-9999,-9999,-9999,-9999,-9999,-9999,-9999,-9999,-9999,-9999,-9999,-9999,-9999,-9999,-9999,-9999
-9999,-9999,-9999,-9999,-9999,-9999,-9999,-9999,1.18822335934965E-05,1.18371353892144E-05,2.77587241725996E-06,4.60739829577506E-06,3.33555544784758E-05,0.000149524916196242,0.000202840892598033,0.000221147478441708,0.000234296370763332,0.000240998007939197,0.000242786045419052,0.000243988077272661,0.000243754548137076,0.000242662106757052,0.000241338755586185,0.000239352302742191,0.000237201966228895,0.000234725070185959,0.000231917787459679,0.00022895222355146,0.000226184682105668,0.000223327326239087,0.000220574176637456,0.000217950742808171,0.000215859196032397,0.000215021922485903,0.000214110012166202,0.000213477527722716,0.000212418613955379,0.000211042846785858,0.000209344230825081,0.000207285076612607,0.000205096119316295,0.000203097602934577,0.000201998293050565,0.000201878705411218,0.000201782022486441,0.000201552451471798,0.000201305287191644,0.000201109913177788,0.000200965034309775,0.000201169154024683,0.000201881877728738,0.000203457384486683,0.000205683259991929,0.000208271027076989,0.000211123755434528,0.000213495673961006,0.000215319829294458,0.000216904678381979,0.000217738983337767,0.000217136504943483,0.000211537539144047,1.48572576108563E-06,-9999,-9999,-9999,-9999,-9999,-9999,-9999,-9999,-9999,-9999,-9999,-9999,-9999,-9999,-9999,-9999,-9999,-9999,-9999,-9999,-9999,-9999,-9999,-9999,-9999,-9999,8.79576930401527E-07,1.30818273191835E-06,2.32682668865891E-06,1.86860634130426E-05,8.49399802973494E-05,0.000163731310749426,0.000181784445885569,0.000182686970219947,0.000181100971531123,0.00017905596178025,0.000177373032784089,0.000176798392203636,0.000175806722836569,0.000174707383848727,0.00017346277309116,0.000172691230545752,0.000173082327819429,0.000172819491126575,0.000171487481566146,0.0001692616060609,0.000164288518135436,0.000154772205860354,0.000132745582959615,8.70352378115058E-05,3.13189848384354E-05,1.28306437545689E-05,9.22157869354123E-06,-9999,-9999,-9999,-9999,-9999,-9999,-9999,-9999,-9999,-9999,-9999,-9999,-9999,-9999,-9999,-9999
-9999,-9999,-9999,-9999,-9999,-9999,-9999,-9999,1.16341643661144E-05,1.31856286316179E-05,1.43953648148454E-05,5.52068158867769E-05,0.00020097907690797,0.00022933904256206,0.000234935549087822,0.000239791726926342,0.000243672795477323,0.000245199858909473,0.000245251372689381,0.000244288501562551,0.00024283048696816,0.000241207584622316,0.000239153188886121,0.000236724343267269,0.000234075472690165,0.000231197976972908,0.000227817770792171,0.00022423459449783,0.000221516122110188,0.000219172186916694,0.000216781758354045,0.000214364408748224,0.000212442158954218,0.000211151607800275,0.000210349564440548,0.000209527264814824,0.000208416895475239,0.00020686283824034,0.000204906333237886,0.000202536946744658,0.000200189708266407,0.000198067136807367,0.000196721608517691,0.000196253473404795,0.000195788641576655,0.000195378132048063,0.000195122003788128,0.000195182161405683,0.000195269210962579,0.000195606568013318,0.000196331646293402,0.000198192690731958,0.000200830560061149,0.00020389785640873,0.000206990080187097,0.000209464196814224,0.000211323786061257,0.000212425613426603,0.000213251332752407,0.000213951308978721,0.000204876152565703,1.47613354783971E-06,-9999,-9999,-9999,-9999,-9999,-9999,-9999,-9999,-9999,-9999,-9999,-9999,-9999,-9999,-9999,-9999,-9999,-9999,-9999,-9999,-9999,-9999,-9999,-9999,-9999,-9999,-9999,-9999,1.30404475839896E-06,1.29914440094581E-06,2.62555317931401E-06,2.61607747233938E-05,0.000127757608424872,0.000176318266312592,0.000178695045178756,0.000176714922417887,0.000174388595041819,0.000172881133039482,0.000171943931491114,0.000170786632224917,0.000169861334143206,0.000169066028320231,0.000168850019690581,0.000168711252626963,0.00016752167721279,0.000166306635946967,0.000162690790602937,0.000156323614646681,0.000141251308377832,8.91966337803751E-05,3.31699520756956E-05,1.10410064735333E-05,9.17606575967511E-06,-9999,-9999,-9999,-9999,-9999,-9999,-9999,-9999,-9999,-9999,-9999,-9999,-9999,-9999,-9999,-9999
-9999,-9999,-9999,-9999,-9999,-9999,1.22222136269556E-05,1.20049899123842E-05,1.1887541404576E-05,3.34376272803638E-05,0.000155308880493976,0.000215132313314825,0.000236166350077838,0.000240794470300898,0.000244230148382485,0.000245623319642618,0.000246164388954639,0.000245758274104446,0.000244653929257765,0.000242784750298597,0.00024034088710323,0.000237951186136343,0.000235667990637012,0.000232889200560749,0.000229659606702626,0.000226982883759774,0.000223614813876338,0.000220364017877728,0.000217575929127634,0.00021498411661014,0.000212213315535337,0.000210212543606758,0.000208726138225757,0.000207395118195564,0.000206341661396436,0.000205382035346702,0.00020422282977961,0.000202872499357909,0.000200937414774671,0.000198548150365241,0.00019600972882472,0.000194142499822192,0.000192535953829065,0.000191550425370224,0.000190813443623483,0.000190412334632128,0.000190149294212461,0.000189972546650097,0.000190511636901647,0.000190967402886599,0.000191832863492891,0.000193672181922011,0.000196109132957645,0.000199252346646972,0.000201944058062509,0.000204580748686567,0.000207127741305158,0.000208376441150904,0.000207947130547836,0.000100326215033419,1.45780393268069E-06,-9999,-9999,-9999,-9999,-9999,-9999,-9999,-9999,-9999,-9999,-9999,-9999,-9999,-9999,-9999,-9999,-9999,-9999,-9999,-9999,-9999,-9999,-9999,-9999,-9999,-9999,-9999,-9999,-9999,-9999,-9999,-9999,1.26818326862121E-06,3.53090513272036E-06,5.87634349358268E-05,0.0001591967738932,0.000173670079675503,0.000172090600244701,0.000169749080669135,0.000167964200954884,0.000167089252499864,0.000166149518918246,0.000165654491866007,0.000165151359396987,0.000164730779943056,0.000163648539455608,0.000162212963914499,0.00015964412887115,0.000155562331201509,0.000141617012559436,0.000100429824669845,4.56949273939244E-05,9.28490771912038E-06,-9999,-9999,-9999,-9999,-9999,-9999,-9999,-9999,-9999,-9999,-9999,-9999,-9999,-9999,-9999,-9999,-9999
-9999,-9999,-9999,-9999,-9999,-9999,1.21176353786723E-05,1.50381420098711E-05,5.59085347049404E-05,0.000187236000783741,0.000228446777327918,0.000239696993958205,0.000243016867898405,0.00024411799677182,0.000244685506913811,0.00024488044437021,0.000245053437538445,0.000244631664827466,0.000243235539528541,0.000240671972278506,0.000237328815273941,0.00023457566567231,0.000232330756261945,0.000229398763622157,0.0002260513138026,0.000223268638364971,0.000219940775423311,0.000216561194974929,0.000213797597098164,0.000211003338336013,0.000207617864361964,0.000205805932637304,0.000203924020752311,0.000202300696400926,0.000200302776647732,0.000199247617274523,0.000198772584553808,0.000198169160285033,0.000196691733435728,0.000194836378796026,0.000191887782420963,0.000190494654816575,0.00018889365310315,0.0001879018091131,0.000187389334314503,0.000187571218702942,0.000187304016435519,0.000187949670362286,0.00018826084851753,0.00018942508904729,0.000190154067240655,0.000192282488569617,0.000194962020032108,0.000161022195243277,0.000187816855031997,0.000161809235578403,4.47748925580527E-06,1.41679788612237E-06,1.4279316928878E-06,-9999,-9999,-9999,-9999,-9999,-9999,-9999,-9999,-9999,-9999,-9999,-9999,-9999,-9999,-9999,-9999,-9999,-9999,-9999,-9999,-9999,-9999,-9999,-9999,-9999,-9999,-9999,-9999,-9999,-9999,-9999,-9999,-9999,-9999,-9999,1.23893426007271E-06,1.22109008771076E-06,2.40765366470441E-05,0.000139532741741277,0.000168583559570834,0.000166906102094799,0.000164552329806611,0.000163323988090269,0.000162837037350982,0.000162253360031173,0.000161766482051462,0.000160844516358338,0.000159448041813448,0.00015803128189873,0.000156000838615,0.000153286586282775,0.000144169811392203,0.000113749752927106,4.80479429825209E-05,1.24219841382001E-05,1.01105060821283E-05,7.97069060354261E-06,-9999,-9999,-9999,-9999,-9999,-9999,-9999,-9999,-9999,-9999,-9999,-9999,-9999,-9999,-9999
-9999,-9999,-9999,-9999,1.58174643729581E-05,1.73796197486809E-05,1.21946213766932E-05,5.16022737429012E-05,0.000198895591893233,0.000235365980188362,0.00024372102052439,0.000244113485678099,0.000243436326854862,0.000242974347202107,0.000242776906816289,0.000242904381593689,0.000243156013311818,0.000242816269746982,0.000241370449657552,0.000238574415561743,0.000234717706916854,0.000231676618568599,0.000230029880185612,0.000226203177589923,0.000223013150389306,0.000220358444494195,0.000216538435779512,0.000214713407331146,0.000211615857551806,0.000208902507438324,0.000205142132472247,0.00020236503041815,0.00019987634732388,0.000199518719455227,0.000196513501578011,0.000196473658434115,0.000196643901290372,0.000195242668269202,0.000195556771359406,2.66135684796609E-05,0.000133136156364344,0.000108660125988536,0.000184842574526556,0.000131638182210736,0.000169729741173796,0.000184397649718449,0.000185123513801955,9.87510866252705E-05,3.17037229251582E-05,9.02128522284329E-05,1.27516304928577E-05,1.11050294435699E-05,1.32225193283375E-06,1.33409673708229E-06,-9999,-9999,-9999,-9999,-9999,-9999,-9999,-9999,-9999,-9999,-9999,-9999,-9999,-9999,-9999,-9999,-9999,-9999,-9999,-9999,-9999,-9999,-9999,-9999,-9999,-9999,-9999,-9999,-9999,-9999,-9999,-9999,-9999,-9999,-9999,-9999,-9999,-9999,-9999,-9999,-9999,8.02376234787516E-07,1.1709257705661E-06,3.774313518079E-05,0.000155744754010811,0.000163776014233008,0.000161421659868211,0.000159916380653158,0.000159745963173918,0.000159092858666554,0.00015823429566808,0.000156956491991878,0.000155328219989315,0.000153801083797589,0.000152356165926903,0.000150360589032061,0.000144212841405533,0.000109964770672377,3.88210137316491E-05,7.61086812417489E-06,7.65200456953607E-06,5.50674985788646E-06,8.04412866273196E-06,-9999,-9999,-9999,-9999,-9999,-9999,-9999,-9999,-9999,-9999,-9999,-9999,-9999,-9999
-9999,-9999,-9999,-9999,1.25894866869203E-05,1.92846109712264E-05,2.89149120362708E-05,0.000190175080206245,0.00023986458836589,0.000246844429057091,0.000246162468101829,0.000244176771957427,0.000242540409089997,0.000241044224821962,0.000240089400904253,0.000239916756981984,0.000240175242652185,0.000240765933995135,0.000239749817410484,0.000186127304914407,2.46115223490051E-06,1.58543855377502E-06,1.56728594902233E-06,1.54749841385637E-06,1.52701147726475E-06,1.5063131968418E-06,7.15261376171838E-06,1.46282798141328E-06,5.48700199942687E-06,1.41810210152471E-06,1.81405594048556E-05,0.000143127297633328,0.0001894413435366,0.00018299906514585,0.000195227999938652,0.000191251572687179,0.000194145366549492,0.000192162595340051,5.53767386008985E-05,1.32513355310948E-06,1.31014348880854E-06,1.29873376408796E-06,1.28964893519878E-06,1.28301473978354E-06,1.27807822991599E-06,1.27527334825572E-06,1.27408861771983E-06,-9999,-9999,-9999,-9999,-9999,-9999,-9999,-9999,-9999,-9999,-9999,-9999,-9999,-9999,-9999,-9999,-9999,-9999,-9999,-9999,-9999,-9999,-9999,-9999,-9999,-9999,-9999,-9999,-9999,-9999,-9999,-9999,-9999,-9999,-9999,-9999,-9999,-9999,-9999,-9999,-9999,-9999,-9999,-9999,-9999,-9999,-9999,-9999,-9999,1.14165834474989E-06,7.59424347052118E-06,0.000135900598252192,0.000159465940669179,0.00015849550254643,0.000156420050188899,0.000156130525283515,0.000155417394125834,0.000154330613440834,0.000152972905198112,0.000151168293086812,0.000149551691720262,0.000148212173371576,0.000146677979500964,0.000142456934554502,0.00011862153041875,5.99539198447019E-05,2.03382223844528E-05,3.65607593266759E-06,1.2525731108326E-05,7.63465868658386E-06,-9999,-9999,-9999,-9999,-9999,-9999,-9999,-9999,-9999,-9999,-9999,-9999,-9999,-9999
-9999,-9999,-9999,-9999,-9999,1.21786451927619E-05,0.000138784380396828,0.000239044558838941,0.000248687894782051,0.000248456432018429,0.000245941831963137,0.00024309141736012,0.000241198184085079,0.000238803419051692,0.000237427171668969,0.000237962434766814,0.000142807533848099,1.62937112690997E-06,1.62847823048651E-06,1.62653293500625E-06,-9999,-9999,-9999,-9999,-9999,-9999,-9999,-9999,-9999,-9999,-9999,-9999,-9999,5.03684668728965E-06,1.46617430800688E-05,1.26643299154239E-05,1.68431997735752E-05,1.34086769776331E-06,-9999,-9999,-9999,-9999,-9999,-9999,-9999,-9999,-9999,-9999,-9999,-9999,-9999,-9999,-9999,-9999,-9999,-9999,-9999,-9999,-9999,-9999,-9999,-9999,-9999,-9999,-9999,-9999,-9999,-9999,-9999,-9999,-9999,-9999,-9999,-9999,-9999,-9999,-9999,-9999,-9999,-9999,-9999,-9999,-9999,-9999,-9999,-9999,-9999,-9999,-9999,-9999,-9999,-9999,-9999,-9999,-9999,-9999,7.49971263758198E-07,1.09409597826016E-06,0.000115992246719543,0.00015532280667685,0.000154866516822949,0.000152860637172125,0.000152868509758264,0.000151458545587957,0.000150196778122336,0.000148830557009205,0.000147246377309784,0.000145748461363837,0.000144184392411262,0.000142878634505905,0.000140758478664793,0.000127204475575127,8.29088530736044E-05,2.44198399741435E-05,1.35608861455694E-05,8.31018860480981E-06,-9999,-9999,-9999,-9999,-9999,-9999,-9999,-9999,-9999,-9999,-9999,-9999,-9999,-9999,-9999
-9999,-9999,-9999,-9999,-9999,4.81809947814327E-05,0.000225483818212524,0.000249001692282036,0.000250872923061252,0.000248659169301391,0.000245562987402081,0.000242220892687328,0.000239251487073489,0.000237237109104171,0.000235565268667415,2.69783249677857E-05,1.63086178872618E-06,1.09350924049068E-06,-9999,-9999,-9999,-9999,-9999,-9999,-9999,-9999,-9999,-9999,-9999,-9999,-9999,-9999,-9999,-9999,-9999,-9999,-9999,-9999,-9999,-9999,-9999,-9999,-9999,-9999,-9999,-9999,-9999,-9999,-9999,-9999,-9999,-9999,-9999,-9999,-9999,-9999,-9999,-9999,-9999,-9999,-9999,-9999,-9999,-9999,-9999,-9999,-9999,-9999,-9999,-9999,-9999,-9999,-9999,-9999,-9999,-9999,-9999,-9999,-9999,-9999,-9999,-9999,-9999,-9999,-9999,-9999,-9999,-9999,-9999,-9999,-9999,-9999,-9999,-9999,-9999,-9999,-9999,1.06212735317968E-06,8.80838124430738E-05,0.000151546715642326,0.000151222280692309,0.000149584506289102,0.000149265615618788,0.000147422528243624,0.000145897865877487,0.000144599136547185,0.000143452038173564,0.000142163640703075,0.000140795295010321,0.000139448908157647,0.000137562514282763,0.000131703345687129,9.49120003497228E-05,4.78160727652721E-05,9.23996503843227E-06,6.73019530950114E-06,-9999,-9999,-9999,-9999,-9999,-9999,-9999,-9999,-9999,-9999,-9999,-9999,-9999,-9999,-9999
-9999,-9999,1.31094830067013E-05,1.29038644445245E-05,1.25196456792764E-05,0.000133028632262722,0.000245849951170385,0.000251937162829563,0.000251375022344291,0.000248342810664326,0.000245050992816687,0.000241582922171801,0.000238725959206931,0.000234508697758429,1.41398350024247E-05,1.63172876455064E-06,1.09445136331487E-06,-9999,-9999,-9999,-9999,-9999,-9999,-9999,-9999,-9999,-9999,-9999,-9999,-9999,-9999,-9999,-9999,-9999,-9999,-9999,-9999,-9999,-9999,-9999,-9999,-9999,-9999,-9999,-9999,-9999,-9999,-9999,-9999,-9999,-9999,-9999,-9999,-9999,-9999,-9999,-9999,-9999,-9999,-9999,-9999,-9999,-9999,-9999,-9999,-9999,-9999,-9999,-9999,-9999,-9999,-9999,-9999,-9999,-9999,-9999,-9999,-9999,-9999,-9999,-9999,-9999,-9999,-9999,-9999,-9999,-9999,-9999,-9999,-9999,-9999,-9999,-9999,-9999,-9999,-9999,-9999,1.03788761407486E-06,5.12612168677151E-05,0.000147957092849538,0.000148219420225359,0.000146180318552069,0.000144808334880508,0.000143509270856157,0.000141589960549027,0.000140722346259281,0.000139869807753712,0.000138819392304868,0.000137501323479228,0.00013612219481729,0.000134679139591753,0.00013077407493256,0.00011493871716084,7.27773440303281E-05,3.895583722624E-05,8.85458302946063E-06,-9999,-9999,-9999,-9999,-9999,-9999,-9999,-9999,-9999,-9999,-9999,-9999,-9999,-9999,-9999
-9999,-9999,-9999,-9999,1.54565532284323E-05,0.000208842073334381,0.000250351731665432,0.000253045232966542,0.000251145771471784,0.000247440417297184,0.000244219525484368,0.000241310917772353,0.000239075670833699,2.05126070795814E-05,1.63563117894228E-06,1.09604502540606E-06,-9999,-9999,-9999,-9999,-9999,-9999,-9999,-9999,-9999,-9999,-9999,-9999,-9999,-9999,-9999,-9999,-9999,-9999,-9999,-9999,-9999,-9999,-9999,-9999,-9999,-9999,-9999,-9999,-9999,-9999,-9999,-9999,-9999,-9999,-9999,-9999,-9999,-9999,-9999,-9999,-9999,-9999,-9999,-9999,-9999,-9999,-9999,-9999,-9999,-9999,-9999,-9999,-9999,-9999,-9999,-9999,-9999,-9999,-9999,-9999,-9999,-9999,-9999,-9999,-9999,-9999,-9999,-9999,-9999,-9999,-9999,-9999,-9999,-9999,-9999,-9999,-9999,-9999,-9999,-9999,-9999,1.01730267942912E-06,2.68812891590642E-05,0.00014408866991289,0.000144783043651842,0.000143311102874577,0.000141311320476234,0.000139967552968301,0.000137857132358477,0.000137117182021029,0.000136699542053975,0.0001356662978651,0.000134298199554905,0.000132949629914947,0.000131339998915792,0.000129003281472251,0.000122978453873657,0.000106588573544286,6.62297679809853E-05,1.97112694877433E-05,-9999,-9999,-9999,-9999,-9999,-9999,-9999,-9999,-9999,-9999,-9999,-9999,-9999,-9999,-9999
-9999,-9999,-9999,-9999,3.27637244481593E-05,0.000227431854000315,0.000251958786975592,0.000253217556746677,0.000250670709647238,0.000246511859586462,0.00024358625523746,0.000241332178120501,0.00016152455646079,1.64272614711081E-06,1.10101996142475E-06,-9999,-9999,-9999,-9999,-9999,-9999,-9999,-9999,-9999,-9999,-9999,-9999,-9999,-9999,-9999,-9999,-9999,-9999,-9999,-9999,-9999,-9999,-9999,-9999,-9999,-9999,-9999,-9999,-9999,-9999,-9999,-9999,-9999,-9999,-9999,-9999,-9999,-9999,-9999,-9999,-9999,-9999,-9999,-9999,-9999,-9999,-9999,-9999,-9999,-9999,-9999,-9999,-9999,-9999,-9999,-9999,-9999,-9999,-9999,-9999,-9999,-9999,-9999,-9999,-9999,-9999,-9999,-9999,-9999,-9999,-9999,-9999,-9999,-9999,-9999,-9999,-9999,-9999,-9999,-9999,-9999,-9999,9.9877615866717E-07,1.08032782009104E-05,0.000139441210194491,0.000141171316499822,0.000140485994052142,0.000138161878567189,0.000136318209115416,0.000134709043777548,0.000133493886096403,0.000133119014208205,0.00013205042341724,0.00013098398630973,0.000129692314658314,0.000128245956148021,0.000126567058032379,0.000123739780974574,0.000117932439025026,9.87286402960308E-05,5.3147341532167E-05,7.27646875020582E-06,-9999,-9999,-9999,-9999,-9999,-9999,-9999,-9999,-9999,-9999,-9999,-9999,-9999,-9999
-9999,-9999,-9999,-9999,2.65845428657485E-05,0.000224477567826398,0.000252191908657551,0.000252940226346254,0.000250058801611885,0.000246034818701446,0.000243488553678617,0.000241551344515756,1.64939160640643E-06,1.10612484149897E-06,7.40387008590915E-07,-9999,-9999,-9999,-9999,-9999,-9999,-9999,-9999,-9999,-9999,-9999,-9999,-9999,-9999,-9999,-9999,-9999,-9999,-9999,-9999,-9999,-9999,-9999,-9999,-9999,-9999,-9999,-9999,-9999,-9999,-9999,-9999,-9999,-9999,-9999,-9999,-9999,-9999,-9999,-9999,-9999,-9999,-9999,-9999,-9999,-9999,-9999,-9999,-9999,-9999,-9999,-9999,-9999,-9999,-9999,-9999,-9999,-9999,-9999,-9999,-9999,-9999,-9999,-9999,-9999,-9999,-9999,-9999,-9999,-9999,-9999,-9999,-9999,-9999,-9999,-9999,-9999,-9999,-9999,-9999,-9999,-9999,6.5436756813142E-07,9.66447487371624E-07,0.000133055087644607,0.000138063885970041,0.000137518611154519,0.00013561530795414,0.000132914268760942,0.000131555701955222,0.000130322703626007,0.000129316045786254,0.000128502826555632,0.00012759500532411,0.000126577957416885,0.000125191669212654,0.00012354641512502,0.000121884288091678,0.000119005504529923,0.00010999156802427,7.9672274296172E-05,2.4909249987104E-05,5.69714848097647E-06,-9999,-9999,-9999,-9999,-9999,-9999,-9999,-9999,-9999,-9999,-9999,-9999,-9999
-9999,-9999,-9999,-9999,1.38797877298202E-05,0.000204662675969303,0.000251557154115289,0.000252828613156453,0.0002503368887119,0.000246450363192707,0.000243900969508104,0.000241434114286676,1.65483970704372E-06,1.11061945062829E-06,-9999,-9999,-9999,-9999,-9999,-9999,-9999,-9999,-9999,-9999,-9999,-9999,-9999,-9999,-9999,-9999,-9999,-9999,-9999,-9999,-9999,-9999,-9999,-9999,-9999,-9999,-9999,-9999,-9999,-9999,-9999,-9999,-9999,-9999,-9999,-9999,-9999,-9999,-9999,-9999,-9999,-9999,-9999,-9999,-9999,-9999,-9999,-9999,-9999,-9999,-9999,-9999,-9999,-9999,-9999,-9999,-9999,-9999,-9999,-9999,-9999,-9999,-9999,-9999,-9999,-9999,-9999,-9999,-9999,-9999,-9999,-9999,-9999,-9999,-9999,-9999,-9999,-9999,-9999,-9999,-9999,-9999,-9999,6.44438614472165E-07,9.45685883380065E-07,0.000126538594486192,0.000134993650135584,0.00013436158769764,0.000133220601128414,0.00013048505934421,0.000128353844047524,0.000127099410747178,0.000126079365145415,0.000125730293802917,0.000124851008877158,0.000123877805890515,0.000122387835290283,0.000120786105981097,0.000119416603411082,0.000117336130642798,0.000111565939732827,9.83535283012316E-05,5.77908867853694E-05,1.08943149825791E-05,7.81657126935897E-06,7.99487906988361E-07,-9999,-9999,-9999,-9999,-9999,-9999,-9999,-9999,-9999,-9999,-9999
-9999,-9999,-9999,-9999,1.24284142657416E-05,0.000111166998976842,0.000247285526711494,0.000253134669037536,0.000251900928560644,0.000249106524279341,0.00024596432922408,0.000243558344664052,3.68614178114512E-06,1.66258632816607E-06,-9999,-9999,-9999,-9999,-9999,-9999,-9999,-9999,-9999,-9999,-9999,-9999,-9999,-9999,-9999,-9999,-9999,-9999,-9999,-9999,-9999,-9999,-9999,-9999,-9999,-9999,-9999,-9999,-9999,-9999,-9999,-9999,-9999,-9999,-9999,-9999,-9999,-9999,-9999,-9999,-9999,-9999,-9999,-9999,-9999,-9999,-9999,-9999,-9999,-9999,-9999,-9999,-9999,-9999,-9999,-9999,-9999,-9999,-9999,-9999,-9999,-9999,-9999,-9999,-9999,-9999,-9999,-9999,-9999,-9999,-9999,-9999,-9999,-9999,-9999,-9999,-9999,-9999,-9999,-9999,-9999,-9999,-9999,-9999,9.24760570342187E-07,0.000121663622849155,0.000131949564092793,0.000131202425109223,0.000130923523101956,0.000128376763314009,0.000126009996165521,0.000124874335597269,0.000124096171930432,0.000123186036944389,0.000122469253255986,0.000121318989840802,0.000119992379040923,0.00011850747250719,0.00011722313502105,0.000115662827738561,0.000111451663542539,0.000101683974207845,7.66372759244405E-05,1.80506940523628E-05,6.21344815954217E-06,-9999,-9999,-9999,-9999,-9999,-9999,-9999,-9999,-9999,-9999,-9999,-9999
-9999,-9999,-9999,-9999,1.24633343148162E-05,4.8790574510349E-05,0.000229778961511329,0.000252963334787637,0.00025283737340942,0.000251514982664958,0.000249020115006715,0.000246268085902557,0.000167077232617885,1.66576546689612E-06,-9999,-9999,-9999,-9999,-9999,-9999,-9999,-9999,-9999,-9999,-9999,-9999,-9999,-9999,-9999,-9999,-9999,-9999,-9999,-9999,-9999,-9999,-9999,-9999,-9999,-9999,-9999,-9999,-9999,-9999,-9999,-9999,-9999,-9999,-9999,-9999,-9999,-9999,-9999,-9999,-9999,-9999,-9999,-9999,-9999,-9999,-9999,-9999,-9999,-9999,-9999,-9999,-9999,-9999,-9999,-9999,-9999,-9999,-9999,-9999,-9999,-9999,-9999,-9999,-9999,-9999,-9999,-9999,-9999,-9999,-9999,-9999,-9999,-9999,-9999,-9999,-9999,-9999,-9999,-9999,-9999,-9999,-9999,-9999,9.09990774289327E-07,0.000109771492134314,0.000129457941511646,0.000128826999571174,0.0001285788603127,0.000127126579172909,0.000124486570712179,0.000122268800623715,0.000121649529319257,0.00012051058729412,0.000119720520160627,0.000118648218631279,0.00011766777606681,0.000116437819087878,0.000115288152301218,0.000113644171506166,0.000110495122498833,0.000102561491075903,8.86962516233325E-05,3.38560348609462E-05,6.15708631812595E-06,5.55630549570196E-06,5.62672221349203E-06,-9999,-9999,-9999,-9999,-9999,-9999,-9999,-9999,-9999,-9999
-9999,-9999,-9999,-9999,-9999,1.37998868012801E-05,0.000188274454558268,0.00025167313287966,0.00025340128922835,0.000252792291576043,0.000251076009590179,0.000248067604843527,0.000244775001192465,1.66873451235006E-06,-9999,-9999,-9999,-9999,-9999,-9999,-9999,-9999,-9999,-9999,-9999,-9999,-9999,-9999,-9999,-9999,-9999,-9999,-9999,-9999,-9999,-9999,-9999,-9999,-9999,-9999,-9999,-9999,-9999,-9999,-9999,-9999,-9999,-9999,-9999,-9999,-9999,-9999,-9999,-9999,-9999,-9999,-9999,-9999,-9999,-9999,-9999,-9999,-9999,-9999,-9999,-9999,-9999,-9999,-9999,-9999,-9999,-9999,-9999,-9999,-9999,-9999,-9999,-9999,-9999,-9999,-9999,-9999,-9999,-9999,-9999,-9999,-9999,-9999,-9999,-9999,-9999,-9999,-9999,-9999,-9999,-9999,-9999,-9999,8.99505153029168E-07,8.72599048307166E-05,0.000126366561744362,0.000126944592921063,0.000126400787848979,0.000125276201288216,0.00012267820420675,0.000119940996228252,0.000119321011879947,0.000118143580039032,0.00011744063522201,0.000116350456664804,0.000115488524897955,0.000114496244350448,0.0001134268095484,0.000112074354547076,0.000110011409560684,0.000106237297586631,8.50612341309898E-05,5.18592933076434E-05,1.94165568245808E-05,1.30804946820717E-05,7.78454705141485E-06,5.69777193959453E-06,-9999,-9999,-9999,-9999,-9999,-9999,-9999,-9999,-9999
-9999,-9999,-9999,-9999,-9999,2.81861821349594E-06,0.000133281660964713,0.000247122108703479,0.000253790523856878,0.000253713078564033,0.000252475059824064,0.000249462260399014,0.000245735893258825,1.67376447279821E-06,-9999,-9999,-9999,-9999,-9999,-9999,-9999,-9999,-9999,-9999,-9999,-9999,-9999,-9999,-9999,-9999,-9999,-9999,-9999,-9999,-9999,-9999,-9999,-9999,-9999,-9999,-9999,-9999,-9999,-9999,-9999,-9999,-9999,-9999,-9999,-9999,-9999,-9999,-9999,-9999,-9999,-9999,-9999,-9999,-9999,-9999,-9999,-9999,-9999,-9999,-9999,-9999,-9999,-9999,-9999,-9999,-9999,-9999,-9999,-9999,-9999,-9999,-9999,-9999,-9999,-9999,-9999,-9999,-9999,-9999,-9999,-9999,-9999,-9999,-9999,-9999,-9999,-9999,-9999,-9999,-9999,-9999,-9999,-9999,8.9292598204338E-07,2.9048596843495E-05,0.000122691883007064,0.000125136095448397,0.000124430051073432,0.000123240839457139,0.000120920296467375,0.000118345225928351,0.000117267401947174,0.00011651106615318,0.000115542163257487,0.000114203765406273,0.000113287089334335,0.000112388654088136,0.000111440545879304,0.000110562352347188,0.000109016276837792,0.000104086451756302,8.83254760992713E-05,7.32806729502045E-05,5.78148501517717E-05,4.83938056277111E-05,1.45052108564414E-05,5.5761502153473E-06,-9999,-9999,-9999,-9999,-9999,-9999,-9999,-9999,-9999
-9999,-9999,-9999,-9999,-9999,1.73579701367998E-06,9.61329060373828E-05,0.000247316114837304,0.000254034996032715,0.000254401500569656,0.000253464648267254,0.000250355806201696,0.000244031252805144,1.67868563494267E-06,-9999,-9999,-9999,-9999,-9999,-9999,-9999,-9999,-9999,-9999,-9999,-9999,-9999,-9999,-9999,-9999,-9999,-9999,-9999,-9999,-9999,-9999,-9999,-9999,-9999,-9999,-9999,-9999,-9999,-9999,-9999,-9999,-9999,-9999,-9999,-9999,-9999,-9999,-9999,-9999,-9999,-9999,-9999,-9999,-9999,-9999,-9999,-9999,-9999,-9999,-9999,-9999,-9999,-9999,-9999,-9999,-9999,-9999,-9999,-9999,-9999,-9999,-9999,-9999,-9999,-9999,-9999,-9999,-9999,-9999,-9999,-9999,-9999,-9999,-9999,-9999,-9999,-9999,-9999,-9999,-9999,-9999,-9999,-9999,-9999,8.69682935444871E-07,0.000119552256364841,0.000122712139273062,0.000122672237921506,0.000121311022667214,0.00011912271293113,0.000116496114060283,0.000115380629722495,0.000114724025479518,0.000113626949314494,0.00011241868196521,0.000111335626570508,0.00011051788169425,0.000109597633127123,0.000108845692011528,0.00010791788372444,0.000104417253169231,0.00010016299347626,9.42854530876502E-05,8.07083342806436E-05,5.10425707034301E-05,1.92819843505276E-05,5.46222599950852E-06,-9999,-9999,-9999,-9999,-9999,-9999,-9999,-9999,-9999
-9999,-9999,-9999,-9999,-9999,-9999,5.85094130656216E-05,0.000248369877226651,0.000254137848969549,0.000254849728662521,0.000253720441833138,0.000250064244028181,0.000247495772782713,-9999,-9999,-9999,-9999,-9999,-9999,-9999,-9999,-9999,-9999,-9999,-9999,-9999,-9999,-9999,-9999,-9999,-9999,-9999,-9999,-9999,-9999,-9999,-9999,-9999,-9999,-9999,-9999,-9999,-9999,-9999,-9999,-9999,-9999,-9999,-9999,-9999,-9999,-9999,-9999,-9999,-9999,-9999,-9999,-9999,-9999,-9999,-9999,-9999,-9999,-9999,-9999,-9999,-9999,-9999,-9999,-9999,-9999,-9999,-9999,-9999,-9999,-9999,-9999,-9999,-9999,-9999,-9999,-9999,-9999,-9999,-9999,-9999,-9999,-9999,-9999,-9999,-9999,-9999,-9999,-9999,-9999,-9999,-9999,-9999,-9999,8.57980296586902E-07,0.00011117661051685,0.000120515644084662,0.000121072807814926,0.000119861848361325,0.000117808893264737,0.000115433205792215,0.000113940237497445,0.000113024208985735,0.000111749439383857,0.000110632412543055,0.000109568893094547,0.000108618951344397,0.000107763487903867,0.000107077008578926,0.000106731095002033,0.000105874976725318,0.000103928068710957,9.71787885646336E-05,8.46412003738806E-05,6.33735617157072E-05,3.27681555063464E-05,6.69414475851227E-06,-9999,-9999,-9999,-9999,-9999,-9999,-9999,-9999,-9999
-9999,-9999,-9999,-9999,-9999,-9999,4.40987932961434E-05,0.000248820608248934,0.000254772370681167,0.00025500962510705,0.000253075471846387,0.00024937724811025,0.000245396338868886,-9999,-9999,-9999,-9999,-9999,-9999,-9999,-9999,-9999,-9999,-9999,-9999,-9999,-9999,-9999,-9999,-9999,-9999,-9999,-9999,-9999,-9999,-9999,-9999,-9999,-9999,-9999,-9999,-9999,-9999,-9999,-9999,-9999,-9999,-9999,-9999,-9999,-9999,-9999,-9999,-9999,-9999,-9999,-9999,-9999,-9999,-9999,-9999,-9999,-9999,-9999,-9999,-9999,-9999,-9999,-9999,-9999,-9999,-9999,-9999,-9999,-9999,-9999,-9999,-9999,-9999,-9999,-9999,-9999,-9999,-9999,-9999,-9999,-9999,-9999,-9999,-9999,-9999,-9999,-9999,-9999,-9999,-9999,-9999,-9999,-9999,8.48121430863102E-07,7.33997076167725E-05,0.000118946103611961,0.000119553194963373,0.000118296877190005,0.000116303381219041,0.000114244990982115,0.00011223676847294,0.00011158191045979,0.000110293127363548,0.000109165775938891,0.000108090367575642,0.000107214204035699,0.000106356616015546,0.000105680424894672,0.000105368118965998,0.000105043116491288,0.000103850135928951,0.000100572768133134,9.28878071135841E-05,7.17659204383381E-05,5.04082563566044E-05,1.26445274872822E-05,6.66870528220898E-06,5.39366646989947E-06,-9999,-9999,-9999,-9999,-9999,-9999,-9999
-9999,-9999,-9999,-9999,-9999,-9999,7.01455937814899E-05,0.000252936471952125,0.000255726044997573,0.00025479617761448,0.000252052908763289,0.000248467666096985,0.000225320080062374,-9999,-9999,-9999,-9999,-9999,-9999,-9999,-9999,-9999,-9999,-9999,-9999,-9999,-9999,-9999,-9999,-9999,-9999,-9999,-9999,-9999,-9999,-9999,-9999,-9999,-9999,-9999,-9999,-9999,-9999,-9999,-9999,-9999,-9999,-9999,-9999,-9999,-9999,-9999,-9999,-9999,-9999,-9999,-9999,-9999,-9999,-9999,-9999,-9999,-9999,-9999,-9999,-9999,-9999,-9999,-9999,-9999,-9999,-9999,-9999,-9999,-9999,-9999,-9999,-9999,-9999,-9999,-9999,-9999,-9999,-9999,-9999,-9999,-9999,-9999,-9999,-9999,-9999,-9999,-9999,-9999,-9999,-9999,-9999,-9999,-9999,8.39282165543409E-07,4.94655250804499E-06,0.000117506737296935,0.000117670766485389,0.000116614646685775,0.000114533788291737,0.000112472400360275,0.000110687993583269,0.000109896442154422,0.000109031920146663,0.000107947802462149,0.000106780724308919,0.000105837389128283,0.000105125036498066,0.000104611775896046,0.000104148901300505,0.00010402638145024,0.000103095859230962,0.000100670222309418,9.47016524150968E-05,8.36674080346711E-05,5.95643323322292E-05,2.27744112635264E-05,1.13955520646414E-05,8.32891873869812E-06,5.35685376235051E-06,-9999,-9999,-9999,-9999,-9999,-9999
-9999,-9999,-9999,-9999,-9999,-9999,-9999,-9999,-9999,-9999,-9999,-9999,-9999,-9999,-9999,-9999,-9999,-9999,-9999,-9999,-9999,-9999,-9999,-9999,-9999,-9999,-9999,-9999,-9999,-9999,-9999,-9999,-9999,-9999,-9999,-9999,-9999,-9999,-9999,-9999,-9999,-9999,-9999,-9999,-9999,-9999,-9999,-9999,-9999,-9999,-9999,-9999,-9999,-9999,-9999,-9999,-9999,-9999,-9999,-9999,-9999,-9999,-9999,-9999,-9999,-9999,-9999,-9999,-9999,-9999,-9999,-9999,-9999,-9999,-9999,-9999,-9999,-9999,-9999,-9999,-9999,-9999,-9999,-9999,-9999,-9999,-9999,-9999,-9999,-9999,-9999,-9999,-9999,-9999,-9999,-9999,-9999,-9999,-9999,-9999,8.1206076174567E-07,0.000112895279016811,0.000115675451525021,0.000114816968562081,0.000112988680484705,0.000110994988062885,0.000109190019429661,0.000108479020127561,0.000107959371234756,0.000106721126940101,0.000105635677755345,0.000104767641460057,0.000103934013168328,0.000103532838693354,0.000103154219686985,0.000102997495559976,0.000102760670415591,0.000101527853985317,9.78766838670708E-05,8.890446042642E-05,6.53343813610263E-05,3.4942426282214E-05,2.27852324314881E-05,1.7164949895232E-05,9.22036360861966E-06,5.29953103978187E-06,-9999,-9999,-9999,-9999,-9999
-9999,-9999,-9999,-9999,-9999,-9999,-9999,-9999,-9999,-9999,-9999,-9999,-9999,-9999,-9999,-9999,-9999,-9999,-9999,-9999,-9999,-9999,-9999,-9999,-9999,-9999,-9999,-9999,-9999,-9999,-9999,-9999,-9999,-9999,-9999,-9999,-9999,-9999,-9999,-9999,-9999,-9999,-9999,-9999,-9999,-9999,-9999,-9999,-9999,-9999,-9999,-9999,-9999,-9999,-9999,-9999,-9999,-9999,-9999,-9999,-9999,-9999,-9999,-9999,-9999,-9999,-9999,-9999,-9999,-9999,-9999,-9999,-9999,-9999,-9999,-9999,-9999,-9999,-9999,-9999,-9999,-9999,-9999,-9999,-9999,-9999,-9999,-9999,-9999,-9999,-9999,-9999,-9999,-9999,-9999,-9999,-9999,-9999,-9999,-9999,8.00345901552646E-07,8.54332683957182E-05,0.000114115093310829,0.000112907044240274,0.000111332679807674,0.000109357293695211,0.000107483567262534,0.000107152663986199,0.000106705585494637,0.000105557628558017,0.000104305458080489,0.000103575795947108,0.000102719124697614,0.000102464589872397,0.000102284873719327,0.000102514182799496,0.000102414349385072,0.000101739926321898,9.78829921223223E-05,8.82252061273903E-05,6.78254873491824E-05,4.3445030314615E-05,3.21595616696868E-05,1.87747864401899E-05,1.258694101125E-05,5.90523586652125E-06,5.28952523382031E-06,-9999,-9999,-9999,-9999
-9999,-9999,-9999,-9999,-9999,-9999,-9999,-9999,-9999,-9999,-9999,-9999,-9999,-9999,-9999,-9999,-9999,-9999,-9999,-9999,-9999,-9999,-9999,-9999,-9999,-9999,-9999,-9999,-9999,-9999,-9999,-9999,-9999,-9999,-9999,-9999,-9999,-9999,-9999,-9999,-9999,-9999,-9999,-9999,-9999,-9999,-9999,-9999,-9999,-9999,-9999,-9999,-9999,-9999,-9999,-9999,-9999,-9999,-9999,-9999,-9999,-9999,-9999,-9999,-9999,-9999,-9999,-9999,-9999,-9999,-9999,-9999,-9999,-9999,-9999,-9999,-9999,-9999,-9999,-9999,-9999,-9999,-9999,-9999,-9999,-9999,-9999,-9999,-9999,-9999,-9999,-9999,-9999,-9999,-9999,-9999,-9999,-9999,-9999,-9999,7.91997422311397E-07,2.02273736249481E-06,0.00011269543756498,0.000111148816358764,0.000109715125290677,0.000107725209090859,0.000106160012364853,0.00010590744932415,0.000105467377579771,0.000104481980088167,0.000103261605545413,0.000102520898508374,0.000101689096482005,0.000101388031907845,0.000101452918897849,0.000101733035990037,0.000101282908872236,0.00010031065903604,9.74498689174652E-05,8.76051635714248E-05,7.28768209228292E-05,5.55311744392384E-05,4.03524609282613E-05,2.47336247412022E-05,1.38749874167843E-05,7.3475066528772E-06,5.28275268152356E-06,-9999,-9999,-9999,-9999
-9999,-9999,-9999,-9999,-9999,-9999,-9999,-9999,-9999,-9999,-9999,-9999,-9999,-9999,-9999,-9999,-9999,-9999,-9999,-9999,-9999,-9999,-9999,-9999,-9999,-9999,-9999,-9999,-9999,-9999,-9999,-9999,-9999,-9999,-9999,-9999,-9999,-9999,-9999,-9999,-9999,-9999,-9999,-9999,-9999,-9999,-9999,-9999,-9999,-9999,-9999,-9999,-9999,-9999,-9999,-9999,-9999,-9999,-9999,-9999,-9999,-9999,-9999,-9999,-9999,-9999,-9999,-9999,-9999,-9999,-9999,-9999,-9999,-9999,-9999,-9999,-9999,-9999,-9999,-9999,-9999,-9999,-9999,-9999,-9999,-9999,-9999,-9999,-9999,-9999,-9999,-9999,-9999,-9999,-9999,-9999,-9999,-9999,-9999,-9999,-9999,7.7138440701674E-07,0.000103480095276609,0.000109234868432395,0.00010798683797475,0.000106189501821063,0.000104962738987524,0.00010452579590492,0.000104205966636073,0.000103392267192248,0.000102104801044334,0.000101347002782859,0.000100603880127892,0.000100205055787228,0.000100261677289382,0.000100712029961869,0.000101116092992015,0.000100823090178892,9.75574512267485E-05,8.86453199200332E-05,7.4901690823026E-05,6.4318286604248E-05,4.61347408418078E-05,2.45864539465401E-05,1.52886113937711E-05,7.32055650587426E-06,5.24878259966499E-06,-9999,-9999,5.49896685697604E-06,5.49854757991852E-06
-9999,-9999,-9999,-9999,-9999,-9999,-9999,-9999,-9999,-9999,-9999,-9999,-9999,-9999,-9999,-9999,-9999,-9999,-9999,-9999,-9999,-9999,-9999,-9999,-9999,-9999,-9999,-9999,-9999,-9999,-9999,-9999,-9999,-9999,-9999,-9999,-9999,-9999,-9999,-9999,-9999,-9999,-9999,-9999,-9999,-9999,-9999,-9999,-9999,-9999,-9999,-9999,-9999,-9999,-9999,-9999,-9999,-9999,-9999,-9999,-9999,-9999,-9999,-9999,-9999,-9999,-9999,-9999,-9999,-9999,-9999,-9999,-9999,-9999,-9999,-9999,-9999,-9999,-9999,-9999,-9999,-9999,-9999,-9999,-9999,-9999,-9999,-9999,-9999,-9999,-9999,-9999,-9999,-9999,-9999,-9999,-9999,-9999,-9999,-9999,-9999,-9999,5.41734925718629E-06,0.000109391192381736,0.000106661063909996,0.000105207385786343,0.000104098086012527,0.00010368134098826,0.000103096797829494,0.000102066231193021,0.000100889788882341,0.000100166107586119,9.95519585558213E-05,9.92662317003123E-05,9.92311470326968E-05,9.95938826235943E-05,9.9913879239466E-05,9.95302762021311E-05,9.62521735345945E-05,9.21635873964988E-05,8.33384328871034E-05,6.67793501634151E-05,4.59207331005018E-05,2.92045442620292E-05,1.37318638735451E-05,8.13309452496469E-06,5.26140956935706E-06,5.31470868736506E-06,5.39795473741833E-06,5.44729255125276E-06,6.06235153099988E-06
-9999,-9999,-9999,-9999,-9999,-9999,-9999,-9999,-9999,-9999,-9999,-9999,-9999,-9999,-9999,-9999,-9999,-9999,-9999,-9999,-9999,-9999,-9999,-9999,-9999,-9999,-9999,-9999,-9999,-9999,-9999,-9999,-9999,-9999,-9999,-9999,-9999,-9999,-9999,-9999,-9999,-9999,-9999,-9999,-9999,-9999,-9999,-9999,-9999,-9999,-9999,-9999,-9999,-9999,-9999,-9999,-9999,-9999,-9999,-9999,-9999,-9999,-9999,-9999,-9999,-9999,-9999,-9999,-9999,-9999,-9999,-9999,-9999,-9999,-9999,-9999,-9999,-9999,-9999,-9999,-9999,-9999,-9999,-9999,-9999,-9999,-9999,-9999,-9999,-9999,-9999,-9999,-9999,-9999,-9999,-9999,-9999,-9999,-9999,-9999,-9999,-9999,-9999,7.55330402171239E-05,0.000107092084363103,0.000104574384749867,0.000103914797364268,0.000103166457847692,0.000102530480944552,0.000101253252069,0.000100031735200901,9.91353372228332E-05,9.85991573543288E-05,9.83940626611002E-05,9.85448496066965E-05,9.85716324066743E-05,9.84857251751237E-05,9.80835247901268E-05,9.55515788518824E-05,9.26669672480784E-05,8.47610499477014E-05,6.92158719175495E-05,5.18039159942418E-05,2.42670648731291E-05,1.22631681733765E-05,7.23904349797522E-06,5.8862274272542E-06,5.33605907548917E-06,6.01543342781952E-06,6.69574001221918E-06,5.51120647287462E-05
-9999,-9999,-9999,-9999,-9999,-9999,-9999,-9999,-9999,-9999,-9999,-9999,-9999,-9999,-9999,-9999,-9999,-9999,-9999,-9999,-9999,-9999,-9999,-9999,-9999,-9999,-9999,-9999,-9999,-9999,-9999,-9999,-9999,-9999,-9999,-9999,-9999,-9999,-9999,-9999,-9999,-9999,-9999,-9999,-9999,-9999,-9999,-9999,-9999,-9999,-9999,-9999,-9999,-9999,-9999,-9999,-9999,-9999,-9999,-9999,-9999,-9999,-9999,-9999,-9999,-9999,-9999,-9999,-9999,-9999,-9999,-9999,-9999,-9999,-9999,-9999,-9999,-9999,-9999,-9999,-9999,-9999,-9999,-9999,-9999,-9999,-9999,-9999,-9999,-9999,-9999,-9999,-9999,-9999,-9999,-9999,-9999,-9999,-9999,-9999,-9999,-9999,-9999,7.35270816676348E-07,7.5138290412724E-05,0.000107035790279042,0.000104551065305714,0.00010337945423089,0.000102456251624972,0.000101119425380602,9.98795148916543E-05,9.90191692835651E-05,9.84912330750376E-05,9.81233024504036E-05,9.78565221885219E-05,9.76871015154757E-05,9.69600660027936E-05,9.576808224665E-05,9.50168541749008E-05,8.85845729499124E-05,7.83575233072042E-05,5.72332282899879E-05,3.10669456666801E-05,9.79614378593396E-06,6.41067708784249E-06,6.49966614219011E-06,7.38331664251746E-06,7.43355940358015E-06,1.27293697005371E-05,0.000110987260995898,0.000112337373138871
-9999,-9999,-9999,-9999,-9999,-9999,-9999,-9999,-9999,-9999,-9999,-9999,-9999,-9999,-9999,-9999,-9999,-9999,-9999,-9999,-9999,-9999,-9999,-9999,-9999,-9999,-9999,-9999,-9999,-9999,-9999,-9999,-9999,-9999,-9999,-9999,-9999,-9999,-9999,-9999,-9999,-9999,-9999,-9999,-9999,-9999,-9999,-9999,-9999,-9999,-9999,-9999,-9999,-9999,-9999,-9999,-9999,-9999,-9999,-9999,-9999,-9999,-9999,-9999,-9999,-9999,-9999,-9999,-9999,-9999,-9999,-9999,-9999,-9999,-9999,-9999,-9999,-9999,-9999,-9999,-9999,-9999,-9999,-9999,-9999,-9999,-9999,-9999,-9999,-9999,-9999,-9999,-9999,-9999,-9999,-9999,-9999,-9999,-9999,-9999,-9999,-9999,-9999,-9999,7.27535450550931E-07,7.24281335351407E-07,9.8759621323552E-05,0.000104530976386741,0.000102278107078746,0.000101110475952737,9.99906260403804E-05,9.92042041616514E-05,9.28811205085367E-05,7.73316060076468E-05,9.67721862252802E-05,9.38606317504309E-05,7.94655497884378E-05,6.65150364511646E-05,6.15776734775864E-05,5.30582074134145E-05,2.7980635422864E-05,1.06839852378471E-05,5.62247487323475E-06,5.0987869144592E-06,9.01100065675564E-06,1.54233603097964E-05,5.7330875279149E-05,0.000109606538899243,0.000111730776552577,0.00011259763414273,0.000111356406705454
-9999,-9999,-9999,-9999,-9999,-9999,-9999,-9999,-9999,-9999,-9999,-9999,-9999,-9999,-9999,-9999,-9999,-9999,-9999,-9999,-9999,-9999,-9999,-9999,-9999,-9999,-9999,-9999,-9999,-9999,-9999,-9999,-9999,-9999,-9999,-9999,-9999,-9999,-9999,-9999,-9999,-9999,-9999,-9999,-9999,-9999,-9999,-9999,-9999,-9999,-9999,-9999,-9999,-9999,-9999,-9999,-9999,-9999,-9999,-9999,-9999,-9999,-9999,-9999,-9999,-9999,-9999,-9999,-9999,-9999,-9999,-9999,-9999,-9999,-9999,-9999,-9999,-9999,-9999,-9999,-9999,-9999,-9999,-9999,-9999,-9999,-9999,-9999,-9999,-9999,-9999,-9999,-9999,-9999,-9999,-9999,-9999,-9999,-9999,-9999,-9999,-9999,-9999,-9999,-9999,-9999,7.15756641511689E-07,3.5739392387768E-06,0.000103962534922175,0.00010237855167361,0.000100668345112354,9.96367598418146E-05,9.45906722336076E-05,9.48502056417055E-05,9.04269982129335E-05,7.08466759533621E-05,5.18130545970052E-05,3.21427432936616E-05,1.27715793496463E-05,1.91918879863806E-05,1.17299759949674E-05,1.62199121405138E-05,5.51045886822976E-05,0.000106067818705924,0.000108235675725155,0.000109947322926018,0.000110856053652242,0.00011068835738115,0.000110425869934261,0.000106472172774374,5.54295038455166E-05
-9999,-9999,-9999,-9999,-9999,-9999,-9999,-9999,-9999,-9999,-9999,-9999,-9999,-9999,-9999,-9999,-9999,-9999,-9999,-9999,-9999,-9999,-9999,-9999,-9999,-9999,-9999,-9999,-9999,-9999,-9999,-9999,-9999,-9999,-9999,-9999,-9999,-9999,-9999,-9999,-9999,-9999,-9999,-9999,-9999,-9999,-9999,-9999,-9999,-9999,-9999,-9999,-9999,-9999,-9999,-9999,-9999,-9999,-9999,-9999,-9999,-9999,-9999,-9999,-9999,-9999,-9999,-9999,-9999,-9999,-9999,-9999,-9999,-9999,-9999,-9999,-9999,-9999,-9999,-9999,-9999,-9999,-9999,-9999,-9999,-9999,-9999,-9999,-9999,-9999,-9999,-9999,-9999,-9999,-9999,-9999,-9999,-9999,-9999,-9999,-9999,-9999,-9999,-9999,-9999,-9999,-9999,-9999,7.0094085913297E-07,2.83257008959481E-06,9.94612346403301E-05,0.000101905046903994,0.000101043930044398,0.000100435638159979,9.97659008135088E-05,9.93483990896493E-05,9.91639826679602E-05,9.97834795271046E-05,0.000100711884442717,0.000101696881756652,0.000103061327536125,0.000105129831354134,0.000107017753180116,0.000107984145870432,0.000108421423647087,0.000108914260636084,0.000108364853076637,0.00010214982467005,6.12136427662335E-05,4.2710257730505E-06,-9999
-9999,-9999,-9999,-9999,-9999,-9999,-9999,-9999,-9999,-9999,-9999,-9999,-9999,-9999,-9999,-9999,-9999,-9999,-9999,-9999,-9999,-9999,-9999,-9999,-9999,-9999,-9999,-9999,-9999,-9999,-9999,-9999,-9999,-9999,-9999,-9999,-9999,-9999,-9999,-9999,-9999,-9999,-9999,-9999,-9999,-9999,-9999,-9999,-9999,-9999,-9999,-9999,-9999,-9999,-9999,-9999,-9999,-9999,-9999,-9999,-9999,-9999,-9999,-9999,-9999,-9999,-9999,-9999,-9999,-9999,-9999,-9999,-9999,-9999,-9999,-9999,-9999,-9999,-9999,-9999,-9999,-9999,-9999,-9999,-9999,-9999,-9999,-9999,-9999,-9999,-9999,-9999,-9999,-9999,-9999,-9999,-9999,-9999,-9999,-9999,-9999,-9999,-9999,-9999,-9999,-9999,-9999,-9999,-9999,-9999,6.94100549480936E-07,6.91865750468423E-07,6.89426371991431E-07,6.86714486164419E-07,2.83953477264731E-06,3.98457859773771E-06,6.81961751070048E-07,6.84126916894456E-07,6.89441492340848E-07,1.33499906951329E-06,4.32683373219334E-06,1.918563793879E-05,4.00515673391055E-05,4.42811797256581E-05,1.02403992059408E-05,7.47152512303728E-07,7.53397443986614E-07,7.56826466385974E-07,-9999,-9999,-9999
-9999,-9999,-9999,-9999,-9999,-9999,-9999,-9999,-9999,-9999,-9999,-9999,-9999,-9999,-9999,-9999,-9999,-9999,-9999,-9999,-9999,-9999,-9999,-9999,-9999,-9999,-9999,-9999,-9999,-9999,-9999,-9999,-9999,-9999,-9999,-9999,-9999,-9999,-9999,-9999,-9999,-9999,-9999,-9999,-9999,-9999,-9999,-9999,-9999,-9999,-9999,-9999,-9999,-9999,-9999,-9999,-9999,-9999,-9999,-9999,-9999,-9999,-9999,-9999,-9999,-9999,-9999,-9999,-9999,-9999,-9999,-9999,-9999,-9999,-9999,-9999,-9999,-9999,-9999,-9999,-9999,-9999,-9999,-9999,-9999,-9999,-9999,-9999,-9999,-9999,-9999,-9999,-9999,-9999,-9999,-9999,-9999,-9999,-9999,-9999,-9999,-9999,-9999,-9999,-9999,-9999,-9999,-9999,-9999,-9999,-9999,-9999,-9999,-9999,-9999,-9999,-9999,-9999,-9999,-9999,-9999,-9999,-9999,-9999,-9999,-9999,-9999,-9999,-9999,-9999,-9999
-9999,-9999,-9999,-9999,-9999,-9999,-9999,-9999,-9999,-9999,-9999,-9999,-9999,-9999,-9999,-9999,-9999,-9999,-9999,-9999,-9999,-9999,-9999,-9999,-9999,-9999,-9999,-9999,-9999,-9999,-9999,-9999,-9999,-9999,-9999,-9999,-9999,-9999,-9999,-9999,-9999,-9999,-9999,-9999,-9999,-9999,-9999,-9999,-9999,-9999,-9999,-9999,-9999,-9999,-9999,-9999,-9999,-9999,-9999,-9999,-9999,-9999,-9999,-9999,-9999,-9999,-9999,-9999,-9999,-9999,-9999,-9999,-9999,-9999,-9999,-9999,-9999,-9999,-9999,-9999,-9999,-9999,-9999,-9999,-9999,-9999,-9999,-9999,-9999,-9999,-9999,-9999,-9999,-9999,-9999,-9999,-9999,-9999,-9999,-9999,-9999,-9999,-9999,-9999,-9999,-9999,-9999,-9999,-9999,-9999,-9999,-9999,-9999,-9999,-9999,-9999,-9999,-9999,-9999,-9999,-9999,-9999,-9999,-9999,-9999,-9999,-9999,-9999,-9999,-9999,-9999

Step,385
Year,32.08333
-9999,-9999,-9999,-9999,-9999,-9999,-9999,-9999,-9999,-9999,-9999,-9999,-9999,-9999,-9999,-9999,-9999,-9999,-9999,-9999,-9999,-9999,-9999,-9999,-9999,-9999,-9999,-9999,-9999,-9999,-9999,-9999,-9999,-9999,-9999,-9999,-9999,-9999,-9999,-9999,-9999,-9999,-9999,-9999,-9999,-9999,-9999,-9999,-9999,-9999,-9999,-9999,-9999,-9999,-9999,-9999,-9999,-9999,-9999,-9999,-9999,-9999,-9999,-9999,-9999,-9999,-9999,-9999,-9999,-9999,-9999,-9999,-9999,-9999,-9999,-9999,-9999,-9999,-9999,-9999,-9999,-9999,-9999,-9999,-9999,-9999,-9999,-9999,-9999,-9999,-9999,-9999,-9999,-9999,-9999,-9999,-9999,-9999,-9999,-9999,-9999,-9999,-9999,-9999,-9999,-9999,-9999,-9999,-9999,-9999,-9999,-9999,-9999,-9999,-9999,-9999,-9999,-9999,-9999,-9999,-9999,-9999,-9999,-9999,-9999,-9999,-9999,-9999,-9999,-9999,-9999
-9999,-9999,-9999,-9999,-9999,-9999,-9999,-9999,-9999,-9999,-9999,-9999,-9999,-9999,-9999,-9999,-9999,-9999,-9999,-9999,-9999,-9999,-9999,-9999,-9999,-9999,-9999,-9999,-9999,-9999,-9999,-9999,-9999,-9999,-9999,-9999,-9999,-9999,-9999,-9999,-9999,-9999,-9999,-9999,-9999,-9999,-9999,-9999,-9999,-9999,-9999,-9999,-9999,-9999,-9999,-9999,-9999,-9999,-9999,-9999,-9999,-9999,-9999,-9999,-9999,-9999,-9999,-9999,-9999,-9999,-9999,-9999,-9999,-9999,-9999,-9999,-9999,-9999,-9999,-9999,-9999,-9999,-9999,-9999,-9999,-9999,-9999,-9999,-9999,-9999,-9999,-9999,-9999,-9999,-9999,-9999,-9999,-9999,-9999,-9999,-9999,-9999,-9999,-9999,-9999,-9999,-9999,-9999,-9999,-9999,-9999,-9999,-9999,-9999,-9999,-9999,-9999,-9999,-9999,-9999,-9999,-9999,-9999,-9999,-9999,-9999,-9999,-9999,-9999,-9999,-9999
-9999,-9999,-9999,-9999,-9999,-9999,-9999,-9999,-9999,-9999,-9999,-9999,-9999,-9999,-9999,-9999,-9999,-9999,-9999,-9999,-9999,-9999,-9999,-9999,-9999,-9999,-9999,-9999,-9999,-9999,-9999,-9999,-9999,-9999,-9999,-9999,-9999,-9999,-9999,-9999,-9999,-9999,-9999,-9999,-9999,-9999,-9999,-9999,-9999,-9999,-9999,-9999,-9999,-9999,-9999,-9999,-9999,-9999,-9999,-9999,-9999,-9999,-9999,-9999,-9999,-9999,-9999,-9999,-9999,-9999,-9999,-9999,-9999,-9999,6.13027282270195E-07,9.11144866222457E-07,-9999,-9999,-9999,-9999,-9999,-9999,-9999,-9999,-9999,-9999,-9999,-9999,-9999,-9999,-9999,-9999,-9999,-9999,-9999,-9999,-9999,-9999,-9999,-9999,-9999,-9999,-9999,-9999,-9999,-9999,-9999,-9999,-9999,-9999,-9999,-9999,-9999,-9999,-9999,-9999,-9999,-9999,-9999,-9999,-9999,-9999,-9999,-9999,-9999,-9999,-9999,-9999,-9999,-9999,-9999
-9999,-9999,-9999,-9999,-9999,-9999,-9999,-9999,-9999,-9999,-9999,-9999,-9999,-9999,-9999,-9999,-9999,-9999,-9999,-9999,-9999,-9999,-9999,-9999,-9999,-9999,-9999,-9999,-9999,-9999,-9999,-9999,-9999,-9999,-9999,-9999,-9999,-9999,-9999,-9999,-9999,-9999,-9999,-9999,-9999,-9999,-9999,-9999,-9999,-9999,-9999,-9999,-9999,-9999,-9999,-9999,-9999,-9999,-9999,-9999,-9999,-9999,-9999,-9999,-9999,-9999,-9999,-9999,-9999,-9999,-9999,-9999,-9999,-9999,8.76821331985411E-07,1.29732188725029E-06,-9999,-9999,-9999,-9999,-9999,-9999,-9999,-9999,-9999,-9999,-9999,-9999,-9999,-9999,-9999,-9999,-9999,-9999,-9999,-9999,-9999,-9999,-9999,-9999,-9999,-9999,-9999,-9999,-9999,-9999,-9999,-9999,-9999,-9999,-9999,-9999,-9999,-9999,-9999,-9999,-9999,-9999,-9999,-9999,-9999,-9999,-9999,-9999,-9999,-9999,-9999,-9999,-9999,-9999,-9999
-9999,-9999,-9999,-9999,-9999,-9999,-9999,-9999,-9999,-9999,-9999,-9999,-9999,-9999,-9999,-9999,-9999,-9999,-9999,-9999,-9999,-9999,-9999,-9999,-9999,-9999,-9999,-9999,-9999,-9999,-9999,-9999,-9999,-9999,-9999,-9999,-9999,-9999,-9999,-9999,-9999,-9999,-9999,-9999,-9999,-9999,-9999,-9999,-9999,-9999,-9999,-9999,-9999,-9999,-9999,-9999,7.47845447790496E-08,1.07432462925772E-07,1.50872352833176E-07,2.11331538935156E-07,-9999,-9999,-9999,-9999,-9999,1.11301312699652E-06,1.06751110706682E-06,1.49903144119889E-06,1.4511210792989E-06,9.33623994114896E-07,1.32989077883394E-06,6.60136947772116E-06,8.8440037870896E-06,8.75569912750507E-06,1.23669371987489E-06,6.33745003142394E-06,8.2062542787753E-06,-9999,-9999,7.80200298322598E-06,1.2098932529625E-05,1.06117777249892E-05,1.07951937025064E-05,2.77872095466591E-05,3.70383168046828E-05,3.39002108376008E-05,3.40476908604614E-05,2.08544934139354E-05,9.85259430308361E-06,-9999,-9999,-9999,-9999,-9999,-9999,-9999,-9999,-9999,-9999,-9999,-9999,-9999,-9999,-9999,-9999,-9999,-9999,-9999,-9999,-9999,-9999,-9999,-9999,-9999,-9999,-9999,-9999,-9999,-9999,-9999,-9999,-9999,-9999,-9999,-9999,-9999,-9999,-9999,-9999,-9999,-9999
-9999,-9999,-9999,-9999,-9999,-9999,-9999,-9999,-9999,-9999,-9999,-9999,-9999,-9999,-9999,-9999,-9999,-9999,-9999,-9999,-9999,-9999,-9999,-9999,-9999,-9999,-9999,-9999,-9999,-9999,-9999,-9999,-9999,-9999,-9999,-9999,-9999,-9999,-9999,-9999,-9999,-9999,-9999,-9999,-9999,-9999,-9999,-9999,-9999,-9999,-9999,-9999,-9999,-9999,-9999,7.82999194370859E-08,1.13725768358108E-07,1.62343880560911E-07,2.2451811787505E-07,2.99553477134396E-07,3.92723990216837E-07,5.38070651145972E-07,-9999,1.89203967693174E-06,5.0436701712897E-06,1.66253414590756E-06,1.54266024310346E-06,1.12947718662326E-05,1.13814130600076E-05,1.33458661366603E-06,1.28880560623656E-06,1.4788492990192E-05,1.87156874744687E-05,1.66070021805353E-05,1.46142183439224E-05,1.44188525155187E-05,1.11775598270469E-05,1.24136686281417E-05,2.07584926101845E-05,3.69640547432937E-05,8.83972170413472E-05,0.000135717040393502,0.000150981461047195,0.000151300555444323,0.000152869091834873,0.000154570443555713,0.000156371141201816,0.000158740222104825,0.000153194006998092,8.1032543675974E-05,3.44760010193568E-05,-9999,-9999,-9999,-9999,-9999,-9999,-9999,-9999,-9999,-9999,-9999,-9999,-9999,-9999,-9999,-9999,-9999,-9999,-9999,-9999,-9999,-9999,-9999,-9999,-9999,-9999,-9999,-9999,-9999,-9999,-9999,-9999,-9999,-9999,-9999,-9999,-9999,-9999,-9999,-9999
-9999,-9999,-9999,-9999,-9999,-9999,-9999,-9999,-9999,-9999,-9999,-9999,-9999,-9999,-9999,-9999,-9999,-9999,-9999,-9999,-9999,-9999,-9999,-9999,-9999,-9999,-9999,-9999,-9999,-9999,-9999,-9999,-9999,-9999,-9999,-9999,-9999,-9999,-9999,-9999,-9999,-9999,-9999,-9999,-9999,-9999,-9999,-9999,-9999,-9999,-9999,-9999,-9999,-9999,-9999,1.17584249892388E-07,1.72154187794149E-07,2.48262324475945E-07,3.43387910106685E-07,4.5182201802163E-07,5.73368538425711E-07,7.27154883861658E-07,9.4892902779975E-07,1.280233163925E-06,1.75390107415296E-06,9.91563138086349E-06,1.7044603737304E-05,4.25693615397904E-05,6.83290418237448E-05,9.77929448708892E-05,0.000111174806079362,9.90305852610618E-05,0.00012181526835775,0.000135823094751686,0.000108994208858348,0.0001073635139619,0.000101126039226074,0.000108634842035826,0.000147108541568741,0.000150978841702454,0.000153903296450153,0.000155856600031257,0.000157515387400053,0.000158526483573951,0.000159323535626754,0.000160280789714307,0.00016146304551512,0.000162616081070155,0.000163207383593544,0.000162925265613012,0.00016045531083364,0.000133441208163276,3.17931953759398E-05,-9999,-9999,-9999,-9999,-9999,-9999,-9999,-9999,-9999,1.00134366221027E-05,1.00065244623693E-05,1.00175466286601E-05,-9999,-9999,-9999,-9999,-9999,-9999,-9999,-9999,-9999,-9999,-9999,-9999,-9999,-9999,-9999,-9999,-9999,-9999,-9999,-9999,-9999,-9999,-9999,-9999,-9999,-9999
-9999,-9999,-9999,-9999,-9999,-9999,-9999,-9999,-9999,-9999,-9999,-9999,-9999,-9999,-9999,-9999,-9999,-9999,-9999,-9999,-9999,-9999,-9999,-9999,-9999,-9999,-9999,-9999,-9999,-9999,-9999,4.74651733384235E-06,-9999,-9999,-9999,1.44401519719395E-05,-9999,-9999,-9999,-9999,-9999,-9999,-9999,-9999,-9999,-9999,-9999,-9999,-9999,-9999,-9999,-9999,-9999,-9999,-9999,-9999,-9999,1.69226296975467E-07,2.38764300775074E-07,3.29532269915944E-07,-9999,6.61670469526143E-07,9.17165891678451E-07,1.2629506045414E-06,1.73351349985751E-06,1.00293200375745E-05,1.77561960299499E-05,2.40277404373046E-05,1.4753638424736E-05,8.02311260486022E-05,0.000164469805895351,0.000172220476088114,0.000170318540767767,0.000167885038536042,0.000162364085554145,0.000158119582920335,0.000158730283146724,0.000159097427967936,0.000157611037138849,0.000156949536176398,0.000156945621711202,0.000157671558554284,0.000157488684635609,0.000157759932335466,0.000159085902851075,0.000160314128152095,0.000161765288794413,0.000163410251843743,0.000164589087944478,0.000165105884661898,0.000165579782333225,0.000162660406203941,0.000147756960359402,3.86700921808369E-05,-9999,-9999,-9999,-9999,-9999,-9999,-9999,-9999,1.35050231619971E-05,2.08927940548165E-05,1.36361995828338E-05,9.79211654339451E-06,9.87704970611958E-06,-9999,-9999,-9999,-9999,-9999,-9999,-9999,-9999,-9999,-9999,-9999,-9999,-9999,-9999,-9999,-9999,-9999,-9999,-9999,-9999,-9999,-9999,-9999,-9999
-9999,-9999,-9999,-9999,-9999,-9999,-9999,-9999,-9999,-9999,-9999,-9999,-9999,-9999,-9999,-9999,-9999,-9999,-9999,-9999,-9999,-9999,-9999,-9999,-9999,-9999,-9999,-9999,-9999,-9999,3.31411229126388E-06,6.3988863985287E-06,-9999,-9999,6.6521488406579E-06,1.13656078610802E-05,-9999,-9999,1.33603552967543E-05,2.40294539253227E-05,-9999,-9999,-9999,-9999,-9999,3.33728235091257E-06,-9999,-9999,-9999,-9999,-9999,-9999,-9999,-9999,-9999,-9999,-9999,-9999,-9999,-9999,-9999,9.38386165216798E-07,1.31487990984169E-06,1.84391524271632E-06,1.73300725236913E-06,9.79206561169121E-06,1.06729403341888E-05,1.01240984804463E-05,9.46062027651351E-06,5.47247618669644E-05,0.000166947997058742,0.00017601705621928,0.000174359200173058,0.000171392981428653,0.000167821010109037,0.000164630691870116,0.000162177777383476,0.000160182331455871,0.000158849987201393,0.000158009934239089,0.000157503425725736,0.000157204689458013,0.000156453315867111,0.000157461588969454,0.00015874087694101,0.00016068306285888,0.000162295691552572,0.000164065902936272,0.000165655568707734,0.000166625963174738,0.000167264137417078,0.000167147256433964,0.000164622368174605,0.000139072217280045,3.90796085412148E-05,-9999,-9999,-9999,-9999,-9999,1.57799258886371E-05,1.59120718308259E-05,3.02472089970252E-05,4.47660313511733E-05,3.39602047461085E-05,2.28652334044455E-05,1.5089730368345E-05,9.77158106252318E-06,-9999,-9999,-9999,-9999,-9999,-9999,-9999,-9999,-9999,-9999,-9999,-9999,-9999,-9999,-9999,-9999,-9999,-9999,-9999,-9999,-9999,-9999,-9999
-9999,-9999,-9999,-9999,-9999,-9999,-9999,-9999,-9999,-9999,-9999,-9999,-9999,-9999,-9999,-9999,-9999,-9999,-9999,-9999,-9999,-9999,-9999,7.69876805861713E-06,9.78902608039789E-06,-9999,-9999,-9999,-9999,7.89415480539901E-06,7.4626464083849E-06,2.98943132293061E-06,1.47087175719207E-05,1.55756015374209E-06,1.32100449263817E-05,2.31741905736271E-05,4.13935376855079E-05,1.81053983396851E-05,1.11649087557453E-05,-9999,1.14436870717327E-05,1.20818194773165E-05,-9999,-9999,3.54429175786208E-05,4.47197999164928E-06,2.49562322096608E-06,1.46301795211912E-06,-9999,-9999,-9999,-9999,-9999,-9999,-9999,-9999,-9999,6.67702124701464E-06,4.17286037190934E-06,-9999,-9999,-9999,1.876929673017E-06,1.22453238873277E-05,1.16475621325662E-05,1.13659552880563E-05,1.07830028355238E-05,1.00384886536631E-05,1.29910258692689E-05,7.94511870481074E-05,0.000168184938956983,0.00017665840277914,0.000174560249433853,0.000171646868693642,0.000168157304869965,0.000164859200594947,0.000162231328431517,0.000160052033606917,0.000158566064783372,0.000157689704792574,0.000156797425006516,0.000150674532051198,0.000153504923218861,0.000156916517880745,0.000158816139446571,0.00016047726967372,0.000162649506819434,0.000164722398039885,0.000166446770890616,0.000167418416822329,0.000167993071954697,0.000168164158822037,0.000167215723195113,0.000159930612426251,4.68354628537782E-05,8.2714013842633E-06,1.19661228836776E-06,8.20276625290717E-07,1.2407223266564E-06,3.83890655939467E-05,7.57270317990333E-05,9.81895645963959E-05,0.000109789274574723,9.40054233069532E-05,8.9112865680363E-05,6.7853630753234E-05,4.09937601943966E-05,1.34275996970246E-05,9.81555785983801E-06,9.97244660538854E-06,-9999,-9999,-9999,-9999,-9999,-9999,-9999,-9999,-9999,-9999,-9999,-9999,-9999,-9999,-9999,-9999,-9999,-9999,-9999,-9999,-9999
-9999,-9999,-9999,-9999,-9999,-9999,-9999,-9999,-9999,-9999,-9999,-9999,-9999,-9999,-9999,-9999,-9999,-9999,-9999,-9999,-9999,-9999,1.15732909762301E-05,1.35157088152482E-05,9.11683400772745E-06,9.05142951523885E-06,9.8886521300301E-06,1.1359670679667E-05,2.12878821912454E-05,3.19455029966775E-05,2.39693854382494E-05,5.63201247132383E-05,7.72731727920473E-05,8.31430952530354E-05,9.5523995696567E-05,8.26883042464033E-05,8.20582208689302E-05,7.47915255487897E-05,4.32256128988229E-05,3.30524235323537E-05,1.08675321826013E-05,6.82508652971592E-06,5.94895345784607E-06,8.55022335599642E-06,3.0229891763156E-06,2.12190980164451E-06,1.95253323909128E-06,1.76471246504661E-06,1.07506400581769E-06,-9999,-9999,-9999,-9999,-9999,-9999,-9999,-9999,2.70176242338493E-05,2.34400904446375E-05,2.10534108191496E-05,-9999,-9999,1.22988958537462E-05,1.23091467685299E-05,1.20270087791141E-05,1.14389331429265E-05,1.06201123344363E-05,1.21781367852236E-05,3.9441652916139E-05,0.000111476765596308,0.000170521976542659,0.000177051348146051,0.000174282031366602,0.000171243416843936,0.000167695572599769,0.000164223180036061,0.000161401811055839,0.000159201488713734,0.000157537928316742,0.000156748108565807,0.000148544640978798,7.81840572017245E-05,9.34988202061504E-05,0.000130925007397309,0.000152771914144978,0.000160305440658703,0.000162820535479113,0.000165132223628461,0.000166853220434859,0.000167704041814432,0.000168696176842786,0.000169299280969426,0.000168077094713226,0.000157110509462655,7.54115171730518E-05,6.09295530011877E-05,4.93879315399681E-06,1.21680227493925E-06,5.88218317716382E-05,0.000136397284222767,0.00015175920270849,0.000161034462507814,0.000158981667482294,0.000153981061885133,0.00014805598766543,0.000121810342534445,7.80972186475992E-05,4.06797735195141E-05,1.49247407534858E-05,9.78328898781911E-06,-9999,-9999,-9999,-9999,-9999,-9999,-9999,-9999,-9999,-9999,-9999,-9999,-9999,-9999,-9999,-9999,-9999,-9999,-9999,-9999,-9999
-9999,-9999,-9999,-9999,-9999,-9999,-9999,-9999,-9999,-9999,-9999,-9999,-9999,-9999,-9999,-9999,-9999,-9999,-9999,-9999,-9999,-9999,1.14456615847303E-05,1.35310092446161E-05,1.13419864646858E-05,1.16080582301947E-05,4.25609141530003E-05,8.44670721562579E-05,0.00011133497901028,9.777244849829E-05,9.73101414274424E-05,7.80826958362013E-05,8.38078703964129E-05,9.59462922764942E-05,8.91508389031515E-05,0.000101315541542135,0.000119904092571232,0.000119147058285307,0.000124361002235673,0.00011057127994718,7.76396482251585E-05,5.03236806252971E-05,2.10475591302384E-05,8.34490674606059E-06,4.36504751633038E-06,2.05680953513365E-06,2.05801347874512E-06,2.00494059754419E-06,1.30704995626729E-06,1.25328165268002E-06,1.24656651223631E-06,-9999,-9999,-9999,-9999,-9999,-9999,-9999,1.97026565729175E-05,1.72242052940419E-05,1.46411730383988E-05,1.26154609461082E-05,1.23714326036861E-05,1.21735893117147E-05,1.18882471724646E-05,1.11950093923951E-05,1.2858288755524E-05,4.06202816520818E-05,0.000108675892988686,0.000171270890859887,0.000179511509486474,0.000176526591531001,0.000173270324012265,0.000170057930517942,0.000166417288710363,0.000162921351147816,0.000160259587573819,0.00015824509318918,0.000156657595653087,0.000140583637403324,1.95177722162043E-06,1.08076096694276E-06,1.0912498282778E-06,1.10071493963915E-06,1.28112842503469E-05,0.000106203668110538,0.000159109331434593,0.000165075980476104,0.00016703775327187,0.000168446698808111,0.00016968441195786,0.000170482569956221,0.000169617414940149,0.000156589419930242,0.000160001422045752,0.000165935314726084,0.000146501741255634,7.8559183748439E-05,0.000158445080160163,0.000174211701960303,0.000176563116838224,0.000174330518348143,0.000169485763763078,0.000166647689184174,0.000162875498062931,0.000147763028508052,0.000110364366264548,7.21004762453958E-05,2.23348470171914E-05,9.45830015552929E-06,4.87975876239943E-06,-9999,-9999,-9999,-9999,-9999,-9999,-9999,-9999,-9999,-9999,-9999,-9999,-9999,-9999,-9999,-9999,-9999,-9999,-9999,-9999
-9999,-9999,-9999,-9999,-9999,-9999,-9999,-9999,-9999,-9999,-9999,-9999,-9999,-9999,-9999,-9999,-9999,-9999,-9999,-9999,-9999,-9999,1.10326536741923E-05,1.3701178431802E-05,2.13649673241889E-05,9.72431371337734E-05,0.000125482125440612,0.000138275805511512,0.000131262291688472,0.000104034239484463,0.000103319907793775,0.00011563632870093,0.000121425568067934,0.000127075225464068,0.000144429388456047,0.000143563374876976,0.000148289793287404,0.000152707943925634,0.000161671632668003,0.000151164087583311,0.00013399870658759,8.39834683574736E-05,4.46224257757422E-05,2.60452379734488E-05,2.26360225497046E-05,2.54391088674311E-05,2.24059585889336E-05,1.55279412865639E-05,1.62266985626047E-06,1.67522114224994E-06,1.70107728081348E-06,-9999,-9999,-9999,-9999,1.31760652948287E-05,1.36385024234187E-05,1.44597233884269E-05,1.55048655869905E-05,1.41119162435643E-05,1.51146759890253E-05,1.13674022941268E-05,9.51154561334988E-06,5.81406766286818E-06,1.59121318574762E-05,5.17790394951589E-05,2.41233683482278E-05,0.000132177781779319,0.00018512514361646,0.000182304604095407,0.000178771326318383,0.000175306529854424,0.000171873209183104,0.000168541344464757,0.000164598823175766,0.000161649673827924,0.000159839662956074,0.000149959829286672,1.07206028587825E-06,1.07552068584482E-06,1.08402673504315E-06,7.35079879632394E-07,7.43014311410661E-07,7.50368883473129E-07,1.12883685687848E-06,4.2228330130456E-06,5.55943115614355E-05,0.000146780104842037,0.000166132653248496,0.000169088059919886,0.000170570914633572,0.000171454652445391,0.000172349318745546,0.000173436303157359,0.000174571352545172,0.000175602035596967,0.000174272616277449,0.000174775675986893,0.000178232818143442,0.000181011826498434,0.000181412397068925,0.000179307622602209,0.000176588291651569,0.000174182729097083,0.000166512167197652,0.000159557777806185,0.000134251138661057,0.000104171565908473,4.7638124669902E-05,1.76811608980643E-05,2.11969086194586E-06,1.37184724735562E-06,-9999,-9999,-9999,-9999,-9999,-9999,-9999,-9999,-9999,-9999,-9999,-9999,-9999,-9999,-9999,-9999,-9999,-9999,-9999
-9999,-9999,-9999,-9999,-9999,-9999,-9999,-9999,-9999,-9999,-9999,-9999,-9999,-9999,-9999,-9999,-9999,-9999,-9999,-9999,-9999,9.99014628177974E-06,1.18154566735029E-05,4.57331843790598E-05,0.000124719706946053,0.000162363809067756,0.000161872972967103,0.000149706393131055,0.000130088519654237,0.000153088156366721,0.000151882908539847,0.000156227324623615,0.00015541298489552,0.000154641646076925,0.000163678181706928,0.000171342966496013,0.00017420957738068,0.00017313081480097,0.000178818634594791,0.000177666996023618,0.000173399865161628,0.000142215227242559,5.55482401978225E-05,3.49293586623389E-05,4.31160078733228E-05,3.92948859371245E-05,3.54788062395528E-05,3.59554396709427E-05,3.57476274075452E-05,2.58617619692814E-05,1.68641327036312E-05,1.1486787116155E-05,1.16966521090944E-05,1.20910717669176E-05,1.25635524454992E-05,1.19491542136529E-05,1.37523902594694E-05,1.24095531646162E-05,1.26693375932518E-05,1.41202963277465E-05,5.52769888599869E-05,0.000116028619231656,5.62463355890941E-05,1.57647286869178E-06,1.54586962253234E-06,1.47594869304157E-06,5.69023313801154E-06,5.17001826665364E-05,0.000185202559805475,0.000181769515620545,0.000178310307092033,0.000173686479683965,0.000170060200616717,0.000146062244311906,6.18805279373191E-06,1.10654036689084E-06,1.09168286144268E-06,1.08427116174425E-06,7.26169162135193E-07,7.29129794763139E-07,7.34567493054783E-07,4.9992172534985E-07,5.0607866342034E-07,5.12589906520589E-07,7.72116266034573E-07,1.1560154007384E-06,7.48514776205411E-06,4.93491425004322E-05,0.000135823211167008,0.000165934296092018,0.000170743398484774,0.00017197008128278,0.000172705869772471,0.000173582913703285,0.000175002700416371,0.000176302433828823,0.000177315378095955,0.000178359798155725,0.000179828217369504,0.000180998351424932,0.000180687595275231,0.000179958122316748,0.000178860267624259,0.000177776397322305,0.000174483386217616,0.000165015808306634,0.000154842506162822,0.000118474679766223,7.02797915437259E-05,3.90586210414767E-05,1.0766860214062E-05,1.34177082600218E-06,1.38861310006178E-06,2.67988025370869E-06,-9999,-9999,-9999,-9999,-9999,-9999,-9999,-9999,-9999,-9999,-9999,-9999,-9999,-9999,-9999,-9999,-9999
-9999,-9999,-9999,-9999,-9999,-9999,-9999,-9999,-9999,-9999,-9999,-9999,-9999,-9999,-9999,-9999,-9999,-9999,-9999,-9999,-9999,1.97369445231743E-05,0.000110701832454652,0.00016203141422011,0.000181417286512442,0.00017182641022373,0.000160880736075342,0.000154297653352842,0.000163585675181821,0.000175692490302026,0.00018498751160223,0.000183681593625806,0.000188708683708683,0.00019274432270322,0.000189488913747482,0.0001964965777006,0.000195325483218767,0.000192274164874107,0.000193968036910519,0.000193682848475873,0.000189444559509866,0.000184997159522027,0.00017468754958827,0.000157376765855588,0.000139223207952455,0.000111729874333832,7.11155735189095E-05,3.90136265195906E-05,4.30742693424691E-05,3.56253112840932E-05,2.64802292804234E-05,1.75440927705495E-05,1.59327973960899E-05,1.29856534840656E-05,1.31334099933156E-05,2.03764793695882E-05,1.83322190423496E-05,1.813944800233E-05,2.77957678918028E-05,0.000120453056297265,0.000198487046873197,0.000216633692616597,0.000210710277315229,6.66054402245209E-05,1.47361527069734E-06,1.4300733255368E-06,1.36588982968533E-06,0.000189661819604225,0.00018586459918879,0.00018218404147774,0.000129335603560321,1.19578862722847E-06,1.17579304514948E-06,1.16481874101737E-06,-9999,-9999,-9999,-9999,-9999,-9999,-9999,3.41040788498503E-07,3.43896658705489E-07,5.20909907208988E-07,7.83643599788775E-07,1.17404943011934E-06,2.66589267994277E-06,1.62962442118442E-05,6.54600517009385E-05,0.00014031381579116,0.00016843035700731,0.000171879815752618,0.000172642321558669,0.000174029788468033,0.000175177425262518,0.000176188608747907,0.000177162874024361,0.000178462389158085,0.000179460432264023,0.000179887996637262,0.000179445531102829,0.000178679852979258,0.000178516274900176,0.000179070179001428,0.000177363835973665,0.000171806575963274,0.000160100840730593,0.000138595991302282,0.00010601308895275,6.38942146906629E-05,3.48619214491919E-05,1.12932239062502E-05,7.70158567320323E-06,6.28681300440803E-06,8.45983959152363E-06,-9999,-9999,-9999,-9999,-9999,-9999,-9999,-9999,-9999,-9999,-9999,-9999,-9999,-9999,-9999,-9999
-9999,-9999,-9999,-9999,-9999,-9999,-9999,-9999,-9999,-9999,-9999,-9999,-9999,-9999,-9999,-9999,-9999,-9999,-9999,1.0378039405623E-05,2.80577660305426E-05,0.000155542496941052,0.00018532712419983,0.000185100492672063,0.000180558898136951,0.000187721438123845,0.000182919160579331,0.000181403374881484,0.000192634601262398,0.000193083149497397,0.000195381900994107,0.000197475543245673,0.000195080865523778,0.000192354418686591,0.000196520864847116,0.000198249952518381,0.000197184082935564,0.000194559208466671,0.00019513386359904,0.000195801461813971,0.000195481406990439,0.000193879663129337,0.000193372208741494,0.000189873258932494,0.00018628740508575,0.00017731505795382,0.000166364057804458,0.000155499117681757,0.0001215452211909,8.10906713013537E-05,3.48822904925328E-05,3.51487433363218E-05,3.89519736927468E-05,4.294712562114E-05,5.64393485547043E-05,8.41940345708281E-05,0.000127592546050437,0.000140167394420132,0.000174437504028901,0.000208225901587866,0.000215862120967358,0.000216112661291845,0.000214951360248961,0.000214898042031564,5.27756174051319E-06,0.000201138755073771,0.000201910777832381,0.000193382962606847,0.000148671286297031,3.20987874147249E-06,1.25208134704735E-06,-9999,-9999,-9999,-9999,-9999,-9999,-9999,-9999,-9999,-9999,-9999,-9999,3.54261828761082E-07,5.31548664639558E-07,7.98762357590022E-07,1.19358355732402E-06,8.2253363871132E-06,3.34339529217687E-05,9.40182726480998E-05,0.000154465509695001,0.000170897750649601,0.000173036256455816,0.000173447668203153,0.000174048604094423,0.000174905231688172,0.000175836234120652,0.000176845365785994,0.000177530586370267,0.000177634268766269,0.000177220019395463,0.000176457819179632,0.000175656896317378,0.000175798064447008,0.000175599183421582,0.00017252066754736,0.000166964295203798,0.000158636539708823,0.000142446471727453,9.83786303550005E-05,5.35180479346309E-05,3.81588288291823E-05,2.40819063037634E-05,9.51018228079192E-06,9.26914890442276E-06,-9999,-9999,-9999,-9999,-9999,-9999,-9999,-9999,-9999,-9999,-9999,-9999,-9999,-9999,-9999,-9999
-9999,-9999,-9999,-9999,-9999,-9999,-9999,-9999,-9999,-9999,-9999,-9999,-9999,-9999,-9999,-9999,-9999,-9999,3.10444156639278E-05,7.79998081270605E-05,0.000176495232153684,0.00019876794249285,0.00019838813750539,0.000202806637389585,0.000204125652089715,0.000200853901333176,0.000209912133868784,0.000212086946703494,0.000208951008971781,0.000205328949959949,0.000201821909286082,0.000197723944438621,0.00019406083447393,0.000198375812033191,0.000197384724742733,0.000200117254280485,0.000199243848328479,0.000199607398826629,0.000197690576897003,0.00019681642879732,0.000196095978026278,0.000195240776520222,0.000194974374608137,0.000194780644960701,0.000194123218534514,0.000191908387932926,0.000189231097465381,0.00018371464102529,0.000174571498064324,0.000152981301653199,9.67286905506626E-05,5.42107554792892E-05,6.98194780852646E-05,0.000128097119159065,0.000154177294461988,0.000167662263265811,0.000169266379089095,0.000185664961463772,0.000206105600227602,0.000211567123187706,0.000212428290979005,0.000211283622775227,0.000210042562684976,0.000208851852221414,0.000206074153538793,0.000202797586098313,0.000191083643585443,2.86104591395997E-06,-9999,-9999,-9999,-9999,-9999,-9999,-9999,-9999,-9999,-9999,-9999,-9999,-9999,-9999,-9999,-9999,-9999,8.06798425401212E-07,1.20587446872378E-06,3.61967863682366E-06,1.66777354024816E-05,5.61647939321119E-05,0.000123282792628743,0.000166154641192406,0.000172357831615955,0.000173236418049783,0.000173123378772289,0.000173144799191505,0.000173632492078468,0.000174331042217091,0.000174657485331409,0.000174472254002467,0.000173677020939067,0.000172815489349887,0.000172345418832265,0.000172058746102266,0.000172235711943358,0.000170539773534983,0.000165215082233772,0.000158374910824932,0.000149950661580078,0.000131704509840347,8.59882784425281E-05,5.29253084096126E-05,2.12080412893556E-05,1.04228884083568E-05,9.30836267798441E-06,-9999,-9999,-9999,-9999,-9999,-9999,-9999,-9999,-9999,-9999,-9999,-9999,-9999,-9999,-9999,-9999
-9999,-9999,-9999,-9999,-9999,-9999,-9999,-9999,-9999,-9999,-9999,-9999,1.62772153089463E-06,4.77033790957648E-06,-9999,1.08062922663521E-05,2.27522286877502E-05,8.49497591843829E-05,0.000156699563376606,0.000189761238289066,0.000212054263101891,0.000217500448343344,0.000219505251152441,0.000218846500501968,0.000216974411159754,0.000216957152588293,0.000216086948057637,0.000213703708141111,0.000212208964512683,0.000209196587093174,0.000205930016818456,0.000203686126042157,0.000202866081963293,0.000202455790713429,0.000201715651201084,0.000201668895897456,0.000200956390472129,0.00020004075486213,0.00019853565027006,0.000196832217625342,0.000195280139450915,0.000193808926269412,0.000193193685845472,0.000193239058717154,0.000193332889466546,0.000193068190128542,0.0001925598771777,0.00019150719163008,0.000189755985047668,0.000185600089025684,0.000173698717844673,0.000147114988067187,0.000129778520204127,0.000141418553539552,0.000152240041643381,0.000165622841450386,0.000179403039510362,0.000200510650756769,0.000206766490009613,0.000206129319849424,0.000207304969080724,0.000207541190320626,0.000206789103685878,0.00020575980306603,0.000204332376597449,0.000203585805138573,2.26568477046385E-06,-9999,-9999,-9999,-9999,-9999,-9999,-9999,-9999,-9999,-9999,-9999,-9999,-9999,-9999,-9999,-9999,-9999,-9999,-9999,8.14313011687773E-07,1.21446953471605E-06,5.95455639995635E-06,2.66313581960276E-05,8.08707773103379E-05,0.000146985694300383,0.000170043116668239,0.000172560889041051,0.00017284243949689,0.000171657375176437,0.000171315172337927,0.000171444364241324,0.000171234394656494,0.000170789993717335,0.0001697831612546,0.000168374463100918,0.000167668214999139,0.000168051876244135,0.00016818153380882,0.000167314996360801,0.000164366574608721,0.000159183226060122,0.000153545319335535,0.000141149226692505,0.000103765371022746,5.59001164219808E-05,2.27950895350659E-05,1.12785655801417E-05,9.02808642422315E-06,-9999,-9999,-9999,-9999,-9999,-9999,-9999,-9999,-9999,-9999,-9999,-9999,-9999,-9999,-9999,-9999
-9999,-9999,-9999,-9999,-9999,-9999,-9999,-9999,-9999,-9999,1.5995685771486E-06,1.58954435391934E-06,1.58223724611162E-06,1.74693414010108E-05,4.2255920561729E-05,0.000111184795969166,0.000168275641044602,0.000194479987840168,0.000211776452488266,0.00022047852689866,0.000223305833060294,0.000223198789171875,0.000222264468902722,0.000221014328417368,0.000219580833800137,0.000217591266846284,0.000215700187254697,0.000213512874324806,0.000211101418244652,0.000208414247026667,0.0002058184472844,0.000203368850634433,0.000201555958483368,0.000200530063011684,0.00019970910216216,0.000199420610442758,0.000198843612452038,0.000197700079297647,0.000196167326066643,0.000194511201698333,0.000192828345461749,0.000191154191270471,0.000190090184332803,0.000189947910257615,0.000190029124496505,0.000189938422408886,0.00018974079284817,0.000189489452168345,0.000189182930625975,0.000189054335351102,0.000188949925359339,0.000188602629350498,0.000188691745279357,0.000189514408702962,0.000191953673493117,0.000197261353605427,0.000200633658096194,0.000202686758711934,0.000203753588721156,0.000202922383323312,5.19075147167314E-05,1.39467363169388E-06,1.40501742862398E-06,3.79559628527204E-06,9.28640001802705E-05,1.05355820778641E-05,-9999,-9999,-9999,-9999,-9999,-9999,-9999,-9999,-9999,-9999,-9999,-9999,-9999,-9999,-9999,-9999,-9999,-9999,-9999,-9999,-9999,8.18153694126522E-07,1.2178129509266E-06,6.21579920334625E-06,3.19375103572384E-05,9.54527422436513E-05,0.000157413684064522,0.000171190418768674,0.000171445935848169,0.000170700950548053,0.000169081409694627,0.0001682764996076,0.00016747678455431,0.000167002275702544,0.000165834717336111,0.000164417782798409,0.000163105578394607,0.000163506949320436,0.000163963544764556,0.000163472461281344,0.00016142892127391,0.000158406430273317,0.000152215259731747,0.000140146410558373,0.000114247413876001,7.27295046090148E-05,2.69737793132663E-05,1.21702596516116E-05,8.73408316692803E-06,-9999,-9999,-9999,-9999,-9999,-9999,-9999,-9999,-9999,-9999,-9999,-9999,-9999,-9999,-9999,-9999
-9999,-9999,-9999,-9999,-9999,-9999,-9999,-9999,1.096779396903E-05,1.09225029518711E-05,2.55933855441981E-06,4.24439531343523E-06,3.07071604765952E-05,0.000137649578391574,0.000186712786671706,0.000203550604055636,0.00021563857444562,0.000221805617911741,0.000223401017137803,0.000224459974560887,0.000224224844714627,0.000223230614210479,0.000221977461478673,0.000220138666918501,0.000218101602513343,0.000215746127651073,0.000213113467907533,0.000210340876947157,0.000207709730602801,0.000205023141461425,0.000202432565856725,0.000199978341697715,0.000198046313016675,0.000197339410078712,0.000196577035239898,0.000196082488400862,0.000195161032024771,0.000193898405996151,0.000192313425941393,0.000190381135325879,0.000188312696991488,0.000186418605153449,0.000185405820957385,0.00018534435366746,0.000185301440069452,0.000185116485226899,0.000184896183782257,0.000184703516424634,0.000184559423360042,0.000184736651135609,0.000185410477570258,0.00018691795412451,0.000189041587873362,0.000191516184713691,0.000194210719200782,0.000196476597920991,0.000198233377886936,0.000199848218471743,0.000200800088350661,0.000200470560230315,0.000195563916349784,1.37505378461356E-06,-9999,-9999,-9999,-9999,-9999,-9999,-9999,-9999,-9999,-9999,-9999,-9999,-9999,-9999,-9999,-9999,-9999,-9999,-9999,-9999,-9999,-9999,-9999,-9999,-9999,-9999,8.18814783087873E-07,1.21701373245742E-06,2.16336684388807E-06,1.73625849129166E-05,7.89031182648614E-05,0.000152014690684155,0.000168621379998513,0.000169304752489552,0.000167649501236156,0.000165548481163569,0.000163807882927358,0.000163183940458111,0.000162202471983619,0.000161142292199656,0.000159972900291905,0.000159295625053346,0.000159731309395283,0.000159498798893765,0.000158217197167687,0.000156057256390341,0.00015138229355216,0.000142506352858618,0.000122095210826956,7.99884874140844E-05,2.87501206912566E-05,1.17655008580186E-05,8.45032354845898E-06,-9999,-9999,-9999,-9999,-9999,-9999,-9999,-9999,-9999,-9999,-9999,-9999,-9999,-9999,-9999,-9999
-9999,-9999,-9999,-9999,-9999,-9999,-9999,-9999,1.07349796962808E-05,1.21594430311234E-05,1.32634149849764E-05,5.08240918861702E-05,0.00018499037832953,0.000211120888707228,0.000216267450014129,0.000220747431740165,0.000224316565436311,0.000225710609811358,0.000225732947001234,0.000224832387175411,0.000223449926124886,0.000221946218516678,0.000220027504838072,0.000217741515371017,0.000215251435292885,0.000212544182431884,0.000209334015380591,0.000205944088520482,0.000203413525014184,0.000201251124963164,0.000199051137315109,0.000196833803784102,0.000195078406250104,0.000193949541426264,0.000193289059097879,0.000192606778000481,0.000191633531358093,0.00019021263869945,0.000188388774404302,0.000186146993655711,0.000183931406354532,0.000181929295649752,0.000180685077793896,0.000180290619027801,0.000179893773747608,0.000179530747118406,0.000179313268745318,0.000179372858838178,0.000179474300239235,0.000179782844497822,0.000180438291863538,0.000182191564817913,0.000184698990778998,0.000187628262210637,0.000190584527445026,0.000192952880752273,0.000194768959772773,0.000195947723113932,0.000196906548808329,0.000197731103980914,0.000189500045962632,1.36738674427761E-06,-9999,-9999,-9999,-9999,-9999,-9999,-9999,-9999,-9999,-9999,-9999,-9999,-9999,-9999,-9999,-9999,-9999,-9999,-9999,-9999,-9999,-9999,-9999,-9999,-9999,-9999,-9999,-9999,1.21353536997049E-06,1.20854213037092E-06,2.44116881731316E-06,2.43064678215887E-05,0.000118612028018106,0.000163578151841648,0.000165591787663288,0.00016356332344003,0.000161224830662832,0.00015969286323525,0.000158732203999534,0.000157596441567875,0.000156702240929008,0.000155974863446318,0.000155839283252135,0.000155735353473574,0.000154603796545416,0.000153439119458199,0.00015002720465418,0.000144029370858334,0.000130029729916714,8.2036349340342E-05,3.04733530356316E-05,1.01325231298688E-05,8.41462224343559E-06,-9999,-9999,-9999,-9999,-9999,-9999,-9999,-9999,-9999,-9999,-9999,-9999,-9999,-9999,-9999,-9999
-9999,-9999,-9999,-9999,-9999,-9999,1.12814423118834E-05,1.10777264126227E-05,1.09636630440946E-05,3.08121234411374E-05,0.000143015349749476,0.000198046807781793,0.000217388340388425,0.000221678012167104,0.000224874136620201,0.00022622148389928,0.00022671336773783,0.000226311720325612,0.000225256633711979,0.000223524533794262,0.000221246344153769,0.000219006513361819,0.000216895539779216,0.000214266707189381,0.000211216000025161,0.00020871331798844,0.000205537318834104,0.000202474315301515,0.000199893984245136,0.000197530709556304,0.000194993888726458,0.000193204541574232,0.000191885934327729,0.000190727354492992,0.00018982935580425,0.000189019658137113,0.00018800086400006,0.000186766148544848,0.000184935881407,0.000182649324415252,0.000180254777660593,0.000178516653249972,0.000177025649463758,0.000176122644916177,0.000175459965248592,0.000175110282725655,0.00017487900913693,0.000174739616340958,0.000175283654243685,0.000175718436366878,0.000176503221155144,0.000178225265699439,0.000180528848432004,0.000183527459739707,0.00018613065185491,0.00018864635785576,0.000191081504453905,0.000192403385881335,0.000192178427823819,9.2796741228085E-05,1.34987010369514E-06,-9999,-9999,-9999,-9999,-9999,-9999,-9999,-9999,-9999,-9999,-9999,-9999,-9999,-9999,-9999,-9999,-9999,-9999,-9999,-9999,-9999,-9999,-9999,-9999,-9999,-9999,-9999,-9999,-9999,-9999,-9999,-9999,1.17923639209039E-06,3.28123701365257E-06,5.45516522834077E-05,0.00014764723891858,0.000160890151164494,0.000159276227350347,0.000156966358190402,0.000155191068188287,0.000154296038090251,0.000153371642227285,0.00015289313159883,0.000152450826135464,0.00015211412392091,0.000151100844959728,0.000149725092342123,0.000147265818668529,0.000143397119245492,0.000130442916997708,9.24283885979094E-05,4.20172436861321E-05,8.53106030263007E-06,-9999,-9999,-9999,-9999,-9999,-9999,-9999,-9999,-9999,-9999,-9999,-9999,-9999,-9999,-9999,-9999,-9999
-9999,-9999,-9999,-9999,-9999,-9999,1.11820963866194E-05,1.38684208650375E-05,5.15284955326933E-05,0.000172488609678112,0.000210368627449498,0.000220671121496707,0.0002237516164314,0.000224826449993998,0.000225398020120338,0.000225629657506943,0.000225816955207847,0.000225443480303511,0.0002241348993266,0.000221719295950606,0.000218566914554685,0.000216015119804069,0.000213966690353118,0.000211209509870969,0.000208040451980196,0.000205433898372576,0.00020228885114193,0.000199111382244155,0.000196568362298422,0.0001940235379152,0.000190876919077709,0.000189336991752498,0.000187699566595256,0.00018629472469911,0.000184526754310355,0.000183642900083214,0.000183269803528674,0.000182702555321157,0.000181268027517945,0.000179407914401963,0.000176626708707772,0.000175320383277722,0.000173869295394979,0.000172949949046597,0.000172498446772806,0.000172700558323413,0.000172480620676652,0.000173057851498015,0.000173390391864814,0.000174503395101056,0.000175159104401246,0.00017713409033604,0.000179651542566717,0.000148457038449124,0.000173260516021401,0.000149335624882951,4.13674297305988E-06,1.31052263441234E-06,1.32172851863288E-06,-9999,-9999,-9999,-9999,-9999,-9999,-9999,-9999,-9999,-9999,-9999,-9999,-9999,-9999,-9999,-9999,-9999,-9999,-9999,-9999,-9999,-9999,-9999,-9999,-9999,-9999,-9999,-9999,-9999,-9999,-9999,-9999,-9999,-9999,-9999,1.1522677141329E-06,1.13490682451811E-06,2.23419483518228E-05,0.00012933298421558,0.000156183785293251,0.000154500361531973,0.00015218929911498,0.000150951353134587,0.000150425868923776,0.000149851737660356,0.000149393832543865,0.000148551756865345,0.000147252852912061,0.000145885060192086,0.000143946948810481,0.000141360083944164,0.00013285965542309,0.000104751932667568,4.42129494331311E-05,1.14202839540667E-05,9.28945701161865E-06,7.31894851924153E-06,-9999,-9999,-9999,-9999,-9999,-9999,-9999,-9999,-9999,-9999,-9999,-9999,-9999,-9999,-9999
-9999,-9999,-9999,-9999,1.46023576235166E-05,1.60396884893999E-05,1.12496545625618E-05,4.75664346595295E-05,0.000183292315341532,0.000216850807191804,0.000224501243792474,0.000224850547965616,0.000224253992200829,0.000223891314817593,0.00022376753622666,0.000223947703489102,0.000224238872760907,0.000223959941649809,0.000222631861106493,0.000220001675188541,0.000216340806218795,0.000213532461202703,0.000212039027246647,0.000208477227715775,0.000205464937607758,0.0002029707247857,0.000199381509446539,0.000197606117581017,0.000194723077584058,0.000192261883057654,0.000188823687494732,0.000186396529898047,0.000184217235073447,0.000183994066901505,0.00018128557712771,0.000181332783540711,0.000181566239916719,0.000180271003046073,0.000180506511242129,2.45490937231807E-05,0.000122693920275196,0.000100130098871887,0.000170329149113968,0.000121311953989789,0.000156428577611223,0.00016997531929519,0.000170672268723138,9.10583767108619E-05,2.92475106107304E-05,8.32351215649396E-05,1.1770845958381E-05,1.02530830190517E-05,1.22131768875988E-06,1.23268898732931E-06,-9999,-9999,-9999,-9999,-9999,-9999,-9999,-9999,-9999,-9999,-9999,-9999,-9999,-9999,-9999,-9999,-9999,-9999,-9999,-9999,-9999,-9999,-9999,-9999,-9999,-9999,-9999,-9999,-9999,-9999,-9999,-9999,-9999,-9999,-9999,-9999,-9999,-9999,-9999,-9999,-9999,7.46297985187994E-07,1.08821075173182E-06,3.50282207364216E-05,0.000144456891575828,0.00015176301531028,0.000149444051203318,0.000147932500112802,0.000147683982504532,0.000147018799907528,0.000146189020597376,0.000144989971886389,0.000143457858939655,0.000141996162710711,0.000140604286571033,0.000138700444949791,0.000132976012537256,0.000101345067378134,3.57539138349239E-05,7.00361943017924E-06,7.03465775586665E-06,5.05735488331993E-06,7.38178368919762E-06,-9999,-9999,-9999,-9999,-9999,-9999,-9999,-9999,-9999,-9999,-9999,-9999,-9999,-9999
-9999,-9999,-9999,-9999,1.16207720566308E-05,1.77913625520887E-05,2.66587285295827E-05,0.000175249093445018,0.000221036840230227,0.000227474956773221,0.000226855467190035,0.000225058611249551,0.000223629220272414,0.000222323113121092,0.000221526017412543,0.000221427486394532,0.000221694906940684,0.000222260758164339,0.000221363094169647,0.000171861378476024,2.27310397349356E-06,1.46462241445988E-06,1.44795819778665E-06,1.42944975323189E-06,1.41016857924114E-06,1.3906794720242E-06,6.60140267427778E-06,1.34961987896531E-06,5.06111018694355E-06,1.30808336962218E-06,1.67333637364209E-05,0.000132039698655717,0.000174815286300145,0.000168928585480899,0.000180278730113059,0.000176665475009941,0.000179392751306295,0.000177574635017663,5.11829275637865E-05,1.22485494102875E-06,1.21064010727423E-06,1.19989442737278E-06,1.19144920063263E-06,1.18537457183265E-06,1.18091315925994E-06,1.17845718250464E-06,1.17746401429031E-06,-9999,-9999,-9999,-9999,-9999,-9999,-9999,-9999,-9999,-9999,-9999,-9999,-9999,-9999,-9999,-9999,-9999,-9999,-9999,-9999,-9999,-9999,-9999,-9999,-9999,-9999,-9999,-9999,-9999,-9999,-9999,-9999,-9999,-9999,-9999,-9999,-9999,-9999,-9999,-9999,-9999,-9999,-9999,-9999,-9999,-9999,-9999,-9999,-9999,1.06177219549863E-06,7.05394359101774E-06,0.000126096376334317,0.000147862156154588,0.00014683538756799,0.000144799312693067,0.000144429010106251,0.000143672034027986,0.000142599092214368,0.000141303622513078,0.00013960397336632,0.000138075512950309,0.000136804461362772,0.000135362133732997,0.00013141380622983,0.000109398242784664,5.52732308278792E-05,1.87378245755099E-05,3.36394577971078E-06,1.15087923404644E-05,7.00911778039881E-06,-9999,-9999,-9999,-9999,-9999,-9999,-9999,-9999,-9999,-9999,-9999,-9999,-9999,-9999
-9999,-9999,-9999,-9999,-9999,1.12280276880483E-05,0.000127895298646763,0.000220262416405603,0.000229152123210952,0.000229005047003739,0.000226760603254661,0.000224218878429383,0.000222631570068188,0.000220560556044802,0.000219385503442027,0.000219891808228567,0.000131979322759435,1.50772621054784E-06,1.50713071889186E-06,1.50544201460434E-06,-9999,-9999,-9999,-9999,-9999,-9999,-9999,-9999,-9999,-9999,-9999,-9999,-9999,4.66022584078019E-06,1.35675682031433E-05,1.17218778541428E-05,1.55934230861021E-05,1.24156758829486E-06,-9999,-9999,-9999,-9999,-9999,-9999,-9999,-9999,-9999,-9999,-9999,-9999,-9999,-9999,-9999,-9999,-9999,-9999,-9999,-9999,-9999,-9999,-9999,-9999,-9999,-9999,-9999,-9999,-9999,-9999,-9999,-9999,-9999,-9999,-9999,-9999,-9999,-9999,-9999,-9999,-9999,-9999,-9999,-9999,-9999,-9999,-9999,-9999,-9999,-9999,-9999,-9999,-9999,-9999,-9999,-9999,-9999,-9999,6.97910024882731E-07,1.01718285350216E-06,0.000107675834442489,0.000144100398756564,0.0001435518352082,0.000141577766044065,0.00014146525063552,0.00014002964599058,0.000138768009492196,0.00013744855823461,0.000135961716296151,0.000134574045659974,0.000133109570015222,0.000131898646941409,0.000129921420011669,0.00011740495392587,7.64986398280598E-05,2.25181574933231E-05,1.24981688713888E-05,7.65072581998538E-06,-9999,-9999,-9999,-9999,-9999,-9999,-9999,-9999,-9999,-9999,-9999,-9999,-9999,-9999,-9999
-9999,-9999,-9999,-9999,-9999,4.43930694018491E-05,0.000207751945708878,0.00022944291413296,0.000231182464631274,0.000229235214646906,0.000226530421059579,0.000223610826651566,0.000221093068830669,0.00021940485748928,0.000217918262933381,2.4974631742225E-05,1.51145627569349E-06,1.01388502571353E-06,-9999,-9999,-9999,-9999,-9999,-9999,-9999,-9999,-9999,-9999,-9999,-9999,-9999,-9999,-9999,-9999,-9999,-9999,-9999,-9999,-9999,-9999,-9999,-9999,-9999,-9999,-9999,-9999,-9999,-9999,-9999,-9999,-9999,-9999,-9999,-9999,-9999,-9999,-9999,-9999,-9999,-9999,-9999,-9999,-9999,-9999,-9999,-9999,-9999,-9999,-9999,-9999,-9999,-9999,-9999,-9999,-9999,-9999,-9999,-9999,-9999,-9999,-9999,-9999,-9999,-9999,-9999,-9999,-9999,-9999,-9999,-9999,-9999,-9999,-9999,-9999,-9999,-9999,-9999,9.87607336355723E-07,8.18082480691373E-05,0.000140664240461774,0.000140242802444845,0.000138595889438875,0.000138159986818209,0.000136293703690171,0.000134755289764144,0.000133488181745633,0.000132433749968186,0.000131268083350733,0.000130008324049413,0.000128768981085159,0.000127030478324741,0.000121621160360519,8.76388949109241E-05,4.41437878180295E-05,8.52670655149268E-06,6.20772789261537E-06,-9999,-9999,-9999,-9999,-9999,-9999,-9999,-9999,-9999,-9999,-9999,-9999,-9999,-9999,-9999
-9999,-9999,1.21048087748932E-05,1.19113146865857E-05,1.15442380774766E-05,0.000122546131024137,0.00022646518482361,0.000232115504331887,0.000231666825129651,0.000229006633162498,0.000226196410949342,0.000223230817937292,0.000220831498154439,0.000217060907743871,1.31018523461535E-05,1.51414519677928E-06,1.01618070402765E-06,-9999,-9999,-9999,-9999,-9999,-9999,-9999,-9999,-9999,-9999,-9999,-9999,-9999,-9999,-9999,-9999,-9999,-9999,-9999,-9999,-9999,-9999,-9999,-9999,-9999,-9999,-9999,-9999,-9999,-9999,-9999,-9999,-9999,-9999,-9999,-9999,-9999,-9999,-9999,-9999,-9999,-9999,-9999,-9999,-9999,-9999,-9999,-9999,-9999,-9999,-9999,-9999,-9999,-9999,-9999,-9999,-9999,-9999,-9999,-9999,-9999,-9999,-9999,-9999,-9999,-9999,-9999,-9999,-9999,-9999,-9999,-9999,-9999,-9999,-9999,-9999,-9999,-9999,-9999,-9999,9.65358026405738E-07,4.76323293696623E-05,0.000137400114908814,0.000137530238134786,0.000135493144625798,0.000134059300762601,0.000132678542286158,0.000130750049720518,0.000129874882986769,0.000129099338664673,0.000128189261886291,0.000127008956042118,0.000125755468616262,0.000124437647173181,0.000120837867143564,0.000106203129689675,6.72469541314058E-05,3.59965742973145E-05,8.17857653601095E-06,-9999,-9999,-9999,-9999,-9999,-9999,-9999,-9999,-9999,-9999,-9999,-9999,-9999,-9999,-9999
-9999,-9999,-9999,-9999,1.42402013807441E-05,0.000192323961528018,0.000230547346291132,0.000233072962146252,0.000231428333790973,0.000228189892368391,0.000225500698434189,0.000223110342631117,0.000221272857743315,1.90100345207611E-05,1.51864753661357E-06,1.01857563095109E-06,-9999,-9999,-9999,-9999,-9999,-9999,-9999,-9999,-9999,-9999,-9999,-9999,-9999,-9999,-9999,-9999,-9999,-9999,-9999,-9999,-9999,-9999,-9999,-9999,-9999,-9999,-9999,-9999,-9999,-9999,-9999,-9999,-9999,-9999,-9999,-9999,-9999,-9999,-9999,-9999,-9999,-9999,-9999,-9999,-9999,-9999,-9999,-9999,-9999,-9999,-9999,-9999,-9999,-9999,-9999,-9999,-9999,-9999,-9999,-9999,-9999,-9999,-9999,-9999,-9999,-9999,-9999,-9999,-9999,-9999,-9999,-9999,-9999,-9999,-9999,-9999,-9999,-9999,-9999,-9999,-9999,9.46505281262944E-07,2.49903023359366E-05,0.000133889247081243,0.000134399044327438,0.000132878587464802,0.000130854750750586,0.000129426451167092,0.000127304228954017,0.000126533326692879,0.000126169019495137,0.000125285965623334,0.000124073761980981,0.000122854602523148,0.000121376295282971,0.000119244417874143,0.000113684196549002,9.8538956081029E-05,6.12239164183848E-05,1.82172316272045E-05,-9999,-9999,-9999,-9999,-9999,-9999,-9999,-9999,-9999,-9999,-9999,-9999,-9999,-9999,-9999
-9999,-9999,-9999,-9999,3.01701038551982E-05,0.000209373363759369,0.00023195642279461,0.000233165148529224,0.000230945530347526,0.000227299460675567,0.000224911796976812,0.000223139068111777,0.000149527477333322,1.52464349412185E-06,1.02357421383203E-06,-9999,-9999,-9999,-9999,-9999,-9999,-9999,-9999,-9999,-9999,-9999,-9999,-9999,-9999,-9999,-9999,-9999,-9999,-9999,-9999,-9999,-9999,-9999,-9999,-9999,-9999,-9999,-9999,-9999,-9999,-9999,-9999,-9999,-9999,-9999,-9999,-9999,-9999,-9999,-9999,-9999,-9999,-9999,-9999,-9999,-9999,-9999,-9999,-9999,-9999,-9999,-9999,-9999,-9999,-9999,-9999,-9999,-9999,-9999,-9999,-9999,-9999,-9999,-9999,-9999,-9999,-9999,-9999,-9999,-9999,-9999,-9999,-9999,-9999,-9999,-9999,-9999,-9999,-9999,-9999,-9999,-9999,9.29445604924695E-07,1.00459546956699E-05,0.000129585561808199,0.000131070555653423,0.000130286091007292,0.000127963809063658,0.000126083890791051,0.000124438825878315,0.000123222853289917,0.000122868019388989,0.000121925659186672,0.000121006843983196,0.000119857329991646,0.000118538722745143,0.000117013085400686,0.000114416667202022,0.000109046377474442,9.12892646738328E-05,4.91394712298643E-05,6.72826809022808E-06,-9999,-9999,-9999,-9999,-9999,-9999,-9999,-9999,-9999,-9999,-9999,-9999,-9999,-9999
-9999,-9999,-9999,-9999,2.4474973542965E-05,0.00020658498397097,0.000232120015425608,0.000232853330089711,0.000230295947403647,0.000226781499804929,0.000224746036110446,0.00022323863231577,1.52852157953021E-06,1.02742649232823E-06,6.88810473548074E-07,-9999,-9999,-9999,-9999,-9999,-9999,-9999,-9999,-9999,-9999,-9999,-9999,-9999,-9999,-9999,-9999,-9999,-9999,-9999,-9999,-9999,-9999,-9999,-9999,-9999,-9999,-9999,-9999,-9999,-9999,-9999,-9999,-9999,-9999,-9999,-9999,-9999,-9999,-9999,-9999,-9999,-9999,-9999,-9999,-9999,-9999,-9999,-9999,-9999,-9999,-9999,-9999,-9999,-9999,-9999,-9999,-9999,-9999,-9999,-9999,-9999,-9999,-9999,-9999,-9999,-9999,-9999,-9999,-9999,-9999,-9999,-9999,-9999,-9999,-9999,-9999,-9999,-9999,-9999,-9999,-9999,-9999,6.09006804097589E-07,8.98818655059586E-07,0.000123604433611035,0.000128184183267877,0.000127553779748268,0.000125635269796476,0.000122963872854598,0.000121541634143796,0.00012029265781166,0.000119344738777727,0.00011863064719364,0.000117850766400807,0.000116971990792081,0.000115716087748297,0.000114209222374484,0.000112701818579808,0.000110049630166031,0.000101722645922564,7.36617439542897E-05,2.30284022109117E-05,5.26595704286592E-06,-9999,-9999,-9999,-9999,-9999,-9999,-9999,-9999,-9999,-9999,-9999,-9999,-9999
-9999,-9999,-9999,-9999,1.27761040857877E-05,0.000188313555554487,0.000231506259297021,0.000232700287597254,0.000230496254516765,0.000227098105824552,0.000225043651880696,0.000223039387492463,1.53326220697636E-06,1.03108175153466E-06,-9999,-9999,-9999,-9999,-9999,-9999,-9999,-9999,-9999,-9999,-9999,-9999,-9999,-9999,-9999,-9999,-9999,-9999,-9999,-9999,-9999,-9999,-9999,-9999,-9999,-9999,-9999,-9999,-9999,-9999,-9999,-9999,-9999,-9999,-9999,-9999,-9999,-9999,-9999,-9999,-9999,-9999,-9999,-9999,-9999,-9999,-9999,-9999,-9999,-9999,-9999,-9999,-9999,-9999,-9999,-9999,-9999,-9999,-9999,-9999,-9999,-9999,-9999,-9999,-9999,-9999,-9999,-9999,-9999,-9999,-9999,-9999,-9999,-9999,-9999,-9999,-9999,-9999,-9999,-9999,-9999,-9999,-9999,5.99752866037306E-07,8.79477056514588E-07,0.000117543022497557,0.000125343256513588,0.000124650832731277,0.000123448509839363,0.00012074763799319,0.00011861439270433,0.000117330579087138,0.000116348019219004,0.000116072806122247,0.000115312250272837,0.000114465219667181,0.000113109905214515,0.000111649525933899,0.000110410364868585,0.000108505955722649,0.000103158527053893,9.09287045942619E-05,5.34149585291743E-05,1.00640882010339E-05,7.21602873454685E-06,7.38119126708625E-07,-9999,-9999,-9999,-9999,-9999,-9999,-9999,-9999,-9999,-9999,-9999
-9999,-9999,-9999,-9999,1.14407102955738E-05,0.000102293350209948,0.00022755675308872,0.000233000260777771,0.000231984318816103,0.000229591300012544,0.00022692300262861,0.000224928371608257,3.41197210218525E-06,1.5421278476424E-06,-9999,-9999,-9999,-9999,-9999,-9999,-9999,-9999,-9999,-9999,-9999,-9999,-9999,-9999,-9999,-9999,-9999,-9999,-9999,-9999,-9999,-9999,-9999,-9999,-9999,-9999,-9999,-9999,-9999,-9999,-9999,-9999,-9999,-9999,-9999,-9999,-9999,-9999,-9999,-9999,-9999,-9999,-9999,-9999,-9999,-9999,-9999,-9999,-9999,-9999,-9999,-9999,-9999,-9999,-9999,-9999,-9999,-9999,-9999,-9999,-9999,-9999,-9999,-9999,-9999,-9999,-9999,-9999,-9999,-9999,-9999,-9999,-9999,-9999,-9999,-9999,-9999,-9999,-9999,-9999,-9999,-9999,-9999,-9999,8.59919282447663E-07,0.00011303126666462,0.000122545476187952,0.000121764715004247,0.000121375313028693,0.000118862633826211,0.00011651746899588,0.000115356597234495,0.000114573667815421,0.000113720925583038,0.000113102090836037,0.000112075918877963,0.000110884182504378,0.000109531894850079,0.000108363972685765,0.000106944949948229,0.000103045626019593,9.39899036893621E-05,7.08188672433607E-05,1.66700865520397E-05,5.73295574213262E-06,-9999,-9999,-9999,-9999,-9999,-9999,-9999,-9999,-9999,-9999,-9999,-9999
-9999,-9999,-9999,-9999,1.14746517283493E-05,4.49022445536684E-05,0.000211475446121767,0.000232894613873214,0.000232905527809635,0.000231861980864778,0.000229755882173777,0.000227410666411743,0.000154435663716868,1.54379677042016E-06,-9999,-9999,-9999,-9999,-9999,-9999,-9999,-9999,-9999,-9999,-9999,-9999,-9999,-9999,-9999,-9999,-9999,-9999,-9999,-9999,-9999,-9999,-9999,-9999,-9999,-9999,-9999,-9999,-9999,-9999,-9999,-9999,-9999,-9999,-9999,-9999,-9999,-9999,-9999,-9999,-9999,-9999,-9999,-9999,-9999,-9999,-9999,-9999,-9999,-9999,-9999,-9999,-9999,-9999,-9999,-9999,-9999,-9999,-9999,-9999,-9999,-9999,-9999,-9999,-9999,-9999,-9999,-9999,-9999,-9999,-9999,-9999,-9999,-9999,-9999,-9999,-9999,-9999,-9999,-9999,-9999,-9999,-9999,-9999,8.46314890168287E-07,0.000102014404546935,0.000120277436508331,0.00011961099517066,0.000119260490464512,0.000117767660412937,0.000115173948870506,0.000112997637188528,0.000112334106233902,0.000111228611785918,0.000110532098915428,0.000109577624243684,0.000108718297269661,0.0001076135886251,0.000106567444163375,0.000105068887933157,0.000102148958831094,9.47778389672749E-05,8.19320557639003E-05,3.1248782761395E-05,5.67349343327805E-06,5.11072130393586E-06,5.16892851010198E-06,-9999,-9999,-9999,-9999,-9999,-9999,-9999,-9999,-9999,-9999
-9999,-9999,-9999,-9999,-9999,1.27036801131908E-05,0.000173321983311325,0.000231802623602562,0.000233470083912835,0.000233075261348858,0.000231669706408866,0.000229046956519596,0.000226210002438165,1.54602571456053E-06,-9999,-9999,-9999,-9999,-9999,-9999,-9999,-9999,-9999,-9999,-9999,-9999,-9999,-9999,-9999,-9999,-9999,-9999,-9999,-9999,-9999,-9999,-9999,-9999,-9999,-9999,-9999,-9999,-9999,-9999,-9999,-9999,-9999,-9999,-9999,-9999,-9999,-9999,-9999,-9999,-9999,-9999,-9999,-9999,-9999,-9999,-9999,-9999,-9999,-9999,-9999,-9999,-9999,-9999,-9999,-9999,-9999,-9999,-9999,-9999,-9999,-9999,-9999,-9999,-9999,-9999,-9999,-9999,-9999,-9999,-9999,-9999,-9999,-9999,-9999,-9999,-9999,-9999,-9999,-9999,-9999,-9999,-9999,-9999,8.36820902350155E-07,8.11286081443541E-05,0.000117480289191008,0.000117945375677664,0.000117309122288134,0.000116105060442351,0.00011355184688,0.000110887835035101,0.000110207525722217,0.000109045402496122,0.000108426196675282,0.000107458974525798,0.000106701481854543,0.00010581839887891,0.000104845959867816,0.000103607912024017,0.000101687641290482,9.81611083261669E-05,7.85446027293801E-05,4.7839384933468E-05,1.78792688529938E-05,1.20288423204329E-05,7.15011992724612E-06,5.23075141245499E-06,-9999,-9999,-9999,-9999,-9999,-9999,-9999,-9999,-9999
-9999,-9999,-9999,-9999,-9999,2.59635498878197E-06,0.000122758327051997,0.000227708485908806,0.000233950137044303,0.000234021150390618,0.000233025915804319,0.000230402394663543,0.000227169919526204,1.55079044361628E-06,-9999,-9999,-9999,-9999,-9999,-9999,-9999,-9999,-9999,-9999,-9999,-9999,-9999,-9999,-9999,-9999,-9999,-9999,-9999,-9999,-9999,-9999,-9999,-9999,-9999,-9999,-9999,-9999,-9999,-9999,-9999,-9999,-9999,-9999,-9999,-9999,-9999,-9999,-9999,-9999,-9999,-9999,-9999,-9999,-9999,-9999,-9999,-9999,-9999,-9999,-9999,-9999,-9999,-9999,-9999,-9999,-9999,-9999,-9999,-9999,-9999,-9999,-9999,-9999,-9999,-9999,-9999,-9999,-9999,-9999,-9999,-9999,-9999,-9999,-9999,-9999,-9999,-9999,-9999,-9999,-9999,-9999,-9999,-9999,8.30997350931284E-07,2.7028738259105E-05,0.000114196453068871,0.000116390154289547,0.000115558468678501,0.000114268455945421,0.000111973495222628,0.000109456574136857,0.000108353226096369,0.000107576859591063,0.000106682899058796,0.000105468170659151,0.000104660779470578,0.00010386532812845,0.000103003629192244,0.000102197067462839,0.000100752637081314,9.61504701990634E-05,8.15227322163992E-05,6.75586124998517E-05,5.32193953404203E-05,4.45028126705438E-05,1.33284893308883E-05,5.12172982780612E-06,-9999,-9999,-9999,-9999,-9999,-9999,-9999,-9999,-9999
-9999,-9999,-9999,-9999,-9999,1.59958233325597E-06,8.8594650151208E-05,0.00022799035650678,0.000234256745898165,0.000234766164794564,0.000234058708883822,0.00023138866527006,0.0002257575688418,1.55568977788789E-06,-9999,-9999,-9999,-9999,-9999,-9999,-9999,-9999,-9999,-9999,-9999,-9999,-9999,-9999,-9999,-9999,-9999,-9999,-9999,-9999,-9999,-9999,-9999,-9999,-9999,-9999,-9999,-9999,-9999,-9999,-9999,-9999,-9999,-9999,-9999,-9999,-9999,-9999,-9999,-9999,-9999,-9999,-9999,-9999,-9999,-9999,-9999,-9999,-9999,-9999,-9999,-9999,-9999,-9999,-9999,-9999,-9999,-9999,-9999,-9999,-9999,-9999,-9999,-9999,-9999,-9999,-9999,-9999,-9999,-9999,-9999,-9999,-9999,-9999,-9999,-9999,-9999,-9999,-9999,-9999,-9999,-9999,-9999,-9999,-9999,8.10447886578913E-07,0.000111368935904466,0.000114224763819948,0.000114000467874575,0.000112540976260789,0.000110361259430647,0.000107782310806215,0.000106664607301354,0.000105976163467858,0.000104938451841008,0.000103827711427584,0.00010285506141372,0.000102125486591831,0.000101283760159276,0.000100586927146651,9.97159004327841E-05,9.64360078796744E-05,9.24323321669362E-05,8.69115392561071E-05,7.43211421649903E-05,4.69652222818695E-05,1.77289894054411E-05,5.02165676152799E-06,-9999,-9999,-9999,-9999,-9999,-9999,-9999,-9999,-9999
-9999,-9999,-9999,-9999,-9999,-9999,5.3956940973876E-05,0.000229070239583962,0.000234464416280389,0.000235283107031137,0.000234424485825002,0.000231281228479929,0.000229119905270636,-9999,-9999,-9999,-9999,-9999,-9999,-9999,-9999,-9999,-9999,-9999,-9999,-9999,-9999,-9999,-9999,-9999,-9999,-9999,-9999,-9999,-9999,-9999,-9999,-9999,-9999,-9999,-9999,-9999,-9999,-9999,-9999,-9999,-9999,-9999,-9999,-9999,-9999,-9999,-9999,-9999,-9999,-9999,-9999,-9999,-9999,-9999,-9999,-9999,-9999,-9999,-9999,-9999,-9999,-9999,-9999,-9999,-9999,-9999,-9999,-9999,-9999,-9999,-9999,-9999,-9999,-9999,-9999,-9999,-9999,-9999,-9999,-9999,-9999,-9999,-9999,-9999,-9999,-9999,-9999,-9999,-9999,-9999,-9999,-9999,-9999,8.00182590410259E-07,0.000103622558526695,0.000112241279566661,0.00011258324229857,0.000111269873741549,0.000109216751297936,0.000106875355413649,0.00010538781498326,0.000104451348306611,0.000103224454505835,0.000102177684311755,0.000101208235719241,0.000100356490293052,9.95716836769134E-05,9.89337349892594E-05,9.86124505288899E-05,9.77934905677103E-05,9.59398312261328E-05,8.96349738468416E-05,7.79949186835438E-05,5.83536384510808E-05,3.01738946291152E-05,6.16532815911341E-06,-9999,-9999,-9999,-9999,-9999,-9999,-9999,-9999,-9999
-9999,-9999,-9999,-9999,-9999,-9999,4.07003753934987E-05,0.000229642246267758,0.000235180064919405,0.000235538900597021,0.000233958344324492,0.000230788631597534,0.00022732482466381,-9999,-9999,-9999,-9999,-9999,-9999,-9999,-9999,-9999,-9999,-9999,-9999,-9999,-9999,-9999,-9999,-9999,-9999,-9999,-9999,-9999,-9999,-9999,-9999,-9999,-9999,-9999,-9999,-9999,-9999,-9999,-9999,-9999,-9999,-9999,-9999,-9999,-9999,-9999,-9999,-9999,-9999,-9999,-9999,-9999,-9999,-9999,-9999,-9999,-9999,-9999,-9999,-9999,-9999,-9999,-9999,-9999,-9999,-9999,-9999,-9999,-9999,-9999,-9999,-9999,-9999,-9999,-9999,-9999,-9999,-9999,-9999,-9999,-9999,-9999,-9999,-9999,-9999,-9999,-9999,-9999,-9999,-9999,-9999,-9999,-9999,7.91268291777669E-07,6.84323895256966E-05,0.000110808679892216,0.000111237168312073,0.000109883956611156,0.000107876127003692,0.000105832543340512,0.000103864440461621,0.000103161597508006,0.000101908313808963,0.000100837227364536,9.98469331534579E-05,9.90544140222482E-05,9.82736819423735E-05,9.76545707089826E-05,9.73717833403498E-05,9.70576220424846E-05,9.59117751335725E-05,9.28274312173016E-05,8.56883489177562E-05,6.6170388890896E-05,4.64787772216368E-05,1.1667849321384E-05,6.16102533967933E-06,4.9869813665282E-06,-9999,-9999,-9999,-9999,-9999,-9999,-9999
-9999,-9999,-9999,-9999,-9999,-9999,6.47784036118537E-05,0.00023358037287835,0.000236162202781998,0.000235423649428412,0.000233109662076458,0.000230046702199616,0.000208865778404288,-9999,-9999,-9999,-9999,-9999,-9999,-9999,-9999,-9999,-9999,-9999,-9999,-9999,-9999,-9999,-9999,-9999,-9999,-9999,-9999,-9999,-9999,-9999,-9999,-9999,-9999,-9999,-9999,-9999,-9999,-9999,-9999,-9999,-9999,-9999,-9999,-9999,-9999,-9999,-9999,-9999,-9999,-9999,-9999,-9999,-9999,-9999,-9999,-9999,-9999,-9999,-9999,-9999,-9999,-9999,-9999,-9999,-9999,-9999,-9999,-9999,-9999,-9999,-9999,-9999,-9999,-9999,-9999,-9999,-9999,-9999,-9999,-9999,-9999,-9999,-9999,-9999,-9999,-9999,-9999,-9999,-9999,-9999,-9999,-9999,-9999,7.82993708980939E-07,4.61222771264147E-06,0.000109447413706221,0.000109464948764071,0.000108338477730285,0.000106262748886365,0.00010422238119645,0.000102455669548362,0.000101629564596806,0.000100757170002908,9.97181778075173E-05,9.86429586191662E-05,9.7790478321258E-05,9.71514746197499E-05,9.66858788160607E-05,9.62770209298469E-05,9.61621190072037E-05,9.52792033785954E-05,9.2998037871439E-05,8.74576362548396E-05,7.72543717175722E-05,5.50070835743099E-05,2.10422676900635E-05,1.05383305708528E-05,7.70722908782773E-06,4.96194343213574E-06,-9999,-9999,-9999,-9999,-9999,-9999
-9999,-9999,-9999,-9999,-9999,-9999,-9999,-9999,-9999,-9999,-9999,-9999,-9999,-9999,-9999,-9999,-9999,-9999,-9999,-9999,-9999,-9999,-9999,-9999,-9999,-9999,-9999,-9999,-9999,-9999,-9999,-9999,-9999,-9999,-9999,-9999,-9999,-9999,-9999,-9999,-9999,-9999,-9999,-9999,-9999,-9999,-9999,-9999,-9999,-9999,-9999,-9999,-9999,-9999,-9999,-9999,-9999,-9999,-9999,-9999,-9999,-9999,-9999,-9999,-9999,-9999,-9999,-9999,-9999,-9999,-9999,-9999,-9999,-9999,-9999,-9999,-9999,-9999,-9999,-9999,-9999,-9999,-9999,-9999,-9999,-9999,-9999,-9999,-9999,-9999,-9999,-9999,-9999,-9999,-9999,-9999,-9999,-9999,-9999,-9999,7.57094824166415E-07,0.000105133163742721,0.000107589534309227,0.00010666815796867,0.000104842139990069,0.000102869002148509,0.000101077122963034,0.000100328572443686,9.97818424366415E-05,9.8607808467932E-05,9.76086521404795E-05,9.68284293776378E-05,9.60790639510378E-05,9.57273587118834E-05,9.54008719418198E-05,9.52766931732185E-05,9.5052644610405E-05,9.38883677008562E-05,9.04997432371601E-05,8.22016954771243E-05,6.0415670304792E-05,3.23290951200761E-05,2.10923899430782E-05,1.58993243530858E-05,8.54861355037428E-06,4.91863193019526E-06,-9999,-9999,-9999,-9999,-9999
-9999,-9999,-9999,-9999,-9999,-9999,-9999,-9999,-9999,-9999,-9999,-9999,-9999,-9999,-9999,-9999,-9999,-9999,-9999,-9999,-9999,-9999,-9999,-9999,-9999,-9999,-9999,-9999,-9999,-9999,-9999,-9999,-9999,-9999,-9999,-9999,-9999,-9999,-9999,-9999,-9999,-9999,-9999,-9999,-9999,-9999,-9999,-9999,-9999,-9999,-9999,-9999,-9999,-9999,-9999,-9999,-9999,-9999,-9999,-9999,-9999,-9999,-9999,-9999,-9999,-9999,-9999,-9999,-9999,-9999,-9999,-9999,-9999,-9999,-9999,-9999,-9999,-9999,-9999,-9999,-9999,-9999,-9999,-9999,-9999,-9999,-9999,-9999,-9999,-9999,-9999,-9999,-9999,-9999,-9999,-9999,-9999,-9999,-9999,-9999,7.46070668355969E-07,7.9542413004674E-05,0.000106100451375823,0.000104879232821986,0.000103310128906742,0.000101362158602569,9.95015798253007E-05,9.91072447504848E-05,9.86423910944723E-05,9.75644215941429E-05,9.64094506343827E-05,9.57520387601107E-05,9.49747482081875E-05,9.47711741901003E-05,9.46488726185635E-05,9.48965171119198E-05,9.48175802477635E-05,9.41913385759108E-05,9.06199784367345E-05,8.16914689494297E-05,6.28112320555374E-05,4.02486257371493E-05,2.98034865409136E-05,1.74089072970673E-05,1.16810206236551E-05,5.48655270904419E-06,4.91960963699967E-06,-9999,-9999,-9999,-9999
-9999,-9999,-9999,-9999,-9999,-9999,-9999,-9999,-9999,-9999,-9999,-9999,-9999,-9999,-9999,-9999,-9999,-9999,-9999,-9999,-9999,-9999,-9999,-9999,-9999,-9999,-9999,-9999,-9999,-9999,-9999,-9999,-9999,-9999,-9999,-9999,-9999,-9999,-9999,-9999,-9999,-9999,-9999,-9999,-9999,-9999,-9999,-9999,-9999,-9999,-9999,-9999,-9999,-9999,-9999,-9999,-9999,-9999,-9999,-9999,-9999,-9999,-9999,-9999,-9999,-9999,-9999,-9999,-9999,-9999,-9999,-9999,-9999,-9999,-9999,-9999,-9999,-9999,-9999,-9999,-9999,-9999,-9999,-9999,-9999,-9999,-9999,-9999,-9999,-9999,-9999,-9999,-9999,-9999,-9999,-9999,-9999,-9999,-9999,-9999,7.38193079996563E-07,1.8828786778613E-06,0.000104713544715196,0.000103216450952459,0.000101797471870668,9.98417308437638E-05,9.82707060757093E-05,9.79512551566586E-05,9.75018119788729E-05,9.65812287176959E-05,9.54578936216421E-05,9.4786002591718E-05,9.40413810894825E-05,9.38068187679164E-05,9.39301753533073E-05,9.42335609579459E-05,9.38451412366703E-05,9.29602028918453E-05,9.0326982899569E-05,8.12106591183692E-05,6.75719638820738E-05,5.15065803483594E-05,3.74378432752565E-05,2.29583456530236E-05,1.28891706481227E-05,6.83347025187686E-06,4.91736045660218E-06,-9999,-9999,-9999,-9999
-9999,-9999,-9999,-9999,-9999,-9999,-9999,-9999,-9999,-9999,-9999,-9999,-9999,-9999,-9999,-9999,-9999,-9999,-9999,-9999,-9999,-9999,-9999,-9999,-9999,-9999,-9999,-9999,-9999,-9999,-9999,-9999,-9999,-9999,-9999,-9999,-9999,-9999,-9999,-9999,-9999,-9999,-9999,-9999,-9999,-9999,-9999,-9999,-9999,-9999,-9999,-9999,-9999,-9999,-9999,-9999,-9999,-9999,-9999,-9999,-9999,-9999,-9999,-9999,-9999,-9999,-9999,-9999,-9999,-9999,-9999,-9999,-9999,-9999,-9999,-9999,-9999,-9999,-9999,-9999,-9999,-9999,-9999,-9999,-9999,-9999,-9999,-9999,-9999,-9999,-9999,-9999,-9999,-9999,-9999,-9999,-9999,-9999,-9999,-9999,-9999,7.17724674359488E-07,9.61194891715422E-05,0.000101409328635782,0.000100174976978451,9.84052530839108E-05,9.71534173004329E-05,9.66648804023862E-05,9.63326456258073E-05,9.55603463808075E-05,9.43620470934547E-05,9.36818178161047E-05,9.30282258195803E-05,9.27128785406239E-05,9.28393565118313E-05,9.33251430978999E-05,9.37502918532118E-05,9.35157659114338E-05,9.05110937310383E-05,8.2256316090934E-05,6.95186099619605E-05,5.97129401285201E-05,4.2840707465075E-05,2.2842328689876E-05,1.42159988172352E-05,6.81609844832565E-06,4.89270678372122E-06,-9999,-9999,5.1698393690458E-06,5.17000444233418E-06
-9999,-9999,-9999,-9999,-9999,-9999,-9999,-9999,-9999,-9999,-9999,-9999,-9999,-9999,-9999,-9999,-9999,-9999,-9999,-9999,-9999,-9999,-9999,-9999,-9999,-9999,-9999,-9999,-9999,-9999,-9999,-9999,-9999,-9999,-9999,-9999,-9999,-9999,-9999,-9999,-9999,-9999,-9999,-9999,-9999,-9999,-9999,-9999,-9999,-9999,-9999,-9999,-9999,-9999,-9999,-9999,-9999,-9999,-9999,-9999,-9999,-9999,-9999,-9999,-9999,-9999,-9999,-9999,-9999,-9999,-9999,-9999,-9999,-9999,-9999,-9999,-9999,-9999,-9999,-9999,-9999,-9999,-9999,-9999,-9999,-9999,-9999,-9999,-9999,-9999,-9999,-9999,-9999,-9999,-9999,-9999,-9999,-9999,-9999,-9999,-9999,-9999,5.03189221490175E-06,0.000101519755844492,9.89264080999419E-05,9.7485251899343E-05,9.63566853897646E-05,9.58900200203061E-05,9.53088019741699E-05,9.43157283472829E-05,9.32143593672663E-05,9.25656058825552E-05,9.20440506888554E-05,9.18496589292772E-05,9.18976948014461E-05,9.23084953683428E-05,9.26734574022703E-05,9.2364200099837E-05,8.93532487680204E-05,8.557803084841E-05,7.74037762312219E-05,6.20373757556081E-05,4.2672996642068E-05,2.71540047833696E-05,1.27815828818711E-05,7.58283294999273E-06,4.9154195949086E-06,4.97744940730627E-06,5.0636494961509E-06,5.11636744704447E-06,5.69627763979952E-06
-9999,-9999,-9999,-9999,-9999,-9999,-9999,-9999,-9999,-9999,-9999,-9999,-9999,-9999,-9999,-9999,-9999,-9999,-9999,-9999,-9999,-9999,-9999,-9999,-9999,-9999,-9999,-9999,-9999,-9999,-9999,-9999,-9999,-9999,-9999,-9999,-9999,-9999,-9999,-9999,-9999,-9999,-9999,-9999,-9999,-9999,-9999,-9999,-9999,-9999,-9999,-9999,-9999,-9999,-9999,-9999,-9999,-9999,-9999,-9999,-9999,-9999,-9999,-9999,-9999,-9999,-9999,-9999,-9999,-9999,-9999,-9999,-9999,-9999,-9999,-9999,-9999,-9999,-9999,-9999,-9999,-9999,-9999,-9999,-9999,-9999,-9999,-9999,-9999,-9999,-9999,-9999,-9999,-9999,-9999,-9999,-9999,-9999,-9999,-9999,-9999,-9999,-9999,7.00865566614084E-05,9.93079593172297E-05,9.68963577179238E-05,9.62073463597335E-05,9.54332426772453E-05,9.48052620515227E-05,9.35758725972846E-05,9.24205232877284E-05,9.16156786843203E-05,9.11747192731127E-05,9.106048673857E-05,9.12838222575374E-05,9.1389003500808E-05,9.13835247047246E-05,9.10674425540492E-05,8.8751687144395E-05,8.60933068906888E-05,7.87636527093127E-05,6.43335733911954E-05,4.81641545775346E-05,2.25774856517091E-05,1.14254571599304E-05,6.75792261972674E-06,5.50538607058115E-06,4.99884981763898E-06,5.64169249628321E-06,6.2836143115419E-06,5.17310982104391E-05
-9999,-9999,-9999,-9999,-9999,-9999,-9999,-9999,-9999,-9999,-9999,-9999,-9999,-9999,-9999,-9999,-9999,-9999,-9999,-9999,-9999,-9999,-9999,-9999,-9999,-9999,-9999,-9999,-9999,-9999,-9999,-9999,-9999,-9999,-9999,-9999,-9999,-9999,-9999,-9999,-9999,-9999,-9999,-9999,-9999,-9999,-9999,-9999,-9999,-9999,-9999,-9999,-9999,-9999,-9999,-9999,-9999,-9999,-9999,-9999,-9999,-9999,-9999,-9999,-9999,-9999,-9999,-9999,-9999,-9999,-9999,-9999,-9999,-9999,-9999,-9999,-9999,-9999,-9999,-9999,-9999,-9999,-9999,-9999,-9999,-9999,-9999,-9999,-9999,-9999,-9999,-9999,-9999,-9999,-9999,-9999,-9999,-9999,-9999,-9999,-9999,-9999,-9999,6.82519839756424E-07,6.96666756994091E-05,9.91868073469959E-05,9.68377280514687E-05,9.56955991568975E-05,9.47810331126675E-05,9.34943673200905E-05,9.23268889891915E-05,9.15567943593487E-05,9.11245224415325E-05,9.08544971025549E-05,9.06872664927505E-05,9.060041338671E-05,8.9991168351844E-05,8.89365910552442E-05,8.8279637566302E-05,8.23337177280337E-05,7.28457525838166E-05,5.32203084731009E-05,2.89004419755656E-05,9.12578161660349E-06,5.98335282120388E-06,6.07623587711714E-06,6.91181321599288E-06,6.96515417075716E-06,1.19342657853849E-05,0.000104064922197722,0.000105350794910919
-9999,-9999,-9999,-9999,-9999,-9999,-9999,-9999,-9999,-9999,-9999,-9999,-9999,-9999,-9999,-9999,-9999,-9999,-9999,-9999,-9999,-9999,-9999,-9999,-9999,-9999,-9999,-9999,-9999,-9999,-9999,-9999,-9999,-9999,-9999,-9999,-9999,-9999,-9999,-9999,-9999,-9999,-9999,-9999,-9999,-9999,-9999,-9999,-9999,-9999,-9999,-9999,-9999,-9999,-9999,-9999,-9999,-9999,-9999,-9999,-9999,-9999,-9999,-9999,-9999,-9999,-9999,-9999,-9999,-9999,-9999,-9999,-9999,-9999,-9999,-9999,-9999,-9999,-9999,-9999,-9999,-9999,-9999,-9999,-9999,-9999,-9999,-9999,-9999,-9999,-9999,-9999,-9999,-9999,-9999,-9999,-9999,-9999,-9999,-9999,-9999,-9999,-9999,-9999,6.74963871460932E-07,6.71597490509157E-07,9.14877236937173E-05,9.67948508332483E-05,9.46614454733208E-05,9.3549104349222E-05,9.24968699109741E-05,9.18025980354287E-05,8.60071668284945E-05,7.16678987373598E-05,8.97412755875848E-05,8.70902949827723E-05,7.37763693905436E-05,6.17895711911842E-05,5.7232377002947E-05,4.93352381454315E-05,2.6029232685687E-05,9.94771744444733E-06,5.24099232279696E-06,4.75859360449249E-06,8.4222701843828E-06,1.44324258144479E-05,5.36941515747458E-05,0.000102685276942793,0.000104699844087008,0.000105533756141085,0.000104388127510902
-9999,-9999,-9999,-9999,-9999,-9999,-9999,-9999,-9999,-9999,-9999,-9999,-9999,-9999,-9999,-9999,-9999,-9999,-9999,-9999,-9999,-9999,-9999,-9999,-9999,-9999,-9999,-9999,-9999,-9999,-9999,-9999,-9999,-9999,-9999,-9999,-9999,-9999,-9999,-9999,-9999,-9999,-9999,-9999,-9999,-9999,-9999,-9999,-9999,-9999,-9999,-9999,-9999,-9999,-9999,-9999,-9999,-9999,-9999,-9999,-9999,-9999,-9999,-9999,-9999,-9999,-9999,-9999,-9999,-9999,-9999,-9999,-9999,-9999,-9999,-9999,-9999,-9999,-9999,-9999,-9999,-9999,-9999,-9999,-9999,-9999,-9999,-9999,-9999,-9999,-9999,-9999,-9999,-9999,-9999,-9999,-9999,-9999,-9999,-9999,-9999,-9999,-9999,-9999,-9999,-9999,6.63676303247485E-07,3.31115302287799E-06,9.62528065429069E-05,9.4776987680234E-05,9.32018447201699E-05,9.2286107246764E-05,8.76524281920865E-05,8.79538492881693E-05,8.38934283819981E-05,6.57564887660556E-05,4.81104798382148E-05,2.98596187349176E-05,1.18714169730083E-05,1.78507398231886E-05,1.091962440114E-05,1.51193708006758E-05,5.14394378114957E-05,9.907237108564E-05,0.000101169243862387,0.000102843318018131,0.000103755941381678,0.000103652288089506,0.000103444661363028,9.9768272775691E-05,5.19508903380483E-05
-9999,-9999,-9999,-9999,-9999,-9999,-9999,-9999,-9999,-9999,-9999,-9999,-9999,-9999,-9999,-9999,-9999,-9999,-9999,-9999,-9999,-9999,-9999,-9999,-9999,-9999,-9999,-9999,-9999,-9999,-9999,-9999,-9999,-9999,-9999,-9999,-9999,-9999,-9999,-9999,-9999,-9999,-9999,-9999,-9999,-9999,-9999,-9999,-9999,-9999,-9999,-9999,-9999,-9999,-9999,-9999,-9999,-9999,-9999,-9999,-9999,-9999,-9999,-9999,-9999,-9999,-9999,-9999,-9999,-9999,-9999,-9999,-9999,-9999,-9999,-9999,-9999,-9999,-9999,-9999,-9999,-9999,-9999,-9999,-9999,-9999,-9999,-9999,-9999,-9999,-9999,-9999,-9999,-9999,-9999,-9999,-9999,-9999,-9999,-9999,-9999,-9999,-9999,-9999,-9999,-9999,-9999,-9999,6.49544801945012E-07,2.62444450527255E-06,9.21386672416702E-05,9.44292041822337E-05,9.36735887080431E-05,9.31566610233858E-05,9.25668573472649E-05,9.2214802862145E-05,9.20478196348995E-05,9.26640277612023E-05,9.3576563813258E-05,9.45657011470757E-05,9.59283133852296E-05,9.79763281065971E-05,9.98589530354366E-05,0.000100848999863956,0.000101332494523376,0.000101861871371511,0.000101405741588678,9.56322837737389E-05,5.73293000343256E-05,4.00338922190713E-06,-9999
-9999,-9999,-9999,-9999,-9999,-9999,-9999,-9999,-9999,-9999,-9999,-9999,-9999,-9999,-9999,-9999,-9999,-9999,-9999,-9999,-9999,-9999,-9999,-9999,-9999,-9999,-9999,-9999,-9999,-9999,-9999,-9999,-9999,-9999,-9999,-9999,-9999,-9999,-9999,-9999,-9999,-9999,-9999,-9999,-9999,-9999,-9999,-9999,-9999,-9999,-9999,-9999,-9999,-9999,-9999,-9999,-9999,-9999,-9999,-9999,-9999,-9999,-9999,-9999,-9999,-9999,-9999,-9999,-9999,-9999,-9999,-9999,-9999,-9999,-9999,-9999,-9999,-9999,-9999,-9999,-9999,-9999,-9999,-9999,-9999,-9999,-9999,-9999,-9999,-9999,-9999,-9999,-9999,-9999,-9999,-9999,-9999,-9999,-9999,-9999,-9999,-9999,-9999,-9999,-9999,-9999,-9999,-9999,-9999,-9999,6.44077033484791E-07,6.41921701571846E-07,6.39766824406252E-07,6.37434936834325E-07,2.63654374066391E-06,3.70026486962161E-06,6.33454078524665E-07,6.35736398635345E-07,6.4109121922229E-07,1.24260895972839E-06,4.03175545216072E-06,1.78954614966642E-05,3.738550003618E-05,4.13518646382727E-05,9.56837629928486E-06,6.98759549777606E-07,7.05028128322738E-07,7.08481991296139E-07,-9999,-9999,-9999
-9999,-9999,-9999,-9999,-9999,-9999,-9999,-9999,-9999,-9999,-9999,-9999,-9999,-9999,-9999,-9999,-9999,-9999,-9999,-9999,-9999,-9999,-9999,-9999,-9999,-9999,-9999,-9999,-9999,-9999,-9999,-9999,-9999,-9999,-9999,-9999,-9999,-9999,-9999,-9999,-9999,-9999,-9999,-9999,-9999,-9999,-9999,-9999,-9999,-9999,-9999,-9999,-9999,-9999,-9999,-9999,-9999,-9999,-9999,-9999,-9999,-9999,-9999,-9999,-9999,-9999,-9999,-9999,-9999,-9999,-9999,-9999,-9999,-9999,-9999,-9999,-9999,-9999,-9999,-9999,-9999,-9999,-9999,-9999,-9999,-9999,-9999,-9999,-9999,-9999,-9999,-9999,-9999,-9999,-9999,-9999,-9999,-9999,-9999,-9999,-9999,-9999,-9999,-9999,-9999,-9999,-9999,-9999,-9999,-9999,-9999,-9999,-9999,-9999,-9999,-9999,-9999,-9999,-9999,-9999,-9999,-9999,-9999,-9999,-9999,-9999,-9999,-9999,-9999,-9999,-9999
-9999,-9999,-9999,-9999,-9999,-9999,-9999,-9999,-9999,-9999,-9999,-9999,-9999,-9999,-9999,-9999,-9999,-9999,-9999,-9999,-9999,-9999,-9999,-9999,-9999,-9999,-9999,-9999,-9999,-9999,-9999,-9999,-9999,-9999,-9999,-9999,-9999,-9999,-9999,-9999,-9999,-9999,-9999,-9999,-9999,-9999,-9999,-9999,-9999,-9999,-9999,-9999,-9999,-9999,-9999,-9999,-9999,-9999,-9999,-9999,-9999,-9999,-9999,-9999,-9999,-9999,-9999,-9999,-9999,-9999,-9999,-9999,-9999,-9999,-9999,-9999,-9999,-9999,-9999,-9999,-9999,-9999,-9999,-9999,-9999,-9999,-9999,-9999,-9999,-9999,-9999,-9999,-9999,-9999,-9999,-9999,-9999,-9999,-9999,-9999,-9999,-9999,-9999,-9999,-9999,-9999,-9999,-9999,-9999,-9999,-9999,-9999,-9999,-9999,-9999,-9999,-9999,-9999,-9999,-9999,-9999,-9999,-9999,-9999,-9999,-9999,-9999,-9999,-9999,-9999,-9999

Step,397
Year,33.08333
-9999,-9999,-9999,-9999,-9999,-9999,-9999,-9999,-9999,-9999,-9999,-9999,-9999,-9999,-9999,-9999,-9999,-9999,-9999,-9999,-9999,-9999,-9999,-9999,-9999,-9999,-9999,-9999,-9999,-9999,-9999,-9999,-9999,-9999,-9999,-9999,-9999,-9999,-9999,-9999,-9999,-9999,-9999,-9999,-9999,-9999,-9999,-9999,-9999,-9999,-9999,-9999,-9999,-9999,-9999,-9999,-9999,-9999,-9999,-9999,-9999,-9999,-9999,-9999,-9999,-9999,-9999,-9999,-9999,-9999,-9999,-9999,-9999,-9999,-9999,-9999,-9999,-9999,-9999,-9999,-9999,-9999,-9999,-9999,-9999,-9999,-9999,-9999,-9999,-9999,-9999,-9999,-9999,-9999,-9999,-9999,-9999,-9999,-9999,-9999,-9999,-9999,-9999,-9999,-9999,-9999,-9999,-9999,-9999,-9999,-9999,-9999,-9999,-9999,-9999,-9999,-9999,-9999,-9999,-9999,-9999,-9999,-9999,-9999,-9999,-9999,-9999,-9999,-9999,-9999,-9999
-9999,-9999,-9999,-9999,-9999,-9999,-9999,-9999,-9999,-9999,-9999,-9999,-9999,-9999,-9999,-9999,-9999,-9999,-9999,-9999,-9999,-9999,-9999,-9999,-9999,-9999,-9999,-9999,-9999,-9999,-9999,-9999,-9999,-9999,-9999,-9999,-9999,-9999,-9999,-9999,-9999,-9999,-9999,-9999,-9999,-9999,-9999,-9999,-9999,-9999,-9999,-9999,-9999,-9999,-9999,-9999,-9999,-9999,-9999,-9999,-9999,-9999,-9999,-9999,-9999,-9999,-9999,-9999,-9999,-9999,-9999,-9999,-9999,-9999,-9999,-9999,-9999,-9999,-9999,-9999,-9999,-9999,-9999,-9999,-9999,-9999,-9999,-9999,-9999,-9999,-9999,-9999,-9999,-9999,-9999,-9999,-9999,-9999,-9999,-9999,-9999,-9999,-9999,-9999,-9999,-9999,-9999,-9999,-9999,-9999,-9999,-9999,-9999,-9999,-9999,-9999,-9999,-9999,-9999,-9999,-9999,-9999,-9999,-9999,-9999,-9999,-9999,-9999,-9999,-9999,-9999
-9999,-9999,-9999,-9999,-9999,-9999,-9999,-9999,-9999,-9999,-9999,-9999,-9999,-9999,-9999,-9999,-9999,-9999,-9999,-9999,-9999,-9999,-9999,-9999,-9999,-9999,-9999,-9999,-9999,-9999,-9999,-9999,-9999,-9999,-9999,-9999,-9999,-9999,-9999,-9999,-9999,-9999,-9999,-9999,-9999,-9999,-9999,-9999,-9999,-9999,-9999,-9999,-9999,-9999,-9999,-9999,-9999,-9999,-9999,-9999,-9999,-9999,-9999,-9999,-9999,-9999,-9999,-9999,-9999,-9999,-9999,-9999,-9999,-9999,5.47430715869268E-07,8.13322913018055E-07,-9999,-9999,-9999,-9999,-9999,-9999,-9999,-9999,-9999,-9999,-9999,-9999,-9999,-9999,-9999,-9999,-9999,-9999,-9999,-9999,-9999,-9999,-9999,-9999,-9999,-9999,-9999,-9999,-9999,-9999,-9999,-9999,-9999,-9999,-9999,-9999,-9999,-9999,-9999,-9999,-9999,-9999,-9999,-9999,-9999,-9999,-9999,-9999,-9999,-9999,-9999,-9999,-9999,-9999,-9999
-9999,-9999,-9999,-9999,-9999,-9999,-9999,-9999,-9999,-9999,-9999,-9999,-9999,-9999,-9999,-9999,-9999,-9999,-9999,-9999,-9999,-9999,-9999,-9999,-9999,-9999,-9999,-9999,-9999,-9999,-9999,-9999,-9999,-9999,-9999,-9999,-9999,-9999,-9999,-9999,-9999,-9999,-9999,-9999,-9999,-9999,-9999,-9999,-9999,-9999,-9999,-9999,-9999,-9999,-9999,-9999,-9999,-9999,-9999,-9999,-9999,-9999,-9999,-9999,-9999,-9999,-9999,-9999,-9999,-9999,-9999,-9999,-9999,-9999,7.82236782015389E-07,1.1571440836633E-06,-9999,-9999,-9999,-9999,-9999,-9999,-9999,-9999,-9999,-9999,-9999,-9999,-9999,-9999,-9999,-9999,-9999,-9999,-9999,-9999,-9999,-9999,-9999,-9999,-9999,-9999,-9999,-9999,-9999,-9999,-9999,-9999,-9999,-9999,-9999,-9999,-9999,-9999,-9999,-9999,-9999,-9999,-9999,-9999,-9999,-9999,-9999,-9999,-9999,-9999,-9999,-9999,-9999,-9999,-9999
-9999,-9999,-9999,-9999,-9999,-9999,-9999,-9999,-9999,-9999,-9999,-9999,-9999,-9999,-9999,-9999,-9999,-9999,-9999,-9999,-9999,-9999,-9999,-9999,-9999,-9999,-9999,-9999,-9999,-9999,-9999,-9999,-9999,-9999,-9999,-9999,-9999,-9999,-9999,-9999,-9999,-9999,-9999,-9999,-9999,-9999,-9999,-9999,-9999,-9999,-9999,-9999,-9999,-9999,-9999,-9999,6.89697543521106E-08,9.88917889799268E-08,1.38483414957591E-07,1.9338499157584E-07,-9999,-9999,-9999,-9999,-9999,9.90232706499228E-07,9.49729667354404E-07,1.33391620238399E-06,1.29171269236394E-06,8.31414638469141E-07,1.18435718832188E-06,5.87722252021194E-06,7.8746052167844E-06,7.79682795837289E-06,1.10209464310174E-06,5.6482776926714E-06,7.31545151211321E-06,-9999,-9999,6.97157520335168E-06,1.08111744339112E-05,9.48367141972994E-06,9.64922219282016E-06,2.48325668508187E-05,3.30978946294636E-05,3.02953631035052E-05,3.04318618873367E-05,1.86415472853696E-05,8.81157575349789E-06,-9999,-9999,-9999,-9999,-9999,-9999,-9999,-9999,-9999,-9999,-9999,-9999,-9999,-9999,-9999,-9999,-9999,-9999,-9999,-9999,-9999,-9999,-9999,-9999,-9999,-9999,-9999,-9999,-9999,-9999,-9999,-9999,-9999,-9999,-9999,-9999,-9999,-9999,-9999,-9999,-9999,-9999
-9999,-9999,-9999,-9999,-9999,-9999,-9999,-9999,-9999,-9999,-9999,-9999,-9999,-9999,-9999,-9999,-9999,-9999,-9999,-9999,-9999,-9999,-9999,-9999,-9999,-9999,-9999,-9999,-9999,-9999,-9999,-9999,-9999,-9999,-9999,-9999,-9999,-9999,-9999,-9999,-9999,-9999,-9999,-9999,-9999,-9999,-9999,-9999,-9999,-9999,-9999,-9999,-9999,-9999,-9999,7.23738438068722E-08,1.04958118640752E-07,1.49475681610056E-07,2.05998759383874E-07,2.73464621614039E-07,3.56584848759667E-07,4.86850012748619E-07,-9999,1.6884059732547E-06,4.49201343144523E-06,1.47913192449778E-06,1.37148902012996E-06,1.00374136309256E-05,1.01134701253613E-05,1.18702894269518E-06,1.14649628812913E-06,1.31575734485523E-05,1.66528443514835E-05,1.47798573379987E-05,1.30089483718621E-05,1.28403507915209E-05,9.96091512206476E-06,1.10696573756286E-05,1.8523853213992E-05,3.30073817167431E-05,7.89773548603989E-05,0.000121298369776923,0.000134966699988581,0.000135289126774296,0.000136709641083144,0.000138233110192232,0.000139874580781907,0.000142006319947541,0.000137081719003618,7.25394929759204E-05,3.08775961457286E-05,-9999,-9999,-9999,-9999,-9999,-9999,-9999,-9999,-9999,-9999,-9999,-9999,-9999,-9999,-9999,-9999,-9999,-9999,-9999,-9999,-9999,-9999,-9999,-9999,-9999,-9999,-9999,-9999,-9999,-9999,-9999,-9999,-9999,-9999,-9999,-9999,-9999,-9999,-9999,-9999
-9999,-9999,-9999,-9999,-9999,-9999,-9999,-9999,-9999,-9999,-9999,-9999,-9999,-9999,-9999,-9999,-9999,-9999,-9999,-9999,-9999,-9999,-9999,-9999,-9999,-9999,-9999,-9999,-9999,-9999,-9999,-9999,-9999,-9999,-9999,-9999,-9999,-9999,-9999,-9999,-9999,-9999,-9999,-9999,-9999,-9999,-9999,-9999,-9999,-9999,-9999,-9999,-9999,-9999,-9999,1.08708412938086E-07,1.58947344175431E-07,2.28687497383362E-07,3.15196160727282E-07,4.12423446505272E-07,5.20129560754867E-07,6.55595840726164E-07,8.51157381021039E-07,1.14414672225394E-06,1.56327951117419E-06,8.82145377545385E-06,1.51557378558209E-05,3.78354270651471E-05,6.07319889240898E-05,8.69288051035255E-05,9.88563551800326E-05,8.80909792613238E-05,0.00010838750313269,0.000120877783047035,9.70245528151281E-05,9.56054573180154E-05,9.01094608707353E-05,9.68718668445945E-05,0.000131271168356761,0.000134814486955293,0.000137531824293546,0.000139347524964251,0.000140899428515695,0.00014184508472681,0.000142575445352122,0.000143426543218084,0.000144516059663147,0.000145583180710673,0.000146141625009477,0.000145938553032465,0.000143763973028399,0.000119617478048895,2.85093774436973E-05,-9999,-9999,-9999,-9999,-9999,-9999,-9999,-9999,-9999,8.91597028385149E-06,8.90865521796513E-06,8.91908075573156E-06,-9999,-9999,-9999,-9999,-9999,-9999,-9999,-9999,-9999,-9999,-9999,-9999,-9999,-9999,-9999,-9999,-9999,-9999,-9999,-9999,-9999,-9999,-9999,-9999,-9999,-9999
-9999,-9999,-9999,-9999,-9999,-9999,-9999,-9999,-9999,-9999,-9999,-9999,-9999,-9999,-9999,-9999,-9999,-9999,-9999,-9999,-9999,-9999,-9999,-9999,-9999,-9999,-9999,-9999,-9999,-9999,-9999,4.32339811595739E-06,-9999,-9999,-9999,1.30988146338495E-05,-9999,-9999,-9999,-9999,-9999,-9999,-9999,-9999,-9999,-9999,-9999,-9999,-9999,-9999,-9999,-9999,-9999,-9999,-9999,-9999,-9999,1.55873834728482E-07,2.19358383901636E-07,3.01593019003121E-07,-9999,5.94526113673055E-07,8.22170818537415E-07,1.12939619612007E-06,1.54659892359632E-06,8.92926436790731E-06,1.5796711522853E-05,2.13708972296445E-05,1.31238539324841E-05,7.13645204086788E-05,0.000146335863973945,0.000153274391777813,0.000151621221448295,0.000149479150422849,0.000144600489875302,0.000140869553433731,0.000141492302645929,0.000141894677653909,0.000140665026265197,0.00014018703950569,0.000140296891913749,0.000141071344842203,0.000141013282700442,0.00014133624790702,0.000142540709930472,0.000143615514389239,0.000144922640174627,0.00014642663882114,0.000147503858897835,0.000147980521433055,0.000148409890243784,0.000145836427691393,0.000132513479911722,3.46900378644932E-05,-9999,-9999,-9999,-9999,-9999,-9999,-9999,-9999,1.20265340228798E-05,1.86001852853224E-05,1.21392977234791E-05,8.71941301738843E-06,8.79451999935554E-06,-9999,-9999,-9999,-9999,-9999,-9999,-9999,-9999,-9999,-9999,-9999,-9999,-9999,-9999,-9999,-9999,-9999,-9999,-9999,-9999,-9999,-9999,-9999,-9999
-9999,-9999,-9999,-9999,-9999,-9999,-9999,-9999,-9999,-9999,-9999,-9999,-9999,-9999,-9999,-9999,-9999,-9999,-9999,-9999,-9999,-9999,-9999,-9999,-9999,-9999,-9999,-9999,-9999,-9999,2.99352973343048E-06,5.80249570703018E-06,-9999,-9999,5.99468512518797E-06,1.02610720205121E-05,-9999,-9999,1.21723551274044E-05,2.19939938688185E-05,-9999,-9999,-9999,-9999,-9999,3.13897044179612E-06,-9999,-9999,-9999,-9999,-9999,-9999,-9999,-9999,-9999,-9999,-9999,-9999,-9999,-9999,-9999,8.41907535686914E-07,1.17867489279888E-06,1.65032986387814E-06,1.54838357957487E-06,8.73179124027956E-06,9.51040237850975E-06,9.01801377040101E-06,8.4249386418378E-06,4.87171455461066E-05,0.000148669161717407,0.00015677091141697,0.000155347821419127,0.00015271661686711,0.000149549669004045,0.000146743448567577,0.000144614517921582,0.000142901422805153,0.000141822281875648,0.000141186013934202,0.000140887408633716,0.000140800009830855,0.000140275369631127,0.000141263866680674,0.000142432792927139,0.000144155288580805,0.000145582176628523,0.000147169776028022,0.00014858327631373,0.00014944511349313,0.000149989064084366,0.000149896790389903,0.000147668077261187,0.000124769037938677,3.50683003489394E-05,-9999,-9999,-9999,-9999,-9999,1.40782531161676E-05,1.41884229378775E-05,2.69501342700096E-05,3.98710144509096E-05,3.0235001759138E-05,2.03576528292615E-05,1.3435088476399E-05,8.70136045705294E-06,-9999,-9999,-9999,-9999,-9999,-9999,-9999,-9999,-9999,-9999,-9999,-9999,-9999,-9999,-9999,-9999,-9999,-9999,-9999,-9999,-9999,-9999,-9999
-9999,-9999,-9999,-9999,-9999,-9999,-9999,-9999,-9999,-9999,-9999,-9999,-9999,-9999,-9999,-9999,-9999,-9999,-9999,-9999,-9999,-9999,-9999,6.93093443260295E-06,8.79680101206759E-06,-9999,-9999,-9999,-9999,7.05350612406619E-06,6.67778249408002E-06,2.68100757239154E-06,1.31308970594546E-05,1.39047040192963E-06,1.18186053441605E-05,2.07342709472869E-05,3.69953995686956E-05,1.62019841809524E-05,1.00538809419959E-05,-9999,1.02842168416828E-05,1.08670692497981E-05,-9999,-9999,3.33475036313757E-05,4.19320531364065E-06,2.32627735385904E-06,1.3563509355663E-06,-9999,-9999,-9999,-9999,-9999,-9999,-9999,-9999,-9999,6.26005930826068E-06,3.90754439649754E-06,-9999,-9999,-9999,1.68415317602921E-06,1.0969614777423E-05,1.04216060208273E-05,1.01538907983922E-05,9.62376179813873E-06,8.95333596417913E-06,1.15800330604543E-05,7.08016523276456E-05,0.000149888786836527,0.000157461035996675,0.000155623711179942,0.000153027809574269,0.000149923580465838,0.000147008904605173,0.000144728517625481,0.000142844466608949,0.00014163444575388,0.000140985255711712,0.000140402218676172,0.000135104026412591,0.00013778856373392,0.000140944801387377,0.000142692588269711,0.00014418781211134,0.000146112841321155,0.000147934013511986,0.000149425832205452,0.000150257255882025,0.000150737454532646,0.000150878375279717,0.000150044870679267,0.000143529890920036,4.20281503465958E-05,7.42403062758967E-06,1.07369589841255E-06,7.35363357762253E-07,1.11054760054685E-06,3.43103929481003E-05,6.76385607221164E-05,8.7637294200249E-05,9.79265751084313E-05,8.38046107674018E-05,7.9427263699472E-05,6.04487722739577E-05,3.64931365766097E-05,1.19525357149541E-05,8.73746375873452E-06,8.87953774508787E-06,-9999,-9999,-9999,-9999,-9999,-9999,-9999,-9999,-9999,-9999,-9999,-9999,-9999,-9999,-9999,-9999,-9999,-9999,-9999,-9999,-9999
-9999,-9999,-9999,-9999,-9999,-9999,-9999,-9999,-9999,-9999,-9999,-9999,-9999,-9999,-9999,-9999,-9999,-9999,-9999,-9999,-9999,-9999,1.04155269582407E-05,1.21432403830113E-05,8.18300213722978E-06,8.09629091236275E-06,8.82724452822004E-06,1.01269961305661E-05,1.89706843229942E-05,2.84754405583953E-05,2.13638777495362E-05,5.01964786963072E-05,6.88528089085594E-05,7.41164403734729E-05,8.51712538860738E-05,7.37609516363591E-05,7.31844920665026E-05,6.66996638756245E-05,3.85764142265543E-05,2.94951605610549E-05,9.72219640971161E-06,6.1178689065855E-06,5.35457093064906E-06,7.74397994973697E-06,2.80009430753125E-06,1.96742234948033E-06,1.80285974238359E-06,1.62208561960142E-06,9.83654331321304E-07,-9999,-9999,-9999,-9999,-9999,-9999,-9999,-9999,2.52773952524876E-05,2.18523036892293E-05,1.95773864106741E-05,-9999,-9999,1.10615219455212E-05,1.10477112684748E-05,1.07737996586366E-05,1.0232027307211E-05,9.49099558056332E-06,1.08713875306421E-05,3.51843955286313E-05,9.94254442048259E-05,0.000152097054524347,0.000157933885930106,0.000155463072587736,0.000152735199662857,0.000149572995724156,0.000146485865116119,0.000144012679811567,0.000142109958687797,0.000140738120535389,0.000140200470923446,0.000133079389343038,7.016599556664E-05,8.40117572806776E-05,0.000117720155685674,0.000137410228489898,0.000144214733154513,0.000146465201396495,0.000148492224980146,0.000149959509144537,0.000150639927596785,0.000151484287925996,0.000152008622535504,0.000150887950439937,0.000141042764880694,6.77020798320882E-05,5.47047311556526E-05,4.43293311036541E-06,1.09096379219409E-06,5.266212974675E-05,0.00012204292579554,0.000135693786432967,0.000143857527291402,0.000141922093462199,0.000137384631671011,0.000132079308968969,0.00010863775969483,6.95787457516417E-05,3.62296050298028E-05,1.32871573441662E-05,8.7101116150734E-06,-9999,-9999,-9999,-9999,-9999,-9999,-9999,-9999,-9999,-9999,-9999,-9999,-9999,-9999,-9999,-9999,-9999,-9999,-9999,-9999,-9999
-9999,-9999,-9999,-9999,-9999,-9999,-9999,-9999,-9999,-9999,-9999,-9999,-9999,-9999,-9999,-9999,-9999,-9999,-9999,-9999,-9999,-9999,1.02841768239159E-05,1.21331722766627E-05,1.01519935924443E-05,1.03664460766595E-05,3.79306657123379E-05,7.52286359784193E-05,9.91662236629054E-05,8.70635194587521E-05,8.66462723934092E-05,6.95422641001642E-05,7.46330988476984E-05,8.54760146467015E-05,7.94443913036957E-05,9.02817628229968E-05,0.000106806270196103,0.000106156643596478,0.000110803448478691,9.85089500318281E-05,6.91645982442424E-05,4.48398095613811E-05,1.87957448360976E-05,7.49713581171818E-06,3.95008373743622E-06,1.87098771675664E-06,1.87111913874105E-06,1.81978407454153E-06,1.18367768209282E-06,1.13259545742039E-06,1.12629209070292E-06,-9999,-9999,-9999,-9999,-9999,-9999,-9999,1.8234051822219E-05,1.58909460878931E-05,1.33904522954253E-05,1.14426511572674E-05,1.11564249891671E-05,1.09426609924412E-05,1.06618881545728E-05,1.00255474535516E-05,1.15036018542014E-05,3.62829669029452E-05,9.70457185758278E-05,0.000152928638271987,0.000160274357767776,0.000157604867126793,0.000154672117787413,0.00015177387103904,0.000148496837937273,0.00014537876995746,0.000143053577630781,0.000141320779221132,0.000139999567181803,0.000125775943160988,1.75110301370296E-06,9.71999043031246E-07,9.82849655883911E-07,9.92054197013204E-07,1.15432112579583E-05,9.56605217652395E-05,0.000143300712807104,0.000148643433931284,0.000150335268699564,0.000151507745613344,0.000152550186612643,0.00015321615501307,0.000152401946252212,0.000140676493174396,0.000143751181894913,0.000149059400428087,0.00013155430497136,7.04963895259425E-05,0.000142038523335941,0.000156058900756761,0.000158025257405825,0.000155916175572202,0.000151459302287549,0.000148823921335861,0.000145418525789864,0.000131857406813651,9.8391312349122E-05,6.421837315429E-05,1.98829384316923E-05,8.41986729938071E-06,4.34317780673155E-06,-9999,-9999,-9999,-9999,-9999,-9999,-9999,-9999,-9999,-9999,-9999,-9999,-9999,-9999,-9999,-9999,-9999,-9999,-9999,-9999
-9999,-9999,-9999,-9999,-9999,-9999,-9999,-9999,-9999,-9999,-9999,-9999,-9999,-9999,-9999,-9999,-9999,-9999,-9999,-9999,-9999,-9999,9.87931161944289E-06,1.22542714962037E-05,1.90770751942182E-05,8.66456903168E-05,0.000111769317300059,0.000123111429275014,0.000116869028715882,9.26068678381853E-05,9.19707090361044E-05,0.000102943340607453,0.000108122505480424,0.000113174093712587,0.00012864574091509,0.000127869760035537,0.00013204179413151,0.000135993555886671,0.000143974699312821,0.000134596251882613,0.000119282281957567,7.47643280192278E-05,3.97519106627442E-05,2.32274251175113E-05,2.01999537239317E-05,2.27020627789898E-05,1.99978276214097E-05,1.38643854370457E-05,1.45522790262476E-06,1.50544860844093E-06,1.53010512349283E-06,-9999,-9999,-9999,-9999,1.19684300443623E-05,1.24068228615215E-05,1.31880124172312E-05,1.42054368552635E-05,1.29006657516584E-05,1.37183706101496E-05,1.02653975773137E-05,8.56061160448007E-06,5.225242148299E-06,1.42755434353603E-05,4.64181393908802E-05,2.15940617636079E-05,0.000118158546683844,0.00016549248539377,0.000162954529514536,0.000159778428496793,0.000156635855091736,0.000153532120748423,0.000150525127537549,0.000146976046380587,0.00014437927166,0.000142815086292103,0.000134043744765222,9.60512693382043E-07,9.65489903137495E-07,9.75182274487452E-07,6.62753393498861E-07,6.7088478772348E-07,6.78020398936496E-07,1.01991963674664E-06,3.81181553166243E-06,5.01497379445937E-05,0.000132348301121965,0.000149760686326772,0.000152359352796338,0.000153606131789275,0.000154316410771571,0.000155039713717997,0.000155956644448452,0.000156959911691956,0.000157821938046254,0.000156568916281685,0.000156936250277795,0.000159919276484288,0.000162305776029825,0.000162535230629146,0.000160531970323063,0.000157974602188915,0.00015574881399516,0.00014879489026498,0.000142500080983154,0.000119784650451038,9.2845548351761E-05,4.24169702455401E-05,1.5737834473839E-05,1.88736089512531E-06,1.22194910545659E-06,-9999,-9999,-9999,-9999,-9999,-9999,-9999,-9999,-9999,-9999,-9999,-9999,-9999,-9999,-9999,-9999,-9999,-9999,-9999
-9999,-9999,-9999,-9999,-9999,-9999,-9999,-9999,-9999,-9999,-9999,-9999,-9999,-9999,-9999,-9999,-9999,-9999,-9999,-9999,-9999,8.92322987056104E-06,1.05539975265856E-05,4.07963852921966E-05,0.000111179411760531,0.000144670295412652,0.000144191420986317,0.000133313471451402,0.000115814807941206,0.0001362458569929,0.000135169480927289,0.000139025331009179,0.000138332659844309,0.000137694776640274,0.000145741490996443,0.000152568900375627,0.000155107729369774,0.000154147041030228,0.000159191637067124,0.000158102731802501,0.000154283217852935,0.000126517494209111,4.94300547870807E-05,3.10929390252568E-05,3.83868791686837E-05,3.49936672137119E-05,3.16020923492033E-05,3.20340368489269E-05,3.18485399475321E-05,2.30591740546515E-05,1.50773221321288E-05,1.02906060419627E-05,1.0497470611881E-05,1.08706417449866E-05,1.13195974336122E-05,1.08010326584917E-05,1.24479975056602E-05,1.12391071525053E-05,1.14797867354355E-05,1.27512130347895E-05,4.95725216751453E-05,0.000103870435850695,5.03248083987273E-05,1.41260466079984E-06,1.38548966788221E-06,1.32283730636118E-06,5.09569827045198E-06,4.62666466773953E-05,0.000165746940183453,0.000162678072229028,0.000159543720656075,0.00015537730359938,0.000152115448145196,0.000130642962176353,5.53532936464762E-06,9.90218381957675E-07,9.77434865490068E-07,9.71557369666698E-07,6.51944787932734E-07,6.55951794215071E-07,6.62165859921515E-07,4.5186146735432E-07,4.58116744539439E-07,4.64459589011312E-07,6.99650229307736E-07,1.04662160538282E-06,6.76676290822797E-06,4.45837213192135E-05,0.000122649915283546,0.000149796454934403,0.00015406880993396,0.000155066416482441,0.00015560572501272,0.000156286798301153,0.000157481888891198,0.000158561888383701,0.000159403454745188,0.000160291267093271,0.000161527437740006,0.000162458338309079,0.00016204800340347,0.000161280753673054,0.000160184354172088,0.000159124276251532,0.000156068344949745,0.000147478116559796,0.000138237286591902,0.000105677550891414,6.26281107543036E-05,3.47788773069624E-05,9.58409782469971E-06,1.19483479465998E-06,1.23557629194693E-06,2.3838897504902E-06,-9999,-9999,-9999,-9999,-9999,-9999,-9999,-9999,-9999,-9999,-9999,-9999,-9999,-9999,-9999,-9999,-9999
-9999,-9999,-9999,-9999,-9999,-9999,-9999,-9999,-9999,-9999,-9999,-9999,-9999,-9999,-9999,-9999,-9999,-9999,-9999,-9999,-9999,1.7611238945392E-05,9.87245148280635E-05,0.000144460762385279,0.000161711912369356,0.000153118278831244,0.000143325509270653,0.000137421448016539,0.000145623649586923,0.000156347756274045,0.000164617318660021,0.00016345689073205,0.000167948426678777,0.000171575113199651,0.000168701488291845,0.000174949789652601,0.000173884065588936,0.00017116277012974,0.00017263408517465,0.000172298008692451,0.000168491475051269,0.000164502678671852,0.000155328802065924,0.000139926967676729,0.000123787482152693,9.93558496702462E-05,6.32546070846729E-05,3.47159075317904E-05,3.83418409910519E-05,3.17305311909877E-05,2.36173582379706E-05,1.56750247697346E-05,1.42585304274689E-05,1.16375886136666E-05,1.1785008609877E-05,1.82930962182581E-05,1.64669090736425E-05,1.62881187861785E-05,2.49246440944262E-05,0.000107754203781951,0.000177538400748745,0.000193719824892469,0.000188386344234459,5.95383826293983E-05,1.3199473869463E-06,1.28285921618954E-06,1.22500568977557E-06,0.000170034923939966,0.00016661973495502,0.000163291377248242,0.000115918570372742,1.07168636986898E-06,1.05369781522313E-06,1.04384139376634E-06,-9999,-9999,-9999,-9999,-9999,-9999,-9999,3.09194518877121E-07,3.12007500724576E-07,4.73089130537119E-07,7.11653171947546E-07,1.06540505839803E-06,2.41607085627038E-06,1.47554665090865E-05,5.92368305660784E-05,0.00012690453149844,0.000152266991790384,0.000155281784827821,0.000155837959027849,0.000156929643708281,0.000157819813466631,0.000158624039613642,0.000159412273205817,0.00016052185674198,0.000161333664436825,0.000161605232278816,0.000161099611432292,0.000160297218826599,0.000160013660206459,0.000160403171321377,0.000158779235789552,0.00015366317529697,0.000143040015245788,0.000123720281408168,9.45405045058578E-05,5.69340663787443E-05,3.10380200971849E-05,1.00497536550392E-05,6.85066243022447E-06,5.59116142540006E-06,7.52422783989459E-06,-9999,-9999,-9999,-9999,-9999,-9999,-9999,-9999,-9999,-9999,-9999,-9999,-9999,-9999,-9999,-9999
-9999,-9999,-9999,-9999,-9999,-9999,-9999,-9999,-9999,-9999,-9999,-9999,-9999,-9999,-9999,-9999,-9999,-9999,-9999,9.26502980291843E-06,2.50355496973498E-05,0.000138732080813497,0.000165261968504637,0.000165040444699116,0.000160939584020525,0.000167289545061067,0.000162957847351208,0.000161545394803397,0.000171501727891155,0.000171812484040856,0.000173844513483346,0.00017570608179085,0.00017360772471875,0.000171191175468266,0.000174926841282286,0.000176489586010575,0.000175538792973384,0.000173171225469559,0.000173663633177057,0.000174174725543708,0.000173823893419467,0.000172345477039926,0.000171895124367438,0.000168808386661112,0.000165599034517072,0.000157623580889776,0.000147908300277777,0.00013827565999236,0.000108113104943186,7.216685480671E-05,3.10776049445849E-05,3.13510645355564E-05,3.47724235325586E-05,3.83692167815752E-05,5.04373456351459E-05,7.52462001401E-05,0.000114031863631681,0.000125283273519017,0.000155950139742345,0.000186137927812524,0.000192996405530721,0.000193242318346165,0.000192205814528279,0.000192172679817304,4.72930150863249E-06,0.000180609567905776,0.000181363735464402,0.000173643958987668,0.000133529523736797,2.88316618934914E-06,1.12467228063906E-06,-9999,-9999,-9999,-9999,-9999,-9999,-9999,-9999,-9999,-9999,-9999,-9999,3.22347375458776E-07,4.83566111597611E-07,7.26385053440026E-07,1.08440804069687E-06,7.4629278969951E-06,3.03158049064223E-05,8.5201820184011E-05,0.000139899697387591,0.000154657929670066,0.000156465001055039,0.000156678899656981,0.00015704138786532,0.000157676244270988,0.000158399023348466,0.000159220478963107,0.00015974669076968,0.000159727758727968,0.000159221395733766,0.000158422160893679,0.000157558693899773,0.000157562375534326,0.000157284666784108,0.000154400651808828,0.000149291823618114,0.000141711396281607,0.000127128805615939,8.77219281392172E-05,4.76696332043502E-05,3.3947013434954E-05,2.14060910366243E-05,8.45427530293819E-06,8.24495054985164E-06,-9999,-9999,-9999,-9999,-9999,-9999,-9999,-9999,-9999,-9999,-9999,-9999,-9999,-9999,-9999,-9999
-9999,-9999,-9999,-9999,-9999,-9999,-9999,-9999,-9999,-9999,-9999,-9999,-9999,-9999,-9999,-9999,-9999,-9999,2.77321996691171E-05,6.96461647748947E-05,0.000157528149429709,0.000177337205968797,0.000176936795469373,0.00018083602481056,0.000181973489816301,0.000179024558747187,0.000187046141945757,0.000188897844054736,0.000186031626071781,0.000182725561899133,0.000179561830009334,0.000175926630618051,0.00017269367526751,0.000176538727828301,0.000175671942997724,0.000178150687133893,0.000177377660293132,0.000177688125404529,0.000175957044120878,0.000175099659827538,0.000174385422724299,0.000173573847860098,0.000173302993061952,0.000173134219949134,0.000172562460647896,0.000170609288034029,0.000168250175192952,0.000163370015798137,0.000155293470015749,0.000136129747261293,8.6132698925212E-05,4.83182739117183E-05,6.22858497081324E-05,0.000114354166726116,0.000137675873702392,0.000149733430589549,0.000151196916704066,0.000165926001500338,0.000184246848220937,0.000189188489457592,0.000190002654562704,0.000189016674994491,0.000187973768333904,0.000187044366612099,0.000184877208084799,0.000182157978997566,0.000171753810718656,2.57297233474674E-06,-9999,-9999,-9999,-9999,-9999,-9999,-9999,-9999,-9999,-9999,-9999,-9999,-9999,-9999,-9999,-9999,-9999,7.34632862986473E-07,1.0973603821185E-06,3.2901634767768E-06,1.51467174873687E-05,5.09727833559737E-05,0.000111795547127258,0.000150577165186405,0.000156094582052901,0.000156749549205415,0.000156473382958211,0.000156319816596806,0.000156606256496161,0.000157095957547426,0.000157263202709146,0.000156988418893889,0.000156113441335037,0.000155203248141333,0.00015464291209355,0.000154281093273312,0.000154367517097853,0.000152769949636422,0.00014785495295655,0.000141589509439655,0.000133887835545465,0.000117487441457342,7.66172452131286E-05,4.71187813673168E-05,1.88637659448432E-05,9.27310975384898E-06,8.28472911962308E-06,-9999,-9999,-9999,-9999,-9999,-9999,-9999,-9999,-9999,-9999,-9999,-9999,-9999,-9999,-9999,-9999
-9999,-9999,-9999,-9999,-9999,-9999,-9999,-9999,-9999,-9999,-9999,-9999,1.46165371006646E-06,4.27715440309839E-06,-9999,9.6669937192928E-06,2.03429881366901E-05,7.593423651997E-05,0.000139999378006905,0.000169467981322668,0.000189323240192607,0.000194084248505533,0.000195796761545353,0.000195178305148147,0.000193474726984277,0.000193411018699408,0.000192571606021374,0.000190388062037528,0.000188976991921663,0.000186220480827615,0.000183294818270952,0.00018125624046661,0.000180553834070452,0.000180177230504341,0.00017954473150894,0.000179538401425816,0.000178906746441498,0.000178098911419511,0.000176738554728217,0.00017518931417726,0.000173744352650829,0.000172359781572595,0.000171776118804701,0.000171838531969115,0.00017193217354361,0.000171710576978512,0.000171271574799903,0.000170370825799182,0.000168874335940927,0.000165208679391071,0.00015469963545911,0.000131094449898228,0.000115718656161334,0.000126197948702611,0.000135925060021691,0.00014793463924434,0.000160288560437039,0.000179222523001954,0.000184915072168224,0.000184453572728671,0.000185607714229263,0.000185857672477141,0.000185220327693969,0.000184476375579834,0.000183471071068197,0.000182947900611907,2.03817012334184E-06,-9999,-9999,-9999,-9999,-9999,-9999,-9999,-9999,-9999,-9999,-9999,-9999,-9999,-9999,-9999,-9999,-9999,-9999,-9999,7.41889323307987E-07,1.10572023004352E-06,5.41529379916028E-06,2.41984125750605E-05,7.34196364646778E-05,0.000133371868287213,0.000154221299453638,0.000156385882291943,0.000156474023242481,0.000155218076542951,0.000154720735736191,0.000154648994794115,0.000154297667904757,0.000153748027514666,0.000152688211528584,0.000151269647176377,0.000150499981828034,0.000150781823322177,0.000150835752720013,0.000149950967170298,0.000147180937347002,0.000142389646498486,0.00013716536341235,0.00012599045294337,9.25510030356236E-05,4.98133013024926E-05,2.02943738258909E-05,1.0040550478152E-05,8.03873081167694E-06,-9999,-9999,-9999,-9999,-9999,-9999,-9999,-9999,-9999,-9999,-9999,-9999,-9999,-9999,-9999,-9999
-9999,-9999,-9999,-9999,-9999,-9999,-9999,-9999,-9999,-9999,1.43575596212031E-06,1.42607234465686E-06,1.41897885441722E-06,1.56426649482455E-05,3.78193763026502E-05,9.94504734990187E-05,0.000150465610204265,0.000173853200976737,0.00018925909535028,0.000196961860638112,0.000199396759853698,0.000199216141481884,0.000198354624444619,0.000197191082406789,0.000195874672499485,0.00019404711201787,0.000192298088222742,0.000190282211406156,0.000188057965715416,0.000185604716534726,0.000183241922059096,0.000181043913471512,0.000179424459929578,0.000178535410668701,0.000177848298335448,0.000177628331584856,0.000177120877197012,0.000176103931153193,0.000174708024132997,0.000173193955561146,0.00017165690951515,0.0001700925786281,0.000169112667208537,0.000168986502103508,0.000169067148817703,0.000168982121977024,0.000168826896697283,0.000168658632901497,0.000168433092767373,0.000168367812875658,0.000168333994224668,0.000168128812219948,0.000168284866958857,0.000169130769791082,0.000171408522874117,0.00017625441250857,0.000179362512426451,0.00018129067029804,0.000182338073500432,0.000181707830051892,4.65319826616906E-05,1.25148289953358E-06,1.26145710055425E-06,3.41145755555772E-06,8.35493119666353E-05,9.4825218184269E-06,-9999,-9999,-9999,-9999,-9999,-9999,-9999,-9999,-9999,-9999,-9999,-9999,-9999,-9999,-9999,-9999,-9999,-9999,-9999,-9999,-9999,7.45705051485857E-07,1.10921632767713E-06,5.65468826607685E-06,2.90268908429425E-05,8.67165508680046E-05,0.000142974662594497,0.000155383953824639,0.000155429937876761,0.000154562469106168,0.000152888591401279,0.000151938293129206,0.000151022293721326,0.000150433319504373,0.000149229730595835,0.000147799946716987,0.000146480233524926,0.000146793841850013,0.000147142171044834,0.000146601756568998,0.000144641016959213,0.000141778000397608,0.0001360833120998,0.000125198363093659,0.000101985890069045,6.48818167974241E-05,2.40316167037236E-05,1.08439544419525E-05,7.78290814196225E-06,-9999,-9999,-9999,-9999,-9999,-9999,-9999,-9999,-9999,-9999,-9999,-9999,-9999,-9999,-9999,-9999
-9999,-9999,-9999,-9999,-9999,-9999,-9999,-9999,9.84786674962379E-06,9.80525783234043E-06,2.29596207645955E-06,3.80409301214968E-06,2.74953636107966E-05,0.000123219389934093,0.000167120422702283,0.000182093848707154,0.000192860723473132,0.000198314170120284,0.000199667323613539,0.000200575916096568,0.000200322872842662,0.000199287489522249,0.000198169946088456,0.000196487439097837,0.000194634762010537,0.000192478895769455,0.000190060774912126,0.000187487094081007,0.000185089345904998,0.000182631978532299,0.000180292161530815,0.000178096073796041,0.000176375047885813,0.000175805136677809,0.000175171255250461,0.000174764325493015,0.000173950989847071,0.000172836225829087,0.00017140585987363,0.000169624327099882,0.000167727936059237,0.000165976365678944,0.000165037825354375,0.000164995828527026,0.000164968165336177,0.000164808152476326,0.000164632510859519,0.000164487501024269,0.000164395809406415,0.000164596232934855,0.000165254052262753,0.00016669365868438,0.000168679864145815,0.00017099009710364,0.000173526626895182,0.000175644454429857,0.000177314359461889,0.000178875823621638,0.000179869937710464,0.000179719820152968,0.000175517867319286,1.23531526696752E-06,-9999,-9999,-9999,-9999,-9999,-9999,-9999,-9999,-9999,-9999,-9999,-9999,-9999,-9999,-9999,-9999,-9999,-9999,-9999,-9999,-9999,-9999,-9999,-9999,-9999,-9999,7.46587943467603E-07,1.10887469872978E-06,1.969754066522E-06,1.57953145389911E-05,7.1743234002497E-05,0.000138115894515067,0.000153033368405886,0.000153474597027525,0.000151764761540107,0.000149628860526718,0.00014782851212658,0.000147100858157501,0.000146069403854199,0.000144963647471741,0.000143766432302073,0.000143080105772242,0.000143425218993798,0.000143140277941711,0.000141859665745869,0.000139781608595513,0.0001354792912025,0.000127428385894746,0.000109102766145952,7.14274865458719E-05,2.56493440247141E-05,1.04974196801777E-05,7.53811264075921E-06,-9999,-9999,-9999,-9999,-9999,-9999,-9999,-9999,-9999,-9999,-9999,-9999,-9999,-9999,-9999,-9999
-9999,-9999,-9999,-9999,-9999,-9999,-9999,-9999,9.63495858741226E-06,1.09071224869695E-05,1.18877314889687E-05,4.55235349363647E-05,0.000165629346156493,0.000188999256351963,0.000193588231923059,0.000197544068214484,0.000200711481738836,0.000201909148017876,0.000201863367692567,0.000201007293071598,0.000199722737306729,0.000198296635062434,0.000196544948266819,0.000194454754819162,0.000192156599950977,0.000189670550753362,0.000186721663339995,0.000183616037247702,0.000181317926035263,0.000179370472324081,0.000177425317815505,0.000175451627001166,0.000173895517946221,0.000172928528627381,0.000172391984960996,0.000171822743141092,0.000170967832673341,0.000169703096617013,0.000168043668963946,0.000165987308719195,0.00016394913836848,0.000162101961905137,0.000160964991664514,0.000160624244017527,0.000160270326887257,0.000159951348905452,0.000159776187501848,0.000159852701472118,0.000159993534907699,0.000160306619363837,0.000160933705046773,0.000162578668096103,0.000164917364600115,0.000167643476743251,0.000170411018189043,0.000172623927937821,0.00017435775953345,0.000175554872839712,0.000176562243723311,0.00017743646458257,0.000170174360391684,1.22936478419433E-06,-9999,-9999,-9999,-9999,-9999,-9999,-9999,-9999,-9999,-9999,-9999,-9999,-9999,-9999,-9999,-9999,-9999,-9999,-9999,-9999,-9999,-9999,-9999,-9999,-9999,-9999,-9999,-9999,1.10625478555448E-06,1.10107873751986E-06,2.22211815525952E-06,2.21013997361297E-05,0.000107739877421409,0.000148434075526893,0.000150053252582438,0.000147999846376479,0.000145665850141086,0.000144094854476862,0.000143069351906888,0.000141900294693187,0.000140961215947755,0.000140198084409349,0.00014001467206981,0.00013986905105412,0.00013874146679882,0.000137567607453093,0.000134395813802257,0.000128923536976799,0.000116322771646082,7.33371416572481E-05,2.72244451480219E-05,9.04934131540358E-06,7.51219704397954E-06,-9999,-9999,-9999,-9999,-9999,-9999,-9999,-9999,-9999,-9999,-9999,-9999,-9999,-9999,-9999,-9999
-9999,-9999,-9999,-9999,-9999,-9999,1.01280311355367E-05,9.94160382106202E-06,9.83515747066122E-06,2.76155024039326E-05,0.000128088402561843,0.000177339214133099,0.00019462825730443,0.000198502821149305,0.000201350150746293,0.000202516108402051,0.00020292516273912,0.000202563518541865,0.00020158632833045,0.000199967413209379,0.000197849352844059,0.000195787099073641,0.000193865620531142,0.00019144406542182,0.000188635123777203,0.000186337871127762,0.000183441385161132,0.000180643575731665,0.000178317772224545,0.000176219895365648,0.000173964508576319,0.000172407206264324,0.000171263614902273,0.000170264829648659,0.00016951329598669,0.000168833197676577,0.000167942082043737,0.000166825921041891,0.000165145436767489,0.000163021351909265,0.000160830415552482,0.000159242103109136,0.000157890361151658,0.000157064496306702,0.000156461741426028,0.000156161288032308,0.000155971545609646,0.000155883957631886,0.000156432666699402,0.000156877373228781,0.000157615460921079,0.000159214687300846,0.000161353324074298,0.000164151977514848,0.000166610538144596,0.00016896148736123,0.000171244464581832,0.000172576226759702,0.000172494648722932,8.33483500173315E-05,1.21341008707532E-06,-9999,-9999,-9999,-9999,-9999,-9999,-9999,-9999,-9999,-9999,-9999,-9999,-9999,-9999,-9999,-9999,-9999,-9999,-9999,-9999,-9999,-9999,-9999,-9999,-9999,-9999,-9999,-9999,-9999,-9999,-9999,-9999,1.07308233054937E-06,2.98303029921954E-06,4.95276763103902E-05,0.000133887806441635,0.000145702797453851,0.000144059507874772,0.000141788565088063,0.000140022093546577,0.00013906646927353,0.000138105810037814,0.000137559909489937,0.000137072987854481,0.000136704300530255,0.000135693160700612,0.000134341142256744,0.000132054046844132,0.000128503073938191,0.000116828865429852,8.27396579552442E-05,3.7592530134134E-05,7.62991840019822E-06,-9999,-9999,-9999,-9999,-9999,-9999,-9999,-9999,-9999,-9999,-9999,-9999,-9999,-9999,-9999,-9999,-9999
-9999,-9999,-9999,-9999,-9999,-9999,1.00361385193537E-05,1.24397165564005E-05,4.61912713944912E-05,0.00015455081302207,0.000188413643627428,0.000197619796381332,0.000200374430278316,0.000201357048354112,0.000201878734515049,0.000202081195311621,0.000202253155293874,0.000201919203391299,0.000200721638975665,0.000198492722120136,0.000195586355403066,0.000193258805666119,0.000191415354493074,0.000188880832865834,0.000185960714588873,0.000183580064913258,0.000180711096618325,0.00017781340284273,0.000175535184098408,0.000173270382219926,0.000170443614479154,0.000169157137861475,0.000167755046277307,0.000166551064467058,0.000165016652317718,0.000164272467372939,0.000163963632076047,0.000163445482030511,0.000162103999173269,0.00016033835709095,0.000157801070599817,0.000156588852405548,0.000155309171532281,0.000154456778545864,0.000154043882503174,0.000154237961396575,0.000154064764501527,0.000154609064338729,0.000154964203829877,0.000156022666487843,0.000156640729983337,0.000158455746714026,0.000160782466991805,0.000132954242872074,0.000155262008775026,0.000133878871565685,3.71174974134192E-06,1.17710590075149E-06,1.18786635994184E-06,-9999,-9999,-9999,-9999,-9999,-9999,-9999,-9999,-9999,-9999,-9999,-9999,-9999,-9999,-9999,-9999,-9999,-9999,-9999,-9999,-9999,-9999,-9999,-9999,-9999,-9999,-9999,-9999,-9999,-9999,-9999,-9999,-9999,-9999,-9999,1.0483074674994E-06,1.03147897334566E-06,2.02684259420494E-05,0.000117175906780176,0.000141388605698012,0.000139712516102009,0.000137462760903873,0.000136196671519428,0.000135598063934594,0.000134956440888345,0.000134443092974834,0.000133599343826063,0.000132327637402341,0.000131009321194142,0.000129174091853201,0.00012678952771239,0.000119120348244905,9.38852317631245E-05,3.96035175072029E-05,1.02279209386325E-05,8.324753252964E-06,6.56103338769753E-06,-9999,-9999,-9999,-9999,-9999,-9999,-9999,-9999,-9999,-9999,-9999,-9999,-9999,-9999,-9999
-9999,-9999,-9999,-9999,1.31179585878272E-05,1.44044852277148E-05,1.00941570053692E-05,4.26401675213128E-05,0.000164270502864383,0.00019431188411545,0.000201132948859595,0.000201412593014538,0.000200916838366538,0.000200611917534843,0.000200518072233535,0.000200694514205679,0.000200979033252224,0.000200754235265777,0.000199569432879798,0.000197164161363617,0.000193802930880338,0.000191270664799958,0.000189920188859105,0.000186686535016634,0.000183926298632286,0.000181639567017555,0.000178372007212602,0.000176726083736867,0.000174114989931695,0.000171929073985666,0.000168875616509467,0.000166789075592533,0.00016490621783305,0.000164772180141881,0.000162380427354947,0.000162467549671419,0.000162717595230788,0.000161551855853759,0.000161717573064379,2.19791654672008E-05,0.000109776112367399,8.95716948434711E-05,0.000152351072756574,0.000108499225461856,0.000139899988425896,0.000152021399117075,0.000152659442392178,8.14649465610273E-05,2.61782461166149E-05,7.45271536288783E-05,1.05436383819324E-05,9.18677051231498E-06,1.09494283151435E-06,1.10561984456581E-06,-9999,-9999,-9999,-9999,-9999,-9999,-9999,-9999,-9999,-9999,-9999,-9999,-9999,-9999,-9999,-9999,-9999,-9999,-9999,-9999,-9999,-9999,-9999,-9999,-9999,-9999,-9999,-9999,-9999,-9999,-9999,-9999,-9999,-9999,-9999,-9999,-9999,-9999,-9999,-9999,-9999,6.78655567298847E-07,9.88420879366458E-07,3.17654339596629E-05,0.00013089353160467,0.000137380528030917,0.00013513102021534,0.000133618101244792,0.000133257533889264,0.000132533459691331,0.000131667562527582,0.000130486587295309,0.000129011197714135,0.000127613035147078,0.000126286700833589,0.000124522557598539,0.000119346957944799,9.09272421267815E-05,3.20725957863033E-05,6.281794867391E-06,6.30912609267398E-06,4.53678512712941E-06,6.62182947053225E-06,-9999,-9999,-9999,-9999,-9999,-9999,-9999,-9999,-9999,-9999,-9999,-9999,-9999,-9999
-9999,-9999,-9999,-9999,1.04400187410647E-05,1.59706942213234E-05,2.39061446336564E-05,0.000157075643073767,0.000198090390767902,0.000203835879801773,0.000203297124244273,0.000201693183043972,0.000200459049665369,0.000199328584130853,0.000198661422473378,0.000198614114196971,0.00019888675888069,0.000199441332370043,0.000198670633835718,0.000154250155901536,2.04017624128028E-06,1.31452031837398E-06,1.29942361581925E-06,1.28249496356148E-06,1.26481359075115E-06,1.24696043712902E-06,5.91740854360978E-06,1.20943684578378E-06,4.53450456916471E-06,1.17204365324142E-06,1.4995108358562E-05,0.00011834657198051,0.000156714435433969,0.000151473825098947,0.000161687610670924,0.00015847930626478,0.000160953874001279,0.000159326256834902,4.59250986750703E-05,1.09871507447679E-06,1.08553774680331E-06,1.07559731077345E-06,1.06784341369348E-06,1.06229504126532E-06,1.05825188256858E-06,1.05606420675031E-06,1.05520166471251E-06,-9999,-9999,-9999,-9999,-9999,-9999,-9999,-9999,-9999,-9999,-9999,-9999,-9999,-9999,-9999,-9999,-9999,-9999,-9999,-9999,-9999,-9999,-9999,-9999,-9999,-9999,-9999,-9999,-9999,-9999,-9999,-9999,-9999,-9999,-9999,-9999,-9999,-9999,-9999,-9999,-9999,-9999,-9999,-9999,-9999,-9999,-9999,-9999,-9999,9.6495477919234E-07,6.40208963886835E-06,0.000114315356768202,0.000133955472847447,0.000132899411255494,0.000130915839690715,0.000130443615489639,0.000129621184896678,0.000128530271467753,0.000127251725643873,0.000125629652757198,0.000124188867630437,0.000122984289191663,0.000121637582196854,0.000118064948765095,9.82594938250259E-05,4.96426728204824E-05,1.68292190210195E-05,3.02153694065055E-06,1.0337210369471E-05,6.29242367722327E-06,-9999,-9999,-9999,-9999,-9999,-9999,-9999,-9999,-9999,-9999,-9999,-9999,-9999,-9999
-9999,-9999,-9999,-9999,-9999,1.00700490293093E-05,0.000114629765448626,0.000197392029804178,0.000205399090191349,0.00020525066065602,0.000203248448087834,0.000201018992811441,0.000199702684767544,0.000197952744201757,0.000196983615751378,0.000197484449017793,0.000118557567475364,1.35557388603047E-06,1.35527636757615E-06,1.35387585942226E-06,-9999,-9999,-9999,-9999,-9999,-9999,-9999,-9999,-9999,-9999,-9999,-9999,-9999,4.18703439208912E-06,1.21912225949927E-05,1.0534164175624E-05,1.40155361805228E-05,1.11602412289358E-06,-9999,-9999,-9999,-9999,-9999,-9999,-9999,-9999,-9999,-9999,-9999,-9999,-9999,-9999,-9999,-9999,-9999,-9999,-9999,-9999,-9999,-9999,-9999,-9999,-9999,-9999,-9999,-9999,-9999,-9999,-9999,-9999,-9999,-9999,-9999,-9999,-9999,-9999,-9999,-9999,-9999,-9999,-9999,-9999,-9999,-9999,-9999,-9999,-9999,-9999,-9999,-9999,-9999,-9999,-9999,-9999,-9999,-9999,6.34709181213111E-07,9.24120570289233E-07,9.76821247604676E-05,0.000130648943013512,0.000130038853967562,0.000128117637359537,0.000127869818243198,0.000126422848552465,0.000125148013466969,0.000123855570564047,0.000122437850222923,0.000121126358862966,0.000119756499771029,0.000118637028208468,0.000116862531285733,0.000105574719782453,6.88002983224578E-05,2.02527644432848E-05,1.12404331957805E-05,6.88104137225309E-06,-9999,-9999,-9999,-9999,-9999,-9999,-9999,-9999,-9999,-9999,-9999,-9999,-9999,-9999,-9999
-9999,-9999,-9999,-9999,-9999,3.97901349060703E-05,0.000186172939720564,0.000205607924726792,0.000207193166716024,0.000205489865038544,0.000203120071091689,0.000200586655410007,0.000198491936316714,0.000197118439245969,0.000195863016415387,2.2461461412604E-05,1.36058292810048E-06,9.13048552320106E-07,-9999,-9999,-9999,-9999,-9999,-9999,-9999,-9999,-9999,-9999,-9999,-9999,-9999,-9999,-9999,-9999,-9999,-9999,-9999,-9999,-9999,-9999,-9999,-9999,-9999,-9999,-9999,-9999,-9999,-9999,-9999,-9999,-9999,-9999,-9999,-9999,-9999,-9999,-9999,-9999,-9999,-9999,-9999,-9999,-9999,-9999,-9999,-9999,-9999,-9999,-9999,-9999,-9999,-9999,-9999,-9999,-9999,-9999,-9999,-9999,-9999,-9999,-9999,-9999,-9999,-9999,-9999,-9999,-9999,-9999,-9999,-9999,-9999,-9999,-9999,-9999,-9999,-9999,-9999,8.97658537724055E-07,7.4272982601542E-05,0.000127635124954395,0.000127149789477699,0.000125526305055246,0.000124980098917149,0.000123126330436207,0.00012159063044237,0.000120340053399559,0.0001193253629026,0.000118235511763487,0.00011706781515386,0.00011592930968618,0.000114345028123353,0.000109480366518255,7.88902398198843E-05,3.97442745452281E-05,7.677615940338E-06,5.59054751647636E-06,-9999,-9999,-9999,-9999,-9999,-9999,-9999,-9999,-9999,-9999,-9999,-9999,-9999,-9999,-9999
-9999,-9999,1.088344015443E-05,1.07055366243003E-05,1.03618922366877E-05,0.000109838161733933,0.000202952476684004,0.000207975026569329,0.000207606572075747,0.00020530418260023,0.00020289744134061,0.000200385984499007,0.000198411522433162,0.000195150816580281,1.17903173304512E-05,1.36416269924666E-06,9.16061594580242E-07,-9999,-9999,-9999,-9999,-9999,-9999,-9999,-9999,-9999,-9999,-9999,-9999,-9999,-9999,-9999,-9999,-9999,-9999,-9999,-9999,-9999,-9999,-9999,-9999,-9999,-9999,-9999,-9999,-9999,-9999,-9999,-9999,-9999,-9999,-9999,-9999,-9999,-9999,-9999,-9999,-9999,-9999,-9999,-9999,-9999,-9999,-9999,-9999,-9999,-9999,-9999,-9999,-9999,-9999,-9999,-9999,-9999,-9999,-9999,-9999,-9999,-9999,-9999,-9999,-9999,-9999,-9999,-9999,-9999,-9999,-9999,-9999,-9999,-9999,-9999,-9999,-9999,-9999,-9999,-9999,8.78035280038603E-07,4.32818160334136E-05,0.000124780533951707,0.000124802449136041,0.000122821307741106,0.000121362660138402,0.000119940377771854,0.000118039555673022,0.000117133000458125,0.000116376191726886,0.000115536473458633,0.00011445241398178,0.000113296518975403,0.000112107598397415,0.000108864296635147,9.56886942731217E-05,6.0604972532019E-05,3.24535430991091E-05,7.37548725737724E-06,-9999,-9999,-9999,-9999,-9999,-9999,-9999,-9999,-9999,-9999,-9999,-9999,-9999,-9999,-9999
-9999,-9999,-9999,-9999,1.27726980281295E-05,0.000172373082023114,0.000206596596399322,0.000208848432521336,0.000207404897082597,0.00020458128710743,0.000202325594727881,0.000200369075173512,0.00019888993119821,1.7106365703512E-05,1.3685895510207E-06,9.18721809739509E-07,-9999,-9999,-9999,-9999,-9999,-9999,-9999,-9999,-9999,-9999,-9999,-9999,-9999,-9999,-9999,-9999,-9999,-9999,-9999,-9999,-9999,-9999,-9999,-9999,-9999,-9999,-9999,-9999,-9999,-9999,-9999,-9999,-9999,-9999,-9999,-9999,-9999,-9999,-9999,-9999,-9999,-9999,-9999,-9999,-9999,-9999,-9999,-9999,-9999,-9999,-9999,-9999,-9999,-9999,-9999,-9999,-9999,-9999,-9999,-9999,-9999,-9999,-9999,-9999,-9999,-9999,-9999,-9999,-9999,-9999,-9999,-9999,-9999,-9999,-9999,-9999,-9999,-9999,-9999,-9999,-9999,8.61539831475966E-07,2.27280252147466E-05,0.000121713550470304,0.000122067205666099,0.000120551128929947,0.000118557298264932,0.00011708858073689,0.000115000795631204,0.000114177310024388,0.000113795773359016,0.000112992274807766,0.000111881301563699,0.000110762412077747,0.000109420034277719,0.000107504551124293,0.000102504578535445,8.88609356479719E-05,5.52337805856951E-05,1.64386910910252E-05,-9999,-9999,-9999,-9999,-9999,-9999,-9999,-9999,-9999,-9999,-9999,-9999,-9999,-9999,-9999
-9999,-9999,-9999,-9999,2.70520995400148E-05,0.000187614656169899,0.00020782787760254,0.000208921352168545,0.000206977012567222,0.000203791016247123,0.000201819959329441,0.000200437847524881,0.000134450732730329,1.37345057282801E-06,9.23223865356704E-07,-9999,-9999,-9999,-9999,-9999,-9999,-9999,-9999,-9999,-9999,-9999,-9999,-9999,-9999,-9999,-9999,-9999,-9999,-9999,-9999,-9999,-9999,-9999,-9999,-9999,-9999,-9999,-9999,-9999,-9999,-9999,-9999,-9999,-9999,-9999,-9999,-9999,-9999,-9999,-9999,-9999,-9999,-9999,-9999,-9999,-9999,-9999,-9999,-9999,-9999,-9999,-9999,-9999,-9999,-9999,-9999,-9999,-9999,-9999,-9999,-9999,-9999,-9999,-9999,-9999,-9999,-9999,-9999,-9999,-9999,-9999,-9999,-9999,-9999,-9999,-9999,-9999,-9999,-9999,-9999,-9999,-9999,8.46577790980518E-07,9.14330485102255E-06,0.000117876734293532,0.000119126867502928,0.000118285533972085,0.000116026225441601,0.000114150032459293,0.000112500325485598,0.000111273402580991,0.000110879831481725,0.00011000126687577,0.000109172637166921,0.000108124047983438,0.000106928768218495,0.000105561193777248,0.000103226615465246,9.83844220172614E-05,8.23941081762314E-05,4.43617900600657E-05,6.07701849730802E-06,-9999,-9999,-9999,-9999,-9999,-9999,-9999,-9999,-9999,-9999,-9999,-9999,-9999,-9999
-9999,-9999,-9999,-9999,2.19433877646225E-05,0.000185116572538391,0.000207994962693192,0.000208671932341531,0.000206392724066973,0.000203325675101951,0.000201674803975038,0.000200505237444304,1.37549864120956E-06,9.26115319543896E-07,6.21680896983889E-07,-9999,-9999,-9999,-9999,-9999,-9999,-9999,-9999,-9999,-9999,-9999,-9999,-9999,-9999,-9999,-9999,-9999,-9999,-9999,-9999,-9999,-9999,-9999,-9999,-9999,-9999,-9999,-9999,-9999,-9999,-9999,-9999,-9999,-9999,-9999,-9999,-9999,-9999,-9999,-9999,-9999,-9999,-9999,-9999,-9999,-9999,-9999,-9999,-9999,-9999,-9999,-9999,-9999,-9999,-9999,-9999,-9999,-9999,-9999,-9999,-9999,-9999,-9999,-9999,-9999,-9999,-9999,-9999,-9999,-9999,-9999,-9999,-9999,-9999,-9999,-9999,-9999,-9999,-9999,-9999,-9999,-9999,5.55067970253731E-07,8.18673584035423E-07,0.000112466783320997,0.000116565919597633,0.000115880946395919,0.000113995694846381,0.000111407280201092,0.00010995350748999,0.000108686377643608,0.000107746782305185,0.000107073930848856,0.00010636306978995,0.000105568426079117,0.000104422550066374,0.000103061465779319,0.000101707555586472,9.9321230663918E-05,9.18213336262852E-05,6.651776493527E-05,2.08002784347627E-05,4.75809110866976E-06,-9999,-9999,-9999,-9999,-9999,-9999,-9999,-9999,-9999,-9999,-9999,-9999,-9999
-9999,-9999,-9999,-9999,1.14549038698897E-05,0.000168743630638346,0.000207472752663307,0.000208565208595246,0.000206600321689621,0.000203626594156958,0.000201950737391599,0.000200328926439397,1.37993515636481E-06,9.29274278860248E-07,-9999,-9999,-9999,-9999,-9999,-9999,-9999,-9999,-9999,-9999,-9999,-9999,-9999,-9999,-9999,-9999,-9999,-9999,-9999,-9999,-9999,-9999,-9999,-9999,-9999,-9999,-9999,-9999,-9999,-9999,-9999,-9999,-9999,-9999,-9999,-9999,-9999,-9999,-9999,-9999,-9999,-9999,-9999,-9999,-9999,-9999,-9999,-9999,-9999,-9999,-9999,-9999,-9999,-9999,-9999,-9999,-9999,-9999,-9999,-9999,-9999,-9999,-9999,-9999,-9999,-9999,-9999,-9999,-9999,-9999,-9999,-9999,-9999,-9999,-9999,-9999,-9999,-9999,-9999,-9999,-9999,-9999,-9999,5.46915089216782E-07,8.01484929979779E-07,0.00010700203711167,0.000114047856186517,0.00011331906716805,0.000112091860501096,0.000109481487015728,0.000107375752122607,0.000106070663605351,0.000105089173302986,0.000104817969258875,0.000104117425507866,0.000103341357316822,0.000102103731478564,0.000100779987405986,9.96705784928054E-05,9.79576725512743E-05,9.31471513467841E-05,8.21231078589335E-05,4.82491450384259E-05,9.09265781956492E-06,6.5181834543182E-06,6.67124822939513E-07,-9999,-9999,-9999,-9999,-9999,-9999,-9999,-9999,-9999,-9999,-9999
-9999,-9999,-9999,-9999,1.02614139905199E-05,9.16981371119618E-05,0.000204019248485565,0.000208929559448734,0.000208052297239192,0.000205967313377187,0.00020369331468828,0.000202051291125827,3.07015329781279E-06,1.38956488626718E-06,-9999,-9999,-9999,-9999,-9999,-9999,-9999,-9999,-9999,-9999,-9999,-9999,-9999,-9999,-9999,-9999,-9999,-9999,-9999,-9999,-9999,-9999,-9999,-9999,-9999,-9999,-9999,-9999,-9999,-9999,-9999,-9999,-9999,-9999,-9999,-9999,-9999,-9999,-9999,-9999,-9999,-9999,-9999,-9999,-9999,-9999,-9999,-9999,-9999,-9999,-9999,-9999,-9999,-9999,-9999,-9999,-9999,-9999,-9999,-9999,-9999,-9999,-9999,-9999,-9999,-9999,-9999,-9999,-9999,-9999,-9999,-9999,-9999,-9999,-9999,-9999,-9999,-9999,-9999,-9999,-9999,-9999,-9999,-9999,7.83981988661253E-07,0.000102956080809236,0.000111575223854743,0.00011077628005296,0.000110295324702747,0.000107862411823589,0.000105574305052869,0.000104381630080752,0.000103563885204494,0.000102732417872176,0.000102146143035498,0.000101208832347766,0.000100123783340678,9.88946412689984E-05,9.78491007117555E-05,9.6574061899446E-05,9.30647147470154E-05,8.48865602165461E-05,6.39697755104862E-05,1.50566911543137E-05,5.17680155098788E-06,-9999,-9999,-9999,-9999,-9999,-9999,-9999,-9999,-9999,-9999,-9999,-9999
-9999,-9999,-9999,-9999,1.02946323750075E-05,4.02667756134178E-05,0.000189672806300223,0.000208925688639283,0.000208976707654074,0.000208119803573936,0.000206330369110219,0.000204344891244546,0.000138911593239754,1.39082465011597E-06,-9999,-9999,-9999,-9999,-9999,-9999,-9999,-9999,-9999,-9999,-9999,-9999,-9999,-9999,-9999,-9999,-9999,-9999,-9999,-9999,-9999,-9999,-9999,-9999,-9999,-9999,-9999,-9999,-9999,-9999,-9999,-9999,-9999,-9999,-9999,-9999,-9999,-9999,-9999,-9999,-9999,-9999,-9999,-9999,-9999,-9999,-9999,-9999,-9999,-9999,-9999,-9999,-9999,-9999,-9999,-9999,-9999,-9999,-9999,-9999,-9999,-9999,-9999,-9999,-9999,-9999,-9999,-9999,-9999,-9999,-9999,-9999,-9999,-9999,-9999,-9999,-9999,-9999,-9999,-9999,-9999,-9999,-9999,-9999,7.72035662066628E-07,9.29848029045388E-05,0.000109590146166738,0.000108899868791923,0.000108457854366861,0.000106953091744799,0.000104440878203604,0.000102314916148316,0.00010158951045014,0.000100498466053978,9.98397008515894E-05,9.89564359770156E-05,9.81785196927376E-05,9.71798654063605E-05,9.62407793849707E-05,9.49016393860802E-05,9.22683466342278E-05,8.56031401781365E-05,7.40001778467558E-05,2.82146975223441E-05,5.12013411935186E-06,4.60923592981999E-06,4.65942184746382E-06,-9999,-9999,-9999,-9999,-9999,-9999,-9999,-9999,-9999,-9999
-9999,-9999,-9999,-9999,-9999,1.14002159534721E-05,0.000155557368998416,0.000208054028917104,0.000209630525205284,0.000209337245905772,0.000208139565074816,0.000205869859200902,0.000203504081582651,1.39298379053798E-06,-9999,-9999,-9999,-9999,-9999,-9999,-9999,-9999,-9999,-9999,-9999,-9999,-9999,-9999,-9999,-9999,-9999,-9999,-9999,-9999,-9999,-9999,-9999,-9999,-9999,-9999,-9999,-9999,-9999,-9999,-9999,-9999,-9999,-9999,-9999,-9999,-9999,-9999,-9999,-9999,-9999,-9999,-9999,-9999,-9999,-9999,-9999,-9999,-9999,-9999,-9999,-9999,-9999,-9999,-9999,-9999,-9999,-9999,-9999,-9999,-9999,-9999,-9999,-9999,-9999,-9999,-9999,-9999,-9999,-9999,-9999,-9999,-9999,-9999,-9999,-9999,-9999,-9999,-9999,-9999,-9999,-9999,-9999,-9999,7.63891932820115E-07,7.40035175113007E-05,0.000107134474092163,0.000107478903373703,0.000106768529803958,0.000105517392512411,0.000103040598332882,0.000100463257695083,9.97180759441108E-05,9.85598016995937E-05,9.79687320068479E-05,9.70726614468731E-05,9.63834609137848E-05,9.55812938627787E-05,9.47040825849399E-05,9.35855059651658E-05,9.18474252102897E-05,8.86481502675451E-05,7.0921283622738E-05,4.31797780038323E-05,1.61259777087253E-05,1.08439035102492E-05,6.4441310314578E-06,4.7143794290605E-06,-9999,-9999,-9999,-9999,-9999,-9999,-9999,-9999,-9999
-9999,-9999,-9999,-9999,-9999,2.33209379985055E-06,0.00011024932609871,0.000204516749363393,0.000210151090868749,0.000210293364943936,0.000209483783692122,0.000207209959626198,0.000204469979507849,1.3977978596813E-06,-9999,-9999,-9999,-9999,-9999,-9999,-9999,-9999,-9999,-9999,-9999,-9999,-9999,-9999,-9999,-9999,-9999,-9999,-9999,-9999,-9999,-9999,-9999,-9999,-9999,-9999,-9999,-9999,-9999,-9999,-9999,-9999,-9999,-9999,-9999,-9999,-9999,-9999,-9999,-9999,-9999,-9999,-9999,-9999,-9999,-9999,-9999,-9999,-9999,-9999,-9999,-9999,-9999,-9999,-9999,-9999,-9999,-9999,-9999,-9999,-9999,-9999,-9999,-9999,-9999,-9999,-9999,-9999,-9999,-9999,-9999,-9999,-9999,-9999,-9999,-9999,-9999,-9999,-9999,-9999,-9999,-9999,-9999,-9999,7.5908252483714E-07,2.46790059463819E-05,0.000104259976069443,0.000106178093119524,0.000105260129203089,0.000103915386716835,0.000101668651041109,9.92251734714955E-05,9.80882250587456E-05,9.72848720266484E-05,9.64258651947603E-05,9.52997652348131E-05,9.45602296269499E-05,9.38304874580353E-05,9.30521418922581E-05,9.23200423130766E-05,9.10144517547451E-05,8.68466595420614E-05,7.3610593972262E-05,6.09725575486664E-05,4.8000511014834E-05,4.01367142330855E-05,1.20149961730931E-05,4.61861827716348E-06,-9999,-9999,-9999,-9999,-9999,-9999,-9999,-9999,-9999
-9999,-9999,-9999,-9999,-9999,1.43773968375172E-06,7.96185995568521E-05,0.000204930489417166,0.000210601108847186,0.000211091886740178,0.000210570564377122,0.000208277619094588,0.000203362738830037,1.40298516271287E-06,-9999,-9999,-9999,-9999,-9999,-9999,-9999,-9999,-9999,-9999,-9999,-9999,-9999,-9999,-9999,-9999,-9999,-9999,-9999,-9999,-9999,-9999,-9999,-9999,-9999,-9999,-9999,-9999,-9999,-9999,-9999,-9999,-9999,-9999,-9999,-9999,-9999,-9999,-9999,-9999,-9999,-9999,-9999,-9999,-9999,-9999,-9999,-9999,-9999,-9999,-9999,-9999,-9999,-9999,-9999,-9999,-9999,-9999,-9999,-9999,-9999,-9999,-9999,-9999,-9999,-9999,-9999,-9999,-9999,-9999,-9999,-9999,-9999,-9999,-9999,-9999,-9999,-9999,-9999,-9999,-9999,-9999,-9999,-9999,-9999,7.40999041681789E-07,0.000101764067949262,0.00010428480891278,0.000103911588666961,0.000102405079815071,0.000100258803286124,9.77550298557617E-05,9.66132211033255E-05,9.58808814175427E-05,9.48822416830808E-05,9.38418816076592E-05,9.29454181459732E-05,9.22776453080587E-05,9.15150085347705E-05,9.08838264876977E-05,9.01008534128778E-05,8.71285155881196E-05,8.34898819448426E-05,7.84779331297614E-05,6.70859080855735E-05,4.23849924118258E-05,1.60050421982305E-05,4.53379880127613E-06,-9999,-9999,-9999,-9999,-9999,-9999,-9999,-9999,-9999
-9999,-9999,-9999,-9999,-9999,-9999,4.85379023302812E-05,0.000206082040676847,0.000210956117371097,0.000211732884054072,0.000211057500564493,0.000208351368200965,0.000206559765501879,-9999,-9999,-9999,-9999,-9999,-9999,-9999,-9999,-9999,-9999,-9999,-9999,-9999,-9999,-9999,-9999,-9999,-9999,-9999,-9999,-9999,-9999,-9999,-9999,-9999,-9999,-9999,-9999,-9999,-9999,-9999,-9999,-9999,-9999,-9999,-9999,-9999,-9999,-9999,-9999,-9999,-9999,-9999,-9999,-9999,-9999,-9999,-9999,-9999,-9999,-9999,-9999,-9999,-9999,-9999,-9999,-9999,-9999,-9999,-9999,-9999,-9999,-9999,-9999,-9999,-9999,-9999,-9999,-9999,-9999,-9999,-9999,-9999,-9999,-9999,-9999,-9999,-9999,-9999,-9999,-9999,-9999,-9999,-9999,-9999,-9999,7.32202295239404E-07,9.47389926295727E-05,0.000102524412795901,0.000102672878711019,0.000101300880487543,9.92713903542608E-05,9.69889297266491E-05,9.55050782067701E-05,9.45442006923258E-05,9.33589690248482E-05,9.23643456189893E-05,9.1470756160561E-05,9.06962668523192E-05,8.99891092558391E-05,8.94141994649544E-05,8.91396484803408E-05,8.8393222540617E-05,8.67057970026508E-05,8.09896155260503E-05,7.04682825016789E-05,5.27286356373224E-05,2.72766592388507E-05,5.57563453185139E-06,-9999,-9999,-9999,-9999,-9999,-9999,-9999,-9999,-9999
-9999,-9999,-9999,-9999,-9999,-9999,3.66567765013315E-05,0.00020679397857748,0.000211790160392411,0.000212156272027642,0.000210810190765187,0.000208096316782758,0.000205126008950174,-9999,-9999,-9999,-9999,-9999,-9999,-9999,-9999,-9999,-9999,-9999,-9999,-9999,-9999,-9999,-9999,-9999,-9999,-9999,-9999,-9999,-9999,-9999,-9999,-9999,-9999,-9999,-9999,-9999,-9999,-9999,-9999,-9999,-9999,-9999,-9999,-9999,-9999,-9999,-9999,-9999,-9999,-9999,-9999,-9999,-9999,-9999,-9999,-9999,-9999,-9999,-9999,-9999,-9999,-9999,-9999,-9999,-9999,-9999,-9999,-9999,-9999,-9999,-9999,-9999,-9999,-9999,-9999,-9999,-9999,-9999,-9999,-9999,-9999,-9999,-9999,-9999,-9999,-9999,-9999,-9999,-9999,-9999,-9999,-9999,-9999,7.24343635738478E-07,6.258646317292E-05,0.000101227000413928,0.000101481629826594,0.000100073833891656,9.80861514108256E-05,9.60783581831492E-05,9.41621256060898E-05,9.34103081817739E-05,9.21938844840042E-05,9.1174129920546E-05,9.02556857909076E-05,8.95409611985087E-05,8.88412905624136E-05,8.82874228409491E-05,8.80538354977034E-05,8.77813872648403E-05,8.67497874423862E-05,8.39576969156042E-05,7.75102089392021E-05,5.9874691942241E-05,4.20834257965907E-05,1.05753979369183E-05,5.59606405658997E-06,4.53533039035392E-06,-9999,-9999,-9999,-9999,-9999,-9999,-9999
-9999,-9999,-9999,-9999,-9999,-9999,5.83942273806315E-05,0.000210504920687526,0.000212850194657221,0.000212204322451726,0.000210222249734215,0.000207599077839404,0.000188645382877439,-9999,-9999,-9999,-9999,-9999,-9999,-9999,-9999,-9999,-9999,-9999,-9999,-9999,-9999,-9999,-9999,-9999,-9999,-9999,-9999,-9999,-9999,-9999,-9999,-9999,-9999,-9999,-9999,-9999,-9999,-9999,-9999,-9999,-9999,-9999,-9999,-9999,-9999,-9999,-9999,-9999,-9999,-9999,-9999,-9999,-9999,-9999,-9999,-9999,-9999,-9999,-9999,-9999,-9999,-9999,-9999,-9999,-9999,-9999,-9999,-9999,-9999,-9999,-9999,-9999,-9999,-9999,-9999,-9999,-9999,-9999,-9999,-9999,-9999,-9999,-9999,-9999,-9999,-9999,-9999,-9999,-9999,-9999,-9999,-9999,-9999,7.16845761417062E-07,4.21810364059638E-06,9.99409749056213E-05,9.98329414869659E-05,9.86630111583509E-05,9.66280276770703E-05,9.46331711020321E-05,9.29006782826036E-05,9.20462553040124E-05,9.11724855541252E-05,9.01829480426386E-05,8.91912059159949E-05,8.84220498846844E-05,8.78576029208489E-05,8.74520919751376E-05,8.71129814186133E-05,8.70353542268276E-05,8.62592642079107E-05,8.42072986415587E-05,7.92116552474909E-05,7.00087475706823E-05,4.98759254696779E-05,1.91034559975378E-05,9.58045802690322E-06,7.01749058862333E-06,4.52462472821935E-06,-9999,-9999,-9999,-9999,-9999,-9999
-9999,-9999,-9999,-9999,-9999,-9999,-9999,-9999,-9999,-9999,-9999,-9999,-9999,-9999,-9999,-9999,-9999,-9999,-9999,-9999,-9999,-9999,-9999,-9999,-9999,-9999,-9999,-9999,-9999,-9999,-9999,-9999,-9999,-9999,-9999,-9999,-9999,-9999,-9999,-9999,-9999,-9999,-9999,-9999,-9999,-9999,-9999,-9999,-9999,-9999,-9999,-9999,-9999,-9999,-9999,-9999,-9999,-9999,-9999,-9999,-9999,-9999,-9999,-9999,-9999,-9999,-9999,-9999,-9999,-9999,-9999,-9999,-9999,-9999,-9999,-9999,-9999,-9999,-9999,-9999,-9999,-9999,-9999,-9999,-9999,-9999,-9999,-9999,-9999,-9999,-9999,-9999,-9999,-9999,-9999,-9999,-9999,-9999,-9999,-9999,6.92059131779388E-07,9.59689205046743E-05,9.80868280748837E-05,9.7121468570549E-05,9.53300332184881E-05,9.34084673644975E-05,9.16575954761356E-05,9.08824513317086E-05,9.03082982404158E-05,8.92060124897398E-05,8.82890017237514E-05,8.75926780281588E-05,8.69319337652996E-05,8.66383634274825E-05,8.63801251398399E-05,8.63055902300403E-05,8.61407315824181E-05,8.51222357596271E-05,8.2084909081459E-05,7.46054065530188E-05,5.48710195289459E-05,2.93947978207143E-05,1.92028273886535E-05,1.44933210322051E-05,7.80415211920626E-06,4.49732942797709E-06,-9999,-9999,-9999,-9999,-9999
-9999,-9999,-9999,-9999,-9999,-9999,-9999,-9999,-9999,-9999,-9999,-9999,-9999,-9999,-9999,-9999,-9999,-9999,-9999,-9999,-9999,-9999,-9999,-9999,-9999,-9999,-9999,-9999,-9999,-9999,-9999,-9999,-9999,-9999,-9999,-9999,-9999,-9999,-9999,-9999,-9999,-9999,-9999,-9999,-9999,-9999,-9999,-9999,-9999,-9999,-9999,-9999,-9999,-9999,-9999,-9999,-9999,-9999,-9999,-9999,-9999,-9999,-9999,-9999,-9999,-9999,-9999,-9999,-9999,-9999,-9999,-9999,-9999,-9999,-9999,-9999,-9999,-9999,-9999,-9999,-9999,-9999,-9999,-9999,-9999,-9999,-9999,-9999,-9999,-9999,-9999,-9999,-9999,-9999,-9999,-9999,-9999,-9999,-9999,-9999,6.81779170008667E-07,7.25916543160565E-05,9.66759398579597E-05,9.54578426899388E-05,9.3919959908817E-05,9.20337770367041E-05,9.02228857739829E-05,8.97783320397139E-05,8.92953321454115E-05,8.82946333149448E-05,8.72416567290202E-05,8.6657251813449E-05,8.59782012412325E-05,8.58318526297808E-05,8.57694612932391E-05,8.60523214214481E-05,8.60321742948145E-05,8.550746133551E-05,8.23105001472868E-05,7.42449192330241E-05,5.71331875107717E-05,3.66454260074534E-05,2.71654607786331E-05,1.58865659614094E-05,1.06746010715142E-05,5.02247712574899E-06,4.50995867140591E-06,-9999,-9999,-9999,-9999
-9999,-9999,-9999,-9999,-9999,-9999,-9999,-9999,-9999,-9999,-9999,-9999,-9999,-9999,-9999,-9999,-9999,-9999,-9999,-9999,-9999,-9999,-9999,-9999,-9999,-9999,-9999,-9999,-9999,-9999,-9999,-9999,-9999,-9999,-9999,-9999,-9999,-9999,-9999,-9999,-9999,-9999,-9999,-9999,-9999,-9999,-9999,-9999,-9999,-9999,-9999,-9999,-9999,-9999,-9999,-9999,-9999,-9999,-9999,-9999,-9999,-9999,-9999,-9999,-9999,-9999,-9999,-9999,-9999,-9999,-9999,-9999,-9999,-9999,-9999,-9999,-9999,-9999,-9999,-9999,-9999,-9999,-9999,-9999,-9999,-9999,-9999,-9999,-9999,-9999,-9999,-9999,-9999,-9999,-9999,-9999,-9999,-9999,-9999,-9999,6.74488774166093E-07,1.71765464074269E-06,9.53287890297361E-05,9.38970551942475E-05,9.2516427685041E-05,9.06357527128421E-05,8.909817552194E-05,8.87292553670704E-05,8.82745152921416E-05,8.74270263011567E-05,8.64071917021647E-05,8.5818421212025E-05,8.51733857416548E-05,8.5011197370477E-05,8.51835939101875E-05,8.55289399623871E-05,8.52345183375292E-05,8.44908863655291E-05,8.21546636871062E-05,7.39165989216417E-05,6.15520839346573E-05,4.69616970804054E-05,3.4166281693615E-05,2.09761237783823E-05,1.1791693395935E-05,6.26188602836919E-06,4.5114393287804E-06,-9999,-9999,-9999,-9999
-9999,-9999,-9999,-9999,-9999,-9999,-9999,-9999,-9999,-9999,-9999,-9999,-9999,-9999,-9999,-9999,-9999,-9999,-9999,-9999,-9999,-9999,-9999,-9999,-9999,-9999,-9999,-9999,-9999,-9999,-9999,-9999,-9999,-9999,-9999,-9999,-9999,-9999,-9999,-9999,-9999,-9999,-9999,-9999,-9999,-9999,-9999,-9999,-9999,-9999,-9999,-9999,-9999,-9999,-9999,-9999,-9999,-9999,-9999,-9999,-9999,-9999,-9999,-9999,-9999,-9999,-9999,-9999,-9999,-9999,-9999,-9999,-9999,-9999,-9999,-9999,-9999,-9999,-9999,-9999,-9999,-9999,-9999,-9999,-9999,-9999,-9999,-9999,-9999,-9999,-9999,-9999,-9999,-9999,-9999,-9999,-9999,-9999,-9999,-9999,-9999,6.54391442367341E-07,8.74754841788672E-05,9.22133403946646E-05,9.10125236259773E-05,8.93112737685442E-05,8.80742736626416E-05,8.75608384376392E-05,8.72192322276533E-05,8.65083420649171E-05,8.54293975862674E-05,8.48337294883095E-05,8.42830777401105E-05,8.40576394693926E-05,8.42462250147946E-05,8.47680639708415E-05,8.52297962410375E-05,8.50880605867133E-05,8.24196758912876E-05,7.49600076233037E-05,6.34053285466507E-05,5.45062212040648E-05,3.91383327951189E-05,2.08907331398223E-05,1.30189246192458E-05,6.25299207968055E-06,4.49485924036708E-06,-9999,-9999,4.79503296446637E-06,4.79644177175942E-06
-9999,-9999,-9999,-9999,-9999,-9999,-9999,-9999,-9999,-9999,-9999,-9999,-9999,-9999,-9999,-9999,-9999,-9999,-9999,-9999,-9999,-9999,-9999,-9999,-9999,-9999,-9999,-9999,-9999,-9999,-9999,-9999,-9999,-9999,-9999,-9999,-9999,-9999,-9999,-9999,-9999,-9999,-9999,-9999,-9999,-9999,-9999,-9999,-9999,-9999,-9999,-9999,-9999,-9999,-9999,-9999,-9999,-9999,-9999,-9999,-9999,-9999,-9999,-9999,-9999,-9999,-9999,-9999,-9999,-9999,-9999,-9999,-9999,-9999,-9999,-9999,-9999,-9999,-9999,-9999,-9999,-9999,-9999,-9999,-9999,-9999,-9999,-9999,-9999,-9999,-9999,-9999,-9999,-9999,-9999,-9999,-9999,-9999,-9999,-9999,-9999,-9999,4.57831674793852E-06,9.22686886042356E-05,8.98514699656516E-05,8.84592882357538E-05,8.7349908426404E-05,8.68640199769288E-05,8.63046443555504E-05,8.5385181591846E-05,8.43959860503674E-05,8.38396808831021E-05,8.34215170470998E-05,8.3316903328523E-05,8.34435704746284E-05,8.39056228869595E-05,8.43181696836837E-05,8.41189321363345E-05,8.14481536508538E-05,7.80689806560986E-05,7.06691498635337E-05,5.66829767194577E-05,3.90231762139592E-05,2.48582582571544E-05,1.1718367204594E-05,6.96568258717889E-06,4.5255751501827E-06,4.59481316283927E-06,4.68316102342214E-06,4.73980662718532E-06,5.28058399140718E-06
-9999,-9999,-9999,-9999,-9999,-9999,-9999,-9999,-9999,-9999,-9999,-9999,-9999,-9999,-9999,-9999,-9999,-9999,-9999,-9999,-9999,-9999,-9999,-9999,-9999,-9999,-9999,-9999,-9999,-9999,-9999,-9999,-9999,-9999,-9999,-9999,-9999,-9999,-9999,-9999,-9999,-9999,-9999,-9999,-9999,-9999,-9999,-9999,-9999,-9999,-9999,-9999,-9999,-9999,-9999,-9999,-9999,-9999,-9999,-9999,-9999,-9999,-9999,-9999,-9999,-9999,-9999,-9999,-9999,-9999,-9999,-9999,-9999,-9999,-9999,-9999,-9999,-9999,-9999,-9999,-9999,-9999,-9999,-9999,-9999,-9999,-9999,-9999,-9999,-9999,-9999,-9999,-9999,-9999,-9999,-9999,-9999,-9999,-9999,-9999,-9999,-9999,-9999,6.36947370367125E-05,9.01884777704254E-05,8.79263097885996E-05,8.72313030413352E-05,8.64705216372386E-05,8.58746498124674E-05,8.47338014864363E-05,8.36971667013131E-05,8.30096905701794E-05,8.26760442578234E-05,8.26537288958207E-05,8.29440905363299E-05,8.31303914310411E-05,8.32136211101897E-05,8.30056960694492E-05,8.09673510957509E-05,7.86053496995009E-05,7.196963269962E-05,5.88304137636442E-05,4.40794938185718E-05,2.06859476747923E-05,1.04862419902929E-05,6.21564777247841E-06,5.0739622565743E-06,4.61540685137152E-06,5.21619494975312E-06,5.8153564168606E-06,4.79005830129609E-05
-9999,-9999,-9999,-9999,-9999,-9999,-9999,-9999,-9999,-9999,-9999,-9999,-9999,-9999,-9999,-9999,-9999,-9999,-9999,-9999,-9999,-9999,-9999,-9999,-9999,-9999,-9999,-9999,-9999,-9999,-9999,-9999,-9999,-9999,-9999,-9999,-9999,-9999,-9999,-9999,-9999,-9999,-9999,-9999,-9999,-9999,-9999,-9999,-9999,-9999,-9999,-9999,-9999,-9999,-9999,-9999,-9999,-9999,-9999,-9999,-9999,-9999,-9999,-9999,-9999,-9999,-9999,-9999,-9999,-9999,-9999,-9999,-9999,-9999,-9999,-9999,-9999,-9999,-9999,-9999,-9999,-9999,-9999,-9999,-9999,-9999,-9999,-9999,-9999,-9999,-9999,-9999,-9999,-9999,-9999,-9999,-9999,-9999,-9999,-9999,-9999,-9999,-9999,6.20464163603174E-07,6.32717346888967E-05,9.00260783964768E-05,8.78444916452281E-05,8.67724083946086E-05,8.59069914440624E-05,8.47140181576833E-05,8.36641702335328E-05,8.30129356472753E-05,8.26900723041035E-05,8.25317329145037E-05,8.24677481432445E-05,8.24728413135745E-05,8.19997221697122E-05,8.11192876426503E-05,8.05927338660695E-05,7.52286869101226E-05,6.66091291350313E-05,4.87002180307172E-05,2.64678474195534E-05,8.37229890748858E-06,5.5008440540405E-06,5.59590898774331E-06,6.37519951851573E-06,6.43147768641938E-06,1.10295304693864E-05,9.62254343903624E-05,9.74463036982343E-05
-9999,-9999,-9999,-9999,-9999,-9999,-9999,-9999,-9999,-9999,-9999,-9999,-9999,-9999,-9999,-9999,-9999,-9999,-9999,-9999,-9999,-9999,-9999,-9999,-9999,-9999,-9999,-9999,-9999,-9999,-9999,-9999,-9999,-9999,-9999,-9999,-9999,-9999,-9999,-9999,-9999,-9999,-9999,-9999,-9999,-9999,-9999,-9999,-9999,-9999,-9999,-9999,-9999,-9999,-9999,-9999,-9999,-9999,-9999,-9999,-9999,-9999,-9999,-9999,-9999,-9999,-9999,-9999,-9999,-9999,-9999,-9999,-9999,-9999,-9999,-9999,-9999,-9999,-9999,-9999,-9999,-9999,-9999,-9999,-9999,-9999,-9999,-9999,-9999,-9999,-9999,-9999,-9999,-9999,-9999,-9999,-9999,-9999,-9999,-9999,-9999,-9999,-9999,-9999,6.13313659414416E-07,6.09972914844548E-07,8.30256976769306E-05,8.78091959748417E-05,8.58453422551975E-05,8.48220879561268E-05,8.38840860524215E-05,8.33030280773528E-05,7.81121052568778E-05,6.51583031867631E-05,8.16731117083691E-05,7.9333534813486E-05,6.7270862928126E-05,5.6402448535664E-05,5.22883819940034E-05,4.51086125394795E-05,2.38206921494566E-05,9.11663119040895E-06,4.8104602683452E-06,4.37418384535704E-06,7.75432727095904E-06,1.33044422909734E-05,4.95472595503088E-05,9.48047309066169E-05,9.67100349953398E-05,9.75362709141336E-05,9.65157960308716E-05
-9999,-9999,-9999,-9999,-9999,-9999,-9999,-9999,-9999,-9999,-9999,-9999,-9999,-9999,-9999,-9999,-9999,-9999,-9999,-9999,-9999,-9999,-9999,-9999,-9999,-9999,-9999,-9999,-9999,-9999,-9999,-9999,-9999,-9999,-9999,-9999,-9999,-9999,-9999,-9999,-9999,-9999,-9999,-9999,-9999,-9999,-9999,-9999,-9999,-9999,-9999,-9999,-9999,-9999,-9999,-9999,-9999,-9999,-9999,-9999,-9999,-9999,-9999,-9999,-9999,-9999,-9999,-9999,-9999,-9999,-9999,-9999,-9999,-9999,-9999,-9999,-9999,-9999,-9999,-9999,-9999,-9999,-9999,-9999,-9999,-9999,-9999,-9999,-9999,-9999,-9999,-9999,-9999,-9999,-9999,-9999,-9999,-9999,-9999,-9999,-9999,-9999,-9999,-9999,-9999,-9999,6.02831505602808E-07,3.00595638691448E-06,8.73480457812548E-05,8.60059226397425E-05,8.46051116241142E-05,8.38186679175124E-05,7.96844833530486E-05,8.00319685367867E-05,7.64056749176234E-05,5.99430459260475E-05,4.38986789959017E-05,2.72746619884856E-05,1.08571330201812E-05,1.63422992045525E-05,1.00085235317238E-05,1.38807645271299E-05,4.73066247650422E-05,9.11923198145814E-05,9.31813410716131E-05,9.47912194533274E-05,9.56965450313874E-05,9.56641233642586E-05,9.55297364271246E-05,9.21855389606208E-05,4.80239832540974E-05
-9999,-9999,-9999,-9999,-9999,-9999,-9999,-9999,-9999,-9999,-9999,-9999,-9999,-9999,-9999,-9999,-9999,-9999,-9999,-9999,-9999,-9999,-9999,-9999,-9999,-9999,-9999,-9999,-9999,-9999,-9999,-9999,-9999,-9999,-9999,-9999,-9999,-9999,-9999,-9999,-9999,-9999,-9999,-9999,-9999,-9999,-9999,-9999,-9999,-9999,-9999,-9999,-9999,-9999,-9999,-9999,-9999,-9999,-9999,-9999,-9999,-9999,-9999,-9999,-9999,-9999,-9999,-9999,-9999,-9999,-9999,-9999,-9999,-9999,-9999,-9999,-9999,-9999,-9999,-9999,-9999,-9999,-9999,-9999,-9999,-9999,-9999,-9999,-9999,-9999,-9999,-9999,-9999,-9999,-9999,-9999,-9999,-9999,-9999,-9999,-9999,-9999,-9999,-9999,-9999,-9999,-9999,-9999,5.9002803709518E-07,2.38415486819576E-06,8.37215848150663E-05,8.58389539644122E-05,8.52131779538468E-05,8.48195122671314E-05,8.43525922391564E-05,8.41137807583436E-05,8.40491848066449E-05,8.4712912212126E-05,8.56586484587751E-05,8.66628470248543E-05,8.80105872056447E-05,9.00047016330063E-05,9.18312143767253E-05,9.28212684812024E-05,9.33359187911265E-05,9.38883240451105E-05,9.35252828639932E-05,8.82482418091968E-05,5.29302851646207E-05,3.69945405509498E-06,-9999
-9999,-9999,-9999,-9999,-9999,-9999,-9999,-9999,-9999,-9999,-9999,-9999,-9999,-9999,-9999,-9999,-9999,-9999,-9999,-9999,-9999,-9999,-9999,-9999,-9999,-9999,-9999,-9999,-9999,-9999,-9999,-9999,-9999,-9999,-9999,-9999,-9999,-9999,-9999,-9999,-9999,-9999,-9999,-9999,-9999,-9999,-9999,-9999,-9999,-9999,-9999,-9999,-9999,-9999,-9999,-9999,-9999,-9999,-9999,-9999,-9999,-9999,-9999,-9999,-9999,-9999,-9999,-9999,-9999,-9999,-9999,-9999,-9999,-9999,-9999,-9999,-9999,-9999,-9999,-9999,-9999,-9999,-9999,-9999,-9999,-9999,-9999,-9999,-9999,-9999,-9999,-9999,-9999,-9999,-9999,-9999,-9999,-9999,-9999,-9999,-9999,-9999,-9999,-9999,-9999,-9999,-9999,-9999,-9999,-9999,5.86134660807147E-07,5.84260192226793E-07,5.82611619392992E-07,5.80938547045662E-07,2.40510007643024E-06,3.3771277685446E-06,5.78813853735483E-07,5.81599749693851E-07,5.87254930906056E-07,1.13988107841578E-06,3.70293628293439E-06,1.64521261467598E-05,3.43929423252121E-05,3.8058638892835E-05,8.81128107721452E-06,6.44061287857767E-07,6.50258016321459E-07,6.53706365483231E-07,-9999,-9999,-9999
-9999,-9999,-9999,-9999,-9999,-9999,-9999,-9999,-9999,-9999,-9999,-9999,-9999,-9999,-9999,-9999,-9999,-9999,-9999,-9999,-9999,-9999,-9999,-9999,-9999,-9999,-9999,-9999,-9999,-9999,-9999,-9999,-9999,-9999,-9999,-9999,-9999,-9999,-9999,-9999,-9999,-9999,-9999,-9999,-9999,-9999,-9999,-9999,-9999,-9999,-9999,-9999,-9999,-9999,-9999,-9999,-9999,-9999,-9999,-9999,-9999,-9999,-9999,-9999,-9999,-9999,-9999,-9999,-9999,-9999,-9999,-9999,-9999,-9999,-9999,-9999,-9999,-9999,-9999,-9999,-9999,-9999,-9999,-9999,-9999,-9999,-9999,-9999,-9999,-9999,-9999,-9999,-9999,-9999,-9999,-9999,-9999,-9999,-9999,-9999,-9999,-9999,-9999,-9999,-9999,-9999,-9999,-9999,-9999,-9999,-9999,-9999,-9999,-9999,-9999,-9999,-9999,-9999,-9999,-9999,-9999,-9999,-9999,-9999,-9999,-9999,-9999,-9999,-9999,-9999,-9999
-9999,-9999,-9999,-9999,-9999,-9999,-9999,-9999,-9999,-9999,-9999,-9999,-9999,-9999,-9999,-9999,-9999,-9999,-9999,-9999,-9999,-9999,-9999,-9999,-9999,-9999,-9999,-9999,-9999,-9999,-9999,-9999,-9999,-9999,-9999,-9999,-9999,-9999,-9999,-9999,-9999,-9999,-9999,-9999,-9999,-9999,-9999,-9999,-9999,-9999,-9999,-9999,-9999,-9999,-9999,-9999,-9999,-9999,-9999,-9999,-9999,-9999,-9999,-9999,-9999,-9999,-9999,-9999,-9999,-9999,-9999,-9999,-9999,-9999,-9999,-9999,-9999,-9999,-9999,-9999,-9999,-9999,-9999,-9999,-9999,-9999,-9999,-9999,-9999,-9999,-9999,-9999,-9999,-9999,-9999,-9999,-9999,-9999,-9999,-9999,-9999,-9999,-9999,-9999,-9999,-9999,-9999,-9999,-9999,-9999,-9999,-9999,-9999,-9999,-9999,-9999,-9999,-9999,-9999,-9999,-9999,-9999,-9999,-9999,-9999,-9999,-9999,-9999,-9999,-9999,-9999

Step,409
Year,34.08333
-9999,-9999,-9999,-9999,-9999,-9999,-9999,-9999,-9999,-9999,-9999,-9999,-9999,-9999,-9999,-9999,-9999,-9999,-9999,-9999,-9999,-9999,-9999,-9999,-9999,-9999,-9999,-9999,-9999,-9999,-9999,-9999,-9999,-9999,-9999,-9999,-9999,-9999,-9999,-9999,-9999,-9999,-9999,-9999,-9999,-9999,-9999,-9999,-9999,-9999,-9999,-9999,-9999,-9999,-9999,-9999,-9999,-9999,-9999,-9999,-9999,-9999,-9999,-9999,-9999,-9999,-9999,-9999,-9999,-9999,-9999,-9999,-9999,-9999,-9999,-9999,-9999,-9999,-9999,-9999,-9999,-9999,-9999,-9999,-9999,-9999,-9999,-9999,-9999,-9999,-9999,-9999,-9999,-9999,-9999,-9999,-9999,-9999,-9999,-9999,-9999,-9999,-9999,-9999,-9999,-9999,-9999,-9999,-9999,-9999,-9999,-9999,-9999,-9999,-9999,-9999,-9999,-9999,-9999,-9999,-9999,-9999,-9999,-9999,-9999,-9999,-9999,-9999,-9999,-9999,-9999
-9999,-9999,-9999,-9999,-9999,-9999,-9999,-9999,-9999,-9999,-9999,-9999,-9999,-9999,-9999,-9999,-9999,-9999,-9999,-9999,-9999,-9999,-9999,-9999,-9999,-9999,-9999,-9999,-9999,-9999,-9999,-9999,-9999,-9999,-9999,-9999,-9999,-9999,-9999,-9999,-9999,-9999,-9999,-9999,-9999,-9999,-9999,-9999,-9999,-9999,-9999,-9999,-9999,-9999,-9999,-9999,-9999,-9999,-9999,-9999,-9999,-9999,-9999,-9999,-9999,-9999,-9999,-9999,-9999,-9999,-9999,-9999,-9999,-9999,-9999,-9999,-9999,-9999,-9999,-9999,-9999,-9999,-9999,-9999,-9999,-9999,-9999,-9999,-9999,-9999,-9999,-9999,-9999,-9999,-9999,-9999,-9999,-9999,-9999,-9999,-9999,-9999,-9999,-9999,-9999,-9999,-9999,-9999,-9999,-9999,-9999,-9999,-9999,-9999,-9999,-9999,-9999,-9999,-9999,-9999,-9999,-9999,-9999,-9999,-9999,-9999,-9999,-9999,-9999,-9999,-9999
-9999,-9999,-9999,-9999,-9999,-9999,-9999,-9999,-9999,-9999,-9999,-9999,-9999,-9999,-9999,-9999,-9999,-9999,-9999,-9999,-9999,-9999,-9999,-9999,-9999,-9999,-9999,-9999,-9999,-9999,-9999,-9999,-9999,-9999,-9999,-9999,-9999,-9999,-9999,-9999,-9999,-9999,-9999,-9999,-9999,-9999,-9999,-9999,-9999,-9999,-9999,-9999,-9999,-9999,-9999,-9999,-9999,-9999,-9999,-9999,-9999,-9999,-9999,-9999,-9999,-9999,-9999,-9999,-9999,-9999,-9999,-9999,-9999,-9999,4.73856403004902E-07,7.04168201082211E-07,-9999,-9999,-9999,-9999,-9999,-9999,-9999,-9999,-9999,-9999,-9999,-9999,-9999,-9999,-9999,-9999,-9999,-9999,-9999,-9999,-9999,-9999,-9999,-9999,-9999,-9999,-9999,-9999,-9999,-9999,-9999,-9999,-9999,-9999,-9999,-9999,-9999,-9999,-9999,-9999,-9999,-9999,-9999,-9999,-9999,-9999,-9999,-9999,-9999,-9999,-9999,-9999,-9999,-9999,-9999
-9999,-9999,-9999,-9999,-9999,-9999,-9999,-9999,-9999,-9999,-9999,-9999,-9999,-9999,-9999,-9999,-9999,-9999,-9999,-9999,-9999,-9999,-9999,-9999,-9999,-9999,-9999,-9999,-9999,-9999,-9999,-9999,-9999,-9999,-9999,-9999,-9999,-9999,-9999,-9999,-9999,-9999,-9999,-9999,-9999,-9999,-9999,-9999,-9999,-9999,-9999,-9999,-9999,-9999,-9999,-9999,-9999,-9999,-9999,-9999,-9999,-9999,-9999,-9999,-9999,-9999,-9999,-9999,-9999,-9999,-9999,-9999,-9999,-9999,6.78131073073018E-07,1.00354429832805E-06,-9999,-9999,-9999,-9999,-9999,-9999,-9999,-9999,-9999,-9999,-9999,-9999,-9999,-9999,-9999,-9999,-9999,-9999,-9999,-9999,-9999,-9999,-9999,-9999,-9999,-9999,-9999,-9999,-9999,-9999,-9999,-9999,-9999,-9999,-9999,-9999,-9999,-9999,-9999,-9999,-9999,-9999,-9999,-9999,-9999,-9999,-9999,-9999,-9999,-9999,-9999,-9999,-9999,-9999,-9999
-9999,-9999,-9999,-9999,-9999,-9999,-9999,-9999,-9999,-9999,-9999,-9999,-9999,-9999,-9999,-9999,-9999,-9999,-9999,-9999,-9999,-9999,-9999,-9999,-9999,-9999,-9999,-9999,-9999,-9999,-9999,-9999,-9999,-9999,-9999,-9999,-9999,-9999,-9999,-9999,-9999,-9999,-9999,-9999,-9999,-9999,-9999,-9999,-9999,-9999,-9999,-9999,-9999,-9999,-9999,-9999,6.23620621809096E-08,8.91853204620929E-08,1.24453535477187E-07,1.73460620089827E-07,-9999,-9999,-9999,-9999,-9999,8.51862296258332E-07,8.17043201095657E-07,1.14794067940238E-06,1.11219708287535E-06,7.17556815743592E-07,1.02508226973441E-06,5.10279915033607E-06,6.83912458043778E-06,6.77392563375179E-06,9.57260681389016E-07,4.91381706524407E-06,6.3673619479232E-06,-9999,-9999,6.11062159805442E-06,9.48335673456313E-06,8.32407022244297E-06,8.47459978103871E-06,2.18239692912903E-05,2.91039686999284E-05,2.66520182776731E-05,2.67793075181544E-05,1.64103748829802E-05,7.75942953623598E-06,-9999,-9999,-9999,-9999,-9999,-9999,-9999,-9999,-9999,-9999,-9999,-9999,-9999,-9999,-9999,-9999,-9999,-9999,-9999,-9999,-9999,-9999,-9999,-9999,-9999,-9999,-9999,-9999,-9999,-9999,-9999,-9999,-9999,-9999,-9999,-9999,-9999,-9999,-9999,-9999,-9999,-9999
-9999,-9999,-9999,-9999,-9999,-9999,-9999,-9999,-9999,-9999,-9999,-9999,-9999,-9999,-9999,-9999,-9999,-9999,-9999,-9999,-9999,-9999,-9999,-9999,-9999,-9999,-9999,-9999,-9999,-9999,-9999,-9999,-9999,-9999,-9999,-9999,-9999,-9999,-9999,-9999,-9999,-9999,-9999,-9999,-9999,-9999,-9999,-9999,-9999,-9999,-9999,-9999,-9999,-9999,-9999,6.56280434441214E-08,9.49719662912685E-08,1.34799847728573E-07,1.84960484261865E-07,2.44459499754157E-07,3.16121287369242E-07,4.28964000320775E-07,-9999,1.45258172778995E-06,3.86573447030969E-06,1.27251485082525E-06,1.18042282792885E-06,8.6477293734788E-06,8.72018790687434E-06,1.02538137980446E-06,9.93178105090919E-07,1.14276645035716E-05,1.44697305586305E-05,1.28511637740303E-05,1.13210398922092E-05,1.11815788841341E-05,8.68362258188426E-06,9.66833977145143E-06,1.62080832524225E-05,2.89196705125505E-05,6.92800167598762E-05,0.000106517283711582,0.000118627591291443,0.000118987743917387,0.000120318363769911,0.000121724071505014,0.000123189776786603,0.00012511809472926,0.000120807264465839,6.39436184428632E-05,2.72174856945639E-05,-9999,-9999,-9999,-9999,-9999,-9999,-9999,-9999,-9999,-9999,-9999,-9999,-9999,-9999,-9999,-9999,-9999,-9999,-9999,-9999,-9999,-9999,-9999,-9999,-9999,-9999,-9999,-9999,-9999,-9999,-9999,-9999,-9999,-9999,-9999,-9999,-9999,-9999,-9999,-9999
-9999,-9999,-9999,-9999,-9999,-9999,-9999,-9999,-9999,-9999,-9999,-9999,-9999,-9999,-9999,-9999,-9999,-9999,-9999,-9999,-9999,-9999,-9999,-9999,-9999,-9999,-9999,-9999,-9999,-9999,-9999,-9999,-9999,-9999,-9999,-9999,-9999,-9999,-9999,-9999,-9999,-9999,-9999,-9999,-9999,-9999,-9999,-9999,-9999,-9999,-9999,-9999,-9999,-9999,-9999,9.85803367825611E-08,1.43844971489671E-07,2.06249779921563E-07,2.83075536344768E-07,3.68899179647997E-07,4.60692234582893E-07,5.74361422422953E-07,7.39157883344888E-07,9.87401222118933E-07,1.34672245621914E-06,7.59571867092745E-06,1.30564294522628E-05,3.26191729982384E-05,5.24571514688432E-05,7.52901250962168E-05,8.57607010402717E-05,7.64999131206423E-05,9.42186015890911E-05,0.000105169296148233,8.44935711938888E-05,8.33326121210121E-05,7.86273230914958E-05,8.46369148348458E-05,0.000114870272227563,0.000118117517558858,0.000120662087283563,0.000122408004244789,0.00012391316704452,0.000124863552628085,0.000125615581055172,0.000126438651932403,0.000127436127513647,0.000128369269077666,0.000128884115838446,0.000128731335280463,0.000126839528093114,0.000105525672552176,2.51535693678306E-05,-9999,-9999,-9999,-9999,-9999,-9999,-9999,-9999,-9999,7.72897419665242E-06,7.72048861108487E-06,7.72629300627159E-06,-9999,-9999,-9999,-9999,-9999,-9999,-9999,-9999,-9999,-9999,-9999,-9999,-9999,-9999,-9999,-9999,-9999,-9999,-9999,-9999,-9999,-9999,-9999,-9999,-9999,-9999
-9999,-9999,-9999,-9999,-9999,-9999,-9999,-9999,-9999,-9999,-9999,-9999,-9999,-9999,-9999,-9999,-9999,-9999,-9999,-9999,-9999,-9999,-9999,-9999,-9999,-9999,-9999,-9999,-9999,-9999,-9999,3.76065167984052E-06,-9999,-9999,-9999,1.13832065835595E-05,-9999,-9999,-9999,-9999,-9999,-9999,-9999,-9999,-9999,-9999,-9999,-9999,-9999,-9999,-9999,-9999,-9999,-9999,-9999,-9999,-9999,1.40502393719544E-07,1.97222504993988E-07,2.70955553105523E-07,-9999,5.17672503974609E-07,7.13274516783713E-07,9.76471483227215E-07,1.33470018681692E-06,7.69925190979848E-06,1.36225735332118E-05,1.84368000191171E-05,1.13482810775167E-05,6.18945487076417E-05,0.000127112376503646,0.000133206209284253,0.000131881184643134,0.000130130312754773,0.000126016369904391,0.000122875004308298,0.000123558653285727,0.000124089216114953,0.000123175850603729,0.000122912402730435,0.000123200719826855,0.000124051497550681,0.000124135418445803,0.000124495738418773,0.000125679420307279,0.000126758561236784,0.000127947540022433,0.000129266700241715,0.000130217435071245,0.000130634274682961,0.000131030625198036,0.000128749030409381,0.000116988630907144,3.0630559194833E-05,-9999,-9999,-9999,-9999,-9999,-9999,-9999,-9999,1.04313603515038E-05,1.61254465638194E-05,1.05190520116594E-05,7.55152223064215E-06,7.61643832447589E-06,-9999,-9999,-9999,-9999,-9999,-9999,-9999,-9999,-9999,-9999,-9999,-9999,-9999,-9999,-9999,-9999,-9999,-9999,-9999,-9999,-9999,-9999,-9999,-9999
-9999,-9999,-9999,-9999,-9999,-9999,-9999,-9999,-9999,-9999,-9999,-9999,-9999,-9999,-9999,-9999,-9999,-9999,-9999,-9999,-9999,-9999,-9999,-9999,-9999,-9999,-9999,-9999,-9999,-9999,2.59324588114396E-06,5.03562387166312E-06,-9999,-9999,5.19128343512421E-06,8.89634702616604E-06,-9999,-9999,1.07054656837136E-05,1.94286112673581E-05,-9999,-9999,-9999,-9999,-9999,2.9049078875687E-06,-9999,-9999,-9999,-9999,-9999,-9999,-9999,-9999,-9999,-9999,-9999,-9999,-9999,-9999,-9999,7.31526256458892E-07,1.02339834029408E-06,1.43054717227642E-06,1.34013123442855E-06,7.54854818296735E-06,8.22561105451314E-06,7.80498521635309E-06,7.30668489268282E-06,4.23475794377737E-05,0.000129313106299378,0.000136420072522014,0.000135271722683683,0.000133084118715487,0.000130443484522402,0.000128111933008768,0.00012639221677091,0.000125056933029555,0.00012428495392669,0.000123913181596436,0.00012384497676976,0.000123877645819448,0.000123525911476463,0.000124524958664551,0.000125692153233103,0.000127355102449656,0.000128698418848217,0.0001300969888689,0.000131344189867377,0.000132093933643773,0.000132568122353405,0.000132450979435816,0.000130456173792481,0.00011022654507542,3.09851493511815E-05,-9999,-9999,-9999,-9999,-9999,1.22797091535176E-05,1.23620184240281E-05,2.34389444813132E-05,3.46383749274537E-05,2.62546363956062E-05,1.76608482433949E-05,1.16470364446286E-05,7.54033271732624E-06,-9999,-9999,-9999,-9999,-9999,-9999,-9999,-9999,-9999,-9999,-9999,-9999,-9999,-9999,-9999,-9999,-9999,-9999,-9999,-9999,-9999,-9999,-9999
-9999,-9999,-9999,-9999,-9999,-9999,-9999,-9999,-9999,-9999,-9999,-9999,-9999,-9999,-9999,-9999,-9999,-9999,-9999,-9999,-9999,-9999,-9999,6.05729519520537E-06,7.70026326790685E-06,-9999,-9999,-9999,-9999,6.1059413383191E-06,5.7851448218571E-06,2.32328648053226E-06,1.13609612526488E-05,1.20381378110324E-06,1.02419708127854E-05,1.79797934833914E-05,3.20817271131091E-05,1.40784377435921E-05,8.77959155332064E-06,-9999,8.9548593678046E-06,9.47224089031806E-06,-9999,-9999,3.08934759232216E-05,3.86781039196649E-06,2.13118664760259E-06,1.23804443319386E-06,-9999,-9999,-9999,-9999,-9999,-9999,-9999,-9999,-9999,5.77384071220877E-06,3.59938348992728E-06,-9999,-9999,-9999,1.46733816563938E-06,9.54934876062907E-06,9.06054901861353E-06,8.81125197338406E-06,8.3493769125198E-06,7.77465447754366E-06,1.00781535365968E-05,6.16918914602138E-05,0.000130604414152913,0.000137236158479936,0.000135716516524553,0.000133540350361727,0.000130932137835771,0.000128500905702822,0.000126617742353119,0.000125096557894722,0.000124202080769464,0.00012379810505081,0.000123364647151902,0.000118866839329712,0.000121406737889629,0.000124363534268923,0.0001260484859813,0.000127490347949788,0.000129281557747163,0.000130954271298833,0.000132299275719561,0.000133029447169974,0.00013342421152629,0.000133495326736011,0.000132692512124777,0.000126892235130072,3.71611531591043E-05,6.56525207887171E-06,9.48052104376984E-07,6.47133219899843E-07,9.74323256741627E-07,3.00314823107328E-05,5.91210373386275E-05,7.64957221690565E-05,8.53482342790812E-05,7.29468520148657E-05,6.90337183186784E-05,5.25062096130569E-05,3.16818768624216E-05,1.03666616269038E-05,7.57137195250834E-06,7.68982863519341E-06,-9999,-9999,-9999,-9999,-9999,-9999,-9999,-9999,-9999,-9999,-9999,-9999,-9999,-9999,-9999,-9999,-9999,-9999,-9999,-9999,-9999
-9999,-9999,-9999,-9999,-9999,-9999,-9999,-9999,-9999,-9999,-9999,-9999,-9999,-9999,-9999,-9999,-9999,-9999,-9999,-9999,-9999,-9999,9.08846504898975E-06,1.06147590486216E-05,7.13511917638243E-06,7.05088223185157E-06,7.67127858125605E-06,8.78906303114491E-06,1.64466491696658E-05,2.46699728450039E-05,1.85022599907825E-05,4.3455496779643E-05,5.95986748521682E-05,6.41367223579437E-05,7.3735645855777E-05,6.38883793726563E-05,6.34338794043288E-05,5.78564431634732E-05,3.34958567691501E-05,2.5617267965572E-05,8.4617204265669E-06,5.34004084329354E-06,4.68870621261885E-06,6.83380994814797E-06,2.54495580520597E-06,1.79201390437811E-06,1.6385350818382E-06,1.46585568927549E-06,8.80799916558317E-07,-9999,-9999,-9999,-9999,-9999,-9999,-9999,-9999,2.32372694881633E-05,1.99922287720256E-05,1.78459104063222E-05,-9999,-9999,9.6867424872471E-06,9.64488481258741E-06,9.38538869377226E-06,8.90446153789526E-06,8.26029372547055E-06,9.47639637161046E-06,3.0732848244952E-05,8.68280840222724E-05,0.00013277716061566,0.000137910610646941,0.000135803944431245,0.000133482710225508,0.000130793312564492,0.000128213854623027,0.000126144179375842,0.000124603946460411,0.00012352793419268,0.000123130477732047,0.000116907140181866,6.17407276877202E-05,7.40614050300792E-05,0.000103947968455032,0.000121478973596822,0.000127634179079905,0.000129727894091047,0.000131605265778489,0.000132983579533175,0.00013361478340812,0.000134309055283666,0.000134684320073575,0.000133618465042673,0.000124851387226954,5.99126396991778E-05,4.84058218717109E-05,3.91858884540852E-06,9.61424802881083E-07,4.62633834104054E-05,0.00010702210420277,0.000118804884550627,0.000125776467029937,0.000123939345940016,0.000119805394206196,0.000114985457912553,9.44474013522267E-05,6.04615233896766E-05,3.14539283863269E-05,1.15221446321812E-05,7.54651091483538E-06,-9999,-9999,-9999,-9999,-9999,-9999,-9999,-9999,-9999,-9999,-9999,-9999,-9999,-9999,-9999,-9999,-9999,-9999,-9999,-9999,-9999
-9999,-9999,-9999,-9999,-9999,-9999,-9999,-9999,-9999,-9999,-9999,-9999,-9999,-9999,-9999,-9999,-9999,-9999,-9999,-9999,-9999,-9999,8.96767414815258E-06,1.0590296369628E-05,8.84658584254794E-06,9.01947805687087E-06,3.29556569340639E-05,6.53077440802008E-05,8.60117288539186E-05,7.54897700971924E-05,7.50992185203359E-05,6.02494947088417E-05,6.46461849100888E-05,7.40254326956347E-05,6.87970459694043E-05,7.8237266279757E-05,9.26054417504929E-05,9.20574675546959E-05,9.61276164161973E-05,8.54880199767649E-05,6.00688872509636E-05,3.89913766412064E-05,1.63882850756636E-05,6.57915052215685E-06,3.50216055267083E-06,1.67010693985503E-06,1.66975837601058E-06,1.6188432709896E-06,1.04825028302002E-06,9.95453092400567E-07,9.87643829830631E-07,-9999,-9999,-9999,-9999,-9999,-9999,-9999,1.65420933626592E-05,1.43609695442137E-05,1.19823380373418E-05,1.01630021163146E-05,9.81616631179349E-06,9.5770137704676E-06,9.30595888348762E-06,8.74399665917736E-06,1.00400675364654E-05,3.17453341267537E-05,8.49293428473175E-05,0.000133798195747659,0.000140176649438217,0.000137844399432652,0.000135322159621865,0.000132837449200451,0.000130050408188254,0.000127395542222075,0.000125409744214267,0.000123960984637961,0.000122869663755409,0.000110311244498007,1.53858081830549E-06,8.56524764003552E-07,8.68023562361486E-07,8.77456898251694E-07,1.02178846645984E-05,8.47553310450166E-05,0.000127055085613392,0.000131881082779728,0.000133475376060233,0.000134582820464857,0.000135460562887602,0.000135973852593452,0.000135165901156142,0.000124671918456443,0.0001273108064197,0.000131916953250766,0.000116325660201255,6.22150619165041E-05,0.000125020116684027,0.000137108465423808,0.000138608433189802,0.000136545393615961,0.000132454966660589,0.000129939639009535,0.000126774699310772,0.000114796886919066,8.55903563206084E-05,5.58217434445396E-05,1.72611453308491E-05,7.29996645532083E-06,3.76193338524899E-06,-9999,-9999,-9999,-9999,-9999,-9999,-9999,-9999,-9999,-9999,-9999,-9999,-9999,-9999,-9999,-9999,-9999,-9999,-9999,-9999
-9999,-9999,-9999,-9999,-9999,-9999,-9999,-9999,-9999,-9999,-9999,-9999,-9999,-9999,-9999,-9999,-9999,-9999,-9999,-9999,-9999,-9999,8.61968965182314E-06,1.06807365227723E-05,1.66009431268321E-05,7.53335916670039E-05,9.71451663644984E-05,0.000106929386674892,0.00010141650272999,8.03378134150989E-05,7.97663087723777E-05,8.92588650458492E-05,9.37265722313896E-05,9.80897311819717E-05,0.000111506407847628,0.000110869572381489,0.000114536509499885,0.000117978299385868,0.000124928905279376,0.000116814648208674,0.000103578218840994,6.49565117782913E-05,3.45685439242516E-05,2.02254705072846E-05,1.76072135218419E-05,1.97878543986008E-05,1.74324377439916E-05,1.20917602544068E-05,1.27419048112642E-06,1.31561296257132E-06,1.33678372549184E-06,-9999,-9999,-9999,-9999,1.0599424058455E-05,1.10121418401832E-05,1.17516483442159E-05,1.27390467241639E-05,1.15515085781226E-05,1.2226015314809E-05,9.09355549083557E-06,7.53799349695328E-06,4.57793566965847E-06,1.24687257994083E-05,4.05357932322659E-05,1.88813992281212E-05,0.000103486228908878,0.000144998572068289,0.000142755699926056,0.000139955183840357,0.000137209106469527,0.000134524132590741,0.000131907494505867,0.000128767569549382,0.000126437094877474,0.000125058999401517,0.000117377756396309,8.42366375763959E-07,8.48080276227847E-07,8.58431633332657E-07,5.85299289923569E-07,5.93919139646459E-07,6.0121220712972E-07,9.05075864920946E-07,3.38236259267433E-06,4.45081059297081E-05,0.000117559626232833,0.000133107445435598,0.000135464695631526,0.00013658992247656,0.000137170674861409,0.000137739320052788,0.000138446688652039,0.000139179333928041,0.000139780109748244,0.000138518429594114,0.000138644318212755,0.000140999705763534,0.000142832883284427,0.000142794073326513,0.000140837073558941,0.000138373652589507,0.000136188362375833,0.000129887630464509,0.000124213664093986,0.000104314261989202,8.07792966952547E-05,3.68659639207181E-05,1.36623457365204E-05,1.63504410011228E-06,1.05653055015864E-06,-9999,-9999,-9999,-9999,-9999,-9999,-9999,-9999,-9999,-9999,-9999,-9999,-9999,-9999,-9999,-9999,-9999,-9999,-9999
-9999,-9999,-9999,-9999,-9999,-9999,-9999,-9999,-9999,-9999,-9999,-9999,-9999,-9999,-9999,-9999,-9999,-9999,-9999,-9999,-9999,7.77449349698145E-06,9.19671128940536E-06,3.55126758222468E-05,9.67097439570352E-05,0.000125777049106546,0.000125337566714734,0.000115829490823671,0.000100549965281971,0.000118280615424737,0.000117332398076542,0.000120655677164905,0.000120029908430297,0.000119465257739648,0.000126459068269469,0.000132412751554511,0.00013463239884004,0.000133800000185147,0.00013818172737956,0.000137266571982764,0.000133969006128609,0.000109876622445881,4.29500796599314E-05,2.70283926511183E-05,3.33791176672094E-05,3.04394161503296E-05,2.74957274086773E-05,2.78729130513966E-05,2.77240378636634E-05,2.00891536223935E-05,1.31240685732337E-05,8.97155587153975E-06,9.17150555324042E-06,9.52069240156561E-06,9.94033871393185E-06,9.52523532760097E-06,1.10081246020854E-05,9.97891402221285E-06,1.02132944448385E-05,1.13150699689868E-05,4.36958034697454E-05,9.13610929274E-05,4.4238731788937E-05,1.23892084502586E-06,1.21352354653936E-06,1.15831028324465E-06,4.4648077164311E-06,4.06120598199777E-05,0.000145437385072,0.000142684366437607,0.000139886295073666,0.000136090107844211,0.000133187393657863,0.000114367612695787,4.84273505207966E-06,8.66387154019321E-07,8.55565531310276E-07,8.51034542392881E-07,5.72171643398178E-07,5.769118729404E-07,5.83809139698133E-07,4.00011884948981E-07,4.06599269808794E-07,4.13037014368456E-07,6.22710047082364E-07,9.31381748614513E-07,6.01695182922413E-06,3.96507857658435E-05,0.000109142034489196,0.000133343026391231,0.000137143710162491,0.000138011775561608,0.000138447634526528,0.000138958639581688,0.000139874289743602,0.000140659933094867,0.000141205804538913,0.000141780605190434,0.000142629432957619,0.00014321249909699,0.000142629418405704,0.000141732438351028,0.000140533113153651,0.000139360417961143,0.000136456073960289,0.000128746280097403,0.000120565135148354,9.20408783713356E-05,5.44688227819279E-05,3.02161170111503E-05,8.31451143312734E-06,1.03307922927343E-06,1.0674061741156E-06,2.05835635824769E-06,-9999,-9999,-9999,-9999,-9999,-9999,-9999,-9999,-9999,-9999,-9999,-9999,-9999,-9999,-9999,-9999,-9999
-9999,-9999,-9999,-9999,-9999,-9999,-9999,-9999,-9999,-9999,-9999,-9999,-9999,-9999,-9999,-9999,-9999,-9999,-9999,-9999,-9999,1.53502187458798E-05,8.60221625771374E-05,0.000125788559671491,0.000140740579809062,0.000133222289150581,0.00012462523591239,0.0001194686992676,0.000126558094052598,0.000135870999656618,0.0001430360134691,0.000141985816298984,0.000145871643326245,0.000149003739352338,0.000146520222187974,0.000151955042383634,0.000151042055222206,0.00014868623111397,0.000149966814205982,0.000149699946632609,0.000146414662594907,0.000142929042340256,0.000134960093419068,0.00012157187302364,0.000107562409539241,8.63646127982065E-05,5.50065014977008E-05,3.02009575534612E-05,3.33752941514831E-05,2.76397822744912E-05,2.05899250431685E-05,1.36862799990922E-05,1.24653752209269E-05,1.01927389550838E-05,1.03408083305112E-05,1.6087491530925E-05,1.45021558637382E-05,1.4357202417159E-05,2.19544181163656E-05,9.47239313973114E-05,0.000155990681378171,0.000170187093317509,0.000165514589753002,5.23389135196339E-05,1.15933710276295E-06,1.12661189177743E-06,1.07664550341724E-06,0.000149525396409445,0.000146349964779802,0.000143235665746033,0.000101609322882723,9.38503490033327E-07,9.22460060337471E-07,9.13720896278392E-07,-9999,-9999,-9999,-9999,-9999,-9999,-9999,2.74599159411082E-07,2.7752176379181E-07,4.21649474446895E-07,6.34736295523908E-07,9.50212324823951E-07,2.15340514841955E-06,1.31481510834419E-05,5.27887641510461E-05,0.000113130088720936,0.000135738970129751,0.000138387666083872,0.000138815492391586,0.000139734023832716,0.00014041320537217,0.000140945703606121,0.000141454889671877,0.000142208431498148,0.000142667908221483,0.000142686403705738,0.000142037300975062,0.000141102136694826,0.00014064388233237,0.000140727541293018,0.000139046605909243,0.000134365458507091,0.000124916157801636,0.000107852793007623,8.22917936602607E-05,4.94770793011412E-05,2.69288120762212E-05,8.70471922098659E-06,5.92303376834025E-06,4.8312394937966E-06,6.49852745482349E-06,-9999,-9999,-9999,-9999,-9999,-9999,-9999,-9999,-9999,-9999,-9999,-9999,-9999,-9999,-9999,-9999
-9999,-9999,-9999,-9999,-9999,-9999,-9999,-9999,-9999,-9999,-9999,-9999,-9999,-9999,-9999,-9999,-9999,-9999,-9999,8.0904701462714E-06,2.1854515580344E-05,0.00012102259643143,0.000144094898132607,0.000143814497278072,0.000140172604005784,0.000145659912959673,0.000141835887916386,0.000140593008836731,0.000149210682138801,0.000149488027091138,0.000151238156831823,0.00015281853848137,0.000150933177792467,0.000148840190377086,0.000152101245475933,0.00015346086001955,0.000152631691889837,0.000150566134834662,0.000150979467434809,0.000151474290760234,0.000151192449266091,0.000149893501657061,0.000149463463458233,0.000146743521327153,0.000143962039146572,0.000137052586069331,0.000128652027342469,0.000120317119581159,9.41202306421474E-05,6.28630950814113E-05,2.71004610112868E-05,2.73702207778115E-05,3.03931410599034E-05,3.35691329382826E-05,4.41675292677246E-05,6.5970845753327E-05,0.000100007833680138,0.000109938060631976,0.000136917311465368,0.000163504300871864,0.000169543782249093,0.000169812148669735,0.000168984959600493,0.000169069913681597,4.16593411500799E-06,0.000159235220053233,0.000159809744218364,0.000152765176608227,0.000117282026621979,2.52981681114761E-06,9.86340864983504E-07,-9999,-9999,-9999,-9999,-9999,-9999,-9999,-9999,-9999,-9999,-9999,-9999,2.87849701408049E-07,4.3200302002333E-07,6.49260925911221E-07,9.68902895692736E-07,6.66245614411309E-06,2.70600776275387E-05,7.60492184781469E-05,0.000124865939142182,0.000138041432364844,0.000139579904498532,0.000139684954774566,0.000139936077175662,0.000140332893352024,0.000140772695885971,0.000141272277687676,0.000141498851007782,0.000141250144224614,0.000140595031552948,0.000139648676849902,0.0001386723597534,0.000138442570460029,0.000137955939862877,0.000135214708279818,0.000130506508867256,0.000123636302305385,0.000110729735752102,7.62926865718327E-05,4.137837458984E-05,2.9419150450849E-05,1.85303815669613E-05,7.31137515685987E-06,7.12574365024921E-06,-9999,-9999,-9999,-9999,-9999,-9999,-9999,-9999,-9999,-9999,-9999,-9999,-9999,-9999,-9999,-9999
-9999,-9999,-9999,-9999,-9999,-9999,-9999,-9999,-9999,-9999,-9999,-9999,-9999,-9999,-9999,-9999,-9999,-9999,2.42416153923841E-05,6.08570589974988E-05,0.000137563707539812,0.000154781650053337,0.000154372333781794,0.000157712434884161,0.000158665410708636,0.000156020250869915,0.000162956552230753,0.000164537865202874,0.000162015596288256,0.000159155402798206,0.000156401787535287,0.000153193104779348,0.000150314066559076,0.00015366476145573,0.000152941138367169,0.000155081957927905,0.000154402398038656,0.000154657842358574,0.000153155415318906,0.000152460124809295,0.000151836153236218,0.00015114268171601,0.000150884749018587,0.000150683903484605,0.000150131585542113,0.000148454782902263,0.000146442762343213,0.000142248987685889,0.000135280846734531,0.000118660522275604,7.51406914787367E-05,4.21973199991044E-05,5.44402646482922E-05,0.000100028861197643,0.000120511955174152,0.000131218461319804,0.000132593529997393,0.000145598707604222,0.00016175264318008,0.000166161713423207,0.00016693421639502,0.000166157013154589,0.000165339602972381,0.000164656288689002,0.00016286302707158,0.000160494237206876,0.000151258951518685,2.26347265197546E-06,-9999,-9999,-9999,-9999,-9999,-9999,-9999,-9999,-9999,-9999,-9999,-9999,-9999,-9999,-9999,-9999,-9999,6.57436146411783E-07,9.81969037638919E-07,2.94213850793312E-06,1.35397203848697E-05,4.55589033663273E-05,9.99325638986193E-05,0.000134581627207808,0.000139450989081524,0.00013993852189742,0.000139585885335691,0.000139302297611721,0.000139380033942871,0.000139603886054829,0.000139525611302815,0.00013904737716075,0.000138063784106635,0.00013704044977203,0.000136341448524036,0.000135777998366393,0.000135576061438769,0.000133942608954385,0.00012938394502271,0.000123675388749689,0.000116779061499983,0.000102333877293859,6.66394480504096E-05,4.08971463912167E-05,1.63434851856437E-05,8.02623526396928E-06,7.16683143764385E-06,-9999,-9999,-9999,-9999,-9999,-9999,-9999,-9999,-9999,-9999,-9999,-9999,-9999,-9999,-9999,-9999
-9999,-9999,-9999,-9999,-9999,-9999,-9999,-9999,-9999,-9999,-9999,-9999,1.27854195852706E-06,3.74723344975791E-06,-9999,8.46573038870702E-06,1.78123118530493E-05,6.64387262077071E-05,0.000122448574984446,0.000148153136251494,0.000165454403031617,0.000169541279319674,0.000170982297277078,0.00017037958605215,0.000168832411873154,0.000168720551300794,0.000167949780006893,0.000166010926477611,0.000164752782438882,0.000162351701874286,0.000159785253345035,0.000158034687046893,0.000157358212163672,0.000157063419464976,0.000156585345393978,0.000156521404278465,0.000155948699102737,0.000155229616211727,0.000154046050738543,0.000152702850755304,0.000151415981235914,0.000150236752233468,0.000149715211591683,0.000149700295878574,0.000149745523231104,0.000149574028910138,0.000149216881254688,0.000148483421071433,0.000147238693898544,0.000144126999657601,0.000135045600472949,0.000114554422907531,0.000101204590464476,0.000110447217593901,0.000119038624688983,0.000129676482174546,0.000140615098644048,0.000157346046762541,0.000162425960297696,0.000162049182108603,0.000162987111252733,0.00016328391211573,0.000162928903591819,0.000162378855748102,0.000161550851771608,0.000161104297148995,1.79415633283497E-06,-9999,-9999,-9999,-9999,-9999,-9999,-9999,-9999,-9999,-9999,-9999,-9999,-9999,-9999,-9999,-9999,-9999,-9999,-9999,6.64579999920534E-07,9.9028648037347E-07,4.84666679767543E-06,2.1651181668858E-05,6.5693624492269E-05,0.000119325384730473,0.000137930837809108,0.000139782161568291,0.00013974255125504,0.000138474744744599,0.000137874376378022,0.00013763528841082,0.000137122347950935,0.000136398404720239,0.00013524669338949,0.000133804482175037,0.000132918095914647,0.000132884742924944,0.000132654124172404,0.000131643173517659,0.00012898251588922,0.000124582657008432,0.000119853059004527,0.000109878164948896,8.05976233095862E-05,4.33021705248393E-05,1.76088215084746E-05,8.70200983627001E-06,6.96323513693642E-06,-9999,-9999,-9999,-9999,-9999,-9999,-9999,-9999,-9999,-9999,-9999,-9999,-9999,-9999,-9999,-9999
-9999,-9999,-9999,-9999,-9999,-9999,-9999,-9999,-9999,-9999,1.25829024000268E-06,1.24990344829712E-06,1.24302323456504E-06,1.37080805870937E-05,3.31435840053018E-05,8.71402735356241E-05,0.000131802909891121,0.000152213047840632,0.000165621866472065,0.000172317842952907,0.000174407250597142,0.000174226443050429,0.000173410793649964,0.000172331478097476,0.000171101215528324,0.00016946041432675,0.000167915219208226,0.000166124867973849,0.000164151075296104,0.000161991134518757,0.000159955423441716,0.000158059585373849,0.000156652822624892,0.000155889370944351,0.000155323825310916,0.000155069108586758,0.000154623950948007,0.000153733155457303,0.000152510750922374,0.000151176718645729,0.000149800835060887,0.000148436811286956,0.000147573329741135,0.000147418060805649,0.000147459213621914,0.000147409620694816,0.000147303333505988,0.000147187762195244,0.000147043785545975,0.000147057391586713,0.000147107261000201,0.000147051672684029,0.00014730250404682,0.000148157254443504,0.000150246938574128,0.000154615772771649,0.000157476693857461,0.000159277755301446,0.000160287323524244,0.000159764022100717,4.0881335735321E-05,1.0997612207575E-06,1.10902772121335E-06,3.00173041978269E-06,7.35501089366153E-05,8.34903039503843E-06,-9999,-9999,-9999,-9999,-9999,-9999,-9999,-9999,-9999,-9999,-9999,-9999,-9999,-9999,-9999,-9999,-9999,-9999,-9999,-9999,-9999,6.68488837618497E-07,9.94075890048407E-07,5.06428978042095E-06,2.59898388321744E-05,7.76290326029994E-05,0.000127927836729214,0.000138968520332128,0.000138947609229945,0.000138038260047324,0.000136394024593756,0.000135410038637929,0.0001344291085843,0.000133664696477354,0.000132378307171166,0.000130935950437561,0.000129561944049783,0.000129564752569422,0.000129584688693285,0.000128875326481648,0.000126980245113373,0.000124275800772011,0.000119070537039079,0.000109333275759127,8.89396178536117E-05,5.64832553209271E-05,2.08878318517236E-05,9.41405869525624E-06,6.75119463267038E-06,-9999,-9999,-9999,-9999,-9999,-9999,-9999,-9999,-9999,-9999,-9999,-9999,-9999,-9999,-9999,-9999
-9999,-9999,-9999,-9999,-9999,-9999,-9999,-9999,8.6334212028305E-06,8.59595002111746E-06,2.01296961677144E-06,3.33655975737202E-06,2.41130637732567E-05,0.000108022511994932,0.000146475693327375,0.000159621573402546,0.000169018690939993,0.000173740234458819,0.000174883607542142,0.000175656183273531,0.000175382665474899,0.000174481450812891,0.0001734181860229,0.000171910083736293,0.000170236191479489,0.000168288141139783,0.000166161131346598,0.000163921620696783,0.000161803254741244,0.000159667601110414,0.000157646543812007,0.000155764049850404,0.0001543058315292,0.00015374255599454,0.000153188448166475,0.000152822205564007,0.000152114080265164,0.000151132844621316,0.00014985776215326,0.000148277380503714,0.00014661492605228,0.000145104771945626,0.000144261546665803,0.000144162360811606,0.000144121033372357,0.00014399117208086,0.000143858065712266,0.000143776298500597,0.000143750818097033,0.000143992569064721,0.00014465297863353,0.000145985162816942,0.000147805942106061,0.00014992943033576,0.000152247695950791,0.000154236331582069,0.000155834888573736,0.00015729627921246,0.000158235823619179,0.00015813835489098,0.000154392226249911,1.08632627870975E-06,-9999,-9999,-9999,-9999,-9999,-9999,-9999,-9999,-9999,-9999,-9999,-9999,-9999,-9999,-9999,-9999,-9999,-9999,-9999,-9999,-9999,-9999,-9999,-9999,-9999,-9999,6.6960092226509E-07,9.94120796349307E-07,1.76525406914152E-06,1.41456384881167E-05,6.42186059849337E-05,0.000123574762255885,0.000136881324579008,0.00013717106776312,0.000135512978886254,0.000133493871544488,0.000131786626297981,0.00013090438733343,0.000129751017084345,0.000128571220557205,0.000127352162962779,0.000126513565191999,0.000126514336443506,0.000126027225633152,0.000124740661703981,0.000122724144603126,0.000118712734547444,0.000111470326373819,9.53038179432042E-05,6.22990555712022E-05,2.23375900532119E-05,9.12699306354625E-06,6.54849554848624E-06,-9999,-9999,-9999,-9999,-9999,-9999,-9999,-9999,-9999,-9999,-9999,-9999,-9999,-9999,-9999,-9999
-9999,-9999,-9999,-9999,-9999,-9999,-9999,-9999,8.44793248688802E-06,9.56546318775509E-06,1.0428368113935E-05,3.9945498429006E-05,0.000145336336572655,0.000165777222719043,0.000169787788763642,0.000173271255334839,0.000176025205291808,0.000177056921529584,0.00017698023293633,0.00017620247672312,0.000175049237441272,0.000173783148056827,0.000172209212905727,0.000170346698723733,0.000168308193678968,0.000166088648256846,0.000163529461133294,0.000160847528604791,0.000158788418048061,0.00015705508121755,0.000155329267727211,0.000153631277498789,0.0001523228129372,0.000151488726260141,0.000151021682540886,0.000150525607750751,0.000149780855281278,0.000148654755321331,0.000147166632814333,0.000145345358760096,0.000143544952152297,0.000141940894536674,0.000140930205816403,0.00014057572116144,0.000140267744427547,0.000140006173751317,0.000139869938720949,0.000139969968586229,0.000140112009830773,0.000140449978061952,0.000141102325869724,0.000142599863465875,0.000144702338729985,0.000147161175846122,0.000149648301885463,0.000151708285557106,0.000153333763591945,0.00015444635937456,0.000155364730744623,0.000156137815793045,0.000149715182487853,1.08134349829925E-06,-9999,-9999,-9999,-9999,-9999,-9999,-9999,-9999,-9999,-9999,-9999,-9999,-9999,-9999,-9999,-9999,-9999,-9999,-9999,-9999,-9999,-9999,-9999,-9999,-9999,-9999,-9999,-9999,9.9204089565319E-07,9.86920440482209E-07,1.99020905711222E-06,1.9778533896897E-05,9.63524435064755E-05,0.000132661021780223,0.000134041925775819,0.000132104934891686,0.000129934051074088,0.000128373736515641,0.000127255756524391,0.000126016064314172,0.000125013059005141,0.000124154714285396,0.000123727804748341,0.000123341495054774,0.000122177851153538,0.000120931676065084,0.000117941846838221,0.000112986366730183,0.000101794117654208,6.40996295260265E-05,2.37573349295417E-05,7.88476609159261E-06,6.53284678264754E-06,-9999,-9999,-9999,-9999,-9999,-9999,-9999,-9999,-9999,-9999,-9999,-9999,-9999,-9999,-9999,-9999
-9999,-9999,-9999,-9999,-9999,-9999,8.89065177034354E-06,8.72258533490822E-06,8.62746401253389E-06,2.42336045630509E-05,0.000112419402285013,0.000155688438098878,0.000170909188454971,0.000174249609699473,0.000176742265466601,0.000177769135916606,0.000178142436197959,0.000177803958649747,0.000176916408236139,0.00017548656614963,0.000173612585058436,0.00017179807764478,0.00017006671987474,0.000167947087902576,0.000165492267115042,0.00016342313028872,0.000160862735356204,0.000158410053700209,0.000156338588567451,0.000154462526552379,0.000152516586240381,0.000151163039845414,0.000150209947605617,0.000149380808579735,0.000148753155372106,0.000148161227116361,0.000147376267705113,0.000146376856719144,0.00014487054431811,0.000142975433846004,0.000141013733809814,0.000139581083203666,0.000138392904773355,0.000137678274768405,0.000137170718517154,0.000136916220071726,0.000136773291160353,0.000136688948259689,0.000137140683364123,0.000137555223773234,0.000138280360260978,0.000139743366162293,0.000141693381010555,0.000144168880069628,0.000146351943840273,0.000148483464727178,0.000150530569953844,0.00015172034909483,0.000151681611896493,7.33027991373092E-05,1.06729794424609E-06,-9999,-9999,-9999,-9999,-9999,-9999,-9999,-9999,-9999,-9999,-9999,-9999,-9999,-9999,-9999,-9999,-9999,-9999,-9999,-9999,-9999,-9999,-9999,-9999,-9999,-9999,-9999,-9999,-9999,-9999,-9999,-9999,9.60609554567782E-07,2.66849656327395E-06,4.42601412942167E-05,0.000119574026030023,0.000130090586026199,0.000128549494547769,0.000126425118651241,0.000124692000099458,0.000123660371173173,0.000122630168334581,0.000121979697723873,0.000121338845929131,0.000120746757602319,0.000119681171781849,0.000118299067253247,0.000116108254587743,0.000112831039587036,0.000102437392342836,7.24589917808771E-05,3.2886444387259E-05,6.66772893964662E-06,-9999,-9999,-9999,-9999,-9999,-9999,-9999,-9999,-9999,-9999,-9999,-9999,-9999,-9999,-9999,-9999,-9999
-9999,-9999,-9999,-9999,-9999,-9999,8.80631614563754E-06,1.09192960735527E-05,4.05502287321724E-05,0.000135688154841773,0.000165466932230629,0.000173635795363225,0.000176067871507257,0.000176926492713392,0.000177379683009349,0.00017759132606443,0.00017773182480596,0.00017740621115081,0.000176332716364413,0.000174371627508663,0.000171822583070025,0.000169738952536136,0.000168024824233726,0.000165807170560583,0.000163271717610769,0.000161122370627709,0.000158599010319449,0.000156065856572241,0.00015402129793074,0.000152029097080231,0.000149709987454116,0.000148538485518657,0.000147347018355504,0.000146331207361072,0.000145024401717819,0.000144365432788618,0.000144074292620644,0.000143599638249725,0.000142361837788485,0.000140678836032748,0.000138423114549369,0.000137345195980743,0.000136174145154655,0.000135441674501635,0.000135117443278432,0.000135287235025316,0.00013512147415895,0.000135574635351077,0.000135826761834323,0.000136776608997025,0.000137344453833066,0.000138986157253385,0.000141074109706096,0.000116698691272177,0.000136328249936923,0.000117576608317904,3.26025769936678E-06,1.03444779142592E-06,1.04424520941393E-06,-9999,-9999,-9999,-9999,-9999,-9999,-9999,-9999,-9999,-9999,-9999,-9999,-9999,-9999,-9999,-9999,-9999,-9999,-9999,-9999,-9999,-9999,-9999,-9999,-9999,-9999,-9999,-9999,-9999,-9999,-9999,-9999,-9999,-9999,-9999,9.38112350468145E-07,9.22434821859497E-07,1.81028663064353E-05,0.000104636215837672,0.000126217841170728,0.000124664176837541,0.000122547236969694,0.000121259843581356,0.00012055053957738,0.000119809948955663,0.000119166928925551,0.000118214047688525,0.000116918541607447,0.000115585804451257,0.000113802343548741,0.000111538276541978,0.000104662853118498,8.23968439362943E-05,3.47170680470299E-05,8.95838456926867E-06,7.28610757505521E-06,5.74083060200792E-06,-9999,-9999,-9999,-9999,-9999,-9999,-9999,-9999,-9999,-9999,-9999,-9999,-9999,-9999,-9999
-9999,-9999,-9999,-9999,1.15064067358617E-05,1.26310405903496E-05,8.8580045485287E-06,3.74415685655549E-05,0.000144244113471359,0.000170674480614252,0.000176720393938012,0.000177065798197873,0.000176666682818905,0.000176458255737089,0.000176417350303382,0.000176582325366326,0.000176796995219775,0.00017653290706221,0.000175439825397916,0.000173263775650412,0.000170203114976175,0.00016786131891422,0.000166592639288865,0.000163727643666789,0.000161299845785834,0.000159259274369106,0.000156381342094392,0.000154957218910567,0.000152691747643985,0.000150777283124626,0.000148219158290885,0.000146502527059056,0.000144935431308113,0.000144840843859129,0.000142814082209952,0.000142899196362123,0.00014308538811747,0.000142033968586475,0.000142101664096117,1.9283816072857E-05,9.62556805461645E-05,7.85274460213259E-05,0.000133557216031477,9.51109395828098E-05,0.000122650322737172,0.000133282490423881,0.000133841153001413,7.14156485628337E-05,2.29472279897891E-05,6.53455645078793E-05,9.24374126043404E-06,8.05512081569759E-06,9.60434590524528E-07,9.70028509073018E-07,-9999,-9999,-9999,-9999,-9999,-9999,-9999,-9999,-9999,-9999,-9999,-9999,-9999,-9999,-9999,-9999,-9999,-9999,-9999,-9999,-9999,-9999,-9999,-9999,-9999,-9999,-9999,-9999,-9999,-9999,-9999,-9999,-9999,-9999,-9999,-9999,-9999,-9999,-9999,-9999,-9999,6.07116248829698E-07,8.83665109085996E-07,2.83702811429976E-05,0.000116889445052948,0.00012266103294678,0.000120579068607185,0.000119101867312565,0.000118621392175555,0.000117806186608505,0.000116865856398363,0.000115643633762375,0.000114173803012818,0.000112786357931327,0.000111457869934384,0.00010975750774378,0.000105072351288982,7.99688714323565E-05,2.81808079307666E-05,5.51438188267639E-06,5.52853316548862E-06,3.97034364141291E-06,5.78962044528453E-06,-9999,-9999,-9999,-9999,-9999,-9999,-9999,-9999,-9999,-9999,-9999,-9999,-9999,-9999
-9999,-9999,-9999,-9999,9.151796803053E-06,1.40083293445059E-05,2.09888748941012E-05,0.00013796090206597,0.000174015105585568,0.000179119146196172,0.000178729475010186,0.000177440495463088,0.000176439076312818,0.000175535256857984,0.000174960703589022,0.000174874759977683,0.000175031207618304,0.000175352892256342,0.000174583066836931,0.000135505106300116,1.79085702711745E-06,1.15326315608399E-06,1.13971088921971E-06,1.12474697289144E-06,1.10910718831292E-06,1.09327470454446E-06,5.18738943355856E-06,1.06022980617126E-06,3.97534313378856E-06,1.02791977951711E-06,1.31630904434132E-05,0.000103974030935206,0.00013774931721855,0.000133197740069591,0.000142240169225261,0.000139448296977207,0.000141627417178825,0.000140181015012786,4.0385864849668E-05,9.64757305155217E-07,9.52437403611839E-07,9.43408110742894E-07,9.36450874178263E-07,9.31513454816013E-07,9.27965913888329E-07,9.26062625694613E-07,9.2533525730687E-07,-9999,-9999,-9999,-9999,-9999,-9999,-9999,-9999,-9999,-9999,-9999,-9999,-9999,-9999,-9999,-9999,-9999,-9999,-9999,-9999,-9999,-9999,-9999,-9999,-9999,-9999,-9999,-9999,-9999,-9999,-9999,-9999,-9999,-9999,-9999,-9999,-9999,-9999,-9999,-9999,-9999,-9999,-9999,-9999,-9999,-9999,-9999,-9999,-9999,8.63225977809634E-07,5.72254430153407E-06,0.000102198697277345,0.000119722637464292,0.000118709627713542,0.000116832634375896,0.000116260373033583,0.000115372400614433,0.00011424403055571,0.000112949004687835,0.000111359076981898,0.000109939355752431,0.000108733300294261,0.000107425854366738,0.0001041583091137,8.66160771693103E-05,4.37482776760589E-05,1.4825168364041E-05,2.65448579739314E-06,9.05897013581125E-06,5.50322056369623E-06,-9999,-9999,-9999,-9999,-9999,-9999,-9999,-9999,-9999,-9999,-9999,-9999,-9999,-9999
-9999,-9999,-9999,-9999,-9999,8.83873144630343E-06,0.000100655008282047,0.000173404376255348,0.000180485774762928,0.000180470859049819,0.000178857080754824,0.000177049732883461,0.000175924564246088,0.000174382395925932,0.000173476699274033,0.000173822889337316,0.000104307815490756,1.1922134035558E-06,1.19128264941537E-06,1.18978391583369E-06,-9999,-9999,-9999,-9999,-9999,-9999,-9999,-9999,-9999,-9999,-9999,-9999,-9999,3.68457699551072E-06,1.07313444459578E-05,9.27384462556802E-06,1.233866714756E-05,9.82462893261982E-07,-9999,-9999,-9999,-9999,-9999,-9999,-9999,-9999,-9999,-9999,-9999,-9999,-9999,-9999,-9999,-9999,-9999,-9999,-9999,-9999,-9999,-9999,-9999,-9999,-9999,-9999,-9999,-9999,-9999,-9999,-9999,-9999,-9999,-9999,-9999,-9999,-9999,-9999,-9999,-9999,-9999,-9999,-9999,-9999,-9999,-9999,-9999,-9999,-9999,-9999,-9999,-9999,-9999,-9999,-9999,-9999,-9999,-9999,5.68210793971957E-07,8.27187932372908E-07,8.7407257524319E-05,0.000116883908049203,0.000116282877570484,0.000114464040962048,0.000114112874143757,0.000112686604552437,0.000111398985609412,0.000110095432319213,0.000108689062471967,0.00010738726996351,0.000106071842310484,0.00010495878814254,0.00010326539631933,9.3250630015973E-05,6.07515430601779E-05,1.78750524355564E-05,9.91012166196015E-06,6.0548236433533E-06,-9999,-9999,-9999,-9999,-9999,-9999,-9999,-9999,-9999,-9999,-9999,-9999,-9999,-9999,-9999
-9999,-9999,-9999,-9999,-9999,3.49424153682776E-05,0.000163501856150106,0.000180656410520896,0.00018216558964923,0.000180801158421673,0.000178867907379754,0.000176789617398754,0.000174923552549444,0.000173665015609004,0.000172500454937108,1.97711651708232E-05,1.19790615826787E-06,8.03731666110252E-07,-9999,-9999,-9999,-9999,-9999,-9999,-9999,-9999,-9999,-9999,-9999,-9999,-9999,-9999,-9999,-9999,-9999,-9999,-9999,-9999,-9999,-9999,-9999,-9999,-9999,-9999,-9999,-9999,-9999,-9999,-9999,-9999,-9999,-9999,-9999,-9999,-9999,-9999,-9999,-9999,-9999,-9999,-9999,-9999,-9999,-9999,-9999,-9999,-9999,-9999,-9999,-9999,-9999,-9999,-9999,-9999,-9999,-9999,-9999,-9999,-9999,-9999,-9999,-9999,-9999,-9999,-9999,-9999,-9999,-9999,-9999,-9999,-9999,-9999,-9999,-9999,-9999,-9999,-9999,8.04353192052076E-07,6.65171100990847E-05,0.000114303198643029,0.00011382061347831,0.000112269844976254,0.000111666879092809,0.000109896958747413,0.00010840201866813,0.000107152707641944,0.000106090687040705,0.000104979764728341,0.000103836566268001,0.000102736325061414,0.000101250268926378,9.68732638284564E-05,6.98079820722342E-05,3.51704584318213E-05,6.78672358844779E-06,4.93741572427098E-06,-9999,-9999,-9999,-9999,-9999,-9999,-9999,-9999,-9999,-9999,-9999,-9999,-9999,-9999,-9999
-9999,-9999,9.53536709857872E-06,9.38019366003573E-06,9.08891979634063E-06,9.64434366323985E-05,0.000178238842636347,0.000182799631147645,0.000182617601240054,0.000180734583409503,0.000178744696313515,0.000176622357685119,0.000174857719684951,0.000171951251104474,1.03857128124218E-05,1.20213189802598E-06,8.0732144169815E-07,-9999,-9999,-9999,-9999,-9999,-9999,-9999,-9999,-9999,-9999,-9999,-9999,-9999,-9999,-9999,-9999,-9999,-9999,-9999,-9999,-9999,-9999,-9999,-9999,-9999,-9999,-9999,-9999,-9999,-9999,-9999,-9999,-9999,-9999,-9999,-9999,-9999,-9999,-9999,-9999,-9999,-9999,-9999,-9999,-9999,-9999,-9999,-9999,-9999,-9999,-9999,-9999,-9999,-9999,-9999,-9999,-9999,-9999,-9999,-9999,-9999,-9999,-9999,-9999,-9999,-9999,-9999,-9999,-9999,-9999,-9999,-9999,-9999,-9999,-9999,-9999,-9999,-9999,-9999,-9999,7.87540898272709E-07,3.87981090170797E-05,0.000111857065348886,0.000111829285742715,0.000109965636511333,0.000108561100205407,0.000107194362499285,0.000105394276033621,0.000104458973510191,0.000103634170955047,0.000102723148302175,0.000101655896287411,0.000100554956588894,9.94141155388206E-05,9.64977662079036E-05,8.4809769759886E-05,5.37179730599746E-05,2.87709954136517E-05,6.53577626508195E-06,-9999,-9999,-9999,-9999,-9999,-9999,-9999,-9999,-9999,-9999,-9999,-9999,-9999,-9999,-9999
-9999,-9999,-9999,-9999,1.12097714008996E-05,0.00015133545093704,0.000181496943696402,0.000183589174412191,0.000182486211997457,0.000180191113031469,0.000178297064849176,0.000176594519871287,0.000175279230461456,1.50726600622875E-05,1.20675190373731E-06,8.10313053989375E-07,-9999,-9999,-9999,-9999,-9999,-9999,-9999,-9999,-9999,-9999,-9999,-9999,-9999,-9999,-9999,-9999,-9999,-9999,-9999,-9999,-9999,-9999,-9999,-9999,-9999,-9999,-9999,-9999,-9999,-9999,-9999,-9999,-9999,-9999,-9999,-9999,-9999,-9999,-9999,-9999,-9999,-9999,-9999,-9999,-9999,-9999,-9999,-9999,-9999,-9999,-9999,-9999,-9999,-9999,-9999,-9999,-9999,-9999,-9999,-9999,-9999,-9999,-9999,-9999,-9999,-9999,-9999,-9999,-9999,-9999,-9999,-9999,-9999,-9999,-9999,-9999,-9999,-9999,-9999,-9999,-9999,7.73461238168238E-07,2.03918134502601E-05,0.00010919200576609,0.000109487373265438,0.00010804484190885,0.000106156818219461,0.000104752281913534,0.000102805039205123,0.000101966084912419,0.000101458092103712,0.000100575074611697,9.94910005829297E-05,9.8437798442319E-05,9.71958943409845E-05,9.54382194322534E-05,9.0974812337663E-05,7.88752804510295E-05,4.90273123432416E-05,1.45937265187968E-05,-9999,-9999,-9999,-9999,-9999,-9999,-9999,-9999,-9999,-9999,-9999,-9999,-9999,-9999,-9999
-9999,-9999,-9999,-9999,2.37467920669587E-05,0.000164754572324455,0.00018262852972839,0.00018370954785496,0.000182167073944584,0.000179568582098,0.00017789687262848,0.000176643268787302,0.000118483330879826,1.21125231089536E-06,8.14826819350856E-07,-9999,-9999,-9999,-9999,-9999,-9999,-9999,-9999,-9999,-9999,-9999,-9999,-9999,-9999,-9999,-9999,-9999,-9999,-9999,-9999,-9999,-9999,-9999,-9999,-9999,-9999,-9999,-9999,-9999,-9999,-9999,-9999,-9999,-9999,-9999,-9999,-9999,-9999,-9999,-9999,-9999,-9999,-9999,-9999,-9999,-9999,-9999,-9999,-9999,-9999,-9999,-9999,-9999,-9999,-9999,-9999,-9999,-9999,-9999,-9999,-9999,-9999,-9999,-9999,-9999,-9999,-9999,-9999,-9999,-9999,-9999,-9999,-9999,-9999,-9999,-9999,-9999,-9999,-9999,-9999,-9999,-9999,7.60667546728655E-07,8.21038247522665E-06,0.000105856313894037,0.000106959822005592,0.00010612638288876,0.000103996695543174,0.000102221136330627,0.000100646451755892,9.94381553027779E-05,9.89592299447395E-05,9.80574695859104E-05,9.72030829871073E-05,9.62099948083051E-05,9.51054171309806E-05,9.38322846195661E-05,9.17253782972693E-05,8.74312245287001E-05,7.32140033505857E-05,3.94266098737717E-05,5.40404425919405E-06,-9999,-9999,-9999,-9999,-9999,-9999,-9999,-9999,-9999,-9999,-9999,-9999,-9999,-9999
-9999,-9999,-9999,-9999,1.92667630471988E-05,0.000162585856742226,0.000182780306204222,0.000183520867722109,0.000181744224391878,0.00017924074199982,0.000177820911630988,0.000176710265805013,1.21281357223779E-06,8.17396141883364E-07,5.49034893992939E-07,-9999,-9999,-9999,-9999,-9999,-9999,-9999,-9999,-9999,-9999,-9999,-9999,-9999,-9999,-9999,-9999,-9999,-9999,-9999,-9999,-9999,-9999,-9999,-9999,-9999,-9999,-9999,-9999,-9999,-9999,-9999,-9999,-9999,-9999,-9999,-9999,-9999,-9999,-9999,-9999,-9999,-9999,-9999,-9999,-9999,-9999,-9999,-9999,-9999,-9999,-9999,-9999,-9999,-9999,-9999,-9999,-9999,-9999,-9999,-9999,-9999,-9999,-9999,-9999,-9999,-9999,-9999,-9999,-9999,-9999,-9999,-9999,-9999,-9999,-9999,-9999,-9999,-9999,-9999,-9999,-9999,-9999,4.9932043566514E-07,7.36237666387751E-07,0.00010112434392795,0.000104768172604963,0.000104075581475627,0.000102282043371815,9.9866978416685E-05,9.84848593361676E-05,9.72518973867409E-05,9.62880367296748E-05,9.55699142650701E-05,9.48344677453861E-05,9.40374739002436E-05,9.29834568523802E-05,9.173720900435E-05,9.04900953173637E-05,8.8351167505607E-05,8.16667452454567E-05,5.91574535064865E-05,1.85005428647855E-05,4.23258416049066E-06,-9999,-9999,-9999,-9999,-9999,-9999,-9999,-9999,-9999,-9999,-9999,-9999,-9999
-9999,-9999,-9999,-9999,1.00666929938598E-05,0.000148252802318893,0.000182381059858017,0.000183494383236393,0.000182028976269066,0.000179620896233246,0.00017816069885157,0.000176621353602968,1.21725850021903E-06,8.20450964056363E-07,-9999,-9999,-9999,-9999,-9999,-9999,-9999,-9999,-9999,-9999,-9999,-9999,-9999,-9999,-9999,-9999,-9999,-9999,-9999,-9999,-9999,-9999,-9999,-9999,-9999,-9999,-9999,-9999,-9999,-9999,-9999,-9999,-9999,-9999,-9999,-9999,-9999,-9999,-9999,-9999,-9999,-9999,-9999,-9999,-9999,-9999,-9999,-9999,-9999,-9999,-9999,-9999,-9999,-9999,-9999,-9999,-9999,-9999,-9999,-9999,-9999,-9999,-9999,-9999,-9999,-9999,-9999,-9999,-9999,-9999,-9999,-9999,-9999,-9999,-9999,-9999,-9999,-9999,-9999,-9999,-9999,-9999,-9999,4.92282651975984E-07,7.21479352705501E-07,9.63027923717164E-05,0.000102603284176439,0.000101876248663757,0.000100677076261491,9.82356941676699E-05,9.62849298957735E-05,9.50383982853964E-05,9.40455356612802E-05,9.36325377551839E-05,9.29067100514658E-05,9.2144422524143E-05,9.10131129785441E-05,8.98060170584358E-05,8.87722198967822E-05,8.72132368385792E-05,8.29067939775996E-05,7.30795654817484E-05,4.29346109740436E-05,8.08808181318454E-06,5.79729430683074E-06,5.92859009884705E-07,-9999,-9999,-9999,-9999,-9999,-9999,-9999,-9999,-9999,-9999,-9999
-9999,-9999,-9999,-9999,9.01748626347398E-06,8.0596815678291E-05,0.000179421811481006,0.000183906202437356,0.000183314637979493,0.000181674055056646,0.000179783834028058,0.000178277987288311,2.70957229986379E-06,1.22722781270568E-06,-9999,-9999,-9999,-9999,-9999,-9999,-9999,-9999,-9999,-9999,-9999,-9999,-9999,-9999,-9999,-9999,-9999,-9999,-9999,-9999,-9999,-9999,-9999,-9999,-9999,-9999,-9999,-9999,-9999,-9999,-9999,-9999,-9999,-9999,-9999,-9999,-9999,-9999,-9999,-9999,-9999,-9999,-9999,-9999,-9999,-9999,-9999,-9999,-9999,-9999,-9999,-9999,-9999,-9999,-9999,-9999,-9999,-9999,-9999,-9999,-9999,-9999,-9999,-9999,-9999,-9999,-9999,-9999,-9999,-9999,-9999,-9999,-9999,-9999,-9999,-9999,-9999,-9999,-9999,-9999,-9999,-9999,-9999,-9999,7.06315972820448E-07,9.27393484744243E-05,0.000100469827884808,9.96821690932848E-05,9.91547567537054E-05,9.68604435911402E-05,9.47136868489906E-05,9.35382122406736E-05,9.26990396692418E-05,9.18603618629277E-05,9.12363393581472E-05,9.03328036656603E-05,8.93209653440863E-05,8.82011372596025E-05,8.7230364442803E-05,8.60506625031121E-05,8.28923293738626E-05,7.55872461013496E-05,5.69415715290233E-05,1.33990297399578E-05,4.60484670838923E-06,-9999,-9999,-9999,-9999,-9999,-9999,-9999,-9999,-9999,-9999,-9999,-9999
-9999,-9999,-9999,-9999,9.04887565411627E-06,3.54118710674811E-05,0.000166914862347767,0.000183972835657187,0.000184176504262723,0.000183618656592444,0.000182201969437301,0.000180542003363371,0.000122716897749342,1.22880715025531E-06,-9999,-9999,-9999,-9999,-9999,-9999,-9999,-9999,-9999,-9999,-9999,-9999,-9999,-9999,-9999,-9999,-9999,-9999,-9999,-9999,-9999,-9999,-9999,-9999,-9999,-9999,-9999,-9999,-9999,-9999,-9999,-9999,-9999,-9999,-9999,-9999,-9999,-9999,-9999,-9999,-9999,-9999,-9999,-9999,-9999,-9999,-9999,-9999,-9999,-9999,-9999,-9999,-9999,-9999,-9999,-9999,-9999,-9999,-9999,-9999,-9999,-9999,-9999,-9999,-9999,-9999,-9999,-9999,-9999,-9999,-9999,-9999,-9999,-9999,-9999,-9999,-9999,-9999,-9999,-9999,-9999,-9999,-9999,-9999,6.9607034447472E-07,8.38200721773319E-05,9.87684252322651E-05,9.80889162747189E-05,9.75957882474177E-05,9.61291443672962E-05,9.37604127102531E-05,9.17578581720591E-05,9.10179005586542E-05,8.99922815733589E-05,8.92808457138017E-05,8.84302207850851E-05,8.7669279309921E-05,8.67383496370167E-05,8.58694620546885E-05,8.46203620312735E-05,8.22308720671572E-05,7.62734562158585E-05,6.59099605400115E-05,2.51238743658178E-05,4.555790383165E-06,4.09785798183293E-06,4.14059968534275E-06,-9999,-9999,-9999,-9999,-9999,-9999,-9999,-9999,-9999,-9999
-9999,-9999,-9999,-9999,-9999,1.00396382549661E-05,0.000136992981424555,0.000183341704541817,0.000184865988558158,0.000184809890924953,0.000183951226063073,0.000182121351826936,0.000179925773409195,1.23124505080341E-06,-9999,-9999,-9999,-9999,-9999,-9999,-9999,-9999,-9999,-9999,-9999,-9999,-9999,-9999,-9999,-9999,-9999,-9999,-9999,-9999,-9999,-9999,-9999,-9999,-9999,-9999,-9999,-9999,-9999,-9999,-9999,-9999,-9999,-9999,-9999,-9999,-9999,-9999,-9999,-9999,-9999,-9999,-9999,-9999,-9999,-9999,-9999,-9999,-9999,-9999,-9999,-9999,-9999,-9999,-9999,-9999,-9999,-9999,-9999,-9999,-9999,-9999,-9999,-9999,-9999,-9999,-9999,-9999,-9999,-9999,-9999,-9999,-9999,-9999,-9999,-9999,-9999,-9999,-9999,-9999,-9999,-9999,-9999,-9999,6.89141415932681E-07,6.67485655867495E-05,9.66305597103201E-05,9.68893000390381E-05,9.61625773925334E-05,9.4930648629088E-05,9.25822459976189E-05,9.01732564670965E-05,8.94180411705747E-05,8.83339162101038E-05,8.76657577464357E-05,8.6789732449688E-05,8.61172084114514E-05,8.53618475957774E-05,8.4549370512832E-05,8.3508959505707E-05,8.1922386016231E-05,7.90446938481182E-05,6.32098817732185E-05,3.84818995371461E-05,1.4365985407494E-05,9.65353046922246E-06,5.73290344618727E-06,4.19615707869525E-06,-9999,-9999,-9999,-9999,-9999,-9999,-9999,-9999,-9999
-9999,-9999,-9999,-9999,-9999,2.05430660571437E-06,9.71805420704186E-05,0.000180375791387632,0.000185501558007672,0.000185790646355599,0.000185256605618633,0.000183411146281287,0.000180865914444439,1.23596601042664E-06,-9999,-9999,-9999,-9999,-9999,-9999,-9999,-9999,-9999,-9999,-9999,-9999,-9999,-9999,-9999,-9999,-9999,-9999,-9999,-9999,-9999,-9999,-9999,-9999,-9999,-9999,-9999,-9999,-9999,-9999,-9999,-9999,-9999,-9999,-9999,-9999,-9999,-9999,-9999,-9999,-9999,-9999,-9999,-9999,-9999,-9999,-9999,-9999,-9999,-9999,-9999,-9999,-9999,-9999,-9999,-9999,-9999,-9999,-9999,-9999,-9999,-9999,-9999,-9999,-9999,-9999,-9999,-9999,-9999,-9999,-9999,-9999,-9999,-9999,-9999,-9999,-9999,-9999,-9999,-9999,-9999,-9999,-9999,-9999,6.85032603087166E-07,2.22704111365601E-05,9.40819008974358E-05,9.57675365498289E-05,9.48808155953884E-05,9.35755742830224E-05,9.14242846192792E-05,8.91292875166982E-05,8.80178849911317E-05,8.72191885719076E-05,8.63412642502226E-05,8.52637749630958E-05,8.45431495690718E-05,8.38574196677655E-05,8.31306970212609E-05,8.24428861960769E-05,8.12388607300818E-05,7.74860745877959E-05,6.56503907521255E-05,5.4373773309635E-05,4.28043204010464E-05,3.57649259967729E-05,1.07038549685967E-05,4.11251085097319E-06,-9999,-9999,-9999,-9999,-9999,-9999,-9999,-9999,-9999
-9999,-9999,-9999,-9999,-9999,1.26721295146126E-06,7.02595280017704E-05,0.000180932198418304,0.000186057281098329,0.000186633915291168,0.000186312739970163,0.000184387841727585,0.000179942973772995,1.24078485441714E-06,-9999,-9999,-9999,-9999,-9999,-9999,-9999,-9999,-9999,-9999,-9999,-9999,-9999,-9999,-9999,-9999,-9999,-9999,-9999,-9999,-9999,-9999,-9999,-9999,-9999,-9999,-9999,-9999,-9999,-9999,-9999,-9999,-9999,-9999,-9999,-9999,-9999,-9999,-9999,-9999,-9999,-9999,-9999,-9999,-9999,-9999,-9999,-9999,-9999,-9999,-9999,-9999,-9999,-9999,-9999,-9999,-9999,-9999,-9999,-9999,-9999,-9999,-9999,-9999,-9999,-9999,-9999,-9999,-9999,-9999,-9999,-9999,-9999,-9999,-9999,-9999,-9999,-9999,-9999,-9999,-9999,-9999,-9999,-9999,-9999,6.69312157697277E-07,9.18834775802679E-05,9.41167891141959E-05,9.372596105095E-05,9.22785766306333E-05,9.02202082215808E-05,8.7885906395968E-05,8.67349590407684E-05,8.59964784467593E-05,8.50022333906963E-05,8.40025022625923E-05,8.31469151307829E-05,8.25200113467872E-05,8.18145490484312E-05,8.1225429312326E-05,8.04861047072336E-05,7.78047178755514E-05,7.45357174309902E-05,7.00415912433527E-05,5.98698097746819E-05,3.78148906747811E-05,1.42746939673088E-05,4.04118009100785E-06,-9999,-9999,-9999,-9999,-9999,-9999,-9999,-9999,-9999
-9999,-9999,-9999,-9999,-9999,-9999,4.28713865403552E-05,0.00018210310372524,0.000186516088433564,0.000187326644663699,0.000186857738299295,0.000184530392289162,0.000182858362677507,-9999,-9999,-9999,-9999,-9999,-9999,-9999,-9999,-9999,-9999,-9999,-9999,-9999,-9999,-9999,-9999,-9999,-9999,-9999,-9999,-9999,-9999,-9999,-9999,-9999,-9999,-9999,-9999,-9999,-9999,-9999,-9999,-9999,-9999,-9999,-9999,-9999,-9999,-9999,-9999,-9999,-9999,-9999,-9999,-9999,-9999,-9999,-9999,-9999,-9999,-9999,-9999,-9999,-9999,-9999,-9999,-9999,-9999,-9999,-9999,-9999,-9999,-9999,-9999,-9999,-9999,-9999,-9999,-9999,-9999,-9999,-9999,-9999,-9999,-9999,-9999,-9999,-9999,-9999,-9999,-9999,-9999,-9999,-9999,-9999,-9999,6.61737715290656E-07,8.55723992572166E-05,9.25628482946195E-05,9.26439461181872E-05,9.13167532416992E-05,8.93619435373694E-05,8.72077289386652E-05,8.57701088534668E-05,8.48273775773123E-05,8.36868057376705E-05,8.27403855510056E-05,8.18877088022418E-05,8.11549107311293E-05,8.05104500614107E-05,7.99831905169412E-05,7.96936947153881E-05,7.90038029663265E-05,7.74832151364535E-05,7.23578123142943E-05,6.29542701062746E-05,4.70993327326141E-05,2.43665035668528E-05,4.9795435188571E-06,-9999,-9999,-9999,-9999,-9999,-9999,-9999,-9999,-9999
-9999,-9999,-9999,-9999,-9999,-9999,3.23911444866098E-05,0.000182816569576971,0.000187326033483259,0.000187769081094302,0.000186699966434389,0.000184341697604395,0.000181633877218701,-9999,-9999,-9999,-9999,-9999,-9999,-9999,-9999,-9999,-9999,-9999,-9999,-9999,-9999,-9999,-9999,-9999,-9999,-9999,-9999,-9999,-9999,-9999,-9999,-9999,-9999,-9999,-9999,-9999,-9999,-9999,-9999,-9999,-9999,-9999,-9999,-9999,-9999,-9999,-9999,-9999,-9999,-9999,-9999,-9999,-9999,-9999,-9999,-9999,-9999,-9999,-9999,-9999,-9999,-9999,-9999,-9999,-9999,-9999,-9999,-9999,-9999,-9999,-9999,-9999,-9999,-9999,-9999,-9999,-9999,-9999,-9999,-9999,-9999,-9999,-9999,-9999,-9999,-9999,-9999,-9999,-9999,-9999,-9999,-9999,-9999,6.54797077004332E-07,5.65367699891794E-05,9.13948024390265E-05,9.15626806090586E-05,9.021713049151E-05,8.83163447724655E-05,8.64034373080358E-05,8.4583880379796E-05,8.38362975628115E-05,8.2670732808765E-05,8.17093750811182E-05,8.08480908744968E-05,8.01740534370765E-05,7.95376399764791E-05,7.90444319136441E-05,7.88058168836869E-05,7.85419688327238E-05,7.76067172409967E-05,7.51099796616472E-05,6.93332985974848E-05,5.35597573616542E-05,3.76534844690468E-05,9.46973068494117E-06,5.01822205478675E-06,4.07279367209412E-06,-9999,-9999,-9999,-9999,-9999,-9999,-9999
-9999,-9999,-9999,-9999,-9999,-9999,5.16062427777797E-05,0.000186087228939869,0.000188235455425456,0.000187817844562232,0.000186142089660279,0.000183868818567134,0.000166989018907771,-9999,-9999,-9999,-9999,-9999,-9999,-9999,-9999,-9999,-9999,-9999,-9999,-9999,-9999,-9999,-9999,-9999,-9999,-9999,-9999,-9999,-9999,-9999,-9999,-9999,-9999,-9999,-9999,-9999,-9999,-9999,-9999,-9999,-9999,-9999,-9999,-9999,-9999,-9999,-9999,-9999,-9999,-9999,-9999,-9999,-9999,-9999,-9999,-9999,-9999,-9999,-9999,-9999,-9999,-9999,-9999,-9999,-9999,-9999,-9999,-9999,-9999,-9999,-9999,-9999,-9999,-9999,-9999,-9999,-9999,-9999,-9999,-9999,-9999,-9999,-9999,-9999,-9999,-9999,-9999,-9999,-9999,-9999,-9999,-9999,-9999,6.48033392280922E-07,3.81038671548595E-06,9.02175233932212E-05,9.00907107279636E-05,8.89505827217363E-05,8.70148942340165E-05,8.51195363793522E-05,8.34771199151874E-05,8.26299874461256E-05,8.17910768091679E-05,8.0867343058344E-05,7.99417830421589E-05,7.92258797446266E-05,7.87118478910998E-05,7.83622090239078E-05,7.80414484324865E-05,7.79636975494213E-05,7.72609637351707E-05,7.5433446909301E-05,7.09630694473162E-05,6.27231420367025E-05,4.47025122412015E-05,1.71375904756133E-05,8.60375257616397E-06,6.31076272838982E-06,4.07355764764361E-06,-9999,-9999,-9999,-9999,-9999,-9999
-9999,-9999,-9999,-9999,-9999,-9999,-9999,-9999,-9999,-9999,-9999,-9999,-9999,-9999,-9999,-9999,-9999,-9999,-9999,-9999,-9999,-9999,-9999,-9999,-9999,-9999,-9999,-9999,-9999,-9999,-9999,-9999,-9999,-9999,-9999,-9999,-9999,-9999,-9999,-9999,-9999,-9999,-9999,-9999,-9999,-9999,-9999,-9999,-9999,-9999,-9999,-9999,-9999,-9999,-9999,-9999,-9999,-9999,-9999,-9999,-9999,-9999,-9999,-9999,-9999,-9999,-9999,-9999,-9999,-9999,-9999,-9999,-9999,-9999,-9999,-9999,-9999,-9999,-9999,-9999,-9999,-9999,-9999,-9999,-9999,-9999,-9999,-9999,-9999,-9999,-9999,-9999,-9999,-9999,-9999,-9999,-9999,-9999,-9999,-9999,6.24999813680915E-07,8.6608633864671E-05,8.84967230376787E-05,8.75479163369164E-05,8.58402927406132E-05,8.40186767163686E-05,8.23793161544017E-05,8.16072642919607E-05,8.10427955002524E-05,8.00140041974373E-05,7.91614293120801E-05,7.85165975685231E-05,7.79308102210052E-05,7.76861415943131E-05,7.74670043028891E-05,7.74012951296754E-05,7.7255885116756E-05,7.63514326536097E-05,7.36463698558509E-05,6.69405126245692E-05,4.92496219521854E-05,2.64120862993877E-05,1.72755171661265E-05,1.30524549604161E-05,7.03500745657948E-06,4.05847822548822E-06,-9999,-9999,-9999,-9999,-9999
-9999,-9999,-9999,-9999,-9999,-9999,-9999,-9999,-9999,-9999,-9999,-9999,-9999,-9999,-9999,-9999,-9999,-9999,-9999,-9999,-9999,-9999,-9999,-9999,-9999,-9999,-9999,-9999,-9999,-9999,-9999,-9999,-9999,-9999,-9999,-9999,-9999,-9999,-9999,-9999,-9999,-9999,-9999,-9999,-9999,-9999,-9999,-9999,-9999,-9999,-9999,-9999,-9999,-9999,-9999,-9999,-9999,-9999,-9999,-9999,-9999,-9999,-9999,-9999,-9999,-9999,-9999,-9999,-9999,-9999,-9999,-9999,-9999,-9999,-9999,-9999,-9999,-9999,-9999,-9999,-9999,-9999,-9999,-9999,-9999,-9999,-9999,-9999,-9999,-9999,-9999,-9999,-9999,-9999,-9999,-9999,-9999,-9999,-9999,-9999,6.15522594671347E-07,6.54882242088206E-05,8.71864031068981E-05,8.60203290358186E-05,8.45495233079419E-05,8.27712428872474E-05,8.10992059996352E-05,8.06340467534028E-05,8.01437490736134E-05,7.91982311056927E-05,7.82383722253144E-05,7.77132663642988E-05,7.71273189457133E-05,7.70199694670737E-05,7.69856196711771E-05,7.72485145716928E-05,7.72488929214887E-05,7.6805372373201E-05,7.39610914024524E-05,6.67217464069836E-05,5.13662271259818E-05,3.29780741594732E-05,2.44701805058867E-05,1.43233282869915E-05,9.63341972237686E-06,4.53853681392502E-06,4.08019695896655E-06,-9999,-9999,-9999,-9999
-9999,-9999,-9999,-9999,-9999,-9999,-9999,-9999,-9999,-9999,-9999,-9999,-9999,-9999,-9999,-9999,-9999,-9999,-9999,-9999,-9999,-9999,-9999,-9999,-9999,-9999,-9999,-9999,-9999,-9999,-9999,-9999,-9999,-9999,-9999,-9999,-9999,-9999,-9999,-9999,-9999,-9999,-9999,-9999,-9999,-9999,-9999,-9999,-9999,-9999,-9999,-9999,-9999,-9999,-9999,-9999,-9999,-9999,-9999,-9999,-9999,-9999,-9999,-9999,-9999,-9999,-9999,-9999,-9999,-9999,-9999,-9999,-9999,-9999,-9999,-9999,-9999,-9999,-9999,-9999,-9999,-9999,-9999,-9999,-9999,-9999,-9999,-9999,-9999,-9999,-9999,-9999,-9999,-9999,-9999,-9999,-9999,-9999,-9999,-9999,6.08741459018347E-07,1.54897736592829E-06,8.59166611917317E-05,8.45756294438615E-05,8.32614387036301E-05,8.15053135738708E-05,8.00922935013659E-05,7.9707897384651E-05,7.92421342339367E-05,7.84318544901907E-05,7.75092994445004E-05,7.69917169236578E-05,7.64489013818093E-05,7.63327043387108E-05,7.65128061175346E-05,7.68550598877482E-05,7.66268349252641E-05,7.59937320253812E-05,7.39107199478894E-05,6.6528249590192E-05,5.54313664906658E-05,4.23235615016893E-05,3.0816656362731E-05,1.89357979252236E-05,1.06552433862817E-05,5.66643302590819E-06,4.08655932915281E-06,-9999,-9999,-9999,-9999
-9999,-9999,-9999,-9999,-9999,-9999,-9999,-9999,-9999,-9999,-9999,-9999,-9999,-9999,-9999,-9999,-9999,-9999,-9999,-9999,-9999,-9999,-9999,-9999,-9999,-9999,-9999,-9999,-9999,-9999,-9999,-9999,-9999,-9999,-9999,-9999,-9999,-9999,-9999,-9999,-9999,-9999,-9999,-9999,-9999,-9999,-9999,-9999,-9999,-9999,-9999,-9999,-9999,-9999,-9999,-9999,-9999,-9999,-9999,-9999,-9999,-9999,-9999,-9999,-9999,-9999,-9999,-9999,-9999,-9999,-9999,-9999,-9999,-9999,-9999,-9999,-9999,-9999,-9999,-9999,-9999,-9999,-9999,-9999,-9999,-9999,-9999,-9999,-9999,-9999,-9999,-9999,-9999,-9999,-9999,-9999,-9999,-9999,-9999,-9999,-9999,5.89775879689114E-07,7.87967510404997E-05,8.30188655527309E-05,8.18820117274299E-05,8.03056318545714E-05,7.9178877058439E-05,7.8673918324057E-05,7.83149152994156E-05,7.76411179685965E-05,7.66768789617345E-05,7.61645060265437E-05,7.57087327656336E-05,7.5545183790382E-05,7.57499437895603E-05,7.6249307312537E-05,7.67044839449227E-05,7.66143930377439E-05,7.42470583645627E-05,6.75632618367672E-05,5.71824275539257E-05,4.91905630042311E-05,3.53452669514809E-05,1.88820831681369E-05,1.17804893307039E-05,5.66791823075619E-06,4.08031246479368E-06,-9999,-9999,4.40444455307443E-06,4.40619669461739E-06
-9999,-9999,-9999,-9999,-9999,-9999,-9999,-9999,-9999,-9999,-9999,-9999,-9999,-9999,-9999,-9999,-9999,-9999,-9999,-9999,-9999,-9999,-9999,-9999,-9999,-9999,-9999,-9999,-9999,-9999,-9999,-9999,-9999,-9999,-9999,-9999,-9999,-9999,-9999,-9999,-9999,-9999,-9999,-9999,-9999,-9999,-9999,-9999,-9999,-9999,-9999,-9999,-9999,-9999,-9999,-9999,-9999,-9999,-9999,-9999,-9999,-9999,-9999,-9999,-9999,-9999,-9999,-9999,-9999,-9999,-9999,-9999,-9999,-9999,-9999,-9999,-9999,-9999,-9999,-9999,-9999,-9999,-9999,-9999,-9999,-9999,-9999,-9999,-9999,-9999,-9999,-9999,-9999,-9999,-9999,-9999,-9999,-9999,-9999,-9999,-9999,-9999,4.1206726564269E-06,8.30144199426286E-05,8.0805410107132E-05,7.95256346464157E-05,7.8523822594434E-05,7.8056902566459E-05,7.75140797486529E-05,7.66840021242388E-05,7.5811447459273E-05,7.53318454371765E-05,7.49892496969551E-05,7.49367827665992E-05,7.50932013033889E-05,7.55489527364261E-05,7.5963806011714E-05,7.582734542666E-05,7.34621935407631E-05,7.04586418578401E-05,6.38163037365302E-05,5.12138831254561E-05,3.52793249476235E-05,2.24932264245581E-05,1.06197476270609E-05,6.32707042313996E-06,4.12262716054101E-06,4.20126752942451E-06,4.29246165367658E-06,4.35047195423977E-06,4.84900238006958E-06
-9999,-9999,-9999,-9999,-9999,-9999,-9999,-9999,-9999,-9999,-9999,-9999,-9999,-9999,-9999,-9999,-9999,-9999,-9999,-9999,-9999,-9999,-9999,-9999,-9999,-9999,-9999,-9999,-9999,-9999,-9999,-9999,-9999,-9999,-9999,-9999,-9999,-9999,-9999,-9999,-9999,-9999,-9999,-9999,-9999,-9999,-9999,-9999,-9999,-9999,-9999,-9999,-9999,-9999,-9999,-9999,-9999,-9999,-9999,-9999,-9999,-9999,-9999,-9999,-9999,-9999,-9999,-9999,-9999,-9999,-9999,-9999,-9999,-9999,-9999,-9999,-9999,-9999,-9999,-9999,-9999,-9999,-9999,-9999,-9999,-9999,-9999,-9999,-9999,-9999,-9999,-9999,-9999,-9999,-9999,-9999,-9999,-9999,-9999,-9999,-9999,-9999,-9999,5.72739554627333E-05,8.10749988886528E-05,7.90312187746167E-05,7.84005533205345E-05,7.77133172960021E-05,7.71371196606196E-05,7.61390765546821E-05,7.52322594053112E-05,7.46324440115131E-05,7.43632335797884E-05,7.43843629606999E-05,7.46942023397423E-05,7.49090468161739E-05,7.50266699469648E-05,7.48849561205134E-05,7.30932806618512E-05,7.1007183578331E-05,6.50472939014435E-05,5.31983387190849E-05,3.98843330913223E-05,1.87378718692344E-05,9.5179657364497E-06,5.65804612051579E-06,4.63188189314678E-06,4.22386301579536E-06,4.78270749226795E-06,5.33778393219109E-06,4.39778668805957E-05
-9999,-9999,-9999,-9999,-9999,-9999,-9999,-9999,-9999,-9999,-9999,-9999,-9999,-9999,-9999,-9999,-9999,-9999,-9999,-9999,-9999,-9999,-9999,-9999,-9999,-9999,-9999,-9999,-9999,-9999,-9999,-9999,-9999,-9999,-9999,-9999,-9999,-9999,-9999,-9999,-9999,-9999,-9999,-9999,-9999,-9999,-9999,-9999,-9999,-9999,-9999,-9999,-9999,-9999,-9999,-9999,-9999,-9999,-9999,-9999,-9999,-9999,-9999,-9999,-9999,-9999,-9999,-9999,-9999,-9999,-9999,-9999,-9999,-9999,-9999,-9999,-9999,-9999,-9999,-9999,-9999,-9999,-9999,-9999,-9999,-9999,-9999,-9999,-9999,-9999,-9999,-9999,-9999,-9999,-9999,-9999,-9999,-9999,-9999,-9999,-9999,-9999,-9999,5.57511327770044E-07,5.68446848774329E-05,8.08815384516492E-05,7.89000478107482E-05,7.79169640736654E-05,7.71562190493569E-05,7.61243136366829E-05,7.52179184928536E-05,7.46557707316242E-05,7.43972559575923E-05,7.42986740078777E-05,7.42994016036391E-05,7.43566852179356E-05,7.39810493541881E-05,7.32358239474706E-05,7.2804577939678E-05,6.79955555824563E-05,6.02365616941825E-05,4.40659132436849E-05,2.39704004343366E-05,7.59914973968989E-06,5.00816076964838E-06,5.10741756443167E-06,5.83180462854216E-06,5.89257069805171E-06,1.01185478342813E-05,8.83535976754501E-05,8.94770782906562E-05
-9999,-9999,-9999,-9999,-9999,-9999,-9999,-9999,-9999,-9999,-9999,-9999,-9999,-9999,-9999,-9999,-9999,-9999,-9999,-9999,-9999,-9999,-9999,-9999,-9999,-9999,-9999,-9999,-9999,-9999,-9999,-9999,-9999,-9999,-9999,-9999,-9999,-9999,-9999,-9999,-9999,-9999,-9999,-9999,-9999,-9999,-9999,-9999,-9999,-9999,-9999,-9999,-9999,-9999,-9999,-9999,-9999,-9999,-9999,-9999,-9999,-9999,-9999,-9999,-9999,-9999,-9999,-9999,-9999,-9999,-9999,-9999,-9999,-9999,-9999,-9999,-9999,-9999,-9999,-9999,-9999,-9999,-9999,-9999,-9999,-9999,-9999,-9999,-9999,-9999,-9999,-9999,-9999,-9999,-9999,-9999,-9999,-9999,-9999,-9999,-9999,-9999,-9999,-9999,5.50626964468393E-07,5.47508534509689E-07,7.45114084566012E-05,7.88316610851325E-05,7.7101678471081E-05,7.62275376473553E-05,7.54339125705883E-05,7.49347891542129E-05,7.0289708673954E-05,5.86706701142248E-05,7.36060319468379E-05,7.15496062184684E-05,6.07155379839242E-05,5.09371493535582E-05,4.72553474537563E-05,4.08012492698617E-05,2.1569157979684E-05,8.27197163744131E-06,4.37423477706034E-06,3.985725925304E-06,7.08284824213479E-06,1.21746988952509E-05,4.54065957455896E-05,8.69467767188326E-05,8.87363130459562E-05,8.95306002348661E-05,8.8607739598956E-05
-9999,-9999,-9999,-9999,-9999,-9999,-9999,-9999,-9999,-9999,-9999,-9999,-9999,-9999,-9999,-9999,-9999,-9999,-9999,-9999,-9999,-9999,-9999,-9999,-9999,-9999,-9999,-9999,-9999,-9999,-9999,-9999,-9999,-9999,-9999,-9999,-9999,-9999,-9999,-9999,-9999,-9999,-9999,-9999,-9999,-9999,-9999,-9999,-9999,-9999,-9999,-9999,-9999,-9999,-9999,-9999,-9999,-9999,-9999,-9999,-9999,-9999,-9999,-9999,-9999,-9999,-9999,-9999,-9999,-9999,-9999,-9999,-9999,-9999,-9999,-9999,-9999,-9999,-9999,-9999,-9999,-9999,-9999,-9999,-9999,-9999,-9999,-9999,-9999,-9999,-9999,-9999,-9999,-9999,-9999,-9999,-9999,-9999,-9999,-9999,-9999,-9999,-9999,-9999,-9999,-9999,5.4071534805189E-07,2.69685642706463E-06,7.84140793257393E-05,7.72673956817016E-05,7.60724069550633E-05,7.53996646380983E-05,7.1714493969921E-05,7.20815150998533E-05,6.88678337610327E-05,5.407595745055E-05,3.96414616261609E-05,2.4652781576151E-05,9.82772417046363E-06,1.48143863043515E-05,9.09001209947746E-06,1.26378372442559E-05,4.3186591938138E-05,8.33767699077725E-05,8.52606608532369E-05,8.67953640408814E-05,8.76906342455186E-05,8.7716180132702E-05,8.76345875440165E-05,8.45979520818219E-05,4.40774601884186E-05
-9999,-9999,-9999,-9999,-9999,-9999,-9999,-9999,-9999,-9999,-9999,-9999,-9999,-9999,-9999,-9999,-9999,-9999,-9999,-9999,-9999,-9999,-9999,-9999,-9999,-9999,-9999,-9999,-9999,-9999,-9999,-9999,-9999,-9999,-9999,-9999,-9999,-9999,-9999,-9999,-9999,-9999,-9999,-9999,-9999,-9999,-9999,-9999,-9999,-9999,-9999,-9999,-9999,-9999,-9999,-9999,-9999,-9999,-9999,-9999,-9999,-9999,-9999,-9999,-9999,-9999,-9999,-9999,-9999,-9999,-9999,-9999,-9999,-9999,-9999,-9999,-9999,-9999,-9999,-9999,-9999,-9999,-9999,-9999,-9999,-9999,-9999,-9999,-9999,-9999,-9999,-9999,-9999,-9999,-9999,-9999,-9999,-9999,-9999,-9999,-9999,-9999,-9999,-9999,-9999,-9999,-9999,-9999,5.29592966813652E-07,2.14117744690157E-06,7.52571795601398E-05,7.71962877479382E-05,7.66959565225989E-05,7.63949865358882E-05,7.60572365834378E-05,7.59215690777637E-05,7.59816757636145E-05,7.66875382396393E-05,7.76587767177261E-05,7.87070821388625E-05,8.0085992522072E-05,8.20170971564949E-05,8.38038686197251E-05,8.48145791678689E-05,8.53719902806915E-05,8.59521533129737E-05,8.56820115586743E-05,8.08910554042086E-05,4.85339442093391E-05,3.39301595886354E-06,-9999
-9999,-9999,-9999,-9999,-9999,-9999,-9999,-9999,-9999,-9999,-9999,-9999,-9999,-9999,-9999,-9999,-9999,-9999,-9999,-9999,-9999,-9999,-9999,-9999,-9999,-9999,-9999,-9999,-9999,-9999,-9999,-9999,-9999,-9999,-9999,-9999,-9999,-9999,-9999,-9999,-9999,-9999,-9999,-9999,-9999,-9999,-9999,-9999,-9999,-9999,-9999,-9999,-9999,-9999,-9999,-9999,-9999,-9999,-9999,-9999,-9999,-9999,-9999,-9999,-9999,-9999,-9999,-9999,-9999,-9999,-9999,-9999,-9999,-9999,-9999,-9999,-9999,-9999,-9999,-9999,-9999,-9999,-9999,-9999,-9999,-9999,-9999,-9999,-9999,-9999,-9999,-9999,-9999,-9999,-9999,-9999,-9999,-9999,-9999,-9999,-9999,-9999,-9999,-9999,-9999,-9999,-9999,-9999,-9999,-9999,5.26890971741523E-07,5.25419920904824E-07,5.24279471392219E-07,5.23216954206873E-07,2.1685646061087E-06,3.04673130813171E-06,5.22981167705439E-07,5.26320434346417E-07,5.32391538854426E-07,1.03569470866205E-06,3.37127403327031E-06,1.50008427226567E-05,3.13907657982782E-05,3.4758591937134E-05,8.05290528660407E-06,5.89297371789144E-07,5.95427138705418E-07,5.98842348153994E-07,-9999,-9999,-9999
-9999,-9999,-9999,-9999,-9999,-9999,-9999,-9999,-9999,-9999,-9999,-9999,-9999,-9999,-9999,-9999,-9999,-9999,-9999,-9999,-9999,-9999,-9999,-9999,-9999,-9999,-9999,-9999,-9999,-9999,-9999,-9999,-9999,-9999,-9999,-9999,-9999,-9999,-9999,-9999,-9999,-9999,-9999,-9999,-9999,-9999,-9999,-9999,-9999,-9999,-9999,-9999,-9999,-9999,-9999,-9999,-9999,-9999,-9999,-9999,-9999,-9999,-9999,-9999,-9999,-9999,-9999,-9999,-9999,-9999,-9999,-9999,-9999,-9999,-9999,-9999,-9999,-9999,-9999,-9999,-9999,-9999,-9999,-9999,-9999,-9999,-9999,-9999,-9999,-9999,-9999,-9999,-9999,-9999,-9999,-9999,-9999,-9999,-9999,-9999,-9999,-9999,-9999,-9999,-9999,-9999,-9999,-9999,-9999,-9999,-9999,-9999,-9999,-9999,-9999,-9999,-9999,-9999,-9999,-9999,-9999,-9999,-9999,-9999,-9999,-9999,-9999,-9999,-9999,-9999,-9999
-9999,-9999,-9999,-9999,-9999,-9999,-9999,-9999,-9999,-9999,-9999,-9999,-9999,-9999,-9999,-9999,-9999,-9999,-9999,-9999,-9999,-9999,-9999,-9999,-9999,-9999,-9999,-9999,-9999,-9999,-9999,-9999,-9999,-9999,-9999,-9999,-9999,-9999,-9999,-9999,-9999,-9999,-9999,-9999,-9999,-9999,-9999,-9999,-9999,-9999,-9999,-9999,-9999,-9999,-9999,-9999,-9999,-9999,-9999,-9999,-9999,-9999,-9999,-9999,-9999,-9999,-9999,-9999,-9999,-9999,-9999,-9999,-9999,-9999,-9999,-9999,-9999,-9999,-9999,-9999,-9999,-9999,-9999,-9999,-9999,-9999,-9999,-9999,-9999,-9999,-9999,-9999,-9999,-9999,-9999,-9999,-9999,-9999,-9999,-9999,-9999,-9999,-9999,-9999,-9999,-9999,-9999,-9999,-9999,-9999,-9999,-9999,-9999,-9999,-9999,-9999,-9999,-9999,-9999,-9999,-9999,-9999,-9999,-9999,-9999,-9999,-9999,-9999,-9999,-9999,-9999

Step,421
Year,35.08333
-9999,-9999,-9999,-9999,-9999,-9999,-9999,-9999,-9999,-9999,-9999,-9999,-9999,-9999,-9999,-9999,-9999,-9999,-9999,-9999,-9999,-9999,-9999,-9999,-9999,-9999,-9999,-9999,-9999,-9999,-9999,-9999,-9999,-9999,-9999,-9999,-9999,-9999,-9999,-9999,-9999,-9999,-9999,-9999,-9999,-9999,-9999,-9999,-9999,-9999,-9999,-9999,-9999,-9999,-9999,-9999,-9999,-9999,-9999,-9999,-9999,-9999,-9999,-9999,-9999,-9999,-9999,-9999,-9999,-9999,-9999,-9999,-9999,-9999,-9999,-9999,-9999,-9999,-9999,-9999,-9999,-9999,-9999,-9999,-9999,-9999,-9999,-9999,-9999,-9999,-9999,-9999,-9999,-9999,-9999,-9999,-9999,-9999,-9999,-9999,-9999,-9999,-9999,-9999,-9999,-9999,-9999,-9999,-9999,-9999,-9999,-9999,-9999,-9999,-9999,-9999,-9999,-9999,-9999,-9999,-9999,-9999,-9999,-9999,-9999,-9999,-9999,-9999,-9999,-9999,-9999
-9999,-9999,-9999,-9999,-9999,-9999,-9999,-9999,-9999,-9999,-9999,-9999,-9999,-9999,-9999,-9999,-9999,-9999,-9999,-9999,-9999,-9999,-9999,-9999,-9999,-9999,-9999,-9999,-9999,-9999,-9999,-9999,-9999,-9999,-9999,-9999,-9999,-9999,-9999,-9999,-9999,-9999,-9999,-9999,-9999,-9999,-9999,-9999,-9999,-9999,-9999,-9999,-9999,-9999,-9999,-9999,-9999,-9999,-9999,-9999,-9999,-9999,-9999,-9999,-9999,-9999,-9999,-9999,-9999,-9999,-9999,-9999,-9999,-9999,-9999,-9999,-9999,-9999,-9999,-9999,-9999,-9999,-9999,-9999,-9999,-9999,-9999,-9999,-9999,-9999,-9999,-9999,-9999,-9999,-9999,-9999,-9999,-9999,-9999,-9999,-9999,-9999,-9999,-9999,-9999,-9999,-9999,-9999,-9999,-9999,-9999,-9999,-9999,-9999,-9999,-9999,-9999,-9999,-9999,-9999,-9999,-9999,-9999,-9999,-9999,-9999,-9999,-9999,-9999,-9999,-9999
-9999,-9999,-9999,-9999,-9999,-9999,-9999,-9999,-9999,-9999,-9999,-9999,-9999,-9999,-9999,-9999,-9999,-9999,-9999,-9999,-9999,-9999,-9999,-9999,-9999,-9999,-9999,-9999,-9999,-9999,-9999,-9999,-9999,-9999,-9999,-9999,-9999,-9999,-9999,-9999,-9999,-9999,-9999,-9999,-9999,-9999,-9999,-9999,-9999,-9999,-9999,-9999,-9999,-9999,-9999,-9999,-9999,-9999,-9999,-9999,-9999,-9999,-9999,-9999,-9999,-9999,-9999,-9999,-9999,-9999,-9999,-9999,-9999,-9999,4.61217297242911E-07,6.85227291796764E-07,-9999,-9999,-9999,-9999,-9999,-9999,-9999,-9999,-9999,-9999,-9999,-9999,-9999,-9999,-9999,-9999,-9999,-9999,-9999,-9999,-9999,-9999,-9999,-9999,-9999,-9999,-9999,-9999,-9999,-9999,-9999,-9999,-9999,-9999,-9999,-9999,-9999,-9999,-9999,-9999,-9999,-9999,-9999,-9999,-9999,-9999,-9999,-9999,-9999,-9999,-9999,-9999,-9999,-9999,-9999
-9999,-9999,-9999,-9999,-9999,-9999,-9999,-9999,-9999,-9999,-9999,-9999,-9999,-9999,-9999,-9999,-9999,-9999,-9999,-9999,-9999,-9999,-9999,-9999,-9999,-9999,-9999,-9999,-9999,-9999,-9999,-9999,-9999,-9999,-9999,-9999,-9999,-9999,-9999,-9999,-9999,-9999,-9999,-9999,-9999,-9999,-9999,-9999,-9999,-9999,-9999,-9999,-9999,-9999,-9999,-9999,-9999,-9999,-9999,-9999,-9999,-9999,-9999,-9999,-9999,-9999,-9999,-9999,-9999,-9999,-9999,-9999,-9999,-9999,6.61590831896319E-07,9.78389948613767E-07,-9999,-9999,-9999,-9999,-9999,-9999,-9999,-9999,-9999,-9999,-9999,-9999,-9999,-9999,-9999,-9999,-9999,-9999,-9999,-9999,-9999,-9999,-9999,-9999,-9999,-9999,-9999,-9999,-9999,-9999,-9999,-9999,-9999,-9999,-9999,-9999,-9999,-9999,-9999,-9999,-9999,-9999,-9999,-9999,-9999,-9999,-9999,-9999,-9999,-9999,-9999,-9999,-9999,-9999,-9999
-9999,-9999,-9999,-9999,-9999,-9999,-9999,-9999,-9999,-9999,-9999,-9999,-9999,-9999,-9999,-9999,-9999,-9999,-9999,-9999,-9999,-9999,-9999,-9999,-9999,-9999,-9999,-9999,-9999,-9999,-9999,-9999,-9999,-9999,-9999,-9999,-9999,-9999,-9999,-9999,-9999,-9999,-9999,-9999,-9999,-9999,-9999,-9999,-9999,-9999,-9999,-9999,-9999,-9999,-9999,-9999,5.8144774328639E-08,8.34878051136911E-08,1.17189379977845E-07,1.6428623439424E-07,-9999,-9999,-9999,-9999,-9999,8.44514602249546E-07,8.09683001534722E-07,1.13650003186194E-06,1.09983272977843E-06,7.07579943082237E-07,1.00899524113629E-06,5.02015700476477E-06,6.72451460559387E-06,6.65539027977502E-06,9.36354012992524E-07,4.79480149806477E-06,6.20634273218457E-06,-9999,-9999,5.87229533266509E-06,9.10301423573401E-06,7.98185828898568E-06,8.12195958133088E-06,2.0917772417306E-05,2.7913140002056E-05,2.55786089837784E-05,2.57103693002136E-05,1.57587564899586E-05,7.45333954910166E-06,-9999,-9999,-9999,-9999,-9999,-9999,-9999,-9999,-9999,-9999,-9999,-9999,-9999,-9999,-9999,-9999,-9999,-9999,-9999,-9999,-9999,-9999,-9999,-9999,-9999,-9999,-9999,-9999,-9999,-9999,-9999,-9999,-9999,-9999,-9999,-9999,-9999,-9999,-9999,-9999,-9999,-9999
-9999,-9999,-9999,-9999,-9999,-9999,-9999,-9999,-9999,-9999,-9999,-9999,-9999,-9999,-9999,-9999,-9999,-9999,-9999,-9999,-9999,-9999,-9999,-9999,-9999,-9999,-9999,-9999,-9999,-9999,-9999,-9999,-9999,-9999,-9999,-9999,-9999,-9999,-9999,-9999,-9999,-9999,-9999,-9999,-9999,-9999,-9999,-9999,-9999,-9999,-9999,-9999,-9999,-9999,-9999,6.09721837463439E-08,8.85226185687316E-08,1.26323456584032E-07,1.74576840095142E-07,2.32858852200479E-07,3.04051013699791E-07,4.15095485095662E-07,-9999,1.43364877658314E-06,3.82402413379168E-06,1.26031909530866E-06,1.16968385555083E-06,8.56443421071162E-06,8.62555498315487E-06,1.00985698736622E-06,9.75386569734837E-07,1.11972385639092E-05,1.41627770062769E-05,1.25622491395916E-05,1.10412884168909E-05,1.08851281765965E-05,8.43071666167816E-06,9.34574745770078E-06,1.56028017954668E-05,2.77582239505136E-05,6.63365644868463E-05,0.000101820121926721,0.000113302849058527,0.000113639413029887,0.000114981630758848,0.000116407813038677,0.000117858580779284,0.000119732132588979,0.000115623035526369,6.11752402619459E-05,2.60198467003647E-05,-9999,-9999,-9999,-9999,-9999,-9999,-9999,-9999,-9999,-9999,-9999,-9999,-9999,-9999,-9999,-9999,-9999,-9999,-9999,-9999,-9999,-9999,-9999,-9999,-9999,-9999,-9999,-9999,-9999,-9999,-9999,-9999,-9999,-9999,-9999,-9999,-9999,-9999,-9999,-9999
-9999,-9999,-9999,-9999,-9999,-9999,-9999,-9999,-9999,-9999,-9999,-9999,-9999,-9999,-9999,-9999,-9999,-9999,-9999,-9999,-9999,-9999,-9999,-9999,-9999,-9999,-9999,-9999,-9999,-9999,-9999,-9999,-9999,-9999,-9999,-9999,-9999,-9999,-9999,-9999,-9999,-9999,-9999,-9999,-9999,-9999,-9999,-9999,-9999,-9999,-9999,-9999,-9999,-9999,-9999,9.16095288516772E-08,1.34151107999969E-07,1.93575630191845E-07,2.67656133701166E-07,3.52186702912149E-07,4.441517091891E-07,5.58989768251195E-07,7.2455759436707E-07,9.72391035247711E-07,1.33035200633458E-06,7.52032974560279E-06,1.29228365040035E-05,3.22435553243849E-05,5.16601685376372E-05,7.37423106329516E-05,8.3713821368292E-05,7.45301440474577E-05,9.16461576707661E-05,0.000102177305961959,8.19871347630396E-05,8.07382166385651E-05,7.60114126023836E-05,8.15989915281534E-05,0.000110397020762321,0.000113220412458759,0.000115389637358021,0.000116810297186021,0.00011808341514552,0.000118910742457956,0.000119683958473615,0.000120573844469618,0.000121615528769325,0.000122538214782253,0.000123063451610506,0.000122884492157027,0.000121034288895316,0.000100657918665092,2.39919972955249E-05,-9999,-9999,-9999,-9999,-9999,-9999,-9999,-9999,-9999,7.60463672122569E-06,7.59674003347754E-06,7.6013616308046E-06,-9999,-9999,-9999,-9999,-9999,-9999,-9999,-9999,-9999,-9999,-9999,-9999,-9999,-9999,-9999,-9999,-9999,-9999,-9999,-9999,-9999,-9999,-9999,-9999,-9999,-9999
-9999,-9999,-9999,-9999,-9999,-9999,-9999,-9999,-9999,-9999,-9999,-9999,-9999,-9999,-9999,-9999,-9999,-9999,-9999,-9999,-9999,-9999,-9999,-9999,-9999,-9999,-9999,-9999,-9999,-9999,-9999,3.51141238752462E-06,-9999,-9999,-9999,1.06825073089567E-05,-9999,-9999,-9999,-9999,-9999,-9999,-9999,-9999,-9999,-9999,-9999,-9999,-9999,-9999,-9999,-9999,-9999,-9999,-9999,-9999,-9999,1.32210629999463E-07,1.86575562111102E-07,2.58049709600527E-07,-9999,5.06847413817013E-07,7.00472526204976E-07,9.61408090915938E-07,1.31694343963318E-06,7.61285718908766E-06,1.34652564156568E-05,1.81975465238793E-05,1.11494118755218E-05,6.04088891122956E-05,0.000123591758892871,0.000129321924760006,0.000127881910884753,0.000126080514746718,0.000121995159133803,0.000118793454021215,0.000119229480333161,0.000119465876196045,0.000118283955089282,0.000117676107038278,0.000117584524559788,0.000118055570055731,0.000117859628517181,0.000118049923912622,0.000119213240395766,0.000120375094411429,0.000121653058158699,0.000123010016977787,0.000124009311548434,0.000124465077533387,0.000124881422379985,0.000122728335554712,0.000111528148408979,2.92120821541175E-05,-9999,-9999,-9999,-9999,-9999,-9999,-9999,-9999,1.02204330687528E-05,1.58019884111127E-05,1.03129805211211E-05,7.40985524316784E-06,7.48111824577791E-06,-9999,-9999,-9999,-9999,-9999,-9999,-9999,-9999,-9999,-9999,-9999,-9999,-9999,-9999,-9999,-9999,-9999,-9999,-9999,-9999,-9999,-9999,-9999,-9999
-9999,-9999,-9999,-9999,-9999,-9999,-9999,-9999,-9999,-9999,-9999,-9999,-9999,-9999,-9999,-9999,-9999,-9999,-9999,-9999,-9999,-9999,-9999,-9999,-9999,-9999,-9999,-9999,-9999,-9999,2.46181457441708E-06,4.74359421787085E-06,-9999,-9999,4.94938058182015E-06,8.44228361529531E-06,-9999,-9999,9.97394545265706E-06,1.79157923412276E-05,-9999,-9999,-9999,-9999,-9999,2.72423608294048E-06,-9999,-9999,-9999,-9999,-9999,-9999,-9999,-9999,-9999,-9999,-9999,-9999,-9999,-9999,-9999,7.18585965842067E-07,1.0065724609376E-06,1.40912561619189E-06,1.32095590288372E-06,7.44420867704321E-06,8.10113670013379E-06,7.66460198065033E-06,7.14055113348877E-06,4.11227156291716E-05,0.000125247956020758,0.000131986555061303,0.000130750311654992,0.000128567859064788,0.000125950347865,0.000123586098197848,0.000121743549243547,0.00012021678412566,0.000119186843221541,0.000118415213364642,0.000117887910164427,0.000117457602755167,0.000116759598313365,0.000117515795864165,0.000118621093861293,0.000120343182061333,0.000121818025945686,0.000123335339594632,0.000124712401884608,0.00012558234448079,0.00012615708692465,0.000126136161270551,0.000124301703181118,0.000105086575786117,2.95726986223599E-05,-9999,-9999,-9999,-9999,-9999,1.1888532753801E-05,1.19890382848098E-05,2.28043627430452E-05,3.37414967361838E-05,2.5604971597204E-05,1.72522959474009E-05,1.14046251837863E-05,7.39922688808292E-06,-9999,-9999,-9999,-9999,-9999,-9999,-9999,-9999,-9999,-9999,-9999,-9999,-9999,-9999,-9999,-9999,-9999,-9999,-9999,-9999,-9999,-9999,-9999
-9999,-9999,-9999,-9999,-9999,-9999,-9999,-9999,-9999,-9999,-9999,-9999,-9999,-9999,-9999,-9999,-9999,-9999,-9999,-9999,-9999,-9999,-9999,5.83499195272452E-06,7.43772216083016E-06,-9999,-9999,-9999,-9999,5.92216247241595E-06,5.59092222829349E-06,2.23482675210107E-06,1.10273476821021E-05,1.16766182145511E-06,9.89454929367639E-06,1.73531643667957E-05,3.10102295770776E-05,1.35719019453973E-05,8.36092931422172E-06,-9999,8.54569316288689E-06,9.02616102393949E-06,-9999,-9999,2.89004983642371E-05,3.63236313205562E-06,2.01412353817432E-06,1.17679394406878E-06,-9999,-9999,-9999,-9999,-9999,-9999,-9999,-9999,-9999,5.36218703928171E-06,3.34560172632337E-06,-9999,-9999,-9999,1.4424716709982E-06,9.40159952733666E-06,8.91724903340219E-06,8.661327228765E-06,8.18657917989185E-06,7.59177510190057E-06,9.78216394287301E-06,5.96053505432792E-05,0.000126010898384266,0.000132329732878134,0.000130787477246486,0.00012866040924564,0.000126110302517191,0.000123690668260679,0.000121741264592856,0.000120074910228141,0.000118909360026009,0.000118092728371266,0.000117124276584946,0.000112352783617098,0.000114356225822121,0.000116907853225712,0.000118446136184502,0.000119904907478485,0.000121803153888322,0.000123656471259892,0.000125227292301133,0.000126169761642814,0.000126747923786752,0.000126973303849809,0.000126320956042036,0.000120883931231219,3.54369039996527E-05,6.26370547252009E-06,9.05111278370896E-07,6.18662966189731E-07,9.3404196377378E-07,2.88796964014182E-05,5.69636358704884E-05,7.38416929380037E-05,8.25753377284855E-05,7.07156359567307E-05,6.70180088491179E-05,5.10568352183327E-05,3.08852359012235E-05,1.01491150417132E-05,7.4421800491109E-06,7.57625184633071E-06,-9999,-9999,-9999,-9999,-9999,-9999,-9999,-9999,-9999,-9999,-9999,-9999,-9999,-9999,-9999,-9999,-9999,-9999,-9999,-9999,-9999
-9999,-9999,-9999,-9999,-9999,-9999,-9999,-9999,-9999,-9999,-9999,-9999,-9999,-9999,-9999,-9999,-9999,-9999,-9999,-9999,-9999,-9999,8.73777389642783E-06,1.02341182355303E-05,6.89365515427198E-06,6.83804228174267E-06,7.45740544516593E-06,8.55087000672938E-06,1.60002637130674E-05,2.39889577642316E-05,1.79878352355445E-05,4.22419689130038E-05,5.79367806494702E-05,6.23540909145959E-05,7.16188224032521E-05,6.1968166846782E-05,6.14656673860736E-05,5.60196713195182E-05,3.23749482049607E-05,2.4756400307524E-05,8.14522718428634E-06,5.13289751324919E-06,4.50432844445459E-06,6.54262203170219E-06,2.40549184127303E-06,1.69628492585616E-06,1.55915802224627E-06,1.40080919663887E-06,8.43156271912449E-07,-9999,-9999,-9999,-9999,-9999,-9999,-9999,-9999,2.1615765945171E-05,1.86468496394809E-05,1.66822501341812E-05,-9999,-9999,9.4744636953692E-06,9.45975534705212E-06,9.20934144232888E-06,8.71933025337057E-06,8.05709714768454E-06,9.18915793590713E-06,2.96129983325955E-05,8.35371101857163E-05,0.000127670558867976,0.000132546090753749,0.000130513901240192,0.000128300423966721,0.000125720398500562,0.000123205129057169,0.000121108387247659,0.000119448435725644,0.000118140735139605,0.000117352239612956,0.000110892186057754,5.82318170927465E-05,6.95740018272772E-05,9.74534850683995E-05,0.000113833142677322,0.000119633448775858,0.000121751116239466,0.000123785124742426,0.000125433813082054,0.000126369428471662,0.0001272929366678,0.000127852501464076,0.000126985847600736,0.000118754360300954,5.70205629628617E-05,4.60735464002937E-05,3.73183365809382E-06,9.17403212952195E-07,4.42449199908879E-05,0.000102519974461757,0.000114029047836084,0.000120979486382566,0.00011947016173508,0.000115698880108539,0.000111209745227825,9.15084237931296E-05,5.87220274610445E-05,3.06593610730488E-05,1.12839543362497E-05,7.41677922633244E-06,-9999,-9999,-9999,-9999,-9999,-9999,-9999,-9999,-9999,-9999,-9999,-9999,-9999,-9999,-9999,-9999,-9999,-9999,-9999,-9999,-9999
-9999,-9999,-9999,-9999,-9999,-9999,-9999,-9999,-9999,-9999,-9999,-9999,-9999,-9999,-9999,-9999,-9999,-9999,-9999,-9999,-9999,-9999,8.63369677972514E-06,1.02258845799952E-05,8.56210954225389E-06,8.74961733643431E-06,3.20342405757401E-05,6.34926400380209E-05,8.36272374726832E-05,7.33655542717315E-05,7.29911553207785E-05,5.85399175179191E-05,6.28053458058275E-05,7.18654700904153E-05,6.67545536998659E-05,7.58321984903887E-05,8.96909477887675E-05,8.91626987140626E-05,9.30615569814108E-05,8.27728727017529E-05,5.81960812269244E-05,3.78102267859504E-05,1.58866496349219E-05,6.35169499219046E-06,3.36826042257599E-06,1.60298782247992E-06,1.60570016305428E-06,1.55891348185833E-06,1.00835632110829E-06,9.54862798607792E-07,9.45136662267032E-07,-9999,-9999,-9999,-9999,-9999,-9999,-9999,1.55117231770419E-05,1.35163945742534E-05,1.13940059236484E-05,9.77356557996245E-06,9.53775179368677E-06,9.35215666686418E-06,9.09245227376232E-06,8.52175435284153E-06,9.7340398497181E-06,3.05452558677644E-05,8.1462218076922E-05,0.000128231375128962,0.000134323927341029,0.000132080880575813,0.000129694599309005,0.000127388295368291,0.000124775571748614,0.0001222028513439,0.00012020247959299,0.00011867392458953,0.000117454648716375,0.000105182240076829,1.45426395192771E-06,8.03253044523444E-07,8.10496260328364E-07,8.18145508674206E-07,9.54220831772545E-06,7.92475184425712E-05,0.000118923606351018,0.000123627309221774,0.00012541412434075,0.000126814367831685,0.000127959909150377,0.000128700150526129,0.000128146319184452,0.000118323798233178,0.000120867800433189,0.000125271879369393,0.00011051696492359,5.91878124396317E-05,0.00011917288065888,0.000130914835608564,0.000132629415020347,0.00013094671885483,0.000127292340039276,0.000125098522403277,0.000122229859698564,0.000110874811070971,8.28755655675195E-05,5.42145862709731E-05,1.68418791872682E-05,7.15469286660664E-06,3.69629560736939E-06,-9999,-9999,-9999,-9999,-9999,-9999,-9999,-9999,-9999,-9999,-9999,-9999,-9999,-9999,-9999,-9999,-9999,-9999,-9999,-9999
-9999,-9999,-9999,-9999,-9999,-9999,-9999,-9999,-9999,-9999,-9999,-9999,-9999,-9999,-9999,-9999,-9999,-9999,-9999,-9999,-9999,-9999,8.32399200589862E-06,1.03303154901369E-05,1.60871913976735E-05,7.30994433979504E-05,9.43449922488071E-05,0.000103888603916857,9.85294173005968E-05,7.80236587161198E-05,7.74352738517337E-05,8.6593150626868E-05,9.08907240955159E-05,9.50612375163473E-05,0.000107993029814679,0.000107323634438217,0.000110844041046221,0.000114178175863344,0.000120921853522304,0.00011312794231344,0.000100376120826695,6.30119175184518E-05,3.35528275172692E-05,1.96326218429022E-05,1.70969997270731E-05,1.92243041965412E-05,1.69463019119576E-05,1.17564004540327E-05,1.2330117442616E-06,1.26736881611578E-06,1.28342639982293E-06,-9999,-9999,-9999,-9999,1.00189536169637E-05,1.04092641777243E-05,1.11132849269779E-05,1.20343338494422E-05,1.09535249066539E-05,1.16892297228333E-05,8.75471869221656E-06,7.30105057300534E-06,4.45465775555931E-06,1.21381945064059E-05,3.93331174564082E-05,1.8238049960928E-05,9.91839915513992E-05,0.000138632676680572,0.000136386675876565,0.000133690060465597,0.000131097476696596,0.000128591826069169,0.000126186976558529,0.000123325662571006,0.000121044635307044,0.000119623204227537,0.000112176574475598,7.99682595697959E-07,8.00606812845217E-07,8.05359718469845E-07,5.45331033663388E-07,5.51142761651136E-07,5.57194709926989E-07,8.40037046145881E-07,3.14987823912816E-06,4.15520262322389E-05,0.000109908229205757,0.000124615311506204,0.000127086314023472,0.000128471918287687,0.000129328705952503,0.00013013937859796,0.000131014414364472,0.000131855238578282,0.000132554734591395,0.000131453998619691,0.000131680644699372,0.00013410288374871,0.000136042581289075,0.000136261645820923,0.000134675414301455,0.000132586021209136,0.000130721527966671,0.000124890095321462,0.000119668387924321,0.000100746292446274,7.82589704613201E-05,3.58473225787748E-05,1.33364037537831E-05,1.60211675392929E-06,1.03727211353544E-06,-9999,-9999,-9999,-9999,-9999,-9999,-9999,-9999,-9999,-9999,-9999,-9999,-9999,-9999,-9999,-9999,-9999,-9999,-9999
-9999,-9999,-9999,-9999,-9999,-9999,-9999,-9999,-9999,-9999,-9999,-9999,-9999,-9999,-9999,-9999,-9999,-9999,-9999,-9999,-9999,7.5168704825046E-06,8.89098646439379E-06,3.43649116985034E-05,9.36292417463847E-05,0.000121913544717245,0.000121558834507596,0.000112358000478707,9.75560105871409E-05,0.000114724054583348,0.000113752234028652,0.000116945586341899,0.00011627947242232,0.00011565145541681,0.000122343582916074,0.000128029947518371,0.000130159489344805,0.000129382766317576,0.000133672438096255,0.000132874789414927,0.000129764652228914,0.00010651061165845,4.1672246879898E-05,2.6236150006298E-05,3.24134598486125E-05,2.95693334919633E-05,2.67171399173094E-05,2.70866257778835E-05,2.69302327069454E-05,1.94783933693543E-05,1.26651220853091E-05,8.62015076563694E-06,8.78354148881044E-06,9.09568007045891E-06,9.47509943216573E-06,9.05440447240835E-06,1.04638238553889E-05,9.50255616771756E-06,9.73995793174254E-06,1.08327112684492E-05,4.20758442487568E-05,8.80829029483721E-05,4.26858459832147E-05,1.19806259135657E-06,1.17256752218964E-06,1.1158391544086E-06,4.2869810386037E-06,3.87357285944745E-05,0.000138508868985809,0.000135839683935046,0.000133212772198021,0.00012966466601938,0.000126932849525474,0.000109026739664841,4.61799845652422E-06,8.25314600660931E-07,8.13778797237319E-07,8.07692913440405E-07,5.400182772064E-07,5.41412362053961E-07,5.44797444490541E-07,3.70453307141361E-07,3.75147664044562E-07,3.80519395548617E-07,5.74436853639781E-07,8.6195575477177E-07,5.59400723432191E-06,3.69423069059849E-05,0.000101829486084171,0.000124573023640551,0.000128371597384103,0.000129509295220487,0.00013028213288635,0.000131080319988541,0.0001322096795775,0.000133153313072398,0.000133818306494504,0.00013447052333504,0.000135411202791147,0.000136120768729597,0.000135780952405185,0.000135186928673647,0.000134325426188298,0.000133426117827184,0.000130896049086004,0.00012379368126858,0.00011621713929344,8.89966831891797E-05,5.2854618843412E-05,2.94188503175974E-05,8.12121288618073E-06,1.01532475582644E-06,1.0561115004748E-06,2.04618413590651E-06,-9999,-9999,-9999,-9999,-9999,-9999,-9999,-9999,-9999,-9999,-9999,-9999,-9999,-9999,-9999,-9999,-9999
-9999,-9999,-9999,-9999,-9999,-9999,-9999,-9999,-9999,-9999,-9999,-9999,-9999,-9999,-9999,-9999,-9999,-9999,-9999,-9999,-9999,1.48316985359997E-05,8.31141660455614E-05,0.000121585137094371,0.000136116053909063,0.00012891463120468,0.000120686032460071,0.000115701303002425,0.000122601224575192,0.000131637672893703,0.000138575574965216,0.000137531736982055,0.000141188851557672,0.000144100296893157,0.000141598095069639,0.000146776670590043,0.000145880592754111,0.00014361240027938,0.000144926438224502,0.000144798075780272,0.000141723881824873,0.000138437433633953,0.000130782165797427,0.000117847717774566,0.000104291742900386,8.37680781842209E-05,5.33704514964484E-05,2.93129342026077E-05,3.23858585034031E-05,2.67994146270212E-05,1.99195637833327E-05,1.32018458316452E-05,1.19951619126368E-05,9.78647585725412E-06,9.91541855910327E-06,1.5422754586325E-05,1.39015810418641E-05,1.37765728140948E-05,2.10972102649976E-05,9.11612514755689E-05,0.000150120846228674,0.000163795368280262,0.00015923373575788,5.02969887747895E-05,1.11172300876206E-06,1.07661367110268E-06,1.02574415450363E-06,0.000141793905640952,0.000138812494697049,0.000135921945911832,9.64218488661572E-05,8.90254909791111E-07,8.74850115906156E-07,8.66517382291931E-07,-9999,-9999,-9999,-9999,-9999,-9999,-9999,2.52588677085441E-07,2.54904875873763E-07,3.86868634905113E-07,5.83148732857808E-07,8.75477724093798E-07,1.99201213035849E-06,1.21975408546859E-05,4.90559723402839E-05,0.000105278151750099,0.000126511644339189,0.000129263920825906,0.000130027474369854,0.00013130356092006,0.000132321889395826,0.000133113921037875,0.000133784837089479,0.000134644127683714,0.000135248454171233,0.000135418857098557,0.000134995731059462,0.000134370726300403,0.000134169502416626,0.000134509289637208,0.000133174587972462,0.000128984349430539,0.000120222146506421,0.000104129248938989,7.97106185927987E-05,4.8089448682731E-05,2.62707762885839E-05,8.54165955388453E-06,5.85024963584146E-06,4.79950040244148E-06,6.47559409117093E-06,-9999,-9999,-9999,-9999,-9999,-9999,-9999,-9999,-9999,-9999,-9999,-9999,-9999,-9999,-9999,-9999
-9999,-9999,-9999,-9999,-9999,-9999,-9999,-9999,-9999,-9999,-9999,-9999,-9999,-9999,-9999,-9999,-9999,-9999,-9999,7.80839218350593E-06,2.10905946005369E-05,0.000116763352707494,0.000139033436425962,0.000138791467179544,0.000135340305860154,0.000140669450047426,0.000137027978780679,0.000135882262839004,0.000144293764606118,0.000144656369229779,0.000146403559483588,0.000147930943057872,0.000145991056342609,0.000143842975376174,0.000146892081829719,0.000148096820339561,0.000147249491419643,0.000145273239468224,0.000145742727909237,0.000146351318107918,0.000146212361869402,0.000145069090649486,0.000144705700222403,0.00014209869550541,0.000139420269988477,0.000132747605675831,0.000124620331916958,0.000116540380986407,9.11609895410948E-05,6.08797963650431E-05,2.62209468928631E-05,2.64516784227453E-05,2.93364682875108E-05,3.23746280628256E-05,4.25691250711679E-05,6.35343822068535E-05,9.62652920861728E-05,0.00010573541658232,0.0001315877889283,0.000157095346366987,0.000162881609867327,0.000163038421305828,0.000162047566846013,0.000161831820150837,3.96470932173543E-06,0.00015048032219056,0.000150961350300349,0.000144430407090113,0.000110858971311245,2.39002952184819E-06,9.31435579332174E-07,-9999,-9999,-9999,-9999,-9999,-9999,-9999,-9999,-9999,-9999,-9999,-9999,2.63369912545386E-07,3.95761645677339E-07,5.95933215663536E-07,8.91992442575429E-07,6.15678482063231E-06,2.50511766353156E-05,7.05108468537219E-05,0.000115949871542398,0.000128431696793996,0.000130190092022531,0.000130691158119589,0.000131364897242747,0.000132098299218342,0.000132802451844327,0.00013350642984733,0.000133930079755373,0.000133898123749532,0.000133518697111867,0.000132863453472964,0.000132164204842411,0.00013217750529293,0.000131983848405071,0.000129640917293727,0.000125439080875367,0.000119203512440436,0.000107094820123166,7.40405957913026E-05,4.0333721699426E-05,2.88181854557479E-05,1.82473013410345E-05,7.25041991245234E-06,7.08987045072718E-06,-9999,-9999,-9999,-9999,-9999,-9999,-9999,-9999,-9999,-9999,-9999,-9999,-9999,-9999,-9999,-9999
-9999,-9999,-9999,-9999,-9999,-9999,-9999,-9999,-9999,-9999,-9999,-9999,-9999,-9999,-9999,-9999,-9999,-9999,2.3359421902569E-05,5.86497808399145E-05,0.000132584973471239,0.000149176936247386,0.00014876329805702,0.000151971413288265,0.000152922177221626,0.000150414285599254,0.000157133355969563,0.000158733964781277,0.000156419293489307,0.000153777422383428,0.000151214961078949,0.000148116901982576,0.000145231955684721,0.000148375766002573,0.000147582235513255,0.000149499333929271,0.000148767576320097,0.000149030805914663,0.000147665952681564,0.000147095823194832,0.000146626844070852,0.000146056991070509,0.000145878715557046,0.00014572631334886,0.000145172336488031,0.000143547527841292,0.0001416096201865,0.000137550654471852,0.000130793210701086,0.000114702037535608,7.26030630175956E-05,4.07423176511656E-05,5.25221075804438E-05,9.64088103501126E-05,0.000116063441964798,0.000126272832858376,0.000127500359667465,0.000139835683512501,0.000155167261254974,0.000159254574100487,0.000159907227498479,0.000159033821546473,0.000158013222971931,0.000156906229676679,0.00015440299466718,0.000151654792716727,0.000142746401252225,2.13400107895723E-06,-9999,-9999,-9999,-9999,-9999,-9999,-9999,-9999,-9999,-9999,-9999,-9999,-9999,-9999,-9999,-9999,-9999,6.02461113885511E-07,9.01544183307124E-07,2.70961845671991E-06,1.2496914678195E-05,4.2119987483602E-05,9.25359199754894E-05,0.000124824597151019,0.000129598207422532,0.000130401065689512,0.000130493339383975,0.0001306399499299,0.000131106149638072,0.000131664666696452,0.000131884298752993,0.000131689681438729,0.00013102320372127,0.000130300060845912,0.00012986155343242,0.000129552034195513,0.000129563210066408,0.00012825703015551,0.000124216341646388,0.000119114891276695,0.000112835747131612,9.9183467682451E-05,6.48302520858124E-05,3.99640412069857E-05,1.60650106408866E-05,7.94286643213127E-06,7.11604934622301E-06,-9999,-9999,-9999,-9999,-9999,-9999,-9999,-9999,-9999,-9999,-9999,-9999,-9999,-9999,-9999,-9999
-9999,-9999,-9999,-9999,-9999,-9999,-9999,-9999,-9999,-9999,-9999,-9999,1.22790243040072E-06,3.60664580512093E-06,-9999,8.15000930742826E-06,1.71437968674581E-05,6.39224017504603E-05,0.000117821800813545,0.000142550008604303,0.000159197239554487,0.000163135176990181,0.000164506913279183,0.000163937627803534,0.000162461044965312,0.000162390919285826,0.00016168896399904,0.00015989228268154,0.000158791517606005,0.000156601221533492,0.000154233406647108,0.000152561915456317,0.000151868909597397,0.000151491054566577,0.000150897685671225,0.000150714127812535,0.000150056672282517,0.000149342915392481,0.000148268300108612,0.000147044018376619,0.000145923506352119,0.000144900346640497,0.000144474717671983,0.000144479534355924,0.000144518562592566,0.000144345132866874,0.000143995595863089,0.000143277895404026,0.000142052842420526,0.000138995193992741,0.000130164320580661,0.000110329681774601,9.74108115769923E-05,0.000106246588984504,0.000114452828711364,0.000124573969515041,0.000134933361550793,0.000150764113641344,0.000155384695972316,0.000154806533828378,0.000155629153596237,0.000155858710058965,0.00015533811529167,0.000154345849296078,0.000152876746142283,0.000152130407514051,1.6904397170947E-06,-9999,-9999,-9999,-9999,-9999,-9999,-9999,-9999,-9999,-9999,-9999,-9999,-9999,-9999,-9999,-9999,-9999,-9999,-9999,6.09191033618117E-07,9.09347534161498E-07,4.4626040107687E-06,1.99734458874445E-05,6.06981811870355E-05,0.000110403809230775,0.000127805600641295,0.000129800348076969,0.000130140891997144,0.000129387830384076,0.000129284948343411,0.000129518637550063,0.000129427498904988,0.00012907333439216,0.000128287400002591,0.000127191553474404,0.000126574625028297,0.000126724582514726,0.000126669983728789,0.000125953447422944,0.000123721561976708,0.000119880503916647,0.000115702569019049,0.000106375729956198,7.82541173975915E-05,4.22122175223194E-05,1.72599902725779E-05,8.58736711961683E-06,6.89846365276026E-06,-9999,-9999,-9999,-9999,-9999,-9999,-9999,-9999,-9999,-9999,-9999,-9999,-9999,-9999,-9999,-9999
-9999,-9999,-9999,-9999,-9999,-9999,-9999,-9999,-9999,-9999,1.21313962608838E-06,1.20365916700393E-06,1.19568358059041E-06,1.31880115077365E-05,3.18728270940483E-05,8.37791812955402E-05,0.000126663624541834,0.000146281745401211,0.000159189105033875,0.00016557943308726,0.000167571473866701,0.000167380814673379,0.000166584432008676,0.000165550372912548,0.000164371187565848,0.000162854936206713,0.000161419884534553,0.000159770803293213,0.000157970192958601,0.000156007561599836,0.000154113906319253,0.000152296051965095,0.000150898515130393,0.000150066975038499,0.000149361178046092,0.000149000712553971,0.000148468461702578,0.000147596088936552,0.000146472040796652,0.000145265759783797,0.00014405298861675,0.000142857155879028,0.000142098753713071,0.000141951633850113,0.000141983007779345,0.000141905416967347,0.000141810072818771,0.000141690296004526,0.000141527343657799,0.000141475436976179,0.000141466516652144,0.000141293683554977,0.000141421507578343,0.0001421311753802,0.000144029589137062,0.000148108723806217,0.000150652791489847,0.00015214568702504,0.000152827837155201,0.000152064007124864,3.88155567634385E-05,1.0420673106637E-06,1.05038225228782E-06,2.83513963950099E-06,6.92669273121282E-05,7.85440533945803E-06,-9999,-9999,-9999,-9999,-9999,-9999,-9999,-9999,-9999,-9999,-9999,-9999,-9999,-9999,-9999,-9999,-9999,-9999,-9999,-9999,-9999,6.12883752637572E-07,9.12843461264856E-07,4.66237588625518E-06,2.39701330428943E-05,7.16846770956181E-05,0.000118270487291738,0.000128699684864841,0.000129016756545752,0.000128586543723941,0.00012753285409417,0.000127134437207133,0.000126693077618256,0.000126356462715194,0.000125469276099466,0.000124394573504105,0.000123330537462607,0.000123500707559288,0.000123659672681242,0.000123188685392961,0.000121701945317909,0.000119449861813337,0.000114776819827966,0.000105666476883925,8.61850785440765E-05,5.49173128092661E-05,2.04155512619764E-05,9.26093161979225E-06,6.67042013446917E-06,-9999,-9999,-9999,-9999,-9999,-9999,-9999,-9999,-9999,-9999,-9999,-9999,-9999,-9999,-9999,-9999
-9999,-9999,-9999,-9999,-9999,-9999,-9999,-9999,8.34731326904148E-06,8.30757471703691E-06,1.94169570022495E-06,3.2125869893207E-06,2.31927006097976E-05,0.000103800564829726,0.00014068944437895,0.00015327037544921,0.000162235402967781,0.000166737445397303,0.000167825841344893,0.000168510392541066,0.000168207989190705,0.000167350648553111,0.000166321304277517,0.000164848839631304,0.000163254182552919,0.000161497911904007,0.000159531817189418,0.000157463684445247,0.00015548279043287,0.000153478482388891,0.000151566870044917,0.000149737592437305,0.000148270599311218,0.000147598300827667,0.000146903679706156,0.000146409540320747,0.000145637648529373,0.000144680088851601,0.000143508892506361,0.000142100543598644,0.000140625561471097,0.000139291048981249,0.000138551215059124,0.000138456147396937,0.000138401563162915,0.000138264440465719,0.000138129660626873,0.000138043338665739,0.000137984417960979,0.000138183575472794,0.000138759685796686,0.000139929019496776,0.000141557116876356,0.000143438766826876,0.00014550908235833,0.00014726264635101,0.000148588558658957,0.000149714498547837,0.000150285661220551,0.000149822473758832,0.000145817815791816,1.02412832347909E-06,-9999,-9999,-9999,-9999,-9999,-9999,-9999,-9999,-9999,-9999,-9999,-9999,-9999,-9999,-9999,-9999,-9999,-9999,-9999,-9999,-9999,-9999,-9999,-9999,-9999,-9999,6.13958377471135E-07,9.12926566343231E-07,1.62373737566668E-06,1.3039094483247E-05,5.92820506426506E-05,0.00011427589925006,0.000126865081256256,0.000127494931803085,0.000126407307107002,0.000125050049973652,0.000123981400975026,0.000123571444419213,0.0001228318142239,0.000122019759146497,0.000121114862849936,0.000120494827569928,0.000120625671115704,0.000120344455353916,0.000119403848657385,0.000117753370432183,0.000114199967356399,0.000107503758044913,9.21592582017183E-05,6.04237429797649E-05,2.17735323531087E-05,8.9566547103459E-06,6.45461250314838E-06,-9999,-9999,-9999,-9999,-9999,-9999,-9999,-9999,-9999,-9999,-9999,-9999,-9999,-9999,-9999,-9999
-9999,-9999,-9999,-9999,-9999,-9999,-9999,-9999,8.15709699963918E-06,9.22805156733375E-06,1.00441502581816E-05,3.84151680918876E-05,0.000139636322273873,0.000159156843437813,0.000162889366038144,0.000166125959367491,0.000168684899108484,0.000169613907928579,0.000169521663337946,0.000168714293977246,0.000167582606081851,0.000166356083354913,0.000164815501193516,0.000163046774105169,0.000161120551638305,0.000159085044288076,0.000156713795149699,0.000154229390318505,0.000152281048940495,0.000150600550114177,0.000148898980114609,0.000147202386870049,0.000145846643135883,0.000144899764563888,0.000144284771522507,0.000143666649819352,0.000142866585520096,0.000141777316457592,0.000140438511152752,0.000138832183438353,0.000137241862830706,0.000135819092974998,0.000134908987092786,0.000134579138830304,0.00013428287638817,0.000134025394800119,0.000133878318592906,0.000133947149151936,0.00013404390483629,0.000134337184135802,0.000134929025080055,0.000136278598802164,0.000138168805278838,0.00014034727064427,0.000142538105137646,0.000144337231176905,0.000145695361425169,0.00014648528303951,0.000147046142956242,0.000147480779560283,0.000141171462018974,1.01710361377627E-06,-9999,-9999,-9999,-9999,-9999,-9999,-9999,-9999,-9999,-9999,-9999,-9999,-9999,-9999,-9999,-9999,-9999,-9999,-9999,-9999,-9999,-9999,-9999,-9999,-9999,-9999,-9999,-9999,9.10991445834952E-07,9.07545427253353E-07,1.83414817911398E-06,1.82740204763832E-05,8.92330572241917E-05,0.000123153411550447,0.000124818383483216,0.000123476813314483,0.00012195085582789,0.000120937285828404,0.000120261014671996,0.000119412274216302,0.000118736556032673,0.000118130687042139,0.00011786518007284,0.000117637442599516,0.000116750685265288,0.000115821836516261,0.000113229951239191,0.000108718500996474,9.81928387773223E-05,6.20070786681026E-05,2.3083652195055E-05,7.7161412264104E-06,6.4298978941224E-06,-9999,-9999,-9999,-9999,-9999,-9999,-9999,-9999,-9999,-9999,-9999,-9999,-9999,-9999,-9999,-9999
-9999,-9999,-9999,-9999,-9999,-9999,8.59705687616952E-06,8.42171721160412E-06,8.31788202049211E-06,2.33216269407421E-05,0.000108077634649817,0.000149580475408584,0.000164071418112144,0.000167099831742235,0.000169298480614088,0.000170130442711525,0.000170380764757283,0.000169959777849726,0.000169088263646699,0.000167650810908526,0.000165844467119314,0.000164075521752238,0.000162387834279798,0.000160386232892051,0.000158081602421589,0.000156152920681052,0.000153774817590602,0.000151487183757126,0.00014949738397263,0.000147632919833995,0.000145682206493802,0.000144246529089287,0.000143173179822043,0.00014221305900719,0.000141436175908893,0.000140722971991636,0.000139897441840731,0.00013895719894208,0.000137638911837712,0.000136033035232686,0.000134309462737292,0.000133036752231419,0.000131944529130124,0.000131295921164565,0.000130821092170663,0.000130562402773649,0.000130406522657722,0.000130291853565723,0.000130666041513905,0.000131018183310516,0.000131702938233502,0.000133052802993916,0.000134812347823754,0.000137007242301479,0.000138887407956645,0.000140780408401042,0.000142601842526346,0.000143494107760489,0.000143223369377665,6.90944289090112E-05,1.00393936008913E-06,-9999,-9999,-9999,-9999,-9999,-9999,-9999,-9999,-9999,-9999,-9999,-9999,-9999,-9999,-9999,-9999,-9999,-9999,-9999,-9999,-9999,-9999,-9999,-9999,-9999,-9999,-9999,-9999,-9999,-9999,-9999,-9999,8.86704071945132E-07,2.46869512920966E-06,4.10767643188592E-05,0.000111282199213747,0.000121416887850501,0.000120380900625605,0.00011882323451573,0.000117588693683501,0.000116957453428768,0.000116272880404722,0.00011588789493544,0.000115443486720324,0.000115012589958496,0.000114177695650142,0.000113098642032128,0.000111243578430731,0.000108331478259061,9.85870283329859E-05,6.99147276463918E-05,3.18419006362092E-05,6.49363846605411E-06,-9999,-9999,-9999,-9999,-9999,-9999,-9999,-9999,-9999,-9999,-9999,-9999,-9999,-9999,-9999,-9999,-9999
-9999,-9999,-9999,-9999,-9999,-9999,8.50502874527592E-06,1.05245726444991E-05,3.89936867577489E-05,0.000130342566990294,0.000158894865307957,0.000166657919180579,0.000168794649653137,0.000169360224390402,0.000169585444382392,0.000169588878634386,0.000169586564879864,0.000169149105204269,0.000168054612004198,0.00016615551430732,0.000163717311806977,0.000161685296916403,0.00015999746392481,0.000157889298861846,0.000155519344843924,0.000153507149661891,0.000151154308696277,0.000148773047840223,0.000146785241668113,0.000144788718898781,0.000142460572533309,0.000141109339892864,0.00013974035391584,0.000138557836180553,0.000137130089569837,0.000136347982333973,0.00013598904479295,0.000135570357088,0.000134574511321262,0.000133333262056112,0.000131320586660877,0.000130386368255131,0.000129243620904163,0.000128596249851398,0.000128293933812529,0.000128421990666538,0.000128234576550312,0.000128669838886708,0.000128908068290912,0.000129750464111567,0.000130337371956557,0.000131884822621942,0.000133793975692242,0.000110549081000499,0.000128999701701105,0.000111176814243663,3.07848358716001E-06,9.74684212451393E-07,9.82615119937691E-07,-9999,-9999,-9999,-9999,-9999,-9999,-9999,-9999,-9999,-9999,-9999,-9999,-9999,-9999,-9999,-9999,-9999,-9999,-9999,-9999,-9999,-9999,-9999,-9999,-9999,-9999,-9999,-9999,-9999,-9999,-9999,-9999,-9999,-9999,-9999,8.67049607222725E-07,8.54538257044624E-07,1.68422520800959E-05,9.76083028945141E-05,0.000117994743050076,0.000116887691547163,0.000115294969873503,0.00011443994299043,0.000114079339255113,0.000113625086669344,0.00011319533950882,0.000112453468318563,0.000111393848783337,0.000110324726847466,0.000108834152342752,0.000106894396594726,0.000100502285931725,7.93108774814755E-05,3.35321565216873E-05,8.70233634486794E-06,7.10213544152793E-06,5.60701073482051E-06,-9999,-9999,-9999,-9999,-9999,-9999,-9999,-9999,-9999,-9999,-9999,-9999,-9999,-9999,-9999
-9999,-9999,-9999,-9999,1.11575682240073E-05,1.22240107884863E-05,8.54916106618475E-06,3.60122648999095E-05,0.000138511837576516,0.000163761433213949,0.000169463077327237,0.000169647639268078,0.000169018458109349,0.00016853999113664,0.000168250408023596,0.000168191196280532,0.000168231781572104,0.000167837977642193,0.000166694822837599,0.000164620898431167,0.000161784657393582,0.000159500894369557,0.00015822469140403,0.000155481015099213,0.000153194370795973,0.000151286934851669,0.000148588296724483,0.00014726362132933,0.000145082478411496,0.000143151090014726,0.000140521442517638,0.000138529547257349,0.000136754417326301,0.000136419519549236,0.000134322443045676,0.000134248373797163,0.000134332483867183,0.000133367720991373,0.000133603738504462,1.81872255780036E-05,9.09840746317059E-05,7.42588526918553E-05,0.000126320926938206,8.99712758837268E-05,0.000116032431833446,0.000126075668958947,0.000126579267089255,6.75230839988217E-05,2.16856806218857E-05,6.1723701946903E-05,8.73080261953874E-06,7.60731882110122E-06,9.06426748770173E-07,9.14909151106258E-07,-9999,-9999,-9999,-9999,-9999,-9999,-9999,-9999,-9999,-9999,-9999,-9999,-9999,-9999,-9999,-9999,-9999,-9999,-9999,-9999,-9999,-9999,-9999,-9999,-9999,-9999,-9999,-9999,-9999,-9999,-9999,-9999,-9999,-9999,-9999,-9999,-9999,-9999,-9999,-9999,-9999,5.6209017884612E-07,8.20322497929737E-07,2.64341233560117E-05,0.000109118474938441,0.000114763912279159,0.000113171117845923,0.000112153553345706,0.000112030320451595,0.000111532346636523,0.000110855304228608,0.000109871223685332,0.000108649554022122,0.000107512845715974,0.000106427301943768,0.000104986473161262,0.000100678269518539,7.67826350056566E-05,2.71326480287826E-05,5.33881575393025E-06,5.37837422598386E-06,3.87258069167729E-06,5.65695017940016E-06,-9999,-9999,-9999,-9999,-9999,-9999,-9999,-9999,-9999,-9999,-9999,-9999,-9999,-9999
-9999,-9999,-9999,-9999,8.86715224623913E-06,1.35376521939179E-05,2.02212286239956E-05,0.000132534885779023,0.000166989280842245,0.000171718173078261,0.000171134161064401,0.000169647129951045,0.000168372120242566,0.000167183068697341,0.00016635401698295,0.000166069366969168,0.000166095516760834,0.000166296769748442,0.000165446370374411,0.000128355954075232,1.69524514603836E-06,1.09077541310398E-06,1.07729738374474E-06,1.0628775726218E-06,1.04811590517784E-06,1.03330637557519E-06,4.90394040753017E-06,1.00243357792351E-06,3.7583981793432E-06,9.70754172158195E-07,1.24084917842993E-05,9.78452299023047E-05,0.000129466861835681,0.000125013437354937,0.000133324632770382,0.000130576459923759,0.000132531306007877,0.000131169785163365,3.78025906684343E-05,9.04906130472227E-07,8.94794254691078E-07,8.87056273768394E-07,8.80890013377211E-07,8.76437582064682E-07,8.73179658356094E-07,8.71351289788436E-07,8.70602207214688E-07,-9999,-9999,-9999,-9999,-9999,-9999,-9999,-9999,-9999,-9999,-9999,-9999,-9999,-9999,-9999,-9999,-9999,-9999,-9999,-9999,-9999,-9999,-9999,-9999,-9999,-9999,-9999,-9999,-9999,-9999,-9999,-9999,-9999,-9999,-9999,-9999,-9999,-9999,-9999,-9999,-9999,-9999,-9999,-9999,-9999,-9999,-9999,-9999,-9999,8.00680368229223E-07,5.32410103915026E-06,9.5281022367999E-05,0.000111824112536851,0.000111186323920265,0.000109797882032581,0.000109612577944063,0.000109079206595197,0.00010825371282408,0.000107218205812387,0.000105870298284572,0.000104665014077909,0.000103657410363667,0.000102552061434835,9.95871669147164E-05,8.29427735880017E-05,4.19658535975032E-05,1.42604440043215E-05,2.56978978541156E-06,8.80888001120184E-06,5.3707749430032E-06,-9999,-9999,-9999,-9999,-9999,-9999,-9999,-9999,-9999,-9999,-9999,-9999,-9999,-9999
-9999,-9999,-9999,-9999,-9999,8.52216726343613E-06,9.68029416981153E-05,0.000166520025231875,0.000173120657564141,0.000172846295754425,0.000170989558682777,0.000168903367011808,0.00016740508726798,0.000165530174854212,0.000164379976922646,0.000164597135153599,9.87027597147971E-05,1.12495433768345E-06,1.12340399027744E-06,1.12152861220238E-06,-9999,-9999,-9999,-9999,-9999,-9999,-9999,-9999,-9999,-9999,-9999,-9999,-9999,3.43946021530428E-06,1.00102797659929E-05,8.64531102706678E-06,1.14963313535554E-05,9.15129191980668E-07,-9999,-9999,-9999,-9999,-9999,-9999,-9999,-9999,-9999,-9999,-9999,-9999,-9999,-9999,-9999,-9999,-9999,-9999,-9999,-9999,-9999,-9999,-9999,-9999,-9999,-9999,-9999,-9999,-9999,-9999,-9999,-9999,-9999,-9999,-9999,-9999,-9999,-9999,-9999,-9999,-9999,-9999,-9999,-9999,-9999,-9999,-9999,-9999,-9999,-9999,-9999,-9999,-9999,-9999,-9999,-9999,-9999,-9999,5.26449923654582E-07,7.67971016557567E-07,8.13902079244144E-05,0.000109018008515704,0.000108730942883994,0.000107388783362694,0.000107433152152225,0.000106434643385001,0.000105496757896617,0.000104459599242546,0.000103263060736936,0.000102128498838283,0.000100976445537526,0.000100009703601245,9.85100705293007E-05,8.90458031790331E-05,5.80828382226173E-05,1.71330866578501E-05,9.53026119532296E-06,5.84651206736453E-06,-9999,-9999,-9999,-9999,-9999,-9999,-9999,-9999,-9999,-9999,-9999,-9999,-9999,-9999,-9999
-9999,-9999,-9999,-9999,-9999,3.36461271217559E-05,0.00015718124632258,0.000173482141690329,0.000174656073795632,0.000173008331330493,0.000170736922882497,0.000168282742379233,0.000165986682986841,0.000164369179401547,0.000163069082191214,1.8660859495867E-05,1.12722148060129E-06,7.55280950670567E-07,-9999,-9999,-9999,-9999,-9999,-9999,-9999,-9999,-9999,-9999,-9999,-9999,-9999,-9999,-9999,-9999,-9999,-9999,-9999,-9999,-9999,-9999,-9999,-9999,-9999,-9999,-9999,-9999,-9999,-9999,-9999,-9999,-9999,-9999,-9999,-9999,-9999,-9999,-9999,-9999,-9999,-9999,-9999,-9999,-9999,-9999,-9999,-9999,-9999,-9999,-9999,-9999,-9999,-9999,-9999,-9999,-9999,-9999,-9999,-9999,-9999,-9999,-9999,-9999,-9999,-9999,-9999,-9999,-9999,-9999,-9999,-9999,-9999,-9999,-9999,-9999,-9999,-9999,-9999,7.46107843951904E-07,6.18655612925068E-05,0.000106482824776322,0.000106278668681625,0.000105178471130785,0.000105012877611443,0.000103728882095311,0.000102627745945938,0.000101651181466877,0.000100746248790529,9.97461029328406E-05,9.8714510386344E-05,9.77246818365529E-05,9.63825004873797E-05,9.22969484236091E-05,6.6549182520248E-05,3.35646509483922E-05,6.49668072583154E-06,4.73929458166822E-06,-9999,-9999,-9999,-9999,-9999,-9999,-9999,-9999,-9999,-9999,-9999,-9999,-9999,-9999,-9999
-9999,-9999,9.23149582376936E-06,9.06991499505239E-06,8.76993453857722E-06,9.2848225904163E-05,0.00017138451221399,0.000175516019226052,0.000175021792529151,0.00017281093460042,0.000170390063431114,0.000167791004059836,0.000165573408594355,0.000162493495736271,9.7898036983679E-06,1.12897123472067E-06,7.56792928768846E-07,-9999,-9999,-9999,-9999,-9999,-9999,-9999,-9999,-9999,-9999,-9999,-9999,-9999,-9999,-9999,-9999,-9999,-9999,-9999,-9999,-9999,-9999,-9999,-9999,-9999,-9999,-9999,-9999,-9999,-9999,-9999,-9999,-9999,-9999,-9999,-9999,-9999,-9999,-9999,-9999,-9999,-9999,-9999,-9999,-9999,-9999,-9999,-9999,-9999,-9999,-9999,-9999,-9999,-9999,-9999,-9999,-9999,-9999,-9999,-9999,-9999,-9999,-9999,-9999,-9999,-9999,-9999,-9999,-9999,-9999,-9999,-9999,-9999,-9999,-9999,-9999,-9999,-9999,-9999,-9999,7.29825956113928E-07,3.60439589712769E-05,0.000104094571725,0.000104288308648393,0.000102883735962678,0.000101977842859924,0.000101105120847933,9.97495444607921E-05,9.9083008535672E-05,9.83835343504325E-05,9.75258153630421E-05,9.65163417276926E-05,9.54996794462204E-05,9.44530620472506E-05,9.1731890279334E-05,8.06474417913705E-05,5.11093203385826E-05,2.73850164376199E-05,6.23464029558818E-06,-9999,-9999,-9999,-9999,-9999,-9999,-9999,-9999,-9999,-9999,-9999,-9999,-9999,-9999,-9999
-9999,-9999,-9999,-9999,1.08083950181026E-05,0.000145702855661511,0.000174527158378623,0.00017631049558986,0.000174903339939192,0.000172238287632354,0.000169830382219516,0.000167584861628711,0.000165854973602109,1.42174640131998E-05,1.13292912828911E-06,7.587282766508E-07,-9999,-9999,-9999,-9999,-9999,-9999,-9999,-9999,-9999,-9999,-9999,-9999,-9999,-9999,-9999,-9999,-9999,-9999,-9999,-9999,-9999,-9999,-9999,-9999,-9999,-9999,-9999,-9999,-9999,-9999,-9999,-9999,-9999,-9999,-9999,-9999,-9999,-9999,-9999,-9999,-9999,-9999,-9999,-9999,-9999,-9999,-9999,-9999,-9999,-9999,-9999,-9999,-9999,-9999,-9999,-9999,-9999,-9999,-9999,-9999,-9999,-9999,-9999,-9999,-9999,-9999,-9999,-9999,-9999,-9999,-9999,-9999,-9999,-9999,-9999,-9999,-9999,-9999,-9999,-9999,-9999,7.16135446054977E-07,1.89245292858686E-05,0.000101516423455905,0.00010199066309724,0.00010096188634634,9.95951049844734E-05,9.87061430350877E-05,9.72405105130747E-05,9.66868974501267E-05,9.62891572271474E-05,9.54347342485562E-05,9.4375507615041E-05,9.33755436562933E-05,9.22094695852138E-05,9.05595225049183E-05,8.63380337250419E-05,7.48747770558111E-05,4.65512930531986E-05,1.38670493470272E-05,-9999,-9999,-9999,-9999,-9999,-9999,-9999,-9999,-9999,-9999,-9999,-9999,-9999,-9999,-9999
-9999,-9999,-9999,-9999,2.289144686074E-05,0.00015861535212025,0.000175693858182058,0.000176483590621501,0.000174653279827908,0.000171670049894601,0.00016945690731518,0.000167653051903471,0.00011208032083232,1.13918019906123E-06,7.63195941999584E-07,-9999,-9999,-9999,-9999,-9999,-9999,-9999,-9999,-9999,-9999,-9999,-9999,-9999,-9999,-9999,-9999,-9999,-9999,-9999,-9999,-9999,-9999,-9999,-9999,-9999,-9999,-9999,-9999,-9999,-9999,-9999,-9999,-9999,-9999,-9999,-9999,-9999,-9999,-9999,-9999,-9999,-9999,-9999,-9999,-9999,-9999,-9999,-9999,-9999,-9999,-9999,-9999,-9999,-9999,-9999,-9999,-9999,-9999,-9999,-9999,-9999,-9999,-9999,-9999,-9999,-9999,-9999,-9999,-9999,-9999,-9999,-9999,-9999,-9999,-9999,-9999,-9999,-9999,-9999,-9999,-9999,-9999,7.03790703937557E-07,7.61371711632819E-06,9.83543577603996E-05,9.95524897007272E-05,9.90636763162911E-05,9.74488648353145E-05,9.62063204497099E-05,9.51058682403527E-05,9.42257247515954E-05,9.38836456043646E-05,9.30246242205612E-05,9.21629325603135E-05,9.11823299247772E-05,9.01158491615206E-05,8.890302706277E-05,8.6918669694569E-05,8.2869031757582E-05,6.94073678459972E-05,3.73842085537035E-05,5.1267743401695E-06,-9999,-9999,-9999,-9999,-9999,-9999,-9999,-9999,-9999,-9999,-9999,-9999,-9999,-9999
-9999,-9999,-9999,-9999,1.85817734745797E-05,0.000156604597577825,0.000175905879586935,0.000176380039192736,0.000174316170159727,0.000171435065567493,0.000169488979736343,0.000167935999343172,1.14552233299037E-06,7.67776214161131E-07,5.13565510118497E-07,-9999,-9999,-9999,-9999,-9999,-9999,-9999,-9999,-9999,-9999,-9999,-9999,-9999,-9999,-9999,-9999,-9999,-9999,-9999,-9999,-9999,-9999,-9999,-9999,-9999,-9999,-9999,-9999,-9999,-9999,-9999,-9999,-9999,-9999,-9999,-9999,-9999,-9999,-9999,-9999,-9999,-9999,-9999,-9999,-9999,-9999,-9999,-9999,-9999,-9999,-9999,-9999,-9999,-9999,-9999,-9999,-9999,-9999,-9999,-9999,-9999,-9999,-9999,-9999,-9999,-9999,-9999,-9999,-9999,-9999,-9999,-9999,-9999,-9999,-9999,-9999,-9999,-9999,-9999,-9999,-9999,-9999,4.61618810732034E-07,6.81943731706269E-07,9.39263700274751E-05,9.74515787675045E-05,9.70582623267546E-05,9.57286392804235E-05,9.38719967962243E-05,9.29709785850719E-05,9.20966049307026E-05,9.13197945919819E-05,9.06488858163357E-05,8.99014412425458E-05,8.90813971636817E-05,8.80485458765179E-05,8.68517454364337E-05,8.56638143886812E-05,8.36536928545684E-05,7.73471110733226E-05,5.60488915652968E-05,1.75402310560457E-05,4.01834950025659E-06,-9999,-9999,-9999,-9999,-9999,-9999,-9999,-9999,-9999,-9999,-9999,-9999,-9999
-9999,-9999,-9999,-9999,9.71967256191419E-06,0.000142856908496469,0.000175533190486021,0.000176346715306863,0.000174603817868046,0.00017184202442877,0.000169899751199409,0.000167979844263755,1.15037528303219E-06,7.71749114392151E-07,-9999,-9999,-9999,-9999,-9999,-9999,-9999,-9999,-9999,-9999,-9999,-9999,-9999,-9999,-9999,-9999,-9999,-9999,-9999,-9999,-9999,-9999,-9999,-9999,-9999,-9999,-9999,-9999,-9999,-9999,-9999,-9999,-9999,-9999,-9999,-9999,-9999,-9999,-9999,-9999,-9999,-9999,-9999,-9999,-9999,-9999,-9999,-9999,-9999,-9999,-9999,-9999,-9999,-9999,-9999,-9999,-9999,-9999,-9999,-9999,-9999,-9999,-9999,-9999,-9999,-9999,-9999,-9999,-9999,-9999,-9999,-9999,-9999,-9999,-9999,-9999,-9999,-9999,-9999,-9999,-9999,-9999,-9999,4.549406469323E-07,6.67964854983438E-07,8.9406908955425E-05,9.53748676693067E-05,9.49176246649586E-05,9.41130274441093E-05,9.22140898182988E-05,9.07842768356204E-05,8.9924425992649E-05,8.91538584255613E-05,8.87848364072852E-05,8.80588850122876E-05,8.72773016453721E-05,8.61627850099467E-05,8.49898642627522E-05,8.39926506159827E-05,8.25273236841895E-05,7.84769290476106E-05,6.92132525728084E-05,4.06930266763084E-05,7.68102017900674E-06,5.51802395420964E-06,5.64917684187094E-07,-9999,-9999,-9999,-9999,-9999,-9999,-9999,-9999,-9999,-9999,-9999
-9999,-9999,-9999,-9999,8.70818985276856E-06,7.76788219809532E-05,0.000172595464391634,0.000176616158569232,0.000175724097061902,0.000173740365426056,0.00017145108722616,0.000169599239598028,2.56504199569463E-06,1.15643513254327E-06,-9999,-9999,-9999,-9999,-9999,-9999,-9999,-9999,-9999,-9999,-9999,-9999,-9999,-9999,-9999,-9999,-9999,-9999,-9999,-9999,-9999,-9999,-9999,-9999,-9999,-9999,-9999,-9999,-9999,-9999,-9999,-9999,-9999,-9999,-9999,-9999,-9999,-9999,-9999,-9999,-9999,-9999,-9999,-9999,-9999,-9999,-9999,-9999,-9999,-9999,-9999,-9999,-9999,-9999,-9999,-9999,-9999,-9999,-9999,-9999,-9999,-9999,-9999,-9999,-9999,-9999,-9999,-9999,-9999,-9999,-9999,-9999,-9999,-9999,-9999,-9999,-9999,-9999,-9999,-9999,-9999,-9999,-9999,-9999,6.53913957648911E-07,8.60442378325388E-05,9.3318369181361E-05,9.27782821236178E-05,9.25701388041489E-05,9.07782668946311E-05,8.91441741259769E-05,8.83686370798387E-05,8.7791180703789E-05,8.70825533638708E-05,8.64820030983537E-05,8.55760517879389E-05,8.45629547256976E-05,8.34614475024864E-05,8.25112510938197E-05,8.13883088994771E-05,7.84324583946727E-05,7.15763453627005E-05,5.39801912964322E-05,1.27257981148432E-05,4.38590450357879E-06,-9999,-9999,-9999,-9999,-9999,-9999,-9999,-9999,-9999,-9999,-9999,-9999
-9999,-9999,-9999,-9999,8.73928092914866E-06,3.41270242643077E-05,0.000160439536557533,0.000176529574673623,0.000176405956153758,0.000175477791344747,0.000173673295648769,0.000171661435160786,0.000116357776278164,1.15933539746038E-06,-9999,-9999,-9999,-9999,-9999,-9999,-9999,-9999,-9999,-9999,-9999,-9999,-9999,-9999,-9999,-9999,-9999,-9999,-9999,-9999,-9999,-9999,-9999,-9999,-9999,-9999,-9999,-9999,-9999,-9999,-9999,-9999,-9999,-9999,-9999,-9999,-9999,-9999,-9999,-9999,-9999,-9999,-9999,-9999,-9999,-9999,-9999,-9999,-9999,-9999,-9999,-9999,-9999,-9999,-9999,-9999,-9999,-9999,-9999,-9999,-9999,-9999,-9999,-9999,-9999,-9999,-9999,-9999,-9999,-9999,-9999,-9999,-9999,-9999,-9999,-9999,-9999,-9999,-9999,-9999,-9999,-9999,-9999,-9999,6.44118699710816E-07,7.7708471508231E-05,9.16566496016458E-05,9.11970200832002E-05,9.09998343558982E-05,8.99607912288047E-05,8.81090090842918E-05,8.65780748426914E-05,8.61457883729599E-05,8.53231176733971E-05,8.46601906232536E-05,8.38068808661774E-05,8.30150020192377E-05,8.20755230961367E-05,8.12156868050806E-05,8.002134563867E-05,7.78003231971525E-05,7.22376207704656E-05,6.25019529252313E-05,2.38785869441926E-05,4.34952153227641E-06,3.93234222428873E-06,3.98700422010734E-06,-9999,-9999,-9999,-9999,-9999,-9999,-9999,-9999,-9999,-9999
-9999,-9999,-9999,-9999,-9999,9.67043160926551E-06,0.000131500986753963,0.000175670007592998,0.000176849745912477,0.000176424146047793,0.00017521483823657,0.000173057385836728,0.000170546831213869,1.1619162023635E-06,-9999,-9999,-9999,-9999,-9999,-9999,-9999,-9999,-9999,-9999,-9999,-9999,-9999,-9999,-9999,-9999,-9999,-9999,-9999,-9999,-9999,-9999,-9999,-9999,-9999,-9999,-9999,-9999,-9999,-9999,-9999,-9999,-9999,-9999,-9999,-9999,-9999,-9999,-9999,-9999,-9999,-9999,-9999,-9999,-9999,-9999,-9999,-9999,-9999,-9999,-9999,-9999,-9999,-9999,-9999,-9999,-9999,-9999,-9999,-9999,-9999,-9999,-9999,-9999,-9999,-9999,-9999,-9999,-9999,-9999,-9999,-9999,-9999,-9999,-9999,-9999,-9999,-9999,-9999,-9999,-9999,-9999,-9999,-9999,6.37274240489205E-07,6.1829763581045E-05,8.95829507499002E-05,8.99790757102892E-05,8.95562116056681E-05,8.87290807440877E-05,8.6892003309913E-05,8.49933712743223E-05,8.45762042445131E-05,8.3734375948552E-05,8.31349825602956E-05,8.22645015432499E-05,8.15563616924919E-05,8.07712131063454E-05,7.99642439233139E-05,7.89695914136246E-05,7.75045045884326E-05,7.48586680856533E-05,5.99672275711782E-05,3.65965024684556E-05,1.37177339638583E-05,9.2549553301069E-06,5.5175687521114E-06,4.04983620683197E-06,-9999,-9999,-9999,-9999,-9999,-9999,-9999,-9999,-9999
-9999,-9999,-9999,-9999,-9999,1.97430040316249E-06,9.31339454837143E-05,0.000172551983268932,0.000177173569682054,0.000177129288204014,0.000176258385181427,0.000174098502611741,0.00017128445324488,1.16585215437226E-06,-9999,-9999,-9999,-9999,-9999,-9999,-9999,-9999,-9999,-9999,-9999,-9999,-9999,-9999,-9999,-9999,-9999,-9999,-9999,-9999,-9999,-9999,-9999,-9999,-9999,-9999,-9999,-9999,-9999,-9999,-9999,-9999,-9999,-9999,-9999,-9999,-9999,-9999,-9999,-9999,-9999,-9999,-9999,-9999,-9999,-9999,-9999,-9999,-9999,-9999,-9999,-9999,-9999,-9999,-9999,-9999,-9999,-9999,-9999,-9999,-9999,-9999,-9999,-9999,-9999,-9999,-9999,-9999,-9999,-9999,-9999,-9999,-9999,-9999,-9999,-9999,-9999,-9999,-9999,-9999,-9999,-9999,-9999,-9999,6.33073966582742E-07,2.06072327273432E-05,8.71264201123267E-05,8.88341237441637E-05,8.82649910636246E-05,8.73710087034851E-05,8.57193299452774E-05,8.39360582176596E-05,8.31988363643177E-05,8.26409523142502E-05,8.1870864960365E-05,8.08276527095586E-05,8.00816196715459E-05,7.93637300375849E-05,7.86288001108915E-05,7.79663314460777E-05,7.68647660152055E-05,7.34020795789547E-05,6.23130399617366E-05,5.1738737965934E-05,4.08436026191339E-05,3.42091880156659E-05,1.0272944564349E-05,3.95742472392158E-06,-9999,-9999,-9999,-9999,-9999,-9999,-9999,-9999,-9999
-9999,-9999,-9999,-9999,-9999,1.21568132271932E-06,6.7206310632173E-05,0.000172722531715408,0.00017739026225172,0.00017765500524547,0.000176986810402013,0.000174745015101507,0.000170153522049077,1.16961871299281E-06,-9999,-9999,-9999,-9999,-9999,-9999,-9999,-9999,-9999,-9999,-9999,-9999,-9999,-9999,-9999,-9999,-9999,-9999,-9999,-9999,-9999,-9999,-9999,-9999,-9999,-9999,-9999,-9999,-9999,-9999,-9999,-9999,-9999,-9999,-9999,-9999,-9999,-9999,-9999,-9999,-9999,-9999,-9999,-9999,-9999,-9999,-9999,-9999,-9999,-9999,-9999,-9999,-9999,-9999,-9999,-9999,-9999,-9999,-9999,-9999,-9999,-9999,-9999,-9999,-9999,-9999,-9999,-9999,-9999,-9999,-9999,-9999,-9999,-9999,-9999,-9999,-9999,-9999,-9999,-9999,-9999,-9999,-9999,-9999,-9999,6.18455544554308E-07,8.50174546940252E-05,8.7224441813305E-05,8.71136944624595E-05,8.60852160258219E-05,8.45185786602087E-05,8.27009425847791E-05,8.19222332211211E-05,8.14337472547777E-05,8.05871968623251E-05,7.96431995695457E-05,7.87810713518411E-05,7.81220005592331E-05,7.74016589275561E-05,7.68330064602196E-05,7.61560149840079E-05,7.36911169951782E-05,7.071304571582E-05,6.65964689687826E-05,5.70468764635734E-05,3.61133497790433E-05,1.36577964440221E-05,3.87388990930049E-06,-9999,-9999,-9999,-9999,-9999,-9999,-9999,-9999,-9999
-9999,-9999,-9999,-9999,-9999,-9999,4.09031308663543E-05,0.000173451422597282,0.000177496709511615,0.000177994821569882,0.000177196969161741,0.000174569606315345,0.000172618485521525,-9999,-9999,-9999,-9999,-9999,-9999,-9999,-9999,-9999,-9999,-9999,-9999,-9999,-9999,-9999,-9999,-9999,-9999,-9999,-9999,-9999,-9999,-9999,-9999,-9999,-9999,-9999,-9999,-9999,-9999,-9999,-9999,-9999,-9999,-9999,-9999,-9999,-9999,-9999,-9999,-9999,-9999,-9999,-9999,-9999,-9999,-9999,-9999,-9999,-9999,-9999,-9999,-9999,-9999,-9999,-9999,-9999,-9999,-9999,-9999,-9999,-9999,-9999,-9999,-9999,-9999,-9999,-9999,-9999,-9999,-9999,-9999,-9999,-9999,-9999,-9999,-9999,-9999,-9999,-9999,-9999,-9999,-9999,-9999,-9999,-9999,6.1096079662093E-07,7.91364509495907E-05,8.57435952639207E-05,8.60573854879476E-05,8.51292570587248E-05,8.36478793644346E-05,8.19877459434792E-05,8.09507328085601E-05,8.02910944912583E-05,7.93341969256289E-05,7.84650619607419E-05,7.76205852162093E-05,7.68622776377015E-05,7.6193486165721E-05,7.56657755118795E-05,7.53907734178938E-05,7.47832891647704E-05,7.34316199668683E-05,6.86856583342887E-05,5.98541337240022E-05,4.48458376922645E-05,2.3215794499265E-05,4.74881881018518E-06,-9999,-9999,-9999,-9999,-9999,-9999,-9999,-9999,-9999
-9999,-9999,-9999,-9999,-9999,-9999,3.08236631099135E-05,0.000173787091625854,0.00017795515304897,0.000178135771420784,0.000176771791302599,0.000174108543433249,0.000171188468812034,-9999,-9999,-9999,-9999,-9999,-9999,-9999,-9999,-9999,-9999,-9999,-9999,-9999,-9999,-9999,-9999,-9999,-9999,-9999,-9999,-9999,-9999,-9999,-9999,-9999,-9999,-9999,-9999,-9999,-9999,-9999,-9999,-9999,-9999,-9999,-9999,-9999,-9999,-9999,-9999,-9999,-9999,-9999,-9999,-9999,-9999,-9999,-9999,-9999,-9999,-9999,-9999,-9999,-9999,-9999,-9999,-9999,-9999,-9999,-9999,-9999,-9999,-9999,-9999,-9999,-9999,-9999,-9999,-9999,-9999,-9999,-9999,-9999,-9999,-9999,-9999,-9999,-9999,-9999,-9999,-9999,-9999,-9999,-9999,-9999,-9999,6.04336094056634E-07,5.22770424140617E-05,8.46757175168023E-05,8.50420037750155E-05,8.40761058498174E-05,8.26290415716358E-05,8.11822756077163E-05,7.97876855358481E-05,7.93288127169944E-05,7.83656359999441E-05,7.75051739765331E-05,7.66622324590571E-05,7.59583999752067E-05,7.52865598769858E-05,7.47669619158842E-05,7.45099459891208E-05,7.42711636121385E-05,7.34406203264371E-05,7.1147303970065E-05,6.57544951536693E-05,5.08331395394634E-05,3.57398312189616E-05,8.97774225450121E-06,4.74485796075896E-06,3.84615623261197E-06,-9999,-9999,-9999,-9999,-9999,-9999,-9999
-9999,-9999,-9999,-9999,-9999,-9999,4.90144957439043E-05,0.000176648740307428,0.00017860128718894,0.000177996786078438,0.000176052912138402,0.000173475404153578,0.000157198563101701,-9999,-9999,-9999,-9999,-9999,-9999,-9999,-9999,-9999,-9999,-9999,-9999,-9999,-9999,-9999,-9999,-9999,-9999,-9999,-9999,-9999,-9999,-9999,-9999,-9999,-9999,-9999,-9999,-9999,-9999,-9999,-9999,-9999,-9999,-9999,-9999,-9999,-9999,-9999,-9999,-9999,-9999,-9999,-9999,-9999,-9999,-9999,-9999,-9999,-9999,-9999,-9999,-9999,-9999,-9999,-9999,-9999,-9999,-9999,-9999,-9999,-9999,-9999,-9999,-9999,-9999,-9999,-9999,-9999,-9999,-9999,-9999,-9999,-9999,-9999,-9999,-9999,-9999,-9999,-9999,-9999,-9999,-9999,-9999,-9999,-9999,5.98042845467717E-07,3.52431538885867E-06,8.36627878015861E-05,8.37166444398463E-05,8.29121563583612E-05,8.14111044746824E-05,7.99680856289342E-05,7.87412864156067E-05,7.81920316512696E-05,7.75523658376187E-05,7.67326419008896E-05,7.58270107326098E-05,7.50763501855545E-05,7.45034412830137E-05,7.40932955523022E-05,7.37320297048427E-05,7.36306756152771E-05,7.2985676524695E-05,7.12999899405986E-05,6.71112575219013E-05,5.93351360294037E-05,4.2275911255274E-05,1.61844673129963E-05,8.11289100965951E-06,5.9415524447104E-06,3.82812595489668E-06,-9999,-9999,-9999,-9999,-9999,-9999
-9999,-9999,-9999,-9999,-9999,-9999,-9999,-9999,-9999,-9999,-9999,-9999,-9999,-9999,-9999,-9999,-9999,-9999,-9999,-9999,-9999,-9999,-9999,-9999,-9999,-9999,-9999,-9999,-9999,-9999,-9999,-9999,-9999,-9999,-9999,-9999,-9999,-9999,-9999,-9999,-9999,-9999,-9999,-9999,-9999,-9999,-9999,-9999,-9999,-9999,-9999,-9999,-9999,-9999,-9999,-9999,-9999,-9999,-9999,-9999,-9999,-9999,-9999,-9999,-9999,-9999,-9999,-9999,-9999,-9999,-9999,-9999,-9999,-9999,-9999,-9999,-9999,-9999,-9999,-9999,-9999,-9999,-9999,-9999,-9999,-9999,-9999,-9999,-9999,-9999,-9999,-9999,-9999,-9999,-9999,-9999,-9999,-9999,-9999,-9999,5.78670039885765E-07,8.03827060735784E-05,8.2302991359029E-05,8.16532192402519E-05,8.03442162577994E-05,7.89588375482708E-05,7.7735043305438E-05,7.72535931901075E-05,7.68713434808888E-05,7.59417162043974E-05,7.51000043237582E-05,7.44040589779615E-05,7.37478912924416E-05,7.34152636141516E-05,7.3117800639011E-05,7.29920357116498E-05,7.283497689059E-05,7.1981834480539E-05,6.94299160386436E-05,6.31000730209053E-05,4.64061013190076E-05,2.48556953010848E-05,1.62338619702496E-05,1.22502615340636E-05,6.59308989270357E-06,3.79616130885552E-06,-9999,-9999,-9999,-9999,-9999
-9999,-9999,-9999,-9999,-9999,-9999,-9999,-9999,-9999,-9999,-9999,-9999,-9999,-9999,-9999,-9999,-9999,-9999,-9999,-9999,-9999,-9999,-9999,-9999,-9999,-9999,-9999,-9999,-9999,-9999,-9999,-9999,-9999,-9999,-9999,-9999,-9999,-9999,-9999,-9999,-9999,-9999,-9999,-9999,-9999,-9999,-9999,-9999,-9999,-9999,-9999,-9999,-9999,-9999,-9999,-9999,-9999,-9999,-9999,-9999,-9999,-9999,-9999,-9999,-9999,-9999,-9999,-9999,-9999,-9999,-9999,-9999,-9999,-9999,-9999,-9999,-9999,-9999,-9999,-9999,-9999,-9999,-9999,-9999,-9999,-9999,-9999,-9999,-9999,-9999,-9999,-9999,-9999,-9999,-9999,-9999,-9999,-9999,-9999,-9999,5.70338727357012E-07,6.08277332503349E-05,8.11864010756835E-05,8.03056027507409E-05,7.91936472523957E-05,7.78336398070678E-05,7.65772419981658E-05,7.63791904319078E-05,7.60522743803449E-05,7.51856932765804E-05,7.42326519684866E-05,7.36426663934253E-05,7.29715829947963E-05,7.27415754226968E-05,7.25862846593373E-05,7.27360675227828E-05,7.26759390090592E-05,7.2222319431603E-05,6.95214039296843E-05,6.26904220553115E-05,4.82345385535154E-05,3.0934843380237E-05,2.29323068197118E-05,1.34106130644795E-05,9.00899431144353E-06,4.23790061176987E-06,3.80492065232829E-06,-9999,-9999,-9999,-9999
-9999,-9999,-9999,-9999,-9999,-9999,-9999,-9999,-9999,-9999,-9999,-9999,-9999,-9999,-9999,-9999,-9999,-9999,-9999,-9999,-9999,-9999,-9999,-9999,-9999,-9999,-9999,-9999,-9999,-9999,-9999,-9999,-9999,-9999,-9999,-9999,-9999,-9999,-9999,-9999,-9999,-9999,-9999,-9999,-9999,-9999,-9999,-9999,-9999,-9999,-9999,-9999,-9999,-9999,-9999,-9999,-9999,-9999,-9999,-9999,-9999,-9999,-9999,-9999,-9999,-9999,-9999,-9999,-9999,-9999,-9999,-9999,-9999,-9999,-9999,-9999,-9999,-9999,-9999,-9999,-9999,-9999,-9999,-9999,-9999,-9999,-9999,-9999,-9999,-9999,-9999,-9999,-9999,-9999,-9999,-9999,-9999,-9999,-9999,-9999,5.64386539281259E-07,1.44014131819858E-06,8.01556743681431E-05,7.90597987361252E-05,7.80659756856039E-05,7.6709795393981E-05,7.56867157178931E-05,7.55536748329177E-05,7.52357227611355E-05,7.44883873267099E-05,7.35618305043317E-05,7.29649473214522E-05,7.23196135368198E-05,7.20588941476308E-05,7.20771204214543E-05,7.22673867130652E-05,7.19569143257104E-05,7.12930777808651E-05,6.92853645887226E-05,6.23267405899242E-05,5.18964989169035E-05,3.95895331166685E-05,2.880613283196E-05,1.76884568645619E-05,9.94667789200321E-06,5.28453665538109E-06,3.80873871108633E-06,-9999,-9999,-9999,-9999
-9999,-9999,-9999,-9999,-9999,-9999,-9999,-9999,-9999,-9999,-9999,-9999,-9999,-9999,-9999,-9999,-9999,-9999,-9999,-9999,-9999,-9999,-9999,-9999,-9999,-9999,-9999,-9999,-9999,-9999,-9999,-9999,-9999,-9999,-9999,-9999,-9999,-9999,-9999,-9999,-9999,-9999,-9999,-9999,-9999,-9999,-9999,-9999,-9999,-9999,-9999,-9999,-9999,-9999,-9999,-9999,-9999,-9999,-9999,-9999,-9999,-9999,-9999,-9999,-9999,-9999,-9999,-9999,-9999,-9999,-9999,-9999,-9999,-9999,-9999,-9999,-9999,-9999,-9999,-9999,-9999,-9999,-9999,-9999,-9999,-9999,-9999,-9999,-9999,-9999,-9999,-9999,-9999,-9999,-9999,-9999,-9999,-9999,-9999,-9999,-9999,5.49087985746155E-07,7.35962676117197E-05,7.77076202211902E-05,7.68592653912492E-05,7.56552835809998E-05,7.48882157495245E-05,7.46312434785068E-05,7.44040225981735E-05,7.37857262720354E-05,7.28152081137523E-05,7.2210757934954E-05,7.16267095413059E-05,7.12993060005829E-05,7.13150657247752E-05,7.16267022653483E-05,7.19265153747983E-05,7.17432703822851E-05,6.94557747920044E-05,6.31530274404213E-05,5.34106802660972E-05,4.5915807277197E-05,3.29766298818868E-05,1.76104895217577E-05,1.09829607026768E-05,5.28185319126351E-06,3.80158189727808E-06,-9999,-9999,4.10178881793399E-06,4.10329403166543E-06
-9999,-9999,-9999,-9999,-9999,-9999,-9999,-9999,-9999,-9999,-9999,-9999,-9999,-9999,-9999,-9999,-9999,-9999,-9999,-9999,-9999,-9999,-9999,-9999,-9999,-9999,-9999,-9999,-9999,-9999,-9999,-9999,-9999,-9999,-9999,-9999,-9999,-9999,-9999,-9999,-9999,-9999,-9999,-9999,-9999,-9999,-9999,-9999,-9999,-9999,-9999,-9999,-9999,-9999,-9999,-9999,-9999,-9999,-9999,-9999,-9999,-9999,-9999,-9999,-9999,-9999,-9999,-9999,-9999,-9999,-9999,-9999,-9999,-9999,-9999,-9999,-9999,-9999,-9999,-9999,-9999,-9999,-9999,-9999,-9999,-9999,-9999,-9999,-9999,-9999,-9999,-9999,-9999,-9999,-9999,-9999,-9999,-9999,-9999,-9999,-9999,-9999,3.8529160519829E-06,7.78361500124447E-05,7.59385802666657E-05,7.49867031117901E-05,7.43103519198485E-05,7.40724717616104E-05,7.36665169824846E-05,7.29108505765907E-05,7.2028415161185E-05,7.14455018169247E-05,7.09494270267896E-05,7.07049330230802E-05,7.06585124135017E-05,7.09130545146763E-05,7.11579486960545E-05,7.09151572664268E-05,6.86195780872367E-05,6.57510390738025E-05,5.95081328356173E-05,4.77367793791927E-05,3.2872940209927E-05,2.09557547350414E-05,9.89362069958588E-06,5.89497949476936E-06,3.84267741537769E-06,3.91857383874594E-06,4.00484213969321E-06,4.05717537432793E-06,4.52187714472529E-06
-9999,-9999,-9999,-9999,-9999,-9999,-9999,-9999,-9999,-9999,-9999,-9999,-9999,-9999,-9999,-9999,-9999,-9999,-9999,-9999,-9999,-9999,-9999,-9999,-9999,-9999,-9999,-9999,-9999,-9999,-9999,-9999,-9999,-9999,-9999,-9999,-9999,-9999,-9999,-9999,-9999,-9999,-9999,-9999,-9999,-9999,-9999,-9999,-9999,-9999,-9999,-9999,-9999,-9999,-9999,-9999,-9999,-9999,-9999,-9999,-9999,-9999,-9999,-9999,-9999,-9999,-9999,-9999,-9999,-9999,-9999,-9999,-9999,-9999,-9999,-9999,-9999,-9999,-9999,-9999,-9999,-9999,-9999,-9999,-9999,-9999,-9999,-9999,-9999,-9999,-9999,-9999,-9999,-9999,-9999,-9999,-9999,-9999,-9999,-9999,-9999,-9999,-9999,5.37525775143877E-05,7.62689232942648E-05,7.45643046684563E-05,7.4205978307873E-05,7.37382652005181E-05,7.32928237994201E-05,7.23824923625216E-05,7.14727138984017E-05,7.07716171746142E-05,7.03340629115701E-05,7.01493700034916E-05,7.02428587828763E-05,7.02691468177363E-05,7.02287070453167E-05,6.99748052284122E-05,6.82101745042019E-05,6.62013335386291E-05,6.0604048485402E-05,4.95425447297748E-05,3.71361456927843E-05,1.74494180100737E-05,8.86728139448678E-06,5.27508109371411E-06,4.32178558185115E-06,3.9438182284357E-06,4.46821422883659E-06,4.98829649586696E-06,4.11149158026092E-05
-9999,-9999,-9999,-9999,-9999,-9999,-9999,-9999,-9999,-9999,-9999,-9999,-9999,-9999,-9999,-9999,-9999,-9999,-9999,-9999,-9999,-9999,-9999,-9999,-9999,-9999,-9999,-9999,-9999,-9999,-9999,-9999,-9999,-9999,-9999,-9999,-9999,-9999,-9999,-9999,-9999,-9999,-9999,-9999,-9999,-9999,-9999,-9999,-9999,-9999,-9999,-9999,-9999,-9999,-9999,-9999,-9999,-9999,-9999,-9999,-9999,-9999,-9999,-9999,-9999,-9999,-9999,-9999,-9999,-9999,-9999,-9999,-9999,-9999,-9999,-9999,-9999,-9999,-9999,-9999,-9999,-9999,-9999,-9999,-9999,-9999,-9999,-9999,-9999,-9999,-9999,-9999,-9999,-9999,-9999,-9999,-9999,-9999,-9999,-9999,-9999,-9999,-9999,5.23641176641831E-07,5.3530398872681E-05,7.63448915677145E-05,7.46619261917658E-05,7.38718808861449E-05,7.32429980416782E-05,7.22987242625095E-05,7.13918780093081E-05,7.07302897353657E-05,7.03097030054778E-05,7.00177770340815E-05,6.98264193488285E-05,6.97194627719E-05,6.92275571054779E-05,6.84114784235135E-05,6.79181248415262E-05,6.33722520433366E-05,5.610469088424E-05,4.10282882512547E-05,2.23171646211995E-05,7.08107563696103E-06,4.67297832074109E-06,4.77001503895735E-06,5.45117245565052E-06,5.51140828974894E-06,9.47018634178676E-06,8.273174171336E-05,8.37595362099819E-05
-9999,-9999,-9999,-9999,-9999,-9999,-9999,-9999,-9999,-9999,-9999,-9999,-9999,-9999,-9999,-9999,-9999,-9999,-9999,-9999,-9999,-9999,-9999,-9999,-9999,-9999,-9999,-9999,-9999,-9999,-9999,-9999,-9999,-9999,-9999,-9999,-9999,-9999,-9999,-9999,-9999,-9999,-9999,-9999,-9999,-9999,-9999,-9999,-9999,-9999,-9999,-9999,-9999,-9999,-9999,-9999,-9999,-9999,-9999,-9999,-9999,-9999,-9999,-9999,-9999,-9999,-9999,-9999,-9999,-9999,-9999,-9999,-9999,-9999,-9999,-9999,-9999,-9999,-9999,-9999,-9999,-9999,-9999,-9999,-9999,-9999,-9999,-9999,-9999,-9999,-9999,-9999,-9999,-9999,-9999,-9999,-9999,-9999,-9999,-9999,-9999,-9999,-9999,-9999,5.18369688506937E-07,5.16452757892694E-07,7.05196871422231E-05,7.47033991501667E-05,7.31167092453688E-05,7.23051125532947E-05,7.14930501999334E-05,7.09020896465518E-05,6.63548125885427E-05,5.5236119806068E-05,6.91304958309047E-05,6.70750014251098E-05,5.6821354519343E-05,4.75943343190011E-05,4.40954318037257E-05,3.80489655071869E-05,2.01098773686681E-05,7.71815484768013E-06,4.08446021538111E-06,3.72482350030623E-06,6.62647835270036E-06,1.13980959213222E-05,4.2530689825071E-05,8.14498926047236E-05,8.31197103252634E-05,8.38454870972782E-05,8.29648488434032E-05
-9999,-9999,-9999,-9999,-9999,-9999,-9999,-9999,-9999,-9999,-9999,-9999,-9999,-9999,-9999,-9999,-9999,-9999,-9999,-9999,-9999,-9999,-9999,-9999,-9999,-9999,-9999,-9999,-9999,-9999,-9999,-9999,-9999,-9999,-9999,-9999,-9999,-9999,-9999,-9999,-9999,-9999,-9999,-9999,-9999,-9999,-9999,-9999,-9999,-9999,-9999,-9999,-9999,-9999,-9999,-9999,-9999,-9999,-9999,-9999,-9999,-9999,-9999,-9999,-9999,-9999,-9999,-9999,-9999,-9999,-9999,-9999,-9999,-9999,-9999,-9999,-9999,-9999,-9999,-9999,-9999,-9999,-9999,-9999,-9999,-9999,-9999,-9999,-9999,-9999,-9999,-9999,-9999,-9999,-9999,-9999,-9999,-9999,-9999,-9999,-9999,-9999,-9999,-9999,-9999,-9999,5.11207701947569E-07,2.5524443572067E-06,7.42818883736618E-05,7.31985783204436E-05,7.1966162067838E-05,7.12182882125489E-05,6.76071067573503E-05,6.78088545100763E-05,6.46704575046897E-05,5.07068034494296E-05,3.71332462236751E-05,2.30755267693894E-05,9.19315880310023E-06,1.38534069265006E-05,8.50127707963111E-06,1.18283978736144E-05,4.04680286010262E-05,7.81454655225389E-05,7.99274203018285E-05,8.13479855423793E-05,8.21665962575935E-05,8.2177713920828E-05,8.20895802462474E-05,7.92328719398938E-05,4.12718836741988E-05
-9999,-9999,-9999,-9999,-9999,-9999,-9999,-9999,-9999,-9999,-9999,-9999,-9999,-9999,-9999,-9999,-9999,-9999,-9999,-9999,-9999,-9999,-9999,-9999,-9999,-9999,-9999,-9999,-9999,-9999,-9999,-9999,-9999,-9999,-9999,-9999,-9999,-9999,-9999,-9999,-9999,-9999,-9999,-9999,-9999,-9999,-9999,-9999,-9999,-9999,-9999,-9999,-9999,-9999,-9999,-9999,-9999,-9999,-9999,-9999,-9999,-9999,-9999,-9999,-9999,-9999,-9999,-9999,-9999,-9999,-9999,-9999,-9999,-9999,-9999,-9999,-9999,-9999,-9999,-9999,-9999,-9999,-9999,-9999,-9999,-9999,-9999,-9999,-9999,-9999,-9999,-9999,-9999,-9999,-9999,-9999,-9999,-9999,-9999,-9999,-9999,-9999,-9999,-9999,-9999,-9999,-9999,-9999,5.00443263717898E-07,2.02293608708715E-06,7.10407475708053E-05,7.28041777620092E-05,7.2238952270709E-05,7.18332521500997E-05,7.14115740265697E-05,7.12177643436007E-05,7.12485198164359E-05,7.19110466889106E-05,7.2824077506084E-05,7.38075541448779E-05,7.50843901187181E-05,7.68539102864452E-05,7.85140437074006E-05,7.94708103057928E-05,8.00083071226254E-05,8.0550649727229E-05,8.02874055807479E-05,7.57867601350881E-05,4.54618857474998E-05,3.17775084113237E-06,-9999
-9999,-9999,-9999,-9999,-9999,-9999,-9999,-9999,-9999,-9999,-9999,-9999,-9999,-9999,-9999,-9999,-9999,-9999,-9999,-9999,-9999,-9999,-9999,-9999,-9999,-9999,-9999,-9999,-9999,-9999,-9999,-9999,-9999,-9999,-9999,-9999,-9999,-9999,-9999,-9999,-9999,-9999,-9999,-9999,-9999,-9999,-9999,-9999,-9999,-9999,-9999,-9999,-9999,-9999,-9999,-9999,-9999,-9999,-9999,-9999,-9999,-9999,-9999,-9999,-9999,-9999,-9999,-9999,-9999,-9999,-9999,-9999,-9999,-9999,-9999,-9999,-9999,-9999,-9999,-9999,-9999,-9999,-9999,-9999,-9999,-9999,-9999,-9999,-9999,-9999,-9999,-9999,-9999,-9999,-9999,-9999,-9999,-9999,-9999,-9999,-9999,-9999,-9999,-9999,-9999,-9999,-9999,-9999,-9999,-9999,4.95910512654518E-07,4.94162748054805E-07,4.92572212351661E-07,4.90921763685037E-07,2.03196736947575E-06,2.8536123863887E-06,4.89773242406955E-07,4.92929984829971E-07,4.98669123771833E-07,9.70160726865288E-07,3.15755210067437E-06,1.40463116622414E-05,2.93920365947997E-05,3.25475011777598E-05,7.5413913691591E-06,5.51860921405023E-07,5.5756538586138E-07,5.60724572551408E-07,-9999,-9999,-9999
-9999,-9999,-9999,-9999,-9999,-9999,-9999,-9999,-9999,-9999,-9999,-9999,-9999,-9999,-9999,-9999,-9999,-9999,-9999,-9999,-9999,-9999,-9999,-9999,-9999,-9999,-9999,-9999,-9999,-9999,-9999,-9999,-9999,-9999,-9999,-9999,-9999,-9999,-9999,-9999,-9999,-9999,-9999,-9999,-9999,-9999,-9999,-9999,-9999,-9999,-9999,-9999,-9999,-9999,-9999,-9999,-9999,-9999,-9999,-9999,-9999,-9999,-9999,-9999,-9999,-9999,-9999,-9999,-9999,-9999,-9999,-9999,-9999,-9999,-9999,-9999,-9999,-9999,-9999,-9999,-9999,-9999,-9999,-9999,-9999,-9999,-9999,-9999,-9999,-9999,-9999,-9999,-9999,-9999,-9999,-9999,-9999,-9999,-9999,-9999,-9999,-9999,-9999,-9999,-9999,-9999,-9999,-9999,-9999,-9999,-9999,-9999,-9999,-9999,-9999,-9999,-9999,-9999,-9999,-9999,-9999,-9999,-9999,-9999,-9999,-9999,-9999,-9999,-9999,-9999,-9999
-9999,-9999,-9999,-9999,-9999,-9999,-9999,-9999,-9999,-9999,-9999,-9999,-9999,-9999,-9999,-9999,-9999,-9999,-9999,-9999,-9999,-9999,-9999,-9999,-9999,-9999,-9999,-9999,-9999,-9999,-9999,-9999,-9999,-9999,-9999,-9999,-9999,-9999,-9999,-9999,-9999,-9999,-9999,-9999,-9999,-9999,-9999,-9999,-9999,-9999,-9999,-9999,-9999,-9999,-9999,-9999,-9999,-9999,-9999,-9999,-9999,-9999,-9999,-9999,-9999,-9999,-9999,-9999,-9999,-9999,-9999,-9999,-9999,-9999,-9999,-9999,-9999,-9999,-9999,-9999,-9999,-9999,-9999,-9999,-9999,-9999,-9999,-9999,-9999,-9999,-9999,-9999,-9999,-9999,-9999,-9999,-9999,-9999,-9999,-9999,-9999,-9999,-9999,-9999,-9999,-9999,-9999,-9999,-9999,-9999,-9999,-9999,-9999,-9999,-9999,-9999,-9999,-9999,-9999,-9999,-9999,-9999,-9999,-9999,-9999,-9999,-9999,-9999,-9999,-9999,-9999

Step,433
Year,36.08333
-9999,-9999,-9999,-9999,-9999,-9999,-9999,-9999,-9999,-9999,-9999,-9999,-9999,-9999,-9999,-9999,-9999,-9999,-9999,-9999,-9999,-9999,-9999,-9999,-9999,-9999,-9999,-9999,-9999,-9999,-9999,-9999,-9999,-9999,-9999,-9999,-9999,-9999,-9999,-9999,-9999,-9999,-9999,-9999,-9999,-9999,-9999,-9999,-9999,-9999,-9999,-9999,-9999,-9999,-9999,-9999,-9999,-9999,-9999,-9999,-9999,-9999,-9999,-9999,-9999,-9999,-9999,-9999,-9999,-9999,-9999,-9999,-9999,-9999,-9999,-9999,-9999,-9999,-9999,-9999,-9999,-9999,-9999,-9999,-9999,-9999,-9999,-9999,-9999,-9999,-9999,-9999,-9999,-9999,-9999,-9999,-9999,-9999,-9999,-9999,-9999,-9999,-9999,-9999,-9999,-9999,-9999,-9999,-9999,-9999,-9999,-9999,-9999,-9999,-9999,-9999,-9999,-9999,-9999,-9999,-9999,-9999,-9999,-9999,-9999,-9999,-9999,-9999,-9999,-9999,-9999
-9999,-9999,-9999,-9999,-9999,-9999,-9999,-9999,-9999,-9999,-9999,-9999,-9999,-9999,-9999,-9999,-9999,-9999,-9999,-9999,-9999,-9999,-9999,-9999,-9999,-9999,-9999,-9999,-9999,-9999,-9999,-9999,-9999,-9999,-9999,-9999,-9999,-9999,-9999,-9999,-9999,-9999,-9999,-9999,-9999,-9999,-9999,-9999,-9999,-9999,-9999,-9999,-9999,-9999,-9999,-9999,-9999,-9999,-9999,-9999,-9999,-9999,-9999,-9999,-9999,-9999,-9999,-9999,-9999,-9999,-9999,-9999,-9999,-9999,-9999,-9999,-9999,-9999,-9999,-9999,-9999,-9999,-9999,-9999,-9999,-9999,-9999,-9999,-9999,-9999,-9999,-9999,-9999,-9999,-9999,-9999,-9999,-9999,-9999,-9999,-9999,-9999,-9999,-9999,-9999,-9999,-9999,-9999,-9999,-9999,-9999,-9999,-9999,-9999,-9999,-9999,-9999,-9999,-9999,-9999,-9999,-9999,-9999,-9999,-9999,-9999,-9999,-9999,-9999,-9999,-9999
-9999,-9999,-9999,-9999,-9999,-9999,-9999,-9999,-9999,-9999,-9999,-9999,-9999,-9999,-9999,-9999,-9999,-9999,-9999,-9999,-9999,-9999,-9999,-9999,-9999,-9999,-9999,-9999,-9999,-9999,-9999,-9999,-9999,-9999,-9999,-9999,-9999,-9999,-9999,-9999,-9999,-9999,-9999,-9999,-9999,-9999,-9999,-9999,-9999,-9999,-9999,-9999,-9999,-9999,-9999,-9999,-9999,-9999,-9999,-9999,-9999,-9999,-9999,-9999,-9999,-9999,-9999,-9999,-9999,-9999,-9999,-9999,-9999,-9999,4.51026409109545E-07,6.69937492148165E-07,-9999,-9999,-9999,-9999,-9999,-9999,-9999,-9999,-9999,-9999,-9999,-9999,-9999,-9999,-9999,-9999,-9999,-9999,-9999,-9999,-9999,-9999,-9999,-9999,-9999,-9999,-9999,-9999,-9999,-9999,-9999,-9999,-9999,-9999,-9999,-9999,-9999,-9999,-9999,-9999,-9999,-9999,-9999,-9999,-9999,-9999,-9999,-9999,-9999,-9999,-9999,-9999,-9999,-9999,-9999
-9999,-9999,-9999,-9999,-9999,-9999,-9999,-9999,-9999,-9999,-9999,-9999,-9999,-9999,-9999,-9999,-9999,-9999,-9999,-9999,-9999,-9999,-9999,-9999,-9999,-9999,-9999,-9999,-9999,-9999,-9999,-9999,-9999,-9999,-9999,-9999,-9999,-9999,-9999,-9999,-9999,-9999,-9999,-9999,-9999,-9999,-9999,-9999,-9999,-9999,-9999,-9999,-9999,-9999,-9999,-9999,-9999,-9999,-9999,-9999,-9999,-9999,-9999,-9999,-9999,-9999,-9999,-9999,-9999,-9999,-9999,-9999,-9999,-9999,6.46670855530829E-07,9.55836185312364E-07,-9999,-9999,-9999,-9999,-9999,-9999,-9999,-9999,-9999,-9999,-9999,-9999,-9999,-9999,-9999,-9999,-9999,-9999,-9999,-9999,-9999,-9999,-9999,-9999,-9999,-9999,-9999,-9999,-9999,-9999,-9999,-9999,-9999,-9999,-9999,-9999,-9999,-9999,-9999,-9999,-9999,-9999,-9999,-9999,-9999,-9999,-9999,-9999,-9999,-9999,-9999,-9999,-9999,-9999,-9999
-9999,-9999,-9999,-9999,-9999,-9999,-9999,-9999,-9999,-9999,-9999,-9999,-9999,-9999,-9999,-9999,-9999,-9999,-9999,-9999,-9999,-9999,-9999,-9999,-9999,-9999,-9999,-9999,-9999,-9999,-9999,-9999,-9999,-9999,-9999,-9999,-9999,-9999,-9999,-9999,-9999,-9999,-9999,-9999,-9999,-9999,-9999,-9999,-9999,-9999,-9999,-9999,-9999,-9999,-9999,-9999,5.6274796378375E-08,8.09510183330531E-08,1.13910076038337E-07,1.60020249495574E-07,-9999,-9999,-9999,-9999,-9999,8.39971050936583E-07,8.03950001682097E-07,1.12556665499142E-06,1.0873604878725E-06,6.97383370606985E-07,9.91241904557683E-07,4.91968376081786E-06,6.58590624880162E-06,6.51400614515296E-06,9.14446047772799E-07,4.6716754695808E-06,6.04067463427782E-06,-9999,-9999,5.64909259992419E-06,8.74746456247522E-06,7.66167158872122E-06,7.7887279985589E-06,2.00428694370203E-05,2.67363830062095E-05,2.4494558601873E-05,2.46197632804979E-05,1.50897576531861E-05,7.13621693648747E-06,-9999,-9999,-9999,-9999,-9999,-9999,-9999,-9999,-9999,-9999,-9999,-9999,-9999,-9999,-9999,-9999,-9999,-9999,-9999,-9999,-9999,-9999,-9999,-9999,-9999,-9999,-9999,-9999,-9999,-9999,-9999,-9999,-9999,-9999,-9999,-9999,-9999,-9999,-9999,-9999,-9999,-9999
-9999,-9999,-9999,-9999,-9999,-9999,-9999,-9999,-9999,-9999,-9999,-9999,-9999,-9999,-9999,-9999,-9999,-9999,-9999,-9999,-9999,-9999,-9999,-9999,-9999,-9999,-9999,-9999,-9999,-9999,-9999,-9999,-9999,-9999,-9999,-9999,-9999,-9999,-9999,-9999,-9999,-9999,-9999,-9999,-9999,-9999,-9999,-9999,-9999,-9999,-9999,-9999,-9999,-9999,-9999,5.89126827321707E-08,8.56688302519615E-08,1.22560606996558E-07,1.69902520497089E-07,2.2745983585537E-07,2.98431217515827E-07,4.08725043143932E-07,-9999,1.42876217523735E-06,3.81176710106956E-06,1.25324459077092E-06,1.15976843062526E-06,8.4634139057016E-06,8.51329423312563E-06,9.92917534858861E-07,9.56351982495107E-07,1.09447773866123E-05,1.38320665428182E-05,1.22556784845074E-05,1.0750270121207E-05,1.0580735761323E-05,8.17811087472364E-06,9.03508498595329E-06,1.50384839798789E-05,2.6693649488152E-05,6.36630356893875E-05,9.75893708528019E-05,0.000108503751107492,0.000108744767203461,0.000109973952930886,0.00011128877667943,0.000112659035949036,0.000114438094897196,0.000110472086817026,5.8437082770979E-05,2.48548021772876E-05,-9999,-9999,-9999,-9999,-9999,-9999,-9999,-9999,-9999,-9999,-9999,-9999,-9999,-9999,-9999,-9999,-9999,-9999,-9999,-9999,-9999,-9999,-9999,-9999,-9999,-9999,-9999,-9999,-9999,-9999,-9999,-9999,-9999,-9999,-9999,-9999,-9999,-9999,-9999,-9999
-9999,-9999,-9999,-9999,-9999,-9999,-9999,-9999,-9999,-9999,-9999,-9999,-9999,-9999,-9999,-9999,-9999,-9999,-9999,-9999,-9999,-9999,-9999,-9999,-9999,-9999,-9999,-9999,-9999,-9999,-9999,-9999,-9999,-9999,-9999,-9999,-9999,-9999,-9999,-9999,-9999,-9999,-9999,-9999,-9999,-9999,-9999,-9999,-9999,-9999,-9999,-9999,-9999,-9999,-9999,8.8530157427158E-08,1.29868851672654E-07,1.87951755492577E-07,2.60692416986785E-07,3.44302094390514E-07,4.36348472021564E-07,5.51783784885629E-07,7.17825628271385E-07,9.65963977250794E-07,1.32173170186434E-06,7.44978342481772E-06,1.27822077047313E-05,3.18185448122676E-05,5.08038538100664E-05,7.22064432920888E-05,8.17477121017873E-05,7.26641155779362E-05,8.92178068170324E-05,9.93308640317991E-05,7.95903906691819E-05,7.82385759521276E-05,7.35151043045335E-05,7.87464523455128E-05,0.000106305255030748,0.000108855092548765,0.000110736051283311,0.000111924033262767,0.000113007321488112,0.000113696885819081,0.000114356378617231,0.000115158371045254,0.000116129012894817,0.000117013958515599,0.000117471747216769,0.000117270588816609,0.000115499955427367,9.60510296863504E-05,2.2897707822267E-05,-9999,-9999,-9999,-9999,-9999,-9999,-9999,-9999,-9999,7.45475517760497E-06,7.4471818152233E-06,7.45257784728892E-06,-9999,-9999,-9999,-9999,-9999,-9999,-9999,-9999,-9999,-9999,-9999,-9999,-9999,-9999,-9999,-9999,-9999,-9999,-9999,-9999,-9999,-9999,-9999,-9999,-9999,-9999
-9999,-9999,-9999,-9999,-9999,-9999,-9999,-9999,-9999,-9999,-9999,-9999,-9999,-9999,-9999,-9999,-9999,-9999,-9999,-9999,-9999,-9999,-9999,-9999,-9999,-9999,-9999,-9999,-9999,-9999,-9999,3.4608892747201E-06,-9999,-9999,-9999,1.05639765024534E-05,-9999,-9999,-9999,-9999,-9999,-9999,-9999,-9999,-9999,-9999,-9999,-9999,-9999,-9999,-9999,-9999,-9999,-9999,-9999,-9999,-9999,1.28524234810357E-07,1.81738698756817E-07,2.51879612278572E-07,-9999,5.01194449498144E-07,6.93289280206955E-07,9.52631125983316E-07,1.3047920219833E-06,7.53010181142599E-06,1.330544364464E-05,1.79490871232701E-05,1.09536476884387E-05,5.90076815569773E-05,0.00012043141759932,0.000125868653412908,0.000124322774354368,0.000122426048619673,0.000118276562716346,0.00011498937237775,0.000115205548354425,0.000115205213660374,0.000113866750325542,0.000113096699351445,0.000112810485006776,0.000113055750261992,0.000112712208647281,0.000112766014353838,0.000113786620204337,0.000114837814180646,0.000116026734758634,0.000117311370559037,0.000118243733595591,0.000118675212434027,0.000119081698358059,0.000117027695523575,0.000106350365967955,2.78586467175046E-05,-9999,-9999,-9999,-9999,-9999,-9999,-9999,-9999,9.99553594738245E-06,1.54570807353593E-05,1.00929382824688E-05,7.25182326277718E-06,7.32553735360852E-06,-9999,-9999,-9999,-9999,-9999,-9999,-9999,-9999,-9999,-9999,-9999,-9999,-9999,-9999,-9999,-9999,-9999,-9999,-9999,-9999,-9999,-9999,-9999,-9999
-9999,-9999,-9999,-9999,-9999,-9999,-9999,-9999,-9999,-9999,-9999,-9999,-9999,-9999,-9999,-9999,-9999,-9999,-9999,-9999,-9999,-9999,-9999,-9999,-9999,-9999,-9999,-9999,-9999,-9999,2.43175054492895E-06,4.68105235995608E-06,-9999,-9999,4.88684463562095E-06,8.3376307884464E-06,-9999,-9999,9.7414758783998E-06,1.74741126102163E-05,-9999,-9999,-9999,-9999,-9999,2.62337312051386E-06,-9999,-9999,-9999,-9999,-9999,-9999,-9999,-9999,-9999,-9999,-9999,-9999,-9999,-9999,-9999,7.103790835572E-07,9.93431285678525E-07,1.39050655434403E-06,1.30380510654504E-06,7.3414280450379E-06,7.97990924183978E-06,7.5333628046792E-06,6.9920042733429E-06,4.00635799451265E-05,0.000121808792755473,0.000128259955090471,0.000126949802506715,0.000124674668768421,0.000121984696306754,0.000119516778795514,0.000117556366603822,0.000115881608508062,0.000114673908683471,0.000113749520096462,0.000113025882455986,0.000112414687464479,0.000111566900159232,0.000112142042780761,0.000113089190563187,0.000114658469101414,0.000116022602014709,0.000117454503197223,0.000118762531201355,0.000119596545118839,0.000120175238407683,0.000120156953926198,0.00011843769607367,0.000100133649539202,2.81908633041894E-05,-9999,-9999,-9999,-9999,-9999,1.15424609248294E-05,1.16521277959691E-05,2.22063772525871E-05,3.2898475183174E-05,2.49872027779929E-05,1.68483547895448E-05,1.1150030331919E-05,7.24231449567014E-06,-9999,-9999,-9999,-9999,-9999,-9999,-9999,-9999,-9999,-9999,-9999,-9999,-9999,-9999,-9999,-9999,-9999,-9999,-9999,-9999,-9999,-9999,-9999
-9999,-9999,-9999,-9999,-9999,-9999,-9999,-9999,-9999,-9999,-9999,-9999,-9999,-9999,-9999,-9999,-9999,-9999,-9999,-9999,-9999,-9999,-9999,5.76755564907216E-06,7.34969808036112E-06,-9999,-9999,-9999,-9999,5.84601093578385E-06,5.52070150661166E-06,2.20619335777883E-06,1.08833719423274E-05,1.15190402993903E-06,9.75504644884495E-06,1.70998373505427E-05,3.05059329548385E-05,1.33340872707777E-05,8.19374781713123E-06,-9999,8.37854167912155E-06,8.85058489075163E-06,-9999,-9999,2.77879444183782E-05,3.49986771652766E-06,1.94587755686371E-06,1.1390930012567E-06,-9999,-9999,-9999,-9999,-9999,-9999,-9999,-9999,-9999,5.13931263412815E-06,3.20731783176598E-06,-9999,-9999,-9999,1.41711689138901E-06,9.23293191590346E-06,8.75840851222165E-06,8.51125332701486E-06,8.03394868853502E-06,7.4277904786868E-06,9.53224389377283E-06,5.78859253437258E-05,0.00012229428102728,0.000128346349811181,0.000126758590340614,0.000124579557450488,0.000121984601719305,0.000119496347906534,0.000117447525553871,0.000115667848149315,0.000114365808258299,0.000113393238279969,0.000112253394036088,0.00010747086344054,0.000109192376839928,0.000111461878987029,0.000112798945338,0.000114092246803921,0.000115838847705163,0.000117579205834772,0.000119074858957902,0.000119988952064887,0.000120560638606548,0.000120790376968216,0.000120227232400794,0.000115089846076444,3.37587553076446E-05,5.97037069383077E-06,8.64762967012211E-07,5.93478318933194E-07,8.99944552656962E-07,2.79145897366107E-05,5.51377743249759E-05,7.15648347977549E-05,8.01437781774439E-05,6.87255669618025E-05,6.52222515782341E-05,4.97280561830848E-05,3.01300569844898E-05,9.91990782495122E-06,7.28677559891366E-06,7.42740121495444E-06,-9999,-9999,-9999,-9999,-9999,-9999,-9999,-9999,-9999,-9999,-9999,-9999,-9999,-9999,-9999,-9999,-9999,-9999,-9999,-9999,-9999
-9999,-9999,-9999,-9999,-9999,-9999,-9999,-9999,-9999,-9999,-9999,-9999,-9999,-9999,-9999,-9999,-9999,-9999,-9999,-9999,-9999,-9999,8.61921580508351E-06,1.00992747320561E-05,6.80054381518858E-06,6.73759268465801E-06,7.33942852093605E-06,8.41366545500932E-06,1.57445028889924E-05,2.36231335293269E-05,1.77175897988491E-05,4.16060684074182E-05,5.70313422940671E-05,6.13461670582183E-05,7.04146805219352E-05,6.09079106652644E-05,6.03732878516894E-05,5.49745782336686E-05,3.17477133648936E-05,2.42686201090692E-05,7.98393102741102E-06,5.02922966916231E-06,4.40664871348417E-06,6.38581968814833E-06,2.32718184633995E-06,1.64119308010413E-06,1.5110825870579E-06,1.35994218908309E-06,8.20137358914508E-07,-9999,-9999,-9999,-9999,-9999,-9999,-9999,-9999,2.07210705411853E-05,1.78956743184244E-05,1.60250328917755E-05,-9999,-9999,9.27015844354173E-06,9.26726261241129E-06,9.0234962044633E-06,8.53867641126271E-06,7.87213139119558E-06,8.94030654308153E-06,2.86973718175432E-05,8.08877011877485E-05,0.000123612553579733,0.000128288374980912,0.000126256782095879,0.000124032754683867,0.000121454271720722,0.000118896285130177,0.000116747942229267,0.000115006514533889,0.000113594382128213,0.000112673995317891,0.00010628950985847,5.56818522454705E-05,6.63904356770217E-05,9.28429944906384E-05,0.000108314256067388,0.000113704663817771,0.000115630988148041,0.000117519390187226,0.000119076379633043,0.000119976015412249,0.000120888638775796,0.00012146175140515,0.000120703713037074,0.000112939247628674,5.42612142453436E-05,4.38627757830545E-05,3.55847168975743E-06,8.78682840266265E-07,4.25654943683185E-05,9.8829077614937E-05,0.000110106731881388,0.000117032170237508,0.000115768954856321,0.000112260582682211,0.000108050313428976,8.89965958776884E-05,5.7184835895896E-05,2.98972081509419E-05,1.10301716631511E-05,7.26237158232834E-06,-9999,-9999,-9999,-9999,-9999,-9999,-9999,-9999,-9999,-9999,-9999,-9999,-9999,-9999,-9999,-9999,-9999,-9999,-9999,-9999,-9999
-9999,-9999,-9999,-9999,-9999,-9999,-9999,-9999,-9999,-9999,-9999,-9999,-9999,-9999,-9999,-9999,-9999,-9999,-9999,-9999,-9999,-9999,8.50233936944278E-06,1.00670013125637E-05,8.422992323176E-06,8.6014570115367E-06,3.14511707983911E-05,6.23427185928449E-05,8.2107653724961E-05,7.20772368367761E-05,7.17111543053761E-05,5.75391422898974E-05,6.17163677816279E-05,7.06055361661129E-05,6.55511757940985E-05,7.44323842809536E-05,8.7969376181718E-05,8.73692406457849E-05,9.11366078071296E-05,8.10208366601728E-05,5.69528601772618E-05,3.69970002793707E-05,1.55432535393629E-05,6.20654282101896E-06,3.28273426930537E-06,1.56012060870125E-06,1.56293185682443E-06,1.51869085129874E-06,9.831006764216E-07,9.31434385620378E-07,9.22190565688652E-07,-9999,-9999,-9999,-9999,-9999,-9999,-9999,1.49141606016201E-05,1.30112275655847E-05,1.10026330730761E-05,9.47426360653481E-06,9.2914833658142E-06,9.13787062017946E-06,8.88646263774717E-06,8.31802299217088E-06,9.46658110478893E-06,2.95390709652565E-05,7.86794189480133E-05,0.000123840320156887,0.000129755862872116,0.000127593259094283,0.00012526374484878,0.000122990852105431,0.000120404096378479,0.000117824725748505,0.000115801340143662,0.000114224647404626,0.000112934401840903,0.000101048157375772,1.39348242100823E-06,7.67361427733704E-07,7.72467274146038E-07,7.78353069108562E-07,9.06485638552113E-06,7.52164123696275E-05,0.000112801957584452,0.000117194234917406,0.000118855794426054,0.000120186472486239,0.00012131012044847,0.000122070778161287,0.000121631848742254,0.000112380788777955,0.000114874863356818,0.000119178075692616,0.000105294035165571,5.65699119761121E-05,0.000114315975224599,0.000125898339319974,0.000127797684399411,0.000126429920783266,0.000123122517834418,0.000121207587653771,0.000118614021630492,0.000107730003946926,8.06187090347521E-05,5.28043528902344E-05,1.64337197929854E-05,6.99515567248454E-06,3.61888442057534E-06,-9999,-9999,-9999,-9999,-9999,-9999,-9999,-9999,-9999,-9999,-9999,-9999,-9999,-9999,-9999,-9999,-9999,-9999,-9999,-9999
-9999,-9999,-9999,-9999,-9999,-9999,-9999,-9999,-9999,-9999,-9999,-9999,-9999,-9999,-9999,-9999,-9999,-9999,-9999,-9999,-9999,-9999,8.17476211523172E-06,1.0138246580027E-05,1.57659833348589E-05,7.16045178705826E-05,9.24461273825727E-05,0.000101832716609351,9.66133302426897E-05,7.65160657465458E-05,7.59431495680474E-05,8.49306597956456E-05,8.91222443897277E-05,9.31972899707034E-05,0.000105825638456736,0.000105134298792109,0.000108513107988983,0.000111711342469789,0.00011824315879494,0.000110571992991026,9.80920885922387E-05,6.15812168689445E-05,3.2793490390759E-05,1.91837298189057E-05,1.66999034263426E-05,1.87777659448329E-05,1.65586916409666E-05,1.14863432827406E-05,1.20384754609404E-06,1.23701431675727E-06,1.25250051041803E-06,-9999,-9999,-9999,-9999,9.67853702604771E-06,1.00548368209274E-05,1.07278738141758E-05,1.15971961349715E-05,1.05607232399052E-05,1.1286768312857E-05,8.47213050292339E-06,7.08239986124681E-06,4.33771219832124E-06,1.18391062642331E-05,3.82853177143261E-05,1.76856392499758E-05,9.56615767790936E-05,0.000133592751808465,0.000131465087179095,0.000128906976897269,0.00012643747322727,0.000124036188935861,0.00012170407717349,0.000118921845569275,0.000116648719995283,0.000115209084469825,0.000107981293695047,7.68250117744174E-07,7.67813276070228E-07,7.70752080825332E-07,5.20287528615881E-07,5.24510426203051E-07,5.29221892975329E-07,7.96681490555784E-07,2.98512509289139E-06,3.93568407162093E-05,0.000104041100712493,0.000117911447887309,0.00012023370800307,0.000121569995826576,0.00012244148820173,0.000123299454571679,0.000124232174130157,0.000125163933262229,0.000126003636978567,0.000125182152260095,0.000125685721286573,0.00012836440873798,0.000130563654238358,0.000131060587591492,0.000129798601847142,0.000128037383547053,0.000126460581668653,0.000121024248073809,0.000116131348477211,9.79019387159497E-05,7.61508708819747E-05,3.49365545844194E-05,1.30095795611851E-05,1.56653914018534E-06,1.01542400443577E-06,-9999,-9999,-9999,-9999,-9999,-9999,-9999,-9999,-9999,-9999,-9999,-9999,-9999,-9999,-9999,-9999,-9999,-9999,-9999
-9999,-9999,-9999,-9999,-9999,-9999,-9999,-9999,-9999,-9999,-9999,-9999,-9999,-9999,-9999,-9999,-9999,-9999,-9999,-9999,-9999,7.34365312382579E-06,8.69560517458012E-06,3.35839031322394E-05,9.15066557354294E-05,0.000119205258670263,0.000118903364636935,0.000109955901280046,9.54854767769575E-05,0.000112284651549999,0.000111336856207345,0.000114428316010162,0.000113764646812342,0.000113130037789233,0.00011963899305556,0.000125151855172589,0.000127185179735534,0.00012636324390769,0.000130509142763913,0.000129694846691564,0.000126621904200874,0.000103901635156944,4.06540129915811E-05,2.55953291343758E-05,3.16177720378619E-05,2.88426490442362E-05,2.60635551967425E-05,2.64261288975831E-05,2.62707108049653E-05,1.89961556316121E-05,1.23389354484971E-05,8.38346477394225E-06,8.52666835271521E-06,8.8128117567976E-06,9.16978842724347E-06,8.75142450240673E-06,1.01095247373451E-05,9.17478610062972E-06,9.39497658691835E-06,1.04464825199102E-05,4.05673054046929E-05,8.48973213578574E-05,4.11413566325791E-05,1.15857289983978E-06,1.13489215891605E-06,1.07962398487871E-06,4.1404473449802E-06,3.72705908375792E-05,0.00013323943130672,0.000130734712001868,0.000128274696180597,0.000124936050269753,0.000122336539789103,0.000105084720416926,4.45036675955635E-06,7.948174811645E-07,7.83144287197501E-07,7.76666638557799E-07,5.18384922543191E-07,5.18767080848193E-07,5.20881712873233E-07,3.52880050513704E-07,3.56408861534874E-07,3.60709094593403E-07,5.43717874279537E-07,8.15269515896944E-07,5.28969349034014E-06,3.49158435710706E-05,9.62026679189876E-05,0.00011766170791816,0.000121259188745171,0.000122387529700063,0.000123206729767844,0.000124095153296366,0.000125325022963807,0.0001264224993065,0.000127282692119479,0.000128174258861691,0.000129404725157656,0.0001304057368543,0.00013038024189882,0.000130083877593279,0.000129520485643297,0.000128905943711288,0.000126668310258538,0.000119992153486237,0.000112806315883063,8.65143956616521E-05,5.14450512127951E-05,2.86687882180559E-05,7.92680293670855E-06,9.94077936411486E-07,1.03697414033377E-06,2.0135496470175E-06,-9999,-9999,-9999,-9999,-9999,-9999,-9999,-9999,-9999,-9999,-9999,-9999,-9999,-9999,-9999,-9999,-9999
-9999,-9999,-9999,-9999,-9999,-9999,-9999,-9999,-9999,-9999,-9999,-9999,-9999,-9999,-9999,-9999,-9999,-9999,-9999,-9999,-9999,1.44532368722139E-05,8.09849007055163E-05,0.000118522162665613,0.000132757762912661,0.000125822145491838,0.000117837000289001,0.000113009395136032,0.000119735108455643,0.000128554718685336,0.000135334630613215,0.0001342937030131,0.000137832626933232,0.000140652628033422,0.00013816769933328,0.000143175173434429,0.000142248842166737,0.000139990719617344,0.00014122822904028,0.000141071664984338,0.000138030052767135,0.000134786911075935,0.000127285122289322,0.000114668713649735,0.000101485471532214,8.15148305264302E-05,5.19497516506817E-05,2.85428850475E-05,3.15343422698788E-05,2.60880406131037E-05,1.93808646145044E-05,1.28284573293058E-05,1.163838624052E-05,9.47915486904094E-06,9.59290446189698E-06,1.49033003253862E-05,1.34230367621058E-05,1.32902005134383E-05,2.03314739337657E-05,8.77650018082932E-05,0.00014448857109528,0.00015761042595841,0.000153146553202532,4.83560652355663E-05,1.0704200121836E-06,1.03614297586319E-06,9.86030840977037E-07,0.000136074260808527,0.00013332384696696,0.00013065904204268,9.27334840525873E-05,8.56787664815784E-07,8.4228196328695E-07,8.34390050385991E-07,-9999,-9999,-9999,-9999,-9999,-9999,-9999,2.39956619907389E-07,2.41757049934677E-07,3.66083440894727E-07,5.51116045244271E-07,8.26755353955377E-07,1.88050034921616E-06,1.15097791422158E-05,4.62743773823604E-05,9.92853892967105E-05,0.000119309865112882,0.000121945566206705,0.000122753393952735,0.000124093930935487,0.000125231003039517,0.000126182349049486,0.000127053703181446,0.00012815193622373,0.00012901535956189,0.000129484455101192,0.00012937726569362,0.000129048392409459,0.000129139676573686,0.000129735592054203,0.000128684681840241,0.000124846541439183,0.000116554991109297,0.00010110894072568,7.7495766163338E-05,4.6839671995258E-05,2.56295879808022E-05,8.35290757095208E-06,5.73692295802175E-06,4.72036708742962E-06,6.37925631963299E-06,-9999,-9999,-9999,-9999,-9999,-9999,-9999,-9999,-9999,-9999,-9999,-9999,-9999,-9999,-9999,-9999
-9999,-9999,-9999,-9999,-9999,-9999,-9999,-9999,-9999,-9999,-9999,-9999,-9999,-9999,-9999,-9999,-9999,-9999,-9999,7.58457144911517E-06,2.04922598641133E-05,0.00011350341810612,0.000135230162413791,0.000135073642013595,0.000131787397549488,0.000137050708872266,0.000133537469082512,0.000132427056087181,0.000140602598548867,0.000140947260661051,0.000142643606523052,0.000144110133987851,0.000142198667163029,0.000140091971843503,0.000143014462082647,0.000144150690175593,0.000143268538522534,0.000141313183121383,0.000141741475090384,0.000142312725074589,0.00014216432464309,0.000141026568599045,0.000140617834404111,0.000138040937599726,0.000135420064907521,0.000128926854813471,0.00012099820014555,0.000113146496005356,8.8505279563833E-05,5.91046191402711E-05,2.54465667239856E-05,2.56425355473766E-05,2.84031939372653E-05,3.12980919261463E-05,4.11064829677343E-05,6.12847288721241E-05,9.27636210690252E-05,0.000101821700809523,0.000126642102259211,0.000151115425978787,0.000156595269800164,0.000156694004544988,0.000155677291331813,0.000155378060298972,3.80118945031427E-06,0.000144131583510898,0.000144610108691268,0.000138468705699779,0.000106345825770404,2.29450074584747E-06,8.9467391717335E-07,-9999,-9999,-9999,-9999,-9999,-9999,-9999,-9999,-9999,-9999,-9999,-9999,2.48784431278182E-07,3.73528735053696E-07,5.61851038582972E-07,8.40611107832956E-07,5.80131700189668E-06,2.35982333833817E-05,6.64072649669833E-05,0.000109196633275133,0.000120979981147684,0.000122711528092623,0.000123309961054474,0.000124115569633432,0.000125019447295927,0.00012593122664839,0.000126878410810605,0.000127555395010859,0.000127810446429066,0.000127715640701354,0.000127377032185905,0.000126998813357204,0.000127285369671881,0.000127342282212339,0.000125306352856569,0.000121471821330488,0.000115615759568755,0.000104031481896527,7.20360985724255E-05,3.93168011214584E-05,2.81523134617601E-05,1.78675927600125E-05,7.12091377863544E-06,6.97684299666435E-06,-9999,-9999,-9999,-9999,-9999,-9999,-9999,-9999,-9999,-9999,-9999,-9999,-9999,-9999,-9999,-9999
-9999,-9999,-9999,-9999,-9999,-9999,-9999,-9999,-9999,-9999,-9999,-9999,-9999,-9999,-9999,-9999,-9999,-9999,2.26455194933806E-05,5.68690811633132E-05,0.000128589468658902,0.000144766920129769,0.000144444085890427,0.000147627753904089,0.000148607796290889,0.000146232458064333,0.000152796987094916,0.000154349967488088,0.000152078966493718,0.000149520667036995,0.000146997947013006,0.000143969096825458,0.000141149430419318,0.000144145553349517,0.00014332978753373,0.000145164493005723,0.000144417397677898,0.000144641235237941,0.000143283017678186,0.000142738877912052,0.000142293822136708,0.00014172907685861,0.000141511685797013,0.000141313270432875,0.000140770294819959,0.000139188574394211,0.000137261187774129,0.00013331814261619,0.000126721730339341,0.000111086606921162,7.02765319147147E-05,3.9416194340447E-05,5.07489494339097E-05,9.3046241090633E-05,0.000111937682959251,0.000121691438835114,0.000122781784739345,0.000134570538648404,0.000149228770169429,0.000153104876517318,0.000153645742102526,0.000152714506839402,0.000151647895108908,0.00015045034524519,0.000147888000356033,0.000145202604471706,0.000136670467327349,2.04383013624465E-06,-9999,-9999,-9999,-9999,-9999,-9999,-9999,-9999,-9999,-9999,-9999,-9999,-9999,-9999,-9999,-9999,-9999,5.6732648090474E-07,8.48587660584599E-07,2.55005897997762E-06,1.17582712846342E-05,3.96222603740171E-05,8.7042193626985E-05,0.000117439281893894,0.000121993907669093,0.000122858851682395,0.000123098681797273,0.000123443052871153,0.000124109603348188,0.000124905142001808,0.000125380858662538,0.000125473423395306,0.000125111168017611,0.000124706377391703,0.000124567013699561,0.000124542333651334,0.000124825921375304,0.000123794263345189,0.000120128031994682,0.00011540345440153,0.000109510838228744,9.64075006777421E-05,6.31088187219575E-05,3.89822707802523E-05,1.57158283400349E-05,7.79311721998965E-06,6.99469546816545E-06,-9999,-9999,-9999,-9999,-9999,-9999,-9999,-9999,-9999,-9999,-9999,-9999,-9999,-9999,-9999,-9999
-9999,-9999,-9999,-9999,-9999,-9999,-9999,-9999,-9999,-9999,-9999,-9999,1.18915409075271E-06,3.49233187080245E-06,-9999,7.88661327533191E-06,1.65897090482758E-05,6.18628473603167E-05,0.000114062713691965,0.0001380354660796,0.000154211680637673,0.000158071023179218,0.000159453629748896,0.000158942930283956,0.000157553164171986,0.000157532733283006,0.000156879730639048,0.000155122514115646,0.000154036533785984,0.000151902131619863,0.000149561106809415,0.000147930448292755,0.000147208003909327,0.000146798003697768,0.000146180449519306,0.000145981452078559,0.000145322745083831,0.000144611010910012,0.000143533063237555,0.000142357719596475,0.0001412894052919,0.00014030619058758,0.000139865558594465,0.000139860945637338,0.000139875861350447,0.00013969479186926,0.000139339215820655,0.000138623523525894,0.000137359849759378,0.000134340487420559,0.000125731618027203,0.000106502178823575,9.39633318921551E-05,0.000102425401564687,0.000110260894871317,0.000119930773507804,0.000129824984469451,0.000144946199725382,0.000149307874380611,0.000148693681694567,0.000149440922541544,0.000149595129187219,0.000149001090903766,0.000147922226460651,0.000146388571010903,0.000145623984280974,1.61779155405384E-06,-9999,-9999,-9999,-9999,-9999,-9999,-9999,-9999,-9999,-9999,-9999,-9999,-9999,-9999,-9999,-9999,-9999,-9999,-9999,5.72826024836104E-07,8.54809059092076E-07,4.19461002820753E-06,1.87713048944715E-05,5.70420306758024E-05,0.000103780635981821,0.000120194468763657,0.000122161494800821,0.000122614030260593,0.000122077748528682,0.000122190918773413,0.000122651195852086,0.000122829340398312,0.000122753568575718,0.000122268684208393,0.000121490491437726,0.000121185497846454,0.000121595061500557,0.000121828299597837,0.000121376622701064,0.000119481192086823,0.000115985145384911,0.000112151465145871,0.000103285019577015,7.61020346544683E-05,4.11172914027702E-05,1.6861684343894E-05,8.41269229567843E-06,6.76992885928485E-06,-9999,-9999,-9999,-9999,-9999,-9999,-9999,-9999,-9999,-9999,-9999,-9999,-9999,-9999,-9999,-9999
-9999,-9999,-9999,-9999,-9999,-9999,-9999,-9999,-9999,-9999,1.17543800115527E-06,1.16531725780078E-06,1.15668342459685E-06,1.27483044707333E-05,3.07995906041469E-05,8.09519769973122E-05,0.000122401484986767,0.00014140154235065,0.000153926317580044,0.000160143332323059,0.000162095122504979,0.000161920645041391,0.000161190051585436,0.000160234063514508,0.000159128539962694,0.00015768020239193,0.000156300025992095,0.00015466773766093,0.000152886030264199,0.000150962005136535,0.000149096391396597,0.00014730061229784,0.000145901125506498,0.00014504895079881,0.000144335834193043,0.000143963072332554,0.00014343106886372,0.000142572331242263,0.000141463213367388,0.000140308009576984,0.000139161478728056,0.000138010407681577,0.000137282637297176,0.00013713730731979,0.000137153649120592,0.000137085633468814,0.000136967180878855,0.000136823597131297,0.000136596034280956,0.000136487389681861,0.00013639715325553,0.000136145143187605,0.000136181857669726,0.000136792223202065,0.000138564355438575,0.000142407661769539,0.000144783654832281,0.000146126694744453,0.000146719525218941,0.000145931451697834,3.72348476957995E-05,9.99085159492097E-07,1.00659838153661E-06,2.71474777946423E-06,6.62881866446696E-05,7.51530342313345E-06,-9999,-9999,-9999,-9999,-9999,-9999,-9999,-9999,-9999,-9999,-9999,-9999,-9999,-9999,-9999,-9999,-9999,-9999,-9999,-9999,-9999,5.75618457787641E-07,8.57196823744744E-07,4.37833432442858E-06,2.25117073568981E-05,6.73477043164894E-05,0.000111170840682462,0.000121047924039885,0.000121451703307685,0.000121190976642538,0.00012038024578942,0.000120219548989553,0.000120044249342754,0.000119973505206872,0.00011938428360736,0.000118618321721442,0.000117870433314238,0.000118296207801905,0.000118710522656329,0.000118528791063,0.000117324299935717,0.000115379792987369,0.000111103625386022,0.000102463425719179,8.37080297060311E-05,5.34217979293317E-05,1.99124933715211E-05,9.05987599253422E-06,6.53704455544357E-06,-9999,-9999,-9999,-9999,-9999,-9999,-9999,-9999,-9999,-9999,-9999,-9999,-9999,-9999,-9999,-9999
-9999,-9999,-9999,-9999,-9999,-9999,-9999,-9999,8.1053449321189E-06,8.06099069450283E-06,1.88043156867934E-06,3.10597738462093E-06,2.23904935410246E-05,0.000100185250630602,0.000135786016471684,0.000147937869769521,0.000156614914885722,0.000161001924425364,0.000162090553203598,0.000162759548402391,0.000162483629537746,0.000161667441716418,0.000160679774126038,0.000159289891598746,0.000157783753820695,0.000156045964104123,0.000154137189383619,0.000152099033584818,0.000150156673043966,0.000148183142300695,0.000146287711686455,0.000144466030178592,0.000142996417707764,0.000142304445034824,0.00014160352293402,0.000141098746098578,0.000140338219352998,0.000139408584800549,0.000138284376589581,0.000136936956550926,0.000135537760797888,0.000134266039822251,0.000133564972202294,0.000133478824864142,0.000133429406560026,0.000133293375256471,0.000133152861963026,0.000133038440253586,0.000132936067529954,0.000133071909658611,0.000133565103169531,0.000134627582156099,0.000136130140163004,0.000137877243105322,0.000139817231683992,0.000141445139888674,0.000142642937134951,0.00014366781397257,0.000144149787956849,0.000143640019814484,0.000139741241582669,9.81240077635448E-07,-9999,-9999,-9999,-9999,-9999,-9999,-9999,-9999,-9999,-9999,-9999,-9999,-9999,-9999,-9999,-9999,-9999,-9999,-9999,-9999,-9999,-9999,-9999,-9999,-9999,-9999,5.76184731926332E-07,8.56841268159769E-07,1.52432573941041E-06,1.22475939861033E-05,5.57135208509862E-05,0.000107457664853428,0.000119379656098317,0.000120087701361626,0.00011921273835469,0.000118116826342884,0.000117321098514367,0.000117161216621753,0.000116696755867451,0.00011617587733781,0.000115567971079145,0.000115230475785211,0.000115614457172342,0.000115601840661839,0.000114916190796066,0.000113576621515676,0.000110361863335129,0.000104059217846952,8.93489268491976E-05,5.86697642575018E-05,2.11921978916507E-05,8.74960369401379E-06,6.31811963103246E-06,-9999,-9999,-9999,-9999,-9999,-9999,-9999,-9999,-9999,-9999,-9999,-9999,-9999,-9999,-9999,-9999
-9999,-9999,-9999,-9999,-9999,-9999,-9999,-9999,7.90924786997493E-06,8.93621108843945E-06,9.70791643339908E-06,3.70718735211994E-05,0.00013467860117089,0.000153496657731012,0.000157095506438054,0.00016020105977077,0.000162676020408981,0.000163584685651585,0.000163514414452948,0.000162734766490757,0.000161641364684328,0.000160469295224175,0.000158987866598181,0.000157283313455991,0.000155430287122726,0.000153437576955184,0.000151125364936888,0.00014868046855554,0.000146752441651188,0.000145075697218999,0.000143382465466857,0.000141688098665327,0.000140316114993766,0.000139356328872964,0.00013872521230951,0.000138101881020702,0.000137318696943112,0.000136271977680735,0.000135000998852775,0.000133484427351505,0.000131987733766437,0.000130640459246933,0.000129785606986843,0.000129486594232731,0.00012920907465741,0.000128957151900977,0.000128808809677139,0.000128856263472699,0.000128918036352843,0.000129157386254519,0.000129685970023274,0.000130938278743997,0.000132700952235609,0.000134745248942636,0.000136807488161139,0.000138483053888194,0.000139739757287316,0.000140451869810931,0.000140942589496262,0.000141320866532624,0.000135249400045723,9.74219005911436E-07,-9999,-9999,-9999,-9999,-9999,-9999,-9999,-9999,-9999,-9999,-9999,-9999,-9999,-9999,-9999,-9999,-9999,-9999,-9999,-9999,-9999,-9999,-9999,-9999,-9999,-9999,-9999,-9999,8.55031203172985E-07,8.52159587338974E-07,1.72346108229249E-06,1.71847623278154E-05,8.39722852106206E-05,0.00011598139826674,0.000117663847049698,0.000116543138574343,0.000115278657176532,0.000114521390059963,0.000114099413622171,0.000113522437459324,0.000113117981527466,0.000112779533083085,0.000112767971586436,0.000112795358290896,0.000112189074570779,0.000111513945739716,0.000109227396023925,0.00010506268881727,9.50334797380492E-05,6.01042120251805E-05,2.24247687583556E-05,7.5260008998157E-06,6.28712678008014E-06,-9999,-9999,-9999,-9999,-9999,-9999,-9999,-9999,-9999,-9999,-9999,-9999,-9999,-9999,-9999,-9999
-9999,-9999,-9999,-9999,-9999,-9999,8.34326056065038E-06,8.16431656858185E-06,8.05242598289624E-06,2.25276144192321E-05,0.000104239261418115,0.000144221718073823,0.000158155075041577,0.000161030067829415,0.000163126547704451,0.000163902819622308,0.000164138138643466,0.000163734686793759,0.000162884607561864,0.000161507574375719,0.000159757371875457,0.000158060764078982,0.000156422960571945,0.000154483015649021,0.000152244261698797,0.000150356994709,0.000148029168485664,0.000145777783473022,0.000143800600199029,0.000141941040055826,0.000139992829645053,0.000138536444865167,0.000137431445182301,0.000136448230477981,0.000135655718622729,0.000134939677082002,0.000134141606395133,0.000133251480292529,0.000132025626953691,0.000130534142954275,0.000128920160932466,0.000127730294479989,0.00012670221622102,0.000126099010230973,0.000125658567412756,0.000125413615023717,0.000125259379274212,0.000125140155432746,0.000125488280900754,0.000125799953821115,0.000126429149531759,0.000127693536342122,0.000129345498862676,0.000131416454678401,0.000133184774313122,0.000134966685436666,0.00013669632608071,0.000137520139105618,0.000137227965751663,6.61852973280475E-05,9.61446176006575E-07,-9999,-9999,-9999,-9999,-9999,-9999,-9999,-9999,-9999,-9999,-9999,-9999,-9999,-9999,-9999,-9999,-9999,-9999,-9999,-9999,-9999,-9999,-9999,-9999,-9999,-9999,-9999,-9999,-9999,-9999,-9999,-9999,8.33985666304216E-07,2.32347247219877E-06,3.86931606044527E-05,0.000104905688203871,0.000114557245979086,0.000113710542791523,0.000112406291009393,0.000111426030343864,0.0001110340381274,0.000110604603833053,0.000110464796307497,0.000110267304989975,0.000110083310573827,0.000109514185169246,0.000108689462649636,0.000107110434328206,0.000104478880530223,9.52416667132638E-05,6.76488125463948E-05,3.08591297653038E-05,6.31396460448741E-06,-9999,-9999,-9999,-9999,-9999,-9999,-9999,-9999,-9999,-9999,-9999,-9999,-9999,-9999,-9999,-9999,-9999
-9999,-9999,-9999,-9999,-9999,-9999,8.24685230327304E-06,1.01866498880554E-05,3.76574025722221E-05,0.00012572726700455,0.000153178538312204,0.000160570154548623,0.00016255940136034,0.000163066055392846,0.00016324185708072,0.000163233911735006,0.000163201635587029,0.000162784417625517,0.000161727555678226,0.000159893679665402,0.000157544025569223,0.000155585250467993,0.000153949993546121,0.000151902379002422,0.000149593790411018,0.000147624290548265,0.000145315410918556,0.00014296465087682,0.000140989024657756,0.000138996605528519,0.000136665301397443,0.000135270936880261,0.000133871522848494,0.000132665591081604,0.000131246357341297,0.000130466505652294,0.000130115935462527,0.00012974115088582,0.000128843996208161,0.000127765248180367,0.000125880658742972,0.000125016376841813,0.000123937774333172,0.000123337347758934,0.00012306151620578,0.00012319118832238,0.000123015692224726,0.000123445046483539,0.000123680743854493,0.000124471596791409,0.000125027116155252,0.000126491533592343,0.000128295723698102,0.000105977269413415,0.000123636273201555,0.000106537685496733,2.94942901746253E-06,9.33593810259481E-07,9.41047971991793E-07,-9999,-9999,-9999,-9999,-9999,-9999,-9999,-9999,-9999,-9999,-9999,-9999,-9999,-9999,-9999,-9999,-9999,-9999,-9999,-9999,-9999,-9999,-9999,-9999,-9999,-9999,-9999,-9999,-9999,-9999,-9999,-9999,-9999,-9999,-9999,8.16165083961096E-07,8.04877345217392E-07,1.58787406689953E-05,9.20861857593991E-05,0.000111400928290095,0.000110476910776924,0.00010913162259385,0.000108506603282876,0.000108374217234086,0.000108153355540708,0.000107959596789442,0.00010745353938546,0.000106653133116197,0.000105837818409782,0.000104606791865081,0.000102892372524366,9.68959284364246E-05,7.65664808568545E-05,3.24361644743476E-05,8.44995702209417E-06,6.91510285832919E-06,5.4706824812456E-06,-9999,-9999,-9999,-9999,-9999,-9999,-9999,-9999,-9999,-9999,-9999,-9999,-9999,-9999,-9999
-9999,-9999,-9999,-9999,1.08531039586524E-05,1.18723401101306E-05,8.28421707410598E-06,3.47945242538117E-05,0.00013365427730605,0.000157916510943323,0.000163290183991194,0.000163353877724148,0.000162657044711523,0.000162131895194761,0.000161808275151998,0.000161726376973093,0.000161746094818227,0.00016137414786499,0.000160273717483506,0.000158289331011474,0.000155582238221541,0.000153391476487741,0.000152155465912074,0.000149496176163666,0.000147267099237069,0.000145394631545059,0.000142751465318725,0.000141416938276961,0.000139246898470446,0.000137304930831306,0.000134666275698692,0.000132616638438776,0.000130809494294226,0.000130413405713625,0.000128350598970428,0.000128249230328947,0.00012832396896556,0.000127425038954243,0.00012771092588082,1.74045999301597E-05,8.71412121341564E-05,7.11378233972937E-05,0.000121037403005175,8.62216329551302E-05,0.00011121436546091,0.00012084974150639,0.000121336175652687,6.47272827336565E-05,2.07880548259709E-05,5.91662974329665E-05,8.36888739286223E-06,7.2916177487059E-06,8.68652989538532E-07,8.76661260917899E-07,-9999,-9999,-9999,-9999,-9999,-9999,-9999,-9999,-9999,-9999,-9999,-9999,-9999,-9999,-9999,-9999,-9999,-9999,-9999,-9999,-9999,-9999,-9999,-9999,-9999,-9999,-9999,-9999,-9999,-9999,-9999,-9999,-9999,-9999,-9999,-9999,-9999,-9999,-9999,-9999,-9999,5.29499345702789E-07,7.73190151903691E-07,2.49346339842305E-05,0.000102974139736034,0.000108381260361057,0.000107008738268632,0.000106215091363993,0.000106289960967842,0.000106017017969862,0.000105574436020106,0.000104834434750956,0.000103854479675647,0.00010294426465407,0.000102087687992025,0.000100859913800377,9.68537278822623E-05,7.39553433959372E-05,2.61792720266385E-05,5.17173293701489E-06,5.22985419593169E-06,3.77604897039419E-06,5.52560504729627E-06,-9999,-9999,-9999,-9999,-9999,-9999,-9999,-9999,-9999,-9999,-9999,-9999,-9999,-9999
-9999,-9999,-9999,-9999,8.61945409269538E-06,1.3130423212715E-05,1.95620850718115E-05,0.000127937499200925,0.000161062635015696,0.000165504709002562,0.000164811019203626,0.000163253207574598,0.000161922405823134,0.000160696028615348,0.000159845236339606,0.000159555114805698,0.000159583927597851,0.000159800591063686,0.000158991402713582,0.000123349323985167,1.62914705015282E-06,1.04824732716224E-06,1.03522063454875E-06,1.02120532119443E-06,1.00680347259186E-06,9.92307491287647E-07,4.70780923933489E-06,9.61856358117075E-07,3.60413991984387E-06,9.30022849843226E-07,1.18720254249638E-05,9.35425268835388E-05,0.000123712627100758,0.000119398973765783,0.000127283070469275,0.000124629194033332,0.000126485130749643,0.000125194841530174,3.60883350367658E-05,8.64868752614711E-07,8.5591960896636E-07,8.48916386075871E-07,8.432754725618E-07,8.39199344682129E-07,8.3622137481143E-07,8.34559727991291E-07,8.33879710171459E-07,-9999,-9999,-9999,-9999,-9999,-9999,-9999,-9999,-9999,-9999,-9999,-9999,-9999,-9999,-9999,-9999,-9999,-9999,-9999,-9999,-9999,-9999,-9999,-9999,-9999,-9999,-9999,-9999,-9999,-9999,-9999,-9999,-9999,-9999,-9999,-9999,-9999,-9999,-9999,-9999,-9999,-9999,-9999,-9999,-9999,-9999,-9999,-9999,-9999,7.54532152313914E-07,5.01974318467546E-06,8.98539656191133E-05,0.000105514547612984,0.000105020211776718,0.000103859609225765,0.000103858619695529,0.000103541489806958,0.000102944555692375,0.000102143530966714,0.000101032776001375,0.000100046505394857,9.92421919363551E-05,9.83232239377685E-05,9.55938157858327E-05,7.97074244474061E-05,4.03759040636942E-05,1.3745127034781E-05,2.4901314645831E-06,8.57142003951594E-06,5.24031202076003E-06,-9999,-9999,-9999,-9999,-9999,-9999,-9999,-9999,-9999,-9999,-9999,-9999,-9999,-9999
-9999,-9999,-9999,-9999,-9999,8.24773451313376E-06,9.34917916310951E-05,0.00016069968114607,0.000166917918249965,0.000166513418662362,0.000164581637363881,0.000162433832883835,0.000160883602802642,0.000159001298015937,0.000157847855007276,0.00015805201837793,9.47745938901789E-05,1.08008123334002E-06,1.07876394395134E-06,1.07702487639472E-06,-9999,-9999,-9999,-9999,-9999,-9999,-9999,-9999,-9999,-9999,-9999,-9999,-9999,3.2808534342621E-06,9.54641473072115E-06,8.24354174255859E-06,1.09612319647567E-05,8.72536475071684E-07,-9999,-9999,-9999,-9999,-9999,-9999,-9999,-9999,-9999,-9999,-9999,-9999,-9999,-9999,-9999,-9999,-9999,-9999,-9999,-9999,-9999,-9999,-9999,-9999,-9999,-9999,-9999,-9999,-9999,-9999,-9999,-9999,-9999,-9999,-9999,-9999,-9999,-9999,-9999,-9999,-9999,-9999,-9999,-9999,-9999,-9999,-9999,-9999,-9999,-9999,-9999,-9999,-9999,-9999,-9999,-9999,-9999,-9999,4.9588948058954E-07,7.2337451229032E-07,7.66951488913037E-05,0.000102776743005961,0.000102594975032844,0.000101462028396782,0.000101667195849586,0.000100895216746721,0.00010017940076068,9.93648063740693E-05,9.83791469479911E-05,9.74485446931794E-05,9.64899882092141E-05,9.56931617110968E-05,9.43712293519638E-05,8.5390085587278E-05,5.57505809410941E-05,1.64712910191156E-05,9.18714431463741E-06,5.65741311220336E-06,-9999,-9999,-9999,-9999,-9999,-9999,-9999,-9999,-9999,-9999,-9999,-9999,-9999,-9999,-9999
-9999,-9999,-9999,-9999,-9999,3.25151922879741E-05,0.00015174291911535,0.000167366350069642,0.000168358557857573,0.00016660954861436,0.000164264609338716,0.000161754811415449,0.000159438102855347,0.000157810645760037,0.000156528971274383,1.79107246367494E-05,1.08158883449505E-06,7.24692483800027E-07,-9999,-9999,-9999,-9999,-9999,-9999,-9999,-9999,-9999,-9999,-9999,-9999,-9999,-9999,-9999,-9999,-9999,-9999,-9999,-9999,-9999,-9999,-9999,-9999,-9999,-9999,-9999,-9999,-9999,-9999,-9999,-9999,-9999,-9999,-9999,-9999,-9999,-9999,-9999,-9999,-9999,-9999,-9999,-9999,-9999,-9999,-9999,-9999,-9999,-9999,-9999,-9999,-9999,-9999,-9999,-9999,-9999,-9999,-9999,-9999,-9999,-9999,-9999,-9999,-9999,-9999,-9999,-9999,-9999,-9999,-9999,-9999,-9999,-9999,-9999,-9999,-9999,-9999,-9999,7.02119848483562E-07,5.8251778682461E-05,0.000100300727353897,0.000100181023299228,9.92614441202022E-05,9.9255470559001E-05,9.82006749836728E-05,9.7316486062482E-05,9.6552146715112E-05,9.58400414674543E-05,9.50267640291713E-05,9.41694524954073E-05,9.33406699914485E-05,9.21568862395361E-05,8.83253378560767E-05,6.37456978438422E-05,3.21680345223285E-05,6.24115409664228E-06,4.56290854344843E-06,-9999,-9999,-9999,-9999,-9999,-9999,-9999,-9999,-9999,-9999,-9999,-9999,-9999,-9999,-9999
-9999,-9999,8.99229871720308E-06,8.82039967109449E-06,8.49975731398445E-06,8.96817073225975E-05,0.000165407560416497,0.000169274208019488,0.000168654500157572,0.000166364639881067,0.000163863514899276,0.000161223346367478,0.000158992377691902,0.000155979418195784,9.39392066356959E-06,1.08292647382768E-06,7.25811219126626E-07,-9999,-9999,-9999,-9999,-9999,-9999,-9999,-9999,-9999,-9999,-9999,-9999,-9999,-9999,-9999,-9999,-9999,-9999,-9999,-9999,-9999,-9999,-9999,-9999,-9999,-9999,-9999,-9999,-9999,-9999,-9999,-9999,-9999,-9999,-9999,-9999,-9999,-9999,-9999,-9999,-9999,-9999,-9999,-9999,-9999,-9999,-9999,-9999,-9999,-9999,-9999,-9999,-9999,-9999,-9999,-9999,-9999,-9999,-9999,-9999,-9999,-9999,-9999,-9999,-9999,-9999,-9999,-9999,-9999,-9999,-9999,-9999,-9999,-9999,-9999,-9999,-9999,-9999,-9999,-9999,6.86220403167681E-07,3.39118305419106E-05,9.79690448730253E-05,9.82089550234377E-05,9.69871325651184E-05,9.62683916441165E-05,9.55989162321202E-05,9.446879994357E-05,9.39867313718423E-05,9.34651106945239E-05,9.27810979192145E-05,9.19408266781829E-05,9.10769376787357E-05,9.01677703950554E-05,8.76220801728778E-05,7.70875922171399E-05,4.8871042963583E-05,2.61952282016864E-05,5.97461030338309E-06,-9999,-9999,-9999,-9999,-9999,-9999,-9999,-9999,-9999,-9999,-9999,-9999,-9999,-9999,-9999
-9999,-9999,-9999,-9999,1.04555674624862E-05,0.000140661155455746,0.000168438258697279,0.000170016413903795,0.000168490136275068,0.000165749021107331,0.000163271499332041,0.000160982250235975,0.000159246090333909,1.36448343255324E-05,1.08668109533028E-06,7.27557107893517E-07,-9999,-9999,-9999,-9999,-9999,-9999,-9999,-9999,-9999,-9999,-9999,-9999,-9999,-9999,-9999,-9999,-9999,-9999,-9999,-9999,-9999,-9999,-9999,-9999,-9999,-9999,-9999,-9999,-9999,-9999,-9999,-9999,-9999,-9999,-9999,-9999,-9999,-9999,-9999,-9999,-9999,-9999,-9999,-9999,-9999,-9999,-9999,-9999,-9999,-9999,-9999,-9999,-9999,-9999,-9999,-9999,-9999,-9999,-9999,-9999,-9999,-9999,-9999,-9999,-9999,-9999,-9999,-9999,-9999,-9999,-9999,-9999,-9999,-9999,-9999,-9999,-9999,-9999,-9999,-9999,-9999,6.72826729442022E-07,1.77916499524144E-05,9.5463365141768E-05,9.59542667260394E-05,9.50734029174782E-05,9.39100063988008E-05,9.32171533349901E-05,9.19814410735853E-05,9.15983109734952E-05,9.13622425287031E-05,9.06745990505442E-05,8.97773788892664E-05,8.8917076936923E-05,8.7884531239979E-05,8.6375315731857E-05,8.23911250336096E-05,7.14651177986525E-05,4.44474535470363E-05,1.32465474962373E-05,-9999,-9999,-9999,-9999,-9999,-9999,-9999,-9999,-9999,-9999,-9999,-9999,-9999,-9999,-9999
-9999,-9999,-9999,-9999,2.21250302274711E-05,0.000153099506860599,0.000169467370142229,0.000170097802765667,0.000168170241522603,0.000165133882546797,0.000162860174896196,0.000161017364007421,0.000107599647890311,1.09281961613306E-06,7.31817294763459E-07,-9999,-9999,-9999,-9999,-9999,-9999,-9999,-9999,-9999,-9999,-9999,-9999,-9999,-9999,-9999,-9999,-9999,-9999,-9999,-9999,-9999,-9999,-9999,-9999,-9999,-9999,-9999,-9999,-9999,-9999,-9999,-9999,-9999,-9999,-9999,-9999,-9999,-9999,-9999,-9999,-9999,-9999,-9999,-9999,-9999,-9999,-9999,-9999,-9999,-9999,-9999,-9999,-9999,-9999,-9999,-9999,-9999,-9999,-9999,-9999,-9999,-9999,-9999,-9999,-9999,-9999,-9999,-9999,-9999,-9999,-9999,-9999,-9999,-9999,-9999,-9999,-9999,-9999,-9999,-9999,-9999,-9999,6.60743353364524E-07,7.15263468009653E-06,9.24087507883087E-05,9.35715506784618E-05,9.31890317588113E-05,9.17830620892346E-05,9.07495632418431E-05,8.9855253463611E-05,8.91691524884664E-05,8.89762886799872E-05,8.82795939105563E-05,8.75611294759437E-05,8.67134367581457E-05,8.57691411511041E-05,8.46734983497299E-05,8.28268166515045E-05,7.89836994954385E-05,6.61703525111079E-05,3.56486962118652E-05,4.8896690714173E-06,-9999,-9999,-9999,-9999,-9999,-9999,-9999,-9999,-9999,-9999,-9999,-9999,-9999,-9999
-9999,-9999,-9999,-9999,1.79552862391574E-05,0.000151086220284924,0.000169602746609598,0.000169908846146427,0.000167781341588125,0.000164833822054788,0.000162826283485629,0.000161252377438359,1.09901600353624E-06,7.36143306312442E-07,4.92302888233098E-07,-9999,-9999,-9999,-9999,-9999,-9999,-9999,-9999,-9999,-9999,-9999,-9999,-9999,-9999,-9999,-9999,-9999,-9999,-9999,-9999,-9999,-9999,-9999,-9999,-9999,-9999,-9999,-9999,-9999,-9999,-9999,-9999,-9999,-9999,-9999,-9999,-9999,-9999,-9999,-9999,-9999,-9999,-9999,-9999,-9999,-9999,-9999,-9999,-9999,-9999,-9999,-9999,-9999,-9999,-9999,-9999,-9999,-9999,-9999,-9999,-9999,-9999,-9999,-9999,-9999,-9999,-9999,-9999,-9999,-9999,-9999,-9999,-9999,-9999,-9999,-9999,-9999,-9999,-9999,-9999,-9999,-9999,4.32933916272304E-07,6.39800930457568E-07,8.81682863109745E-05,9.15120035642758E-05,9.12128743948415E-05,9.00675295270048E-05,8.84519758983515E-05,8.77474158187397E-05,8.70606600074098E-05,8.64524699863978E-05,8.592993253842E-05,8.53197343531065E-05,8.46191906020977E-05,8.3701845142059E-05,8.2614496932365E-05,8.15282546682283E-05,7.96481399447657E-05,7.36734509700909E-05,5.33994643774349E-05,1.6715473975637E-05,3.83259293812444E-06,-9999,-9999,-9999,-9999,-9999,-9999,-9999,-9999,-9999,-9999,-9999,-9999,-9999
-9999,-9999,-9999,-9999,9.39047549763927E-06,0.000137804687255993,0.000169169259606861,0.000169805949553847,0.000167963749845512,0.000165135497809388,0.000163143515237607,0.000161223390023224,1.1030496125386E-06,7.39568861263251E-07,-9999,-9999,-9999,-9999,-9999,-9999,-9999,-9999,-9999,-9999,-9999,-9999,-9999,-9999,-9999,-9999,-9999,-9999,-9999,-9999,-9999,-9999,-9999,-9999,-9999,-9999,-9999,-9999,-9999,-9999,-9999,-9999,-9999,-9999,-9999,-9999,-9999,-9999,-9999,-9999,-9999,-9999,-9999,-9999,-9999,-9999,-9999,-9999,-9999,-9999,-9999,-9999,-9999,-9999,-9999,-9999,-9999,-9999,-9999,-9999,-9999,-9999,-9999,-9999,-9999,-9999,-9999,-9999,-9999,-9999,-9999,-9999,-9999,-9999,-9999,-9999,-9999,-9999,-9999,-9999,-9999,-9999,-9999,4.26396070452029E-07,6.26132532488555E-07,8.38566629681736E-05,8.94871045602486E-05,8.91224262886681E-05,8.84629625943489E-05,8.68010538397357E-05,8.5594248957932E-05,8.491978951497E-05,8.43189845909365E-05,8.40816937852651E-05,8.3488215750549E-05,8.28233387437649E-05,8.18202897789888E-05,8.07557735242881E-05,7.98509572632611E-05,7.84963631303981E-05,7.4683855928015E-05,6.58889839542098E-05,3.87553518521599E-05,7.3219080150011E-06,5.26564599567791E-06,5.39612869943085E-07,-9999,-9999,-9999,-9999,-9999,-9999,-9999,-9999,-9999,-9999,-9999
-9999,-9999,-9999,-9999,8.40967823023675E-06,7.48952152207494E-05,0.000166203710250556,0.0001699128333712,0.000168923186720349,0.00016685901209712,0.000164533077622764,0.000162676005857065,2.45782143792894E-06,1.10749124360154E-06,-9999,-9999,-9999,-9999,-9999,-9999,-9999,-9999,-9999,-9999,-9999,-9999,-9999,-9999,-9999,-9999,-9999,-9999,-9999,-9999,-9999,-9999,-9999,-9999,-9999,-9999,-9999,-9999,-9999,-9999,-9999,-9999,-9999,-9999,-9999,-9999,-9999,-9999,-9999,-9999,-9999,-9999,-9999,-9999,-9999,-9999,-9999,-9999,-9999,-9999,-9999,-9999,-9999,-9999,-9999,-9999,-9999,-9999,-9999,-9999,-9999,-9999,-9999,-9999,-9999,-9999,-9999,-9999,-9999,-9999,-9999,-9999,-9999,-9999,-9999,-9999,-9999,-9999,-9999,-9999,-9999,-9999,-9999,-9999,6.12561848356563E-07,8.0648904258851E-05,8.74975230544806E-05,8.70493095135316E-05,8.69421419338323E-05,8.53737801662646E-05,8.39714193716645E-05,8.3372498920653E-05,8.29565760795958E-05,8.24011076474562E-05,8.1923499237746E-05,8.11324716778472E-05,8.02303547970951E-05,7.92308710515499E-05,7.83687137300149E-05,7.73541178205051E-05,7.45832730899565E-05,6.80918165016919E-05,5.13760096509941E-05,1.21213915917906E-05,4.18246327171801E-06,-9999,-9999,-9999,-9999,-9999,-9999,-9999,-9999,-9999,-9999,-9999,-9999
-9999,-9999,-9999,-9999,8.43734142108588E-06,3.28876412822865E-05,0.000154353809193708,0.000169690800248645,0.0001694486127235,0.000168415121152066,0.000166559053468518,0.000164513970958069,0.000111419773020316,1.1096758498752E-06,-9999,-9999,-9999,-9999,-9999,-9999,-9999,-9999,-9999,-9999,-9999,-9999,-9999,-9999,-9999,-9999,-9999,-9999,-9999,-9999,-9999,-9999,-9999,-9999,-9999,-9999,-9999,-9999,-9999,-9999,-9999,-9999,-9999,-9999,-9999,-9999,-9999,-9999,-9999,-9999,-9999,-9999,-9999,-9999,-9999,-9999,-9999,-9999,-9999,-9999,-9999,-9999,-9999,-9999,-9999,-9999,-9999,-9999,-9999,-9999,-9999,-9999,-9999,-9999,-9999,-9999,-9999,-9999,-9999,-9999,-9999,-9999,-9999,-9999,-9999,-9999,-9999,-9999,-9999,-9999,-9999,-9999,-9999,-9999,6.03093553763756E-07,7.28003506083041E-05,8.58976636664011E-05,8.55190955917351E-05,8.54133249958977E-05,8.4543316916097E-05,8.29302807687782E-05,8.1621270510368E-05,8.13406441011466E-05,8.06733078206889E-05,8.01385394879617E-05,7.93995568528771E-05,7.87053650128655E-05,7.78598332544789E-05,7.70885089877993E-05,7.59978211135603E-05,7.39242022973485E-05,6.86681305523962E-05,5.94450830249116E-05,2.27244909183355E-05,4.14542773796711E-06,3.7525760490098E-06,3.80829305868247E-06,-9999,-9999,-9999,-9999,-9999,-9999,-9999,-9999,-9999,-9999
-9999,-9999,-9999,-9999,-9999,9.3119524535723E-06,0.000126382481539622,0.000168711005244404,0.000169722741702572,0.000169215971254744,0.000167927268194035,0.000165734905749559,0.000163243283168413,1.11164956706489E-06,-9999,-9999,-9999,-9999,-9999,-9999,-9999,-9999,-9999,-9999,-9999,-9999,-9999,-9999,-9999,-9999,-9999,-9999,-9999,-9999,-9999,-9999,-9999,-9999,-9999,-9999,-9999,-9999,-9999,-9999,-9999,-9999,-9999,-9999,-9999,-9999,-9999,-9999,-9999,-9999,-9999,-9999,-9999,-9999,-9999,-9999,-9999,-9999,-9999,-9999,-9999,-9999,-9999,-9999,-9999,-9999,-9999,-9999,-9999,-9999,-9999,-9999,-9999,-9999,-9999,-9999,-9999,-9999,-9999,-9999,-9999,-9999,-9999,-9999,-9999,-9999,-9999,-9999,-9999,-9999,-9999,-9999,-9999,-9999,5.96506936290098E-07,5.79082261538133E-05,8.3934333815705E-05,8.43502493808046E-05,8.40225911815651E-05,8.33421654533595E-05,8.17348263808526E-05,8.00782945589162E-05,7.98120236140676E-05,7.91233251220547E-05,7.86480668466538E-05,7.7890872489661E-05,7.72755229263566E-05,7.6575655839406E-05,7.5847448897548E-05,7.49442333471961E-05,7.35925204935484E-05,7.11169632268138E-05,5.69999974686652E-05,3.48099747498054E-05,1.30611178974505E-05,8.821837582218E-06,5.26607982465066E-06,3.86901092497283E-06,-9999,-9999,-9999,-9999,-9999,-9999,-9999,-9999,-9999
-9999,-9999,-9999,-9999,-9999,1.8989496766153E-06,8.94346667337231E-05,0.000165568926604465,0.000169907609233633,0.000169764447491616,0.00016881336341612,0.000166635873029009,0.000163878459716216,1.11498661681253E-06,-9999,-9999,-9999,-9999,-9999,-9999,-9999,-9999,-9999,-9999,-9999,-9999,-9999,-9999,-9999,-9999,-9999,-9999,-9999,-9999,-9999,-9999,-9999,-9999,-9999,-9999,-9999,-9999,-9999,-9999,-9999,-9999,-9999,-9999,-9999,-9999,-9999,-9999,-9999,-9999,-9999,-9999,-9999,-9999,-9999,-9999,-9999,-9999,-9999,-9999,-9999,-9999,-9999,-9999,-9999,-9999,-9999,-9999,-9999,-9999,-9999,-9999,-9999,-9999,-9999,-9999,-9999,-9999,-9999,-9999,-9999,-9999,-9999,-9999,-9999,-9999,-9999,-9999,-9999,-9999,-9999,-9999,-9999,-9999,5.92504250107595E-07,1.92981751752086E-05,8.16365936771035E-05,8.32709556561895E-05,8.27937401481904E-05,8.20404020487331E-05,8.05989038781263E-05,7.90466656326316E-05,7.84750445745885E-05,7.80549162300304E-05,7.74123764131218E-05,7.64935539336875E-05,7.58392852731049E-05,7.51989646232687E-05,7.45394136174582E-05,7.3947616328951E-05,7.29335297364742E-05,6.96818824508227E-05,5.91831885685679E-05,4.91682621941436E-05,3.88474727515131E-05,3.25597611663397E-05,9.78582374955295E-06,3.77474816559698E-06,-9999,-9999,-9999,-9999,-9999,-9999,-9999,-9999,-9999
-9999,-9999,-9999,-9999,-9999,1.16846752007405E-06,6.44888714305125E-05,0.00016559126379434,0.000169980878126808,0.000170149825862609,0.000169413789990358,0.000167174788657576,0.000162725205882452,1.11829376692185E-06,-9999,-9999,-9999,-9999,-9999,-9999,-9999,-9999,-9999,-9999,-9999,-9999,-9999,-9999,-9999,-9999,-9999,-9999,-9999,-9999,-9999,-9999,-9999,-9999,-9999,-9999,-9999,-9999,-9999,-9999,-9999,-9999,-9999,-9999,-9999,-9999,-9999,-9999,-9999,-9999,-9999,-9999,-9999,-9999,-9999,-9999,-9999,-9999,-9999,-9999,-9999,-9999,-9999,-9999,-9999,-9999,-9999,-9999,-9999,-9999,-9999,-9999,-9999,-9999,-9999,-9999,-9999,-9999,-9999,-9999,-9999,-9999,-9999,-9999,-9999,-9999,-9999,-9999,-9999,-9999,-9999,-9999,-9999,-9999,-9999,5.79334084704897E-07,7.96732856542803E-05,8.1767670053523E-05,8.17107793409377E-05,8.08218974270858E-05,7.94522493379191E-05,7.78624962549657E-05,7.72479543229565E-05,7.68912577768788E-05,7.61728297220543E-05,7.53443455323577E-05,7.45770084904507E-05,7.39856768632308E-05,7.33357228455134E-05,7.28185259504244E-05,7.22030599717982E-05,6.99013035045937E-05,6.7101966124028E-05,6.32227965979837E-05,5.41883673577104E-05,3.43123028869741E-05,1.29873014884652E-05,3.68665291716752E-06,-9999,-9999,-9999,-9999,-9999,-9999,-9999,-9999,-9999
-9999,-9999,-9999,-9999,-9999,-9999,3.9219441532623E-05,0.000166172656463459,0.000169981256476603,0.000170382336364128,0.000169525606906973,0.000166932455613278,0.000165018267580308,-9999,-9999,-9999,-9999,-9999,-9999,-9999,-9999,-9999,-9999,-9999,-9999,-9999,-9999,-9999,-9999,-9999,-9999,-9999,-9999,-9999,-9999,-9999,-9999,-9999,-9999,-9999,-9999,-9999,-9999,-9999,-9999,-9999,-9999,-9999,-9999,-9999,-9999,-9999,-9999,-9999,-9999,-9999,-9999,-9999,-9999,-9999,-9999,-9999,-9999,-9999,-9999,-9999,-9999,-9999,-9999,-9999,-9999,-9999,-9999,-9999,-9999,-9999,-9999,-9999,-9999,-9999,-9999,-9999,-9999,-9999,-9999,-9999,-9999,-9999,-9999,-9999,-9999,-9999,-9999,-9999,-9999,-9999,-9999,-9999,-9999,5.72445912894182E-07,7.41749026929028E-05,8.0393860116601E-05,8.072944910964E-05,7.99264817032963E-05,7.86289529060014E-05,7.71808918216266E-05,7.63184361858293E-05,7.5794814620167E-05,7.4972995207645E-05,7.42071715649217E-05,7.34486384317279E-05,7.27584265405312E-05,7.2149712650571E-05,7.16632275725715E-05,7.14189009158872E-05,7.08671359461732E-05,6.9612156949006E-05,6.5145010012202E-05,5.67997485632077E-05,4.25641555921175E-05,2.20345555135282E-05,4.50947618446662E-06,-9999,-9999,-9999,-9999,-9999,-9999,-9999,-9999,-9999
-9999,-9999,-9999,-9999,-9999,-9999,2.95303125312785E-05,0.000166392768733203,0.000170339364558458,0.000170445055118762,0.000169052116689272,0.000166436613653786,0.000163605393026955,-9999,-9999,-9999,-9999,-9999,-9999,-9999,-9999,-9999,-9999,-9999,-9999,-9999,-9999,-9999,-9999,-9999,-9999,-9999,-9999,-9999,-9999,-9999,-9999,-9999,-9999,-9999,-9999,-9999,-9999,-9999,-9999,-9999,-9999,-9999,-9999,-9999,-9999,-9999,-9999,-9999,-9999,-9999,-9999,-9999,-9999,-9999,-9999,-9999,-9999,-9999,-9999,-9999,-9999,-9999,-9999,-9999,-9999,-9999,-9999,-9999,-9999,-9999,-9999,-9999,-9999,-9999,-9999,-9999,-9999,-9999,-9999,-9999,-9999,-9999,-9999,-9999,-9999,-9999,-9999,-9999,-9999,-9999,-9999,-9999,-9999,5.66338655971776E-07,4.90096972498577E-05,7.94174411566928E-05,7.97976244939491E-05,7.89509795140475E-05,7.76783999754116E-05,7.64230717322789E-05,7.52190026105382E-05,7.48819875298068E-05,7.40475588827394E-05,7.32840344426222E-05,7.25216814316809E-05,7.18771771062165E-05,7.12557448423468E-05,7.07691651768982E-05,7.0537491410505E-05,7.03246478224173E-05,6.95535927661695E-05,6.74067559884861E-05,6.23137166257948E-05,4.81710085296072E-05,3.3862263080664E-05,8.50383094075369E-06,4.48997252533445E-06,3.63818617188372E-06,-9999,-9999,-9999,-9999,-9999,-9999,-9999
-9999,-9999,-9999,-9999,-9999,-9999,4.69413171231281E-05,0.000169112288858742,0.000170935134519823,0.000170284489286132,0.000168342885444872,0.000165811565238982,0.000150213410961442,-9999,-9999,-9999,-9999,-9999,-9999,-9999,-9999,-9999,-9999,-9999,-9999,-9999,-9999,-9999,-9999,-9999,-9999,-9999,-9999,-9999,-9999,-9999,-9999,-9999,-9999,-9999,-9999,-9999,-9999,-9999,-9999,-9999,-9999,-9999,-9999,-9999,-9999,-9999,-9999,-9999,-9999,-9999,-9999,-9999,-9999,-9999,-9999,-9999,-9999,-9999,-9999,-9999,-9999,-9999,-9999,-9999,-9999,-9999,-9999,-9999,-9999,-9999,-9999,-9999,-9999,-9999,-9999,-9999,-9999,-9999,-9999,-9999,-9999,-9999,-9999,-9999,-9999,-9999,-9999,-9999,-9999,-9999,-9999,-9999,-9999,5.60490889256471E-07,3.30504485646088E-06,7.85009906394407E-05,7.85800802987069E-05,7.78798057581298E-05,7.65503646107391E-05,7.52916384954005E-05,7.42389893275686E-05,7.38104208721779E-05,7.32760017854162E-05,7.25443969713524E-05,7.17187504051253E-05,7.10219537722878E-05,7.04837148077786E-05,7.00970267644152E-05,6.97512150509283E-05,6.96582501404919E-05,6.90531524014659E-05,6.74629627610557E-05,6.35065152891912E-05,5.61391861992888E-05,3.99907221435569E-05,1.53056353155989E-05,7.66739140090067E-06,5.61270644539036E-06,3.61339152732398E-06,-9999,-9999,-9999,-9999,-9999,-9999
-9999,-9999,-9999,-9999,-9999,-9999,-9999,-9999,-9999,-9999,-9999,-9999,-9999,-9999,-9999,-9999,-9999,-9999,-9999,-9999,-9999,-9999,-9999,-9999,-9999,-9999,-9999,-9999,-9999,-9999,-9999,-9999,-9999,-9999,-9999,-9999,-9999,-9999,-9999,-9999,-9999,-9999,-9999,-9999,-9999,-9999,-9999,-9999,-9999,-9999,-9999,-9999,-9999,-9999,-9999,-9999,-9999,-9999,-9999,-9999,-9999,-9999,-9999,-9999,-9999,-9999,-9999,-9999,-9999,-9999,-9999,-9999,-9999,-9999,-9999,-9999,-9999,-9999,-9999,-9999,-9999,-9999,-9999,-9999,-9999,-9999,-9999,-9999,-9999,-9999,-9999,-9999,-9999,-9999,-9999,-9999,-9999,-9999,-9999,-9999,5.42971577033313E-07,7.54522770876065E-05,7.72845378378406E-05,7.67268575145863E-05,7.5572963396553E-05,7.43633427191526E-05,7.33023043721914E-05,7.29344028513879E-05,7.26359867257997E-05,7.17933216947131E-05,7.10193926352076E-05,7.03658151905984E-05,6.97400028002448E-05,6.94144182489254E-05,6.91184541210532E-05,6.89921871526167E-05,6.88350337441079E-05,6.80268276482821E-05,6.56129413982853E-05,5.96266472712159E-05,4.38425704487599E-05,2.34690360230161E-05,1.53200016939081E-05,1.15549237307278E-05,6.21516164756031E-06,3.5755781482294E-06,-9999,-9999,-9999,-9999,-9999
-9999,-9999,-9999,-9999,-9999,-9999,-9999,-9999,-9999,-9999,-9999,-9999,-9999,-9999,-9999,-9999,-9999,-9999,-9999,-9999,-9999,-9999,-9999,-9999,-9999,-9999,-9999,-9999,-9999,-9999,-9999,-9999,-9999,-9999,-9999,-9999,-9999,-9999,-9999,-9999,-9999,-9999,-9999,-9999,-9999,-9999,-9999,-9999,-9999,-9999,-9999,-9999,-9999,-9999,-9999,-9999,-9999,-9999,-9999,-9999,-9999,-9999,-9999,-9999,-9999,-9999,-9999,-9999,-9999,-9999,-9999,-9999,-9999,-9999,-9999,-9999,-9999,-9999,-9999,-9999,-9999,-9999,-9999,-9999,-9999,-9999,-9999,-9999,-9999,-9999,-9999,-9999,-9999,-9999,-9999,-9999,-9999,-9999,-9999,-9999,5.35380308974709E-07,5.71165946894325E-05,7.62750714784488E-05,7.54975917516276E-05,7.45234938221984E-05,7.33300330466591E-05,7.22307886462659E-05,7.21219403203577E-05,7.18704104656354E-05,7.1082693466451E-05,7.01936951372772E-05,6.96278948453255E-05,6.89779844833538E-05,6.87400897732005E-05,6.85737686580978E-05,6.86950370436534E-05,6.86197818140499E-05,6.8176093918737E-05,6.56156698823906E-05,5.91596544836648E-05,4.55065455753356E-05,2.91717024083482E-05,2.16143398574786E-05,1.2634461199923E-05,8.48324907565257E-06,3.98800420953194E-06,3.57840576725721E-06,-9999,-9999,-9999,-9999
-9999,-9999,-9999,-9999,-9999,-9999,-9999,-9999,-9999,-9999,-9999,-9999,-9999,-9999,-9999,-9999,-9999,-9999,-9999,-9999,-9999,-9999,-9999,-9999,-9999,-9999,-9999,-9999,-9999,-9999,-9999,-9999,-9999,-9999,-9999,-9999,-9999,-9999,-9999,-9999,-9999,-9999,-9999,-9999,-9999,-9999,-9999,-9999,-9999,-9999,-9999,-9999,-9999,-9999,-9999,-9999,-9999,-9999,-9999,-9999,-9999,-9999,-9999,-9999,-9999,-9999,-9999,-9999,-9999,-9999,-9999,-9999,-9999,-9999,-9999,-9999,-9999,-9999,-9999,-9999,-9999,-9999,-9999,-9999,-9999,-9999,-9999,-9999,-9999,-9999,-9999,-9999,-9999,-9999,-9999,-9999,-9999,-9999,-9999,-9999,5.29969042872835E-07,1.35296500047843E-06,7.53569693188183E-05,7.43707932997495E-05,7.35022040316835E-05,7.23055782145821E-05,7.14202760718763E-05,7.13643967173994E-05,7.11112588760443E-05,7.04281046637334E-05,6.95528142387047E-05,6.89719163347036E-05,6.83340549585409E-05,6.80575467413291E-05,6.80453522363678E-05,6.81981691741385E-05,6.78835640428588E-05,6.72362148179673E-05,6.53219831292517E-05,5.87437752983533E-05,4.88969017169438E-05,3.72862778021954E-05,2.71193748631049E-05,1.66461450135102E-05,9.35684147407301E-06,4.96862776344642E-06,3.57983776666515E-06,-9999,-9999,-9999,-9999
-9999,-9999,-9999,-9999,-9999,-9999,-9999,-9999,-9999,-9999,-9999,-9999,-9999,-9999,-9999,-9999,-9999,-9999,-9999,-9999,-9999,-9999,-9999,-9999,-9999,-9999,-9999,-9999,-9999,-9999,-9999,-9999,-9999,-9999,-9999,-9999,-9999,-9999,-9999,-9999,-9999,-9999,-9999,-9999,-9999,-9999,-9999,-9999,-9999,-9999,-9999,-9999,-9999,-9999,-9999,-9999,-9999,-9999,-9999,-9999,-9999,-9999,-9999,-9999,-9999,-9999,-9999,-9999,-9999,-9999,-9999,-9999,-9999,-9999,-9999,-9999,-9999,-9999,-9999,-9999,-9999,-9999,-9999,-9999,-9999,-9999,-9999,-9999,-9999,-9999,-9999,-9999,-9999,-9999,-9999,-9999,-9999,-9999,-9999,-9999,-9999,5.16115960635943E-07,6.92236062604934E-05,7.31461550458334E-05,7.24095880286768E-05,7.13471163180657E-05,7.06955397618003E-05,7.05122365616262E-05,7.03344630892389E-05,6.97613431839272E-05,6.88361978973262E-05,6.82395111653022E-05,6.76521303830668E-05,6.7305431002751E-05,6.72845635563135E-05,6.75419942126609E-05,6.77957941661589E-05,6.75986884743907E-05,6.54153627692722E-05,5.94572120462544E-05,5.02683469676413E-05,4.3196927435929E-05,3.10158175125252E-05,1.65582459885627E-05,1.03229003798333E-05,4.96198254040792E-06,3.56987948180176E-06,-9999,-9999,3.83933547709603E-06,3.84046325052623E-06
-9999,-9999,-9999,-9999,-9999,-9999,-9999,-9999,-9999,-9999,-9999,-9999,-9999,-9999,-9999,-9999,-9999,-9999,-9999,-9999,-9999,-9999,-9999,-9999,-9999,-9999,-9999,-9999,-9999,-9999,-9999,-9999,-9999,-9999,-9999,-9999,-9999,-9999,-9999,-9999,-9999,-9999,-9999,-9999,-9999,-9999,-9999,-9999,-9999,-9999,-9999,-9999,-9999,-9999,-9999,-9999,-9999,-9999,-9999,-9999,-9999,-9999,-9999,-9999,-9999,-9999,-9999,-9999,-9999,-9999,-9999,-9999,-9999,-9999,-9999,-9999,-9999,-9999,-9999,-9999,-9999,-9999,-9999,-9999,-9999,-9999,-9999,-9999,-9999,-9999,-9999,-9999,-9999,-9999,-9999,-9999,-9999,-9999,-9999,-9999,-9999,-9999,3.62615742233174E-06,7.33274064259604E-05,7.15896603651345E-05,7.07563667674549E-05,7.01795215718448E-05,7.00042292010039E-05,6.96463903295808E-05,6.89343214617111E-05,6.80811208439991E-05,6.7499466240406E-05,6.69883520458825E-05,6.67147178319283E-05,6.66268897475675E-05,6.68283755658194E-05,6.70241424813867E-05,6.67637650622055E-05,6.45714608253911E-05,6.18468911852688E-05,5.59554682695307E-05,4.48734135716222E-05,3.08940616378095E-05,1.96886339836055E-05,9.29172529140487E-06,5.53293921257136E-06,3.60393823939376E-06,3.67139818990836E-06,3.74989804186043E-06,3.79723019250378E-06,4.231219918438E-06
-9999,-9999,-9999,-9999,-9999,-9999,-9999,-9999,-9999,-9999,-9999,-9999,-9999,-9999,-9999,-9999,-9999,-9999,-9999,-9999,-9999,-9999,-9999,-9999,-9999,-9999,-9999,-9999,-9999,-9999,-9999,-9999,-9999,-9999,-9999,-9999,-9999,-9999,-9999,-9999,-9999,-9999,-9999,-9999,-9999,-9999,-9999,-9999,-9999,-9999,-9999,-9999,-9999,-9999,-9999,-9999,-9999,-9999,-9999,-9999,-9999,-9999,-9999,-9999,-9999,-9999,-9999,-9999,-9999,-9999,-9999,-9999,-9999,-9999,-9999,-9999,-9999,-9999,-9999,-9999,-9999,-9999,-9999,-9999,-9999,-9999,-9999,-9999,-9999,-9999,-9999,-9999,-9999,-9999,-9999,-9999,-9999,-9999,-9999,-9999,-9999,-9999,-9999,5.06663600390311E-05,7.19444797141477E-05,7.03945261193439E-05,7.01094977557659E-05,6.97058931109495E-05,6.93023539497517E-05,6.84366968926042E-05,6.75487535772845E-05,6.684816617053E-05,6.63869359414093E-05,6.61667072563432E-05,6.62080346955918E-05,6.618928455282E-05,6.61148224025965E-05,6.58402932458557E-05,6.4148916862905E-05,6.22326842858456E-05,5.69520962017123E-05,4.65466619061772E-05,3.48816138284747E-05,1.63849053933518E-05,8.3216727944091E-06,4.94648838866851E-06,4.04945058107842E-06,3.69291205970512E-06,4.18173658545129E-06,4.66652682007407E-06,3.84487902920227E-05
-9999,-9999,-9999,-9999,-9999,-9999,-9999,-9999,-9999,-9999,-9999,-9999,-9999,-9999,-9999,-9999,-9999,-9999,-9999,-9999,-9999,-9999,-9999,-9999,-9999,-9999,-9999,-9999,-9999,-9999,-9999,-9999,-9999,-9999,-9999,-9999,-9999,-9999,-9999,-9999,-9999,-9999,-9999,-9999,-9999,-9999,-9999,-9999,-9999,-9999,-9999,-9999,-9999,-9999,-9999,-9999,-9999,-9999,-9999,-9999,-9999,-9999,-9999,-9999,-9999,-9999,-9999,-9999,-9999,-9999,-9999,-9999,-9999,-9999,-9999,-9999,-9999,-9999,-9999,-9999,-9999,-9999,-9999,-9999,-9999,-9999,-9999,-9999,-9999,-9999,-9999,-9999,-9999,-9999,-9999,-9999,-9999,-9999,-9999,-9999,-9999,-9999,-9999,4.93909737997456E-07,5.05242169310804E-05,7.21049073035829E-05,7.05665224813856E-05,6.98502626619302E-05,6.92616304149851E-05,6.83551770634949E-05,6.7465276515577E-05,6.67988279019482E-05,6.63543760310858E-05,6.60305886412971E-05,6.58009157632478E-05,6.56557458569296E-05,6.51530863251537E-05,6.43487510387786E-05,6.38535784673877E-05,5.95538658672012E-05,5.27045012859162E-05,3.85314888262656E-05,2.09520530916052E-05,6.64298568153754E-06,4.37978906120406E-06,4.46753983851522E-06,5.10205336468061E-06,5.15618921781424E-06,8.85617555468343E-06,7.7343953307718E-05,7.8306402429007E-05
-9999,-9999,-9999,-9999,-9999,-9999,-9999,-9999,-9999,-9999,-9999,-9999,-9999,-9999,-9999,-9999,-9999,-9999,-9999,-9999,-9999,-9999,-9999,-9999,-9999,-9999,-9999,-9999,-9999,-9999,-9999,-9999,-9999,-9999,-9999,-9999,-9999,-9999,-9999,-9999,-9999,-9999,-9999,-9999,-9999,-9999,-9999,-9999,-9999,-9999,-9999,-9999,-9999,-9999,-9999,-9999,-9999,-9999,-9999,-9999,-9999,-9999,-9999,-9999,-9999,-9999,-9999,-9999,-9999,-9999,-9999,-9999,-9999,-9999,-9999,-9999,-9999,-9999,-9999,-9999,-9999,-9999,-9999,-9999,-9999,-9999,-9999,-9999,-9999,-9999,-9999,-9999,-9999,-9999,-9999,-9999,-9999,-9999,-9999,-9999,-9999,-9999,-9999,-9999,4.89439571538242E-07,4.87896102185914E-07,6.66802225168794E-05,7.06510909367353E-05,6.91458189976402E-05,6.83566031511873E-05,6.75545161357149E-05,6.69492364977486E-05,6.26203254796565E-05,5.20879839314148E-05,6.51372611173429E-05,6.31610964774154E-05,5.34699865966104E-05,4.47600978077389E-05,4.14499481848907E-05,3.57471944880672E-05,1.88830690603936E-05,7.24003803043161E-06,3.82815187549568E-06,3.48874118571985E-06,6.20186074229423E-06,1.06614061223809E-05,3.97617041016929E-05,7.61362462071702E-05,7.76948218117468E-05,7.83717259764671E-05,7.75490334490314E-05
-9999,-9999,-9999,-9999,-9999,-9999,-9999,-9999,-9999,-9999,-9999,-9999,-9999,-9999,-9999,-9999,-9999,-9999,-9999,-9999,-9999,-9999,-9999,-9999,-9999,-9999,-9999,-9999,-9999,-9999,-9999,-9999,-9999,-9999,-9999,-9999,-9999,-9999,-9999,-9999,-9999,-9999,-9999,-9999,-9999,-9999,-9999,-9999,-9999,-9999,-9999,-9999,-9999,-9999,-9999,-9999,-9999,-9999,-9999,-9999,-9999,-9999,-9999,-9999,-9999,-9999,-9999,-9999,-9999,-9999,-9999,-9999,-9999,-9999,-9999,-9999,-9999,-9999,-9999,-9999,-9999,-9999,-9999,-9999,-9999,-9999,-9999,-9999,-9999,-9999,-9999,-9999,-9999,-9999,-9999,-9999,-9999,-9999,-9999,-9999,-9999,-9999,-9999,-9999,-9999,-9999,4.8347482106692E-07,2.41380212173681E-06,7.0239941123873E-05,6.9196023105178E-05,6.7992412368767E-05,6.72448513796553E-05,6.37975317658857E-05,6.39445061096922E-05,6.09394919592887E-05,4.77478424727451E-05,3.4942124329973E-05,2.16980206459993E-05,8.63628702063579E-06,1.30038279166911E-05,7.97254142526072E-06,1.10783248601365E-05,3.78595395886805E-05,7.30907850083895E-05,7.47420199331827E-05,7.60532057029195E-05,7.68037789384834E-05,7.68056197557598E-05,7.67192104831338E-05,7.40489631425589E-05,3.85700259357691E-05
-9999,-9999,-9999,-9999,-9999,-9999,-9999,-9999,-9999,-9999,-9999,-9999,-9999,-9999,-9999,-9999,-9999,-9999,-9999,-9999,-9999,-9999,-9999,-9999,-9999,-9999,-9999,-9999,-9999,-9999,-9999,-9999,-9999,-9999,-9999,-9999,-9999,-9999,-9999,-9999,-9999,-9999,-9999,-9999,-9999,-9999,-9999,-9999,-9999,-9999,-9999,-9999,-9999,-9999,-9999,-9999,-9999,-9999,-9999,-9999,-9999,-9999,-9999,-9999,-9999,-9999,-9999,-9999,-9999,-9999,-9999,-9999,-9999,-9999,-9999,-9999,-9999,-9999,-9999,-9999,-9999,-9999,-9999,-9999,-9999,-9999,-9999,-9999,-9999,-9999,-9999,-9999,-9999,-9999,-9999,-9999,-9999,-9999,-9999,-9999,-9999,-9999,-9999,-9999,-9999,-9999,-9999,-9999,4.72983543886585E-07,1.91132653526438E-06,6.70908266329207E-05,6.87325591570698E-05,6.81668971083127E-05,6.7738612415269E-05,6.72859532642178E-05,6.7045672039967E-05,6.70187291689217E-05,6.75840565236285E-05,6.83724720147438E-05,6.92296016495675E-05,7.03565747244284E-05,7.19454983482137E-05,7.34482528059743E-05,7.43190103094094E-05,7.48064776416868E-05,7.52991036279127E-05,7.50401231925935E-05,7.08251973264851E-05,4.24818354076706E-05,2.96990879178338E-06,-9999
-9999,-9999,-9999,-9999,-9999,-9999,-9999,-9999,-9999,-9999,-9999,-9999,-9999,-9999,-9999,-9999,-9999,-9999,-9999,-9999,-9999,-9999,-9999,-9999,-9999,-9999,-9999,-9999,-9999,-9999,-9999,-9999,-9999,-9999,-9999,-9999,-9999,-9999,-9999,-9999,-9999,-9999,-9999,-9999,-9999,-9999,-9999,-9999,-9999,-9999,-9999,-9999,-9999,-9999,-9999,-9999,-9999,-9999,-9999,-9999,-9999,-9999,-9999,-9999,-9999,-9999,-9999,-9999,-9999,-9999,-9999,-9999,-9999,-9999,-9999,-9999,-9999,-9999,-9999,-9999,-9999,-9999,-9999,-9999,-9999,-9999,-9999,-9999,-9999,-9999,-9999,-9999,-9999,-9999,-9999,-9999,-9999,-9999,-9999,-9999,-9999,-9999,-9999,-9999,-9999,-9999,-9999,-9999,-9999,-9999,4.6818357191114E-07,4.66342982008427E-07,4.64590215187854E-07,4.62699489389706E-07,1.91339313460048E-06,2.68585222329421E-06,4.60505077626294E-07,4.63007552298222E-07,4.67886508204174E-07,9.09160405626608E-07,2.95596851174196E-06,1.31397737277439E-05,2.74843660008628E-05,3.04297318507452E-05,7.04950571162044E-06,5.15734086548036E-07,5.20977550877433E-07,5.23881055869424E-07,-9999,-9999,-9999
-9999,-9999,-9999,-9999,-9999,-9999,-9999,-9999,-9999,-9999,-9999,-9999,-9999,-9999,-9999,-9999,-9999,-9999,-9999,-9999,-9999,-9999,-9999,-9999,-9999,-9999,-9999,-9999,-9999,-9999,-9999,-9999,-9999,-9999,-9999,-9999,-9999,-9999,-9999,-9999,-9999,-9999,-9999,-9999,-9999,-9999,-9999,-9999,-9999,-9999,-9999,-9999,-9999,-9999,-9999,-9999,-9999,-9999,-9999,-9999,-9999,-9999,-9999,-9999,-9999,-9999,-9999,-9999,-9999,-9999,-9999,-9999,-9999,-9999,-9999,-9999,-9999,-9999,-9999,-9999,-9999,-9999,-9999,-9999,-9999,-9999,-9999,-9999,-9999,-9999,-9999,-9999,-9999,-9999,-9999,-9999,-9999,-9999,-9999,-9999,-9999,-9999,-9999,-9999,-9999,-9999,-9999,-9999,-9999,-9999,-9999,-9999,-9999,-9999,-9999,-9999,-9999,-9999,-9999,-9999,-9999,-9999,-9999,-9999,-9999,-9999,-9999,-9999,-9999,-9999,-9999
-9999,-9999,-9999,-9999,-9999,-9999,-9999,-9999,-9999,-9999,-9999,-9999,-9999,-9999,-9999,-9999,-9999,-9999,-9999,-9999,-9999,-9999,-9999,-9999,-9999,-9999,-9999,-9999,-9999,-9999,-9999,-9999,-9999,-9999,-9999,-9999,-9999,-9999,-9999,-9999,-9999,-9999,-9999,-9999,-9999,-9999,-9999,-9999,-9999,-9999,-9999,-9999,-9999,-9999,-9999,-9999,-9999,-9999,-9999,-9999,-9999,-9999,-9999,-9999,-9999,-9999,-9999,-9999,-9999,-9999,-9999,-9999,-9999,-9999,-9999,-9999,-9999,-9999,-9999,-9999,-9999,-9999,-9999,-9999,-9999,-9999,-9999,-9999,-9999,-9999,-9999,-9999,-9999,-9999,-9999,-9999,-9999,-9999,-9999,-9999,-9999,-9999,-9999,-9999,-9999,-9999,-9999,-9999,-9999,-9999,-9999,-9999,-9999,-9999,-9999,-9999,-9999,-9999,-9999,-9999,-9999,-9999,-9999,-9999,-9999,-9999,-9999,-9999,-9999,-9999,-9999

