Year,Comm_Dredge_Dig|Crab,"Comm_Dredge_Dig|Sessile epifauna","Comm_Dredge_Dig|Mobile epifauna",Comm_Dredge_Dig|Infauna,"Comm_Handline|Blacktip shark","Comm_Handline|Sandbar shark","Comm_Handline|Large oceanic sharks","Comm_Handline|Small coastal sharks","Comm_Handline|Other tunas",Comm_Handline|Swordfish,"Comm_Handline|Pelagic coastal piscivores",Comm_Handline|Amberjack,Comm_Handline|Cobia,"Comm_Handline|King mackerel (1+yr)","Comm_Handline|Spanish mackerel (0-1yr)","Comm_Handline|Spanish mackerel (1+yr)","Comm_Handline|Gag grouper (0-3yr)","Comm_Handline|Gag grouper (3+yr)","Comm_Handline|Red grouper (3+yr)","Comm_Handline|Yellowedge grouper (0-3yr)","Comm_Handline|Yellowedge grouper (3+yr)","Comm_Handline|Goliath grouper","Comm_Handline|Deep-water grouper","Comm_Handline|Red snapper (0yr)","Comm_Handline|Red snapper (1-2yr)","Comm_Handline|Red snapper (3+yr)","Comm_Handline|Vermilion snapper","Comm_Handline|Mutton snapper","Comm_Handline|Other snapper","Comm_Handline|Inshore coastal piscivores","Comm_Handline|Sea trout","Comm_Handline|Reef invertebrate feeders","Comm_Handline|Demersal coastal invertebrate feeders","Comm_Handline|Red drum",Comm_Handline|Tilefish,"Comm_Handline|Gray triggerfish",Comm_Handline|Mullet,Comm_Handline|Crab,"Comm_Handline|Mobile epifauna","Comm_Longline_Fish|Yellowfin tuna","Comm_Longline_Fish|Bluefin tuna","Comm_Longline_Fish|Other tunas",Comm_Longline_Fish|Swordfish,"Comm_Longline_Fish|Pelagic coastal piscivores",Comm_Longline_Fish|Amberjack,Comm_Longline_Fish|Cobia,"Comm_Longline_Fish|Gag grouper (0-3yr)","Comm_Longline_Fish|Gag grouper (3+yr)","Comm_Longline_Fish|Red grouper (3+yr)","Comm_Longline_Fish|Yellowedge grouper (0-3yr)","Comm_Longline_Fish|Yellowedge grouper (3+yr)","Comm_Longline_Fish|Deep-water grouper","Comm_Longline_Fish|Red snapper (0yr)","Comm_Longline_Fish|Red snapper (1-2yr)","Comm_Longline_Fish|Red snapper (3+yr)","Comm_Longline_Fish|Vermilion snapper","Comm_Longline_Fish|Mutton snapper","Comm_Longline_Fish|Other snapper","Comm_Longline_Fish|Inshore coastal piscivores","Comm_Longline_Fish|Reef invertebrate feeders","Comm_Longline_Fish|Demersal coastal invertebrate feeders",Comm_Longline_Fish|Tilefish,"Comm_Longline_Fish|Gray triggerfish","Comm_Longline_Pelagic|Yellowfin tuna","Comm_Longline_Pelagic|Other tunas",Comm_Longline_Pelagic|Billfish,Comm_Longline_Pelagic|Swordfish,"Comm_Longline_Shark|Blacktip shark","Comm_Longline_Shark|Atlantic sharpnose shark","Comm_Longline_Shark|Small coastal sharks","Comm_Nets|Blacktip shark","Comm_Nets|Pelagic coastal piscivores",Comm_Nets|Amberjack,Comm_Nets|Cobia,"Comm_Nets|King mackerel (1+yr)","Comm_Nets|Spanish mackerel (0-1yr)","Comm_Nets|Spanish mackerel (1+yr)","Comm_Nets|Other snapper","Comm_Nets|Inshore coastal piscivores","Comm_Nets|Sea trout","Comm_Nets|Reef invertebrate feeders","Comm_Nets|Demersal coastal invertebrate feeders","Comm_Nets|Red drum","Comm_Nets|Surface pelagics",Comm_Nets|Sardine-herring-scad,"Comm_Nets|Menhaden (0yr)","Comm_Nets|Menhaden (1yr)","Comm_Nets|Menhaden (2yr)","Comm_Nets|Menhaden (3yr)","Comm_Nets|Menhaden (4yr)",Comm_Nets|Mullet,"Comm_Nets|Brown shrimp","Comm_Nets|White shrimp",Comm_Nets|Crab,"Comm_Nets|Mobile epifauna","Comm_Other|Yellowfin tuna",Comm_Other|Billfish,"Comm_Other|Mutton snapper","Comm_Other|Other snapper","Comm_Other|Reef invertebrate feeders","Comm_Other|Demersal coastal invertebrate feeders","Comm_Other|Benthic coastal invertebrate feeders",Comm_Other|Mullet,"Comm_Other|Mobile epifauna","Comm_Pots_Traps|Red grouper (3+yr)","Comm_Pots_Traps|Deep-water grouper","Comm_Pots_Traps|Mutton snapper","Comm_Pots_Traps|Other snapper","Comm_Pots_Traps|Reef invertebrate feeders","Comm_Pots_Traps|Demersal coastal invertebrate feeders",Comm_Pots_Traps|Crab,"Comm_Pots_Traps|Mobile epifauna","Comm_Purse_Menhaden|Blacktip shark","Comm_Purse_Menhaden|Dusky shark","Comm_Purse_Menhaden|Sandbar shark","Comm_Purse_Menhaden|Large coastal sharks","Comm_Purse_Menhaden|Atlantic sharpnose shark","Comm_Purse_Menhaden|Small coastal sharks","Comm_Purse_Menhaden|Pelagic coastal piscivores","Comm_Purse_Menhaden|King mackerel (1+yr)","Comm_Purse_Menhaden|Spanish mackerel (1+yr)",Comm_Purse_Menhaden|Skates-rays,"Comm_Purse_Menhaden|Inshore coastal piscivores","Comm_Purse_Menhaden|Sea trout","Comm_Purse_Menhaden|Oceanic piscivores","Comm_Purse_Menhaden|Benthic piscivores","Comm_Purse_Menhaden|Reef invertebrate feeders","Comm_Purse_Menhaden|Demersal coastal invertebrate feeders","Comm_Purse_Menhaden|Red drum","Comm_Purse_Menhaden|Benthic coastal invertebrate feeders","Comm_Purse_Menhaden|Coastal omnivores","Comm_Purse_Menhaden|Surface pelagics",Comm_Purse_Menhaden|Sardine-herring-scad,"Comm_Purse_Menhaden|Menhaden (0yr)","Comm_Purse_Menhaden|Menhaden (1yr)","Comm_Purse_Menhaden|Menhaden (2yr)","Comm_Purse_Menhaden|Menhaden (3yr)","Comm_Purse_Menhaden|Menhaden (4yr)",Comm_Purse_Menhaden|Anchovy-silverside-killifish,Comm_Purse_Menhaden|Mullet,Comm_Purse_Menhaden|Butterfish,Comm_Purse_Menhaden|Cephalopod,"Comm_Purse_Menhaden|Brown shrimp","Comm_Purse_Menhaden|White shrimp",Comm_Purse_Menhaden|Crab,"Comm_Purse_Menhaden|Mobile epifauna",Comm_Purse_Menhaden|Zooplankton,"Comm_Purse_Other|Other tunas","Comm_Purse_Other|Pelagic coastal piscivores","Comm_Purse_Other|Inshore coastal piscivores","Comm_Purse_Other|Reef invertebrate feeders","Comm_Purse_Other|Surface pelagics",Comm_Purse_Other|Sardine-herring-scad,"Comm_Purse_Other|Menhaden (0yr)","Comm_Purse_Other|Menhaden (1yr)","Comm_Purse_Other|Menhaden (2yr)","Comm_Purse_Other|Menhaden (3yr)","Comm_Purse_Other|Menhaden (4yr)",Comm_Purse_Other|Mullet,"Comm_Purse_Other|Mobile epifauna","Comm_Trawl_Bottom_Other|Inshore coastal piscivores","Comm_Trawl_Bottom_Other|Sea trout","Comm_Trawl_Bottom_Other|Reef invertebrate feeders","Comm_Trawl_Bottom_Other|Demersal coastal invertebrate feeders",Comm_Trawl_Bottom_Other|Cephalopod,"Comm_Trawl_Bottom_Other|Pink shrimp","Comm_Trawl_Bottom_Other|Brown shrimp","Comm_Trawl_Bottom_Other|White shrimp",Comm_Trawl_Bottom_Other|Crab,"Comm_Trawl_Bottom_Other|Mobile epifauna","Comm_Trawl_Bottom_Shrimp|Pelagic coastal piscivores","Comm_Trawl_Bottom_Shrimp|Goliath grouper","Comm_Trawl_Bottom_Shrimp|Sea trout","Comm_Trawl_Bottom_Shrimp|Reef invertebrate feeders","Comm_Trawl_Bottom_Shrimp|Demersal coastal invertebrate feeders","Comm_Trawl_Bottom_Shrimp|Red drum",Comm_Trawl_Bottom_Shrimp|Mullet,Comm_Trawl_Bottom_Shrimp|Cephalopod,"Comm_Trawl_Bottom_Shrimp|Pink shrimp","Comm_Trawl_Bottom_Shrimp|Brown shrimp","Comm_Trawl_Bottom_Shrimp|White shrimp",Comm_Trawl_Bottom_Shrimp|Crab,"Comm_Trawl_Bottom_Shrimp|Sessile epifauna","Comm_Trawl_Bottom_Shrimp|Mobile epifauna","Rec Headboat|Blacktip shark","Rec Headboat|Dusky shark","Rec Headboat|Sandbar shark","Rec Headboat|Large coastal sharks","Rec Headboat|Large oceanic sharks","Rec Headboat|Atlantic sharpnose shark","Rec Headboat|Small coastal sharks","Rec Headboat|Yellowfin tuna","Rec Headboat|Bluefin tuna","Rec Headboat|Other tunas","Rec Headboat|Billfish","Rec Headboat|Pelagic coastal piscivores","Rec Headboat|Amberjack","Rec Headboat|Cobia","Rec Headboat|King mackerel (1+yr)","Rec Headboat|Spanish mackerel (1+yr)","Rec Headboat|Skates-rays","Rec Headboat|Gag grouper (0-3yr)","Rec Headboat|Gag grouper (3+yr)","Rec Headboat|Red grouper (3+yr)","Rec Headboat|Yellowedge grouper (3+yr)","Rec Headboat|Goliath grouper","Rec Headboat|Deep-water grouper","Rec Headboat|Shallow-water grouper","Rec Headboat|Red snapper (0yr)","Rec Headboat|Red snapper (1-2yr)","Rec Headboat|Red snapper (3+yr)","Rec Headboat|Vermilion snapper","Rec Headboat|Other snapper","Rec Headboat|Inshore coastal piscivores","Rec Headboat|Sea trout","Rec Headboat|Benthic piscivores","Rec Headboat|Reef piscivores","Rec Headboat|Reef invertebrate feeders","Rec Headboat|Demersal coastal invertebrate feeders","Rec Headboat|Red drum","Rec Headboat|Benthic coastal invertebrate feeders","Rec Headboat|Tilefish","Rec Headboat|Gray triggerfish","Rec Headboat|Coastal omnivores","Rec Headboat|Reef omnivores","Rec Headboat|Sardine-herring-scad","Rec Shore|Sandbar shark","Rec Shore|Large coastal sharks","Rec Shore|Other tunas","Rec Shore|Billfish","Rec Shore|Pelagic coastal piscivores","Rec Shore|Cobia","Rec Shore|King mackerel (1+yr)","Rec Shore|Spanish mackerel (1+yr)","Rec Shore|Skates-rays","Rec Shore|Gag grouper (3+yr)","Rec Shore|Shallow-water grouper","Rec Shore|Mutton snapper","Rec Shore|Other snapper","Rec Shore|Inshore coastal piscivores","Rec Shore|Sea trout","Rec Shore|Oceanic piscivores","Rec Shore|Benthic piscivores","Rec Shore|Reef piscivores","Rec Shore|Reef invertebrate feeders","Rec Shore|Demersal coastal invertebrate feeders","Rec Shore|Red drum","Rec Shore|Benthic coastal invertebrate feeders","Rec Shore|Tilefish","Rec Shore|Gray triggerfish","Rec Shore|Coastal omnivores","Rec Shore|Reef omnivores","Rec Shore|Sardine-herring-scad","Rec Shore|Menhaden (4yr)","Rec Shore|Anchovy-silverside-killifish","Rec Shore|Mullet","Rec Charterboat|Blacktip shark","Rec Charterboat|Sandbar shark","Rec Charterboat|Large coastal sharks","Rec Charterboat|Large oceanic sharks","Rec Charterboat|Atlantic sharpnose shark","Rec Charterboat|Small coastal sharks","Rec Charterboat|Yellowfin tuna","Rec Charterboat|Bluefin tuna","Rec Charterboat|Other tunas","Rec Charterboat|Billfish","Rec Charterboat|Pelagic coastal piscivores","Rec Charterboat|Amberjack","Rec Charterboat|King mackerel (1+yr)","Rec Charterboat|Skates-rays","Rec Charterboat|Gag grouper (0-3yr)","Rec Charterboat|Gag grouper (3+yr)","Rec Charterboat|Red grouper (3+yr)","Rec Charterboat|Deep-water grouper","Rec Charterboat|Shallow-water grouper","Rec Charterboat|Red snapper (3+yr)","Rec Charterboat|Vermilion snapper","Rec Charterboat|Mutton snapper","Rec Charterboat|Other snapper","Rec Charterboat|Inshore coastal piscivores","Rec Charterboat|Sea trout","Rec Charterboat|Benthic piscivores","Rec Charterboat|Reef piscivores","Rec Charterboat|Reef invertebrate feeders","Rec Charterboat|Demersal coastal invertebrate feeders","Rec Charterboat|Red drum","Rec Charterboat|Benthic coastal invertebrate feeders","Rec Charterboat|Gray triggerfish","Rec Charterboat|Reef omnivores","Rec Private|Blacktip shark","Rec Private|Dusky shark","Rec Private|Sandbar shark","Rec Private|Large coastal sharks","Rec Private|Atlantic sharpnose shark","Rec Private|Small coastal sharks","Rec Private|Other tunas","Rec Private|Billfish","Rec Private|Pelagic coastal piscivores","Rec Private|Amberjack","Rec Private|Cobia","Rec Private|King mackerel (1+yr)","Rec Private|Spanish mackerel (1+yr)","Rec Private|Skates-rays","Rec Private|Gag grouper (0-3yr)","Rec Private|Gag grouper (3+yr)","Rec Private|Red grouper (3+yr)","Rec Private|Deep-water grouper","Rec Private|Shallow-water grouper","Rec Private|Red snapper (3+yr)","Rec Private|Vermilion snapper","Rec Private|Mutton snapper","Rec Private|Other snapper","Rec Private|Inshore coastal piscivores","Rec Private|Sea trout","Rec Private|Benthic piscivores","Rec Private|Reef piscivores","Rec Private|Reef invertebrate feeders","Rec Private|Demersal coastal invertebrate feeders","Rec Private|Red drum","Rec Private|Benthic coastal invertebrate feeders","Rec Private|Tilefish","Rec Private|Gray triggerfish","Rec Private|Coastal omnivores","Rec Private|Reef omnivores","Rec Private|Sardine-herring-scad","Rec Private|Mullet"
1,2.244738E-06,0.01311708,5.957396E-05,5.150382E-06,1.36949E-05,7.060441E-07,4.935504E-08,1.745542E-08,1.41099E-07,1.415546E-05,0.0003523664,8.081832E-05,3.498124E-05,0.0001941504,1.094412E-07,3.466542E-05,1.272222E-06,0.00021943,1.347923E-05,9.952531E-10,2.659172E-05,5.358391E-06,4.916502E-05,4.115519E-10,0.0004124087,0.0011525,0.000216294,4.747712E-05,0.0004438804,5.496162E-06,4.446318E-05,0.0004415318,8.493209E-05,2.79276E-05,1.290649E-05,3.538401E-05,7.727583E-07,0.0001596607,8.864956E-07,0.0001652228,6.658094E-05,2.872424E-05,0.002245506,1.089312E-05,3.188039E-06,6.621241E-06,7.405589E-09,1.116517E-05,1.160771E-11,2.49356E-10,0.0001647727,1.908674E-05,8.308877E-10,5.665342E-07,5.47659E-05,3.984532E-07,1.873713E-05,5.680865E-06,0.0001693696,3.762794E-06,0.00449585,1.257154E-05,1.590466E-06,0.005162249,1.177008E-05,0.0003506978,0.002778688,6.126131E-05,6.521381E-10,2.430702E-06,4.842484E-06,0.00845657,1.713775E-06,1.058853E-05,0.0002784043,7.564497E-05,0.001746946,0.0002072351,0.002875066,0.001932596,0.000423352,0.007733181,0.002228311,1.360093E-06,0.003944171,0.000544271,0.0001423708,0.0004299831,9.008416E-05,1.682501E-05,0.02615197,0.0004398083,0.0006124515,0.0001343841,7.710075E-05,0.0001346294,1.123388E-06,1.76949E-06,2.117309E-05,1.715284E-05,7.004017E-06,0.0002919853,1.912842E-06,0.0001411734,4.083756E-07,6.952735E-07,9.745249E-06,3.624905E-05,7.214033E-05,0.0009420449,0.04289116,0.007253115,3.059642E-07,2.565217E-07,5.050018E-08,5.526667E-07,4.260706E-09,3.82732E-08,5.562292E-06,1.574129E-07,3.470677E-06,1.092162E-06,7.035353E-05,1.328154E-05,2.896759E-09,5.6509E-10,3.319352E-07,3.623857E-05,4.134903E-08,2.064477E-07,3.212175E-07,3.651542E-08,6.726586E-06,1.988944E-06,0.001795162,0.005667524,0.0014218,0.0002162233,3.350497E-08,2.467923E-06,1.214416E-06,1.072649E-07,1.71623E-08,3.436908E-08,3.284042E-07,3.355727E-08,3.726387E-06,0.003129886,0.001272072,0.001824473,4.844128E-06,0.0002638615,0.0061854,9.084189E-07,0.0002027604,0.00100853,0.0002150741,3.081395E-05,0.0001332804,4.580269E-06,4.179186E-06,1.465473E-05,1.632815E-05,0.0001319932,4.716334E-05,9.697916E-06,0.02789255,3.391689E-05,1.590287E-05,0.001048587,8.517419E-06,1.630853E-06,0.001847038,0.001907923,0.01154464,0.001568605,0.0001949361,0.0001061885,0.0002257465,0.06579548,0.03356341,0.02630442,0.003621414,0.01664612,8.157805E-06,5.584601E-07,4.695846E-06,1.80805E-06,1.054263E-08,3.942514E-06,2.782446E-07,1.632377E-07,5.163285E-09,2.64012E-06,1.358982E-07,6.147633E-05,8.263834E-05,4.166953E-06,9.406963E-05,1.39277E-07,5.466849E-08,1.774828E-06,1.23399E-05,6.113721E-07,5.094276E-08,4.71076E-08,3.417059E-06,6.711272E-08,1.018432E-10,0.0001508481,0.0007304722,3.474728E-05,1.499641E-05,3.505617E-07,3.655488E-07,5.186553E-07,2.646598E-06,0.0001169994,3.204897E-05,3.272383E-07,1.130645E-05,1.413093E-07,3.338045E-05,7.026572E-06,3.555693E-07,1.674786E-08,1.170517E-05,2.37564E-05,3.713041E-05,4.856617E-05,0.0007237676,2.349076E-06,8.958992E-05,0.0002000125,3.453753E-05,1.184528E-05,1.687971E-05,3.091159E-05,0.0001325651,0.0007390468,0.003138318,1.039501E-07,0.001013676,2.324935E-05,0.0006976293,0.001685342,0.000304234,1.961531E-05,3.356363E-05,3.049299E-06,0.0007789834,6.217969E-06,9.771623E-09,1.967116E-07,1.782006E-08,0.0005216846,7.89211E-06,2.71838E-05,5.75987E-07,2.375707E-07,5.86631E-07,4.246702E-05,0.0002570151,1.135002E-05,7.026647E-05,9.374288E-05,0.001729886,0.002671723,9.993015E-05,2.419294E-06,6.187947E-06,8.391766E-05,1.421145E-06,1.253358E-05,1.548151E-05,0.0005489986,1.207935E-05,5.561791E-06,0.0002129917,0.0001628258,0.0001273237,7.917232E-06,0.0002089277,0.0003977371,2.395802E-05,2.121036E-05,5.970168E-06,0.0002256019,3.863242E-07,4.445839E-05,5.478585E-05,6.640845E-06,0.0001385803,2.408566E-05,2.954904E-05,3.505491E-05,0.0001694065,0.002565716,0.0002732046,0.0007612204,0.00032274,0.0005440366,8.18874E-06,2.522965E-05,0.0001094195,1.662414E-06,0.0002761216,1.504819E-05,0.0004948864,6.126033E-05,1.385156E-05,0.0005425466,0.0003760004,0.004809412,0.001313579,0.003849654,0.004873349,0.005080143,0.001787051,3.909906E-05,2.109524E-07,0.0002452424,0.001004548,2.975416E-05,5.853782E-05,0.0001433984
2,2.409363E-06,0.01438085,6.530427E-05,5.648878E-06,1.385269E-05,7.201027E-07,5.087836E-08,1.743124E-08,1.270658E-07,1.440245E-05,0.0003568231,8.310966E-05,3.547986E-05,0.0001962437,8.045112E-08,3.42245E-05,1.301901E-06,0.0002241386,1.394745E-05,1.027872E-09,2.709622E-05,5.472628E-06,5.046255E-05,3.791787E-10,0.0004118535,0.001174483,0.0002205943,4.873806E-05,0.0004556642,5.612388E-06,4.390034E-05,0.0004535847,8.381898E-05,2.839501E-05,1.321903E-05,3.498039E-05,7.87357E-07,0.0001603567,9.091148E-07,0.0001955389,8.283722E-05,3.03618E-05,0.002640693,1.258959E-05,3.776984E-06,7.698266E-06,8.745674E-09,1.322648E-05,1.474546E-11,3.025951E-10,0.0001925182,2.264821E-05,8.477697E-10,6.443342E-07,6.329746E-05,4.696548E-07,2.205629E-05,6.668996E-06,0.0001969289,4.425783E-06,0.005049222,1.488957E-05,1.793231E-06,0.005148005,1.045658E-05,0.00034607,0.00274087,5.9568E-05,5.406611E-10,2.318947E-06,5.294998E-06,0.009245357,1.902041E-06,1.158553E-05,0.0003047491,6.023668E-05,0.001861416,0.0002295151,0.003177908,0.00207085,0.0004693614,0.008257917,0.00245054,1.500267E-06,0.004376407,0.00059201,0.0001593444,0.0004773773,9.996171E-05,1.876693E-05,0.02880332,0.0004233895,0.0006636099,0.000145823,8.545441E-05,0.000141211,1.165266E-06,1.858324E-06,2.223974E-05,1.802103E-05,7.106971E-06,0.0003079665,2.0017E-06,0.0001485598,4.192142E-07,6.831444E-07,9.560405E-06,3.554218E-05,7.074907E-05,0.0008916631,0.04123338,0.007120047,3.029903E-07,2.58334E-07,5.005689E-08,5.518289E-07,3.561472E-09,3.692568E-08,5.485278E-06,1.568776E-07,3.28879E-06,1.087059E-06,6.984926E-05,1.281219E-05,2.945104E-09,5.653177E-10,3.321908E-07,3.484097E-05,4.092233E-08,2.070389E-07,3.211259E-07,3.651087E-08,6.728154E-06,1.974121E-06,0.001852421,0.005622422,0.001444987,0.000215289,3.361113E-08,2.45066E-06,1.222251E-06,1.070293E-07,1.464935E-08,3.343923E-08,3.207364E-07,3.355328E-08,3.711066E-06,0.004216899,0.001963948,0.002910393,7.524892E-06,0.0004087618,0.009631748,1.426749E-06,0.0003285151,0.001599257,0.0003414398,4.900417E-05,0.0002108551,7.186688E-06,3.365348E-06,1.151395E-05,1.32788E-05,0.0001023836,3.858386E-05,7.679811E-06,0.01999956,2.642369E-05,1.254319E-05,0.000844008,1.284006E-05,2.46085E-06,0.002802402,0.002893078,0.01727564,0.002417841,0.0003001802,0.0001617708,0.0003269886,0.0872091,0.05028474,0.03947645,0.005612738,0.02548517,8.005553E-06,5.594597E-07,4.638261E-06,1.796964E-06,1.051749E-08,3.311117E-06,2.688229E-07,1.619451E-07,5.387042E-09,2.294189E-06,1.331384E-07,6.031005E-05,8.217731E-05,4.094474E-06,9.242267E-05,1.335651E-07,5.404014E-08,1.755578E-06,1.217969E-05,6.097255E-07,5.006032E-08,4.649495E-08,3.386131E-06,6.584409E-08,9.117812E-11,0.0001462255,0.0007232421,3.423934E-05,1.49133E-05,3.478291E-07,3.510356E-07,5.143419E-07,2.643563E-06,0.0001163966,3.073542E-05,3.233452E-07,1.127714E-05,1.397123E-07,3.196325E-05,6.992194E-06,3.550776E-07,1.66609E-08,1.4338E-05,2.929127E-05,4.023342E-05,5.93826E-05,0.0008778169,2.848495E-06,0.0001081032,0.0002343866,4.218788E-05,1.460668E-05,2.029197E-05,3.816959E-05,0.0001631346,0.0009005722,0.003696723,1.284532E-07,0.001250165,2.879419E-05,0.0008613194,0.001982492,0.0003687683,2.399864E-05,4.138852E-05,3.619705E-06,0.0009526981,7.694079E-06,1.206268E-08,2.414755E-07,2.199588E-08,0.000633151,7.762289E-06,2.696858E-05,5.750091E-07,2.380647E-07,4.963876E-07,4.130605E-05,0.000256526,1.190013E-05,6.165314E-05,9.259313E-05,0.001704002,0.002672157,9.806119E-05,2.400053E-06,6.163025E-06,8.359074E-05,1.436859E-06,1.251657E-05,1.524163E-05,0.0005424478,1.19882E-05,5.552038E-06,0.0002126448,0.0001616559,0.0001223318,7.895504E-06,0.000209344,0.000397344,2.298739E-05,2.096171E-05,5.962243E-06,0.0002170164,3.869643E-07,4.380898E-05,5.556257E-05,6.628931E-06,0.0001392469,2.043398E-05,2.888803E-05,3.094223E-05,0.0001688066,0.00253693,0.0002755068,0.0007525461,0.0003169658,0.0005197317,8.153445E-06,2.538921E-05,0.0001098516,1.689231E-06,0.0002780991,1.474744E-05,0.0004927595,6.128816E-05,1.393923E-05,0.0005444474,0.0003726041,0.004601158,0.00132016,0.003885549,0.004904388,0.004861037,0.00176255,3.894984E-05,2.12054E-07,0.0002372487,0.001000891,3.000292E-05,5.889039E-05,0.0001416869
3,2.505589E-06,0.01551485,7.053675E-05,6.10256E-06,1.356647E-05,7.16165E-07,5.103309E-08,1.633373E-08,9.462995E-08,1.406264E-05,0.0003483487,8.349957E-05,3.495452E-05,0.0001920239,5.763339E-08,3.060147E-05,1.358783E-06,0.0002269939,1.43788E-05,1.066131E-09,2.705098E-05,5.388758E-06,5.135516E-05,3.645886E-10,0.00037179,0.001162748,0.0002179365,4.850099E-05,0.0004565751,5.479254E-06,4.158689E-05,0.0004561573,7.852197E-05,2.774491E-05,1.313317E-05,3.249161E-05,7.692979E-07,0.0001535628,9.050482E-07,0.0001961189,8.736074E-05,2.320881E-05,0.002592962,1.22888E-05,3.814642E-06,7.606601E-06,8.995784E-09,1.347226E-05,1.50806E-11,3.113894E-10,0.0001907615,2.30754E-05,8.027004E-10,5.713831E-07,6.29373E-05,4.681738E-07,2.200608E-05,6.687023E-06,0.000192725,4.459856E-06,0.004729475,1.489526E-05,1.664802E-06,0.005118627,7.899139E-06,0.0003441911,0.002654486,5.782554E-05,3.810791E-10,2.129612E-06,5.66233E-06,0.009833544,2.082422E-06,1.243761E-05,0.0003255499,4.710298E-05,0.001799512,0.0002503619,0.003398567,0.002150723,0.0005149138,0.008459426,0.002620537,1.641603E-06,0.00477815,0.0006461453,0.0001685194,0.0005161625,0.0001081205,2.040139E-05,0.03076214,0.0004466353,0.0007115188,0.0001523902,9.282312E-05,0.000169115,1.396937E-06,2.229828E-06,2.697939E-05,2.18884E-05,8.188083E-06,0.0003788265,2.401711E-06,0.0001801179,4.476207E-07,7.096426E-07,9.709331E-06,3.640208E-05,7.261868E-05,0.0008629625,0.04057117,0.007271482,3.201999E-07,2.780792E-07,5.34365E-08,5.901472E-07,2.695028E-09,3.675149E-08,5.73732E-06,1.652497E-07,3.113729E-06,1.154006E-06,7.343144E-05,1.301551E-05,3.973406E-09,6.023634E-10,3.589673E-07,3.51446E-05,4.30656E-08,2.246895E-07,3.437806E-07,3.935508E-08,7.232189E-06,2.104873E-06,0.001925611,0.006139457,0.001488475,0.0002364355,3.621088E-08,2.580615E-06,1.308574E-06,1.13841E-07,1.50711E-08,3.527498E-08,3.288319E-07,3.591537E-08,3.972334E-06,0.003353472,0.002162101,0.003353329,8.401417E-06,0.0004572258,0.01074358,1.684607E-06,0.0003702249,0.001850107,0.0003923451,5.617768E-05,0.0002404083,8.116826E-06,2.742511E-06,9.118839E-06,1.111593E-05,8.001543E-05,3.216622E-05,6.283155E-06,0.01627725,2.155939E-05,1.000914E-05,0.0007004107,1.278E-05,2.460042E-06,0.002725557,0.0029597,0.01657265,0.0024204,0.0003003602,0.0001647523,0.0003263939,0.08626837,0.05034335,0.03853289,0.005684067,0.02588257,8.022038E-06,5.732333E-07,4.703669E-06,1.824724E-06,1.073786E-08,2.425644E-06,2.563791E-07,1.637396E-07,5.741842E-09,1.730707E-06,1.350304E-07,6.007496E-05,8.381486E-05,4.114058E-06,9.280291E-05,1.229097E-07,5.456355E-08,1.870294E-06,1.239363E-05,6.359087E-07,5.066656E-08,4.643731E-08,3.484352E-06,6.547608E-08,8.997363E-11,0.0001353213,0.000733952,3.426624E-05,1.522509E-05,3.487628E-07,3.412251E-07,5.207956E-07,2.797569E-06,0.0001191709,2.955904E-05,3.242833E-07,1.162045E-05,1.402592E-07,3.025587E-05,7.134429E-06,3.64148E-07,1.698973E-08,1.763626E-05,3.609908E-05,3.707144E-05,7.346711E-05,0.001056816,3.459842E-06,0.0001302681,0.0002557542,5.144879E-05,1.831527E-05,2.406734E-05,4.700651E-05,0.000201748,0.00108362,0.004311634,1.590954E-07,0.001539632,3.701724E-05,0.001072084,0.002283852,0.0004439024,2.963171E-05,5.076894E-05,4.163439E-06,0.001167163,9.580505E-06,1.493249E-08,2.989265E-07,2.724809E-08,0.0007602293,7.639062E-06,2.689713E-05,5.744313E-07,2.386228E-07,3.590741E-07,3.889029E-05,0.0002553448,1.245605E-05,4.601427E-05,9.253066E-05,0.001669689,0.002684017,9.659502E-05,2.382877E-06,6.453431E-06,8.46776E-05,1.481213E-06,1.269959E-05,1.488446E-05,0.0005376727,1.18422E-05,5.527419E-06,0.0002136136,0.000159023,0.0001166169,7.864585E-06,0.0002177224,0.00040007,2.167475E-05,2.062499E-05,6.018878E-06,0.000202682,3.902108E-07,3.020192E-05,3.962246E-05,4.67055E-06,9.831938E-05,1.038634E-05,1.918281E-05,1.633874E-05,0.0001198153,0.001748139,0.0001963532,0.0005224123,0.0002176435,0.0003239414,5.689105E-06,1.866045E-05,7.896509E-05,1.240205E-06,0.0002004804,9.98363E-06,0.0003461227,4.295806E-05,9.841114E-06,0.0003859423,0.0002545966,0.003036518,0.0009318593,0.002863655,0.003500271,0.003181842,0.001206181,2.737388E-05,1.492916E-07,0.0001563714,0.0006993495,2.140806E-05,4.175839E-05,9.684973E-05
4,2.550888E-06,0.01608954,7.317305E-05,6.332944E-06,1.336716E-05,7.150818E-07,5.111133E-08,1.562166E-08,7.122598E-08,1.37207E-05,0.000340182,8.433741E-05,3.527639E-05,0.0001893924,6.045544E-08,2.651153E-05,1.351375E-06,0.0002312513,1.491209E-05,1.072499E-09,2.703185E-05,5.347219E-06,5.231122E-05,3.757426E-10,0.0003539039,0.001165681,0.0002171527,4.825703E-05,0.0004585137,5.37523E-06,3.997956E-05,0.0004602105,7.659876E-05,2.7436E-05,1.298706E-05,3.141566E-05,7.54455E-07,0.0001501741,9.035038E-07,0.0001946402,9.08257E-05,1.753906E-05,0.002506752,1.201344E-05,3.830419E-06,7.684026E-06,9.111347E-09,1.365639E-05,1.503521E-11,3.164165E-10,0.0001856344,2.324241E-05,8.463133E-10,5.429462E-07,6.315271E-05,4.638109E-07,2.185511E-05,6.708453E-06,0.0001905657,4.497454E-06,0.004639643,1.462047E-05,1.612584E-06,0.005093465,5.979971E-06,0.0003424034,0.00257328,4.825941E-05,2.405474E-10,1.714669E-06,5.980079E-06,0.01027588,2.256383E-06,1.348079E-05,0.0003452248,5.340642E-05,0.001670569,0.0002690449,0.003578414,0.002224064,0.0005577531,0.00884599,0.002780487,1.793762E-06,0.005158345,0.0006890578,0.0001829603,0.000543348,0.0001173407,2.189098E-05,0.03232884,0.0005085717,0.0007673225,0.0001598433,9.932364E-05,0.0001736164,1.431085E-06,2.288548E-06,2.808206E-05,2.283392E-05,8.41396E-06,0.0004049032,2.47643E-06,0.0001873979,4.925934E-07,7.632516E-07,1.018887E-05,3.86122E-05,7.737256E-05,0.0008959966,0.04208663,0.007687025,3.151767E-07,2.776252E-07,5.272545E-08,5.803525E-07,1.98365E-09,3.448924E-08,5.557977E-06,1.648507E-07,2.669511E-06,1.139274E-06,7.24799E-05,1.27807E-05,3.687156E-09,5.926143E-10,3.593574E-07,3.434378E-05,4.258511E-08,2.292011E-07,3.433405E-07,4.022425E-08,7.208356E-06,2.121709E-06,0.00196087,0.005926417,0.001532283,0.0002253397,3.623341E-08,2.519131E-06,1.311528E-06,1.141499E-07,1.590636E-08,3.519558E-08,3.212854E-07,3.539067E-08,3.923109E-06,0.002504863,0.002199791,0.003538921,8.736281E-06,0.0004796391,0.01117163,1.810589E-06,0.0004041136,0.001945184,0.000424716,5.945871E-05,0.0002516732,8.485631E-06,2.45069E-06,7.996424E-06,1.016223E-05,7.119306E-05,2.913095E-05,5.758669E-06,0.01567443,1.979054E-05,8.919444E-06,0.0006373069,1.110585E-05,2.177399E-06,0.002310483,0.002666363,0.01428976,0.002115778,0.0002606197,0.0001469485,0.0002972714,0.08188146,0.04494471,0.03346897,0.004998875,0.02296696,7.774107E-06,5.667475E-07,4.608159E-06,1.786419E-06,1.056197E-08,1.783773E-06,2.405175E-07,1.59741E-07,5.909573E-09,1.27346E-06,1.315399E-07,5.759223E-05,8.287018E-05,4.079868E-06,9.009854E-05,1.049425E-07,5.316535E-08,1.819077E-06,1.232454E-05,6.447378E-07,4.96441E-08,4.510147E-08,3.468216E-06,6.224789E-08,9.116707E-11,0.000127017,0.0007235854,3.338812E-05,1.499988E-05,3.375814E-07,3.245392E-07,5.069605E-07,2.878322E-06,0.0001179094,2.845888E-05,3.162309E-07,1.166196E-05,1.354376E-07,2.86969E-05,7.032276E-06,3.605323E-07,1.676979E-08,2.167303E-05,4.43416E-05,3.433807E-05,9.007485E-05,0.001267521,4.297004E-06,0.000158221,0.0002728323,6.270837E-05,2.295001E-05,2.806118E-05,5.75723E-05,0.000248854,0.001304762,0.005087279,1.968237E-07,0.001882383,4.780611E-05,0.001331335,0.002728831,0.0005389515,3.706824E-05,6.162616E-05,4.955412E-06,0.001432795,1.190698E-05,1.849819E-08,3.667781E-07,3.379249E-08,0.0009132242,7.338244E-06,2.619717E-05,5.591927E-07,2.33507E-07,2.624272E-07,3.628674E-05,0.0002481278,1.275548E-05,3.380462E-05,8.992498E-05,0.001590486,0.002641896,9.293552E-05,2.305256E-06,6.271961E-06,8.407172E-05,1.499904E-06,1.259633E-05,1.399457E-05,0.0005247089,1.149859E-05,5.359248E-06,0.000209106,0.0001519212,0.000109056,7.613199E-06,0.0002224448,0.0003930797,2.058371E-05,1.986749E-05,5.966645E-06,0.0001912613,3.837665E-07,3.746571E-05,5.057569E-05,5.901718E-06,0.0001242125,9.834213E-06,2.322439E-05,1.558356E-05,0.0001512971,0.002153908,0.0002512389,0.0006648938,0.0002701265,0.000353001,7.119458E-06,2.361738E-05,0.0001019679,1.627652E-06,0.0002583993,1.194795E-05,0.0004392161,5.422103E-05,1.240657E-05,0.0004896284,0.0003126122,0.003641882,0.001172418,0.003804113,0.004472403,0.003879591,0.001494761,3.496864E-05,1.86819E-07,0.000191393,0.0008789198,2.735882E-05,5.318648E-05,0.0001189049
5,2.48818E-06,0.01608955,7.319956E-05,6.3377E-06,1.313509E-05,6.961586E-07,5.121732E-08,1.481473E-08,5.451543E-08,1.337804E-05,0.0003256081,8.42431E-05,3.446582E-05,0.0001854292,5.275184E-08,2.208811E-05,1.307394E-06,0.0002318711,1.492529E-05,1.068396E-09,2.685161E-05,5.301344E-06,5.203885E-05,3.540188E-10,0.0003621904,0.001126973,0.000215823,4.767108E-05,0.0004511992,5.258494E-06,3.657357E-05,0.0004575503,7.368062E-05,2.678468E-05,1.274851E-05,3.030953E-05,7.431033E-07,0.0001455344,8.994911E-07,0.0001937226,9.512078E-05,1.355058E-05,0.002439901,1.150117E-05,3.828598E-06,7.541939E-06,8.916346E-09,1.368245E-05,1.51095E-11,3.133428E-10,0.0001810228,2.31544E-05,7.995908E-10,5.611054E-07,6.109398E-05,4.612582E-07,2.161989E-05,6.607248E-06,0.0001868902,4.477858E-06,0.004473355,1.43489E-05,1.558222E-06,0.005066717,4.613956E-06,0.0003235169,0.002499824,6.810086E-05,2.521962E-10,2.321527E-06,5.497978E-06,0.009181988,2.103509E-06,1.232899E-05,0.0003176361,4.34381E-05,0.001306623,0.0002469896,0.003278119,0.001915494,0.0005186875,0.007974011,0.002543701,1.719259E-06,0.004854582,0.0006458541,0.0001705661,0.0005102705,0.0001070483,2.082372E-05,0.02982794,0.0004419655,0.0007088079,0.000144944,9.249293E-05,0.0001848585,1.44363E-06,2.43013E-06,2.984997E-05,2.445267E-05,8.901487E-06,0.0004522246,2.676547E-06,0.0002026632,5.418617E-07,8.368018E-07,1.108275E-05,4.189136E-05,8.479706E-05,0.0009578693,0.04505588,0.008454893,3.034261E-07,2.699871E-07,4.983604E-08,5.589571E-07,1.406009E-09,3.176134E-08,5.181E-06,1.58936E-07,2.137168E-06,1.098891E-06,6.953899E-05,1.169456E-05,3.243216E-09,5.596235E-10,3.485264E-07,3.245972E-05,4.073079E-08,2.301322E-07,3.341E-07,4.066954E-08,7.081222E-06,2.099149E-06,0.001905824,0.005804921,0.001410982,0.000223771,3.560623E-08,2.43525E-06,1.285543E-06,1.113225E-07,1.436081E-08,3.410058E-08,3.045733E-07,3.449597E-08,3.822341E-06,0.001962462,0.002242828,0.003771002,9.18694E-06,0.0005178589,0.01190928,1.967552E-06,0.0004373965,0.002121619,0.0004476594,6.536335E-05,0.0002691935,9.042202E-06,2.094187E-06,6.462484E-06,8.770337E-06,5.972707E-05,2.528343E-05,4.933948E-06,0.01275641,1.684918E-05,7.494124E-06,0.0005500059,1.315471E-05,2.658758E-06,0.002669571,0.00326718,0.01721315,0.002586112,0.0003207249,0.0001808824,0.0003577408,0.09407806,0.05506687,0.04021579,0.006200623,0.02835259,7.597246E-06,5.645323E-07,4.449164E-06,1.755723E-06,1.052351E-08,1.301001E-06,2.261965E-07,1.572294E-07,6.167058E-09,9.654858E-07,1.230475E-07,5.473962E-05,8.208486E-05,3.961178E-06,8.781713E-05,8.699504E-08,5.221817E-08,1.751312E-06,1.226216E-05,6.39425E-07,4.89102E-08,4.43741E-08,3.420545E-06,5.762771E-08,8.524622E-11,0.0001288842,0.0006936759,3.288988E-05,1.464193E-05,3.30128E-07,3.003558E-07,4.891468E-07,2.8455E-06,0.0001162479,2.736227E-05,3.081445E-07,1.185144E-05,1.317673E-07,2.744668E-05,6.966537E-06,3.596676E-07,1.674506E-08,2.616384E-05,5.450184E-05,3.258895E-05,0.0001052337,0.001497859,5.177482E-06,0.0001907961,0.0002796605,7.653998E-05,2.846935E-05,3.134229E-05,7.059702E-05,0.00030266,0.001562472,0.005681552,2.452467E-07,0.002272392,5.919367E-05,0.001642787,0.003211674,0.0006448142,4.641166E-05,7.473035E-05,5.933276E-06,0.00174794,1.489531E-05,2.309441E-08,4.654663E-07,4.204994E-08,0.001102912,7.580032E-06,2.688828E-05,5.843879E-07,2.475896E-07,2.034962E-07,3.629217E-05,0.0002599901,1.41692E-05,2.73357E-05,8.954856E-05,0.001602823,0.002783526,9.521266E-05,2.398997E-06,6.384828E-06,8.887963E-05,1.591469E-06,1.32153E-05,1.36479E-05,0.0005346803,1.205456E-05,5.583747E-06,0.0002168795,0.0001553294,0.0001042461,7.813847E-06,0.0002336815,0.0004117244,2.072126E-05,2.029798E-05,6.37212E-06,0.0001944697,4.068235E-07,4.051777E-05,5.622727E-05,6.363951E-06,0.0001364028,7.99406E-06,2.440721E-05,1.322779E-05,0.0001581748,0.00227508,0.0002781935,0.0007156921,0.0002900199,0.0003221304,7.765439E-06,2.536786E-05,0.0001133535,1.818002E-06,0.0002842767,1.197806E-05,0.0004709915,5.970584E-05,1.359716E-05,0.0005324718,0.0003334835,0.003617041,0.00126495,0.004204603,0.004929121,0.004070094,0.001594075,3.903092E-05,2.028746E-07,0.0002045643,0.0009578865,3.053856E-05,5.930597E-05,0.000128081
6,2.187929E-06,0.01474044,6.702005E-05,5.81105E-06,1.284217E-05,6.603668E-07,5.133597E-08,1.37338E-08,4.330923E-08,1.301052E-05,0.0003091793,8.336418E-05,3.267142E-05,0.0001800358,4.059824E-08,1.797005E-05,1.276877E-06,0.0002284139,1.531295E-05,1.056154E-09,2.663294E-05,5.235962E-06,5.114947E-05,3.384436E-10,0.0003423314,0.001076222,0.0002133722,4.679362E-05,0.000438426,5.134033E-06,3.266294E-05,0.0004517372,6.97539E-05,2.585777E-05,1.238708E-05,2.872892E-05,7.387675E-07,0.0001383537,8.911707E-07,0.0001932111,0.0001002123,1.086243E-05,0.002385366,1.095237E-05,3.81393E-06,7.207362E-06,8.671221E-09,1.345607E-05,1.599463E-11,3.113484E-10,0.0001773323,2.298331E-05,7.53118E-10,5.348741E-07,5.877278E-05,4.597665E-07,2.133222E-05,6.447926E-06,0.0001827869,4.445544E-06,0.004243365,1.405745E-05,1.482828E-06,0.005032928,3.67934E-06,0.0002921022,0.002426995,7.673509E-05,1.932711E-10,2.460107E-06,4.909451E-06,0.007942934,1.891673E-06,1.066243E-05,0.0002834662,3.076413E-05,0.0009680365,0.0002182903,0.00292521,0.001570351,0.0004670319,0.006908181,0.002248201,1.613658E-06,0.004458582,0.0005796171,0.0001555585,0.0004611362,9.806487E-05,1.866253E-05,0.02715735,0.0003976735,0.0006394237,0.0001256721,8.363154E-05,0.000168157,1.190443E-06,2.200981E-06,2.69368E-05,2.235591E-05,7.986187E-06,0.0004354382,2.518086E-06,0.0001877567,5.869368E-07,9.10266E-07,1.198018E-05,4.492321E-05,9.240943E-05,0.001009074,0.04731014,0.009266994,2.644103E-07,2.38495E-07,4.179589E-08,4.865815E-07,8.213417E-10,2.604283E-08,4.355947E-06,1.3747E-07,1.485791E-06,9.590671E-07,6.012553E-05,9.289303E-06,2.819376E-09,4.755196E-10,3.066445E-07,2.730219E-05,3.488825E-08,2.092093E-07,2.931498E-07,3.750982E-08,6.34747E-06,1.783712E-06,0.001689673,0.005166885,0.001284432,0.0001952418,3.165627E-08,2.153284E-06,1.145908E-06,9.775391E-08,1.25518E-08,2.984843E-08,2.558144E-07,3.038901E-08,3.33831E-06,0.001442926,0.002038486,0.003587076,8.64053E-06,0.0005048612,0.01143065,1.871825E-06,0.0004234835,0.002037527,0.0004347463,6.190471E-05,0.0002599349,8.601575E-06,1.991351E-06,5.657014E-06,8.38516E-06,5.512896E-05,2.432999E-05,4.716121E-06,0.01223173,1.615642E-05,6.91545E-06,0.0005297378,1.223118E-05,2.563721E-06,0.002339595,0.00316092,0.01597473,0.002447023,0.0003126026,0.0001759235,0.0003462511,0.09114046,0.05327129,0.03737048,0.005998672,0.02753233,8.088874E-06,6.114441E-07,4.578821E-06,1.868913E-06,1.146607E-08,9.478449E-07,2.273176E-07,1.683345E-07,7.042992E-09,8.304705E-07,1.198307E-07,5.648739E-05,8.796802E-05,4.081508E-06,9.318595E-05,7.728363E-08,5.589879E-08,1.855196E-06,1.308726E-05,7.044384E-07,5.262038E-08,4.754913E-08,3.638869E-06,5.702211E-08,8.871059E-11,0.0001325543,0.000720075,3.517365E-05,1.54397E-05,3.538585E-07,2.977313E-07,5.071586E-07,3.009501E-06,0.0001244496,2.839736E-05,3.257231E-07,1.322412E-05,1.384939E-07,2.822238E-05,7.522063E-06,3.919918E-07,1.8305E-08,3.08761E-05,6.654594E-05,3.214165E-05,0.0001172929,0.001761873,6.065586E-06,0.0002288208,0.0002816695,9.331421E-05,3.470504E-05,3.42477E-05,8.616145E-05,0.000364574,0.001870723,0.006193951,3.048433E-07,0.002702805,7.19512E-05,0.002020192,0.003729178,0.0007654834,5.826409E-05,8.978557E-05,7.011335E-06,0.002126609,1.868847E-05,2.894915E-08,5.741412E-07,5.23383E-08,0.001350675,7.304518E-06,2.518105E-05,5.662464E-07,2.446008E-07,1.350168E-07,3.323667E-05,0.000253602,1.467729E-05,2.142032E-05,7.944641E-05,0.001500775,0.002716683,9.08641E-05,2.329517E-06,6.148794E-06,8.594274E-05,1.597408E-06,1.279998E-05,1.21698E-05,0.0005031316,1.175765E-05,5.404399E-06,0.000208015,0.00014876,9.107915E-05,7.376087E-06,0.0002247776,0.0004010032,1.925823E-05,1.924764E-05,6.386717E-06,0.0001821697,4.035191E-07,4.418184E-05,6.292103E-05,6.772551E-06,0.0001502282,6.009822E-06,2.539328E-05,1.178816E-05,0.0001594187,0.002415041,0.0003087996,0.0007567215,0.0003128906,0.0002919179,8.54367E-06,2.763382E-05,0.0001247529,2.077744E-06,0.0003123538,1.187205E-05,0.0005060825,6.618506E-05,1.497745E-05,0.0005792145,0.0003593393,0.003542733,0.001357983,0.004604711,0.005465884,0.004255184,0.001703553,4.413599E-05,2.205382E-07,0.0002178152,0.001051738,3.450411E-05,6.703268E-05,0.0001412405
7,1.886275E-06,0.01342601,6.104146E-05,5.299895E-06,1.261396E-05,6.199445E-07,5.153616E-08,1.261345E-08,3.35881E-08,1.265194E-05,0.0002953685,8.42383E-05,3.06535E-05,0.0001774168,2.636433E-08,1.426226E-05,1.266343E-06,0.0002234129,1.597622E-05,1.002218E-09,2.61806E-05,5.176434E-06,5.036286E-05,3.102953E-10,0.0003237189,0.001060696,0.0002111864,4.594072E-05,0.0004271787,5.018498E-06,2.888418E-05,0.0004485449,6.562351E-05,2.497283E-05,1.19624E-05,2.710957E-05,7.451138E-07,0.0001300168,8.859831E-07,0.0001944173,0.0001066946,8.674408E-06,0.002348006,1.047296E-05,3.88285E-06,6.810274E-06,8.595276E-09,1.335751E-05,1.597582E-11,3.084502E-10,0.0001780684,2.294944E-05,6.90102E-10,4.986642E-07,5.74745E-05,4.603762E-07,2.106282E-05,6.293549E-06,0.0001786511,4.428272E-06,0.003994071,1.376247E-05,1.398748E-06,0.005015823,2.900791E-06,0.0002566817,0.002354441,8.91884E-05,1.414201E-10,2.649008E-06,4.093074E-06,0.006425301,1.609424E-06,8.48465E-06,0.0002375453,1.720606E-05,0.0006493167,0.000179385,0.002437683,0.001196066,0.0003919467,0.005547411,0.001852379,1.418196E-06,0.003822762,0.0004791409,0.0001284129,0.0003976908,8.328541E-05,1.595567E-05,0.02336132,0.0003006432,0.0005315534,0.0001002595,7.058743E-05,0.0001936849,1.206771E-06,2.508691E-06,3.062096E-05,2.581895E-05,8.975408E-06,0.0005315043,3.025474E-06,0.0002196625,6.562016E-07,9.871782E-07,1.282664E-05,4.774804E-05,0.0001000877,0.001047652,0.04867353,0.01009004,2.890716E-07,2.613416E-07,4.308893E-08,5.237026E-07,5.560868E-10,2.614286E-08,4.609017E-06,1.533413E-07,1.266998E-06,1.050588E-06,6.600859E-05,9.310626E-06,3.027061E-09,4.90492E-10,3.357295E-07,2.875178E-05,3.772351E-08,2.393026E-07,3.227276E-07,4.345693E-08,7.094887E-06,1.971237E-06,0.001841609,0.005929612,0.001443869,0.0002197851,3.526737E-08,2.422419E-06,1.249885E-06,1.074095E-07,1.225897E-08,3.231619E-08,2.657546E-07,3.330209E-08,3.6825E-06,0.00135905,0.002428832,0.004451993,1.06319E-05,0.0006468424,0.01437677,2.313772E-06,0.0005172715,0.002606179,0.000548037,7.840676E-05,0.0003313712,1.070406E-05,1.923471E-06,5.032368E-06,8.109563E-06,5.111087E-05,2.379336E-05,4.486003E-06,0.01075611,1.534159E-05,6.346685E-06,0.0005138528,1.479409E-05,3.179978E-06,0.002706153,0.003942001,0.01938147,0.003044535,0.0004050565,0.0002216148,0.0004181515,0.1026875,0.06638534,0.04460551,0.007637924,0.03478984,6.97298E-06,5.347142E-07,3.75965E-06,1.601993E-06,1.006238E-08,5.181944E-07,1.823937E-07,1.461726E-07,6.492266E-09,5.611664E-07,9.180885E-08,4.72758E-05,7.768123E-05,3.357186E-06,8.084837E-05,5.404816E-08,4.843835E-08,1.610574E-06,1.117959E-05,6.354343E-07,4.511228E-08,4.108729E-08,3.126933E-06,4.555747E-08,7.133425E-11,0.0001101547,0.0006223294,3.039936E-05,1.317236E-05,3.057974E-07,2.34638E-07,4.209603E-07,2.585325E-06,0.00010816,2.358627E-05,2.774937E-07,1.195901E-05,1.166883E-07,2.330413E-05,6.559829E-06,3.475495E-07,1.622176E-08,3.58634E-05,8.070687E-05,3.079073E-05,0.0001270279,0.002076136,7.005738E-06,0.0002758986,0.0002739849,0.0001137382,4.185203E-05,3.742139E-05,0.0001046522,0.000437714,0.002239716,0.006715694,3.769707E-07,0.003177385,8.744761E-05,0.002482171,0.004298445,0.000907261,7.337967E-05,0.0001068332,8.192184E-06,0.002583047,2.345159E-05,3.630294E-08,7.140292E-07,6.508434E-08,0.001673749,6.447818E-06,2.131507E-05,5.006088E-07,2.219441E-07,7.628899E-08,2.755771E-05,0.0002278288,1.399465E-05,1.503172E-05,6.305555E-05,0.001291053,0.002478619,8.017923E-05,2.073762E-06,5.489617E-06,7.579278E-05,1.499085E-06,1.139728E-05,9.947733E-06,0.0004440778,1.051781E-05,4.784704E-06,0.0001827431,0.0001299338,7.20543E-05,6.326068E-06,0.0001987103,0.0003587642,1.62117E-05,1.662923E-05,5.874421E-06,0.0001549612,3.676843E-07,4.260082E-05,6.219059E-05,6.280994E-06,0.0001455378,3.707643E-06,2.305005E-05,9.042834E-06,0.0001385019,0.002272087,0.0003086959,0.0006975207,0.0003003244,0.0002259318,8.313185E-06,2.711282E-05,0.0001205312,2.139635E-06,0.0003038909,1.040527E-05,0.0004923221,6.479996E-05,1.45494E-05,0.0005560858,0.0003417295,0.003044709,0.001276823,0.004466145,0.005364983,0.003897879,0.0016043,4.422511E-05,2.106155E-07,0.0002030001,0.001018947,3.452387E-05,6.711671E-05,0.0001391285
8,1.774989E-06,0.01356197,6.174006E-05,5.362911E-06,1.234714E-05,5.78467E-07,5.165179E-08,1.126841E-08,2.243505E-08,1.227062E-05,0.0002853551,8.278343E-05,2.838319E-05,0.0001758863,1.780169E-08,1.086642E-05,1.253919E-06,0.000218924,1.563974E-05,9.806874E-10,2.567651E-05,5.071238E-06,4.962301E-05,2.887759E-10,0.0002987497,0.001023249,0.0002076693,4.516332E-05,0.000419037,4.929442E-06,2.805308E-05,0.0004462167,6.243667E-05,2.427979E-05,1.167728E-05,2.509241E-05,7.611354E-07,0.0001198729,8.779243E-07,0.0001915498,0.000111705,5.999484E-06,0.002270236,1.008074E-05,3.817843E-06,6.3028E-06,8.385698E-09,1.302838E-05,1.666682E-11,2.990996E-10,0.0001758271,2.257352E-05,6.375477E-10,4.558708E-07,5.520821E-05,4.529112E-07,2.068055E-05,6.14638E-06,0.000174556,4.386126E-06,0.003779815,1.34029E-05,1.288124E-06,0.004970047,2.007001E-06,0.0002277002,0.002283532,6.376649E-05,5.622039E-11,1.713459E-06,3.303365E-06,0.005111647,1.294306E-06,6.469664E-06,0.0001934464,9.664393E-06,0.0004062577,0.0001443791,0.001978799,0.0009623235,0.0003199051,0.004364211,0.00149033,1.206612E-06,0.003156923,0.000395771,0.0001045578,0.0003169268,6.927865E-05,1.311822E-05,0.01974564,0.0002402137,0.0004316549,7.617342E-05,5.768392E-05,0.0002082907,1.162751E-06,2.711923E-06,3.318851E-05,2.827283E-05,9.630146E-06,0.0006149067,3.481315E-06,0.0002424342,7.157268E-07,1.095458E-06,1.40837E-05,5.225392E-05,0.0001110533,0.001115495,0.05011805,0.01116921,2.796669E-07,2.568673E-07,3.947557E-08,5.034362E-07,2.916304E-10,2.281119E-08,4.398641E-06,1.49377E-07,9.11567E-07,1.021225E-06,6.361862E-05,8.970264E-06,3.087564E-09,4.790912E-10,3.300819E-07,2.68476E-05,3.599008E-08,2.439555E-07,3.166133E-07,4.481323E-08,7.052051E-06,1.922013E-06,0.001788808,0.005550791,0.001410078,0.0002177331,3.472995E-08,2.428964E-06,1.274892E-06,1.065435E-07,1.180711E-08,3.128626E-08,2.413696E-07,3.260928E-08,3.601906E-06,0.001074103,0.002862858,0.005395325,1.282275E-05,0.0008080523,0.01756968,2.842757E-06,0.0006361406,0.003103018,0.000680621,9.592401E-05,0.0004168411,1.298633E-05,2.158738E-06,5.591446E-06,9.136916E-06,5.549203E-05,2.674603E-05,4.999337E-06,0.01187858,1.721225E-05,6.676652E-06,0.0005802247,1.403579E-05,3.052656E-06,0.002579442,0.003842873,0.01812374,0.002910973,0.0004066375,0.0002157048,0.0004026109,0.09804492,0.06424858,0.04034889,0.007426866,0.03388169,7.084683E-06,5.497344E-07,3.631258E-06,1.618319E-06,1.041726E-08,2.954804E-07,1.683681E-07,1.48043E-07,7.053051E-09,3.850245E-07,8.371372E-08,4.733274E-05,7.879375E-05,3.219963E-06,8.362064E-05,4.291536E-08,4.958738E-08,1.653962E-06,1.127386E-05,6.381127E-07,4.566122E-08,4.151152E-08,3.175071E-06,4.588535E-08,6.889866E-11,0.0001057378,0.0006238859,3.078536E-05,1.337323E-05,3.132759E-07,2.385828E-07,4.204736E-07,2.637132E-06,0.0001113134,2.338138E-05,2.810214E-07,1.282347E-05,1.172882E-07,2.230572E-05,6.789442E-06,3.623439E-07,1.688079E-08,2.23223E-05,5.25445E-05,1.3667E-05,7.451766E-05,0.001341404,4.344749E-06,0.0001822311,0.0001396531,7.508173E-05,2.723771E-05,2.468854E-05,6.870239E-05,0.0002863571,0.001476015,0.004385496,2.48458E-07,0.002045525,5.754038E-05,0.001646548,0.002746319,0.000592802,5.077867E-05,6.891674E-05,5.072016E-06,0.001723734,1.579242E-05,2.436058E-08,4.777601E-07,4.363962E-08,0.001150164,8.288566E-06,2.603371E-05,6.399676E-07,2.892804E-07,5.528331E-08,3.22919E-05,0.0002925115,1.91454E-05,1.317963E-05,7.283108E-05,0.001633412,0.003179396,0.0001041411,2.685183E-06,7.118612E-06,9.674063E-05,1.922821E-06,1.460893E-05,1.271768E-05,0.0005594461,1.350067E-05,6.155423E-06,0.0002344514,0.000168224,9.251374E-05,7.989837E-06,0.0002559659,0.0004661643,2.032805E-05,2.130157E-05,7.9555E-06,0.0001881979,4.848625E-07,4.396006E-05,6.515564E-05,6.177161E-06,0.0001498009,2.155911E-06,2.171334E-05,6.361692E-06,0.0001289984,0.002314205,0.0003194123,0.0006810326,0.0003122156,0.0001808715,8.653186E-06,2.827897E-05,0.0001242796,2.208908E-06,0.0003136569,1.075668E-05,0.0005007897,6.705179E-05,1.510803E-05,0.0005746128,0.0003531993,0.003113855,0.001301113,0.004641657,0.005626393,0.003905683,0.001643964,4.803712E-05,2.158122E-07,0.000198412,0.001069406,3.670795E-05,7.115736E-05,0.0001499526
9,1.651763E-06,0.01339184,6.101212E-05,5.304499E-06,1.212958E-05,5.366747E-07,5.191426E-08,1.023628E-08,1.642189E-08,1.195624E-05,0.0002814746,8.111181E-05,2.603752E-05,0.0001744517,1.575308E-08,8.266691E-06,1.192612E-06,0.0002139447,1.574733E-05,9.453081E-10,2.532774E-05,5.026082E-06,4.836529E-05,2.901315E-10,0.0002763049,0.0009628164,0.0002060725,4.491212E-05,0.0004132236,4.933512E-06,2.833035E-05,0.0004437005,6.154498E-05,2.389055E-05,1.162798E-05,2.397636E-05,7.860811E-07,0.0001124803,8.716581E-07,0.0001886007,0.0001168741,4.314963E-06,0.002196058,1.003437E-05,3.731965E-06,5.835219E-06,8.146323E-09,1.266662E-05,1.70407E-11,2.858322E-10,0.000173484,2.196458E-05,6.525649E-10,4.327187E-07,5.273533E-05,4.4826E-07,2.064888E-05,6.103533E-06,0.0001767041,4.386954E-06,0.003768063,1.324228E-05,1.243945E-06,0.004915324,1.452369E-06,0.0002035759,0.002220029,6.370843E-05,3.228483E-11,1.574783E-06,2.45463E-06,0.003804508,9.478471E-07,4.476364E-06,0.0001441753,6.40709E-06,0.0002323839,0.0001073109,0.001496376,0.0007307174,0.0002396435,0.003253903,0.001110916,9.397397E-07,0.002393662,0.0003013456,7.864345E-05,0.0002388941,5.124278E-05,9.981084E-06,0.01547487,0.000183176,0.0003257564,5.382324E-05,4.328366E-05,0.0002601293,1.309345E-06,3.44023E-06,4.204354E-05,3.600762E-05,1.237747E-05,0.0008262708,4.697045E-06,0.0003110454,7.679373E-07,1.15843E-06,1.508938E-05,5.555063E-05,0.0001191797,0.001180256,0.05051607,0.01194622,2.701079E-07,2.504896E-07,3.588712E-08,4.866801E-07,1.596723E-10,2.037195E-08,4.263462E-06,1.435702E-07,6.463329E-07,9.943727E-07,6.176671E-05,8.668114E-06,3.381244E-09,4.720679E-10,3.247029E-07,2.5815E-05,3.452623E-08,2.470434E-07,3.104599E-07,4.558798E-08,6.99758E-06,1.840831E-06,0.001714966,0.005460432,0.001365694,0.0002139429,3.4107E-08,2.457444E-06,1.270641E-06,1.032694E-07,1.180667E-08,3.076812E-08,2.208524E-07,3.19343E-08,3.506626E-06,0.0005888582,0.002176222,0.004176412,9.801047E-06,0.0006365987,0.01360056,2.217247E-06,0.0004861415,0.002416069,0.0005183668,7.484391E-05,0.0003336461,9.960142E-06,2.163923E-06,5.613494E-06,9.089823E-06,5.482026E-05,2.648761E-05,4.998986E-06,0.01202655,1.726498E-05,6.297109E-06,0.0005788225,1.348759E-05,2.937601E-06,0.002494045,0.003728203,0.0173012,0.002776619,0.0004076402,0.0002083414,0.0003933747,0.09684706,0.06241096,0.03674698,0.007152545,0.03275756,9.557602E-06,7.499004E-07,4.614815E-06,2.176188E-06,1.434062E-08,2.305927E-07,2.09454E-07,1.992204E-07,1.020929E-08,3.861004E-07,1.021943E-07,6.403697E-05,0.0001056041,4.051163E-06,0.000114303,4.488455E-08,6.761375E-08,2.152485E-06,1.508727E-05,8.781743E-07,6.16711E-08,5.630181E-08,4.233217E-06,6.34025E-08,9.505443E-11,0.0001343657,0.0008064522,4.176241E-05,1.807414E-05,4.323638E-07,3.344414E-07,5.711981E-07,3.464546E-06,0.0001516307,3.175469E-05,3.807598E-07,1.824531E-05,1.597195E-07,2.919458E-05,9.353777E-06,4.989484E-07,2.328414E-08,2.556989E-05,6.367737E-05,1.226305E-05,8.123762E-05,0.001637398,4.936204E-06,0.0002234725,0.0001320112,9.240758E-05,3.255812E-05,3.100375E-05,8.423233E-05,0.0003488779,0.00183303,0.005462644,3.042614E-07,0.002496835,6.820614E-05,0.002020908,0.003359368,0.0007254696,6.522827E-05,8.36651E-05,6.00204E-06,0.002144689,1.966989E-05,3.029271E-08,5.977154E-07,5.418745E-08,0.001481775,6.58299E-06,1.945308E-05,5.057577E-07,2.311717E-07,2.537328E-08,2.361906E-05,0.0002311001,1.609427E-05,7.71678E-06,5.199442E-05,0.001298376,0.002498307,8.351925E-05,2.153345E-06,5.454215E-06,7.55512E-05,1.555489E-06,1.137288E-05,1.030803E-05,0.0004247155,1.073478E-05,4.919183E-06,0.0001860166,0.0001366903,7.570504E-05,6.355156E-06,0.0001975549,0.0003726638,1.624911E-05,1.700645E-05,6.646029E-06,0.0001451432,3.931749E-07,5.460377E-05,8.14744E-05,7.212053E-06,0.000185037,1.545899E-06,2.481865E-05,5.831846E-06,0.0001437117,0.002877621,0.0003919899,0.0007880178,0.0003909527,0.0001742998,1.085038E-05,3.383336E-05,0.0001516323,2.802213E-06,0.0003803675,1.37386E-05,0.0005956344,8.318535E-05,1.887337E-05,0.0007129873,0.0004475913,0.003964069,0.001619336,0.005600295,0.007032566,0.004874076,0.002051042,6.289013E-05,2.678139E-07,0.0002390224,0.00135603,4.653259E-05,9.014429E-05,0.0001967385
10,1.779269E-06,0.015133,6.891005E-05,6.000372E-06,1.196298E-05,5.021143E-07,5.260494E-08,9.547932E-09,1.370285E-08,1.171408E-05,0.0002845105,8.353285E-05,2.419453E-05,0.0001712482,1.395169E-08,6.3171E-06,1.189298E-06,0.0002134037,1.571747E-05,8.71492E-10,2.643497E-05,5.006809E-06,4.773248E-05,2.787827E-10,0.0002776635,0.0008859512,0.0002060435,4.479358E-05,0.0004119357,4.999589E-06,2.9205E-05,0.0004432764,6.1898E-05,2.376043E-05,1.16403E-05,2.357628E-05,8.141656E-07,0.0001070923,8.657976E-07,0.0001887059,0.0001234217,3.584E-06,0.002138404,1.035166E-05,3.850361E-06,5.506927E-06,8.195507E-09,1.256765E-05,1.695402E-11,2.678592E-10,0.0001793109,2.158452E-05,6.496607E-10,4.486589E-07,5.012752E-05,4.488628E-07,2.083921E-05,6.176839E-06,0.0001833218,4.446801E-06,0.003884467,1.320041E-05,1.249721E-06,0.004906244,1.203145E-06,0.000185796,0.002157364,5.861962E-05,1.773505E-11,1.366049E-06,1.92711E-06,0.003053781,7.662046E-07,3.300072E-06,0.0001132573,4.462888E-06,0.0001409002,8.471267E-05,0.001202883,0.0005929504,0.0001896431,0.002602013,0.0008798931,7.658168E-07,0.001912802,0.0002383752,6.475999E-05,0.0001881777,4.03794E-05,7.857793E-06,0.01279172,0.000142374,0.0002590781,4.056096E-05,3.41986E-05,0.0002686029,1.238159E-06,3.571113E-06,4.381768E-05,3.756196E-05,1.315643E-05,0.0008996014,5.156919E-06,0.0003249262,8.111621E-07,1.214978E-06,1.594385E-05,5.858557E-05,0.0001262657,0.001248781,0.05074926,0.01256603,2.5004E-07,2.317442E-07,3.104346E-08,4.430196E-07,8.686227E-11,1.761015E-08,4.040686E-06,1.331449E-07,4.443989E-07,9.281372E-07,5.886263E-05,8.457049E-06,2.792042E-09,4.396824E-10,3.017579E-07,2.440599E-05,3.221064E-08,2.386581E-07,2.920011E-07,4.398569E-08,6.553572E-06,1.768501E-06,0.001637251,0.004916803,0.001278164,0.0001964437,3.186006E-08,2.381239E-06,1.185011E-06,9.650929E-08,1.087435E-08,2.862132E-08,1.964401E-07,2.941651E-08,3.24989E-06,0.0005630496,0.002559482,0.004923466,1.137428E-05,0.0007542772,0.01594064,2.563864E-06,0.0005974421,0.002782477,0.0006014009,8.688992E-05,0.0004035082,1.154167E-05,3.92799E-06,1.029061E-05,1.595388E-05,9.86115E-05,4.601187E-05,8.777201E-06,0.0205016,3.080003E-05,1.064881E-05,0.00102146,1.314127E-05,2.797334E-06,0.002459812,0.003576807,0.01684462,0.002677419,0.0004094681,0.0001977903,0.0003761046,0.09070534,0.06050645,0.0337259,0.006901526,0.03146982,1.032312E-05,8.217079E-07,4.725046E-06,2.344185E-06,1.609617E-08,1.497544E-07,2.13864E-07,2.177438E-07,1.209059E-08,3.538296E-07,1.034129E-07,7.08965E-05,0.0001191985,4.124209E-06,0.0001228909,3.753761E-08,7.394103E-08,2.352993E-06,1.658555E-05,9.602095E-07,7.122178E-08,6.147243E-08,4.600853E-06,7.193639E-08,9.984601E-11,0.0001476798,0.0008116108,4.580735E-05,1.972701E-05,4.813876E-07,3.826545E-07,6.269771E-07,3.690668E-06,0.0001657815,3.505551E-05,4.152425E-07,2.066827E-05,1.758312E-07,3.139431E-05,1.028951E-05,5.480708E-07,2.56988E-08,1.79847E-05,4.709469E-05,7.63644E-06,5.547199E-05,0.001247381,3.461061E-06,0.0001669889,7.674192E-05,6.95756E-05,2.41393E-05,2.425657E-05,6.30401E-05,0.0002613881,0.001402214,0.0042206,2.265111E-07,0.001871511,4.997999E-05,0.001516902,0.002555025,0.0005467554,5.096382E-05,6.211313E-05,4.44924E-06,0.001627853,1.491341E-05,2.296576E-08,4.461203E-07,4.096533E-08,0.001167111,6.119821E-06,1.717956E-05,4.70058E-07,2.193463E-07,1.421003E-08,2.07917E-05,0.0002175983,1.612196E-05,6.067405E-06,4.504522E-05,0.001237288,0.002429118,7.714202E-05,2.028178E-06,5.111544E-06,7.079807E-05,1.458318E-06,1.057025E-05,1.002504E-05,0.0003687181,1.013184E-05,4.633157E-06,0.0001749794,0.0001299333,7.299385E-05,5.998496E-06,0.000181783,0.0003516024,1.534874E-05,1.589231E-05,6.447004E-06,0.0001348362,3.733229E-07,4.400189E-05,6.598434E-05,5.485515E-06,0.0001480199,7.464496E-07,1.882143E-05,3.934882E-06,0.0001065438,0.002368885,0.0003265591,0.0005969911,0.0003151199,0.00010931,8.829654E-06,2.74374E-05,0.0001218272,2.262244E-06,0.0003016103,1.161623E-05,0.0004481067,6.717418E-05,1.528329E-05,0.0005776616,0.0003706174,0.003322229,0.001313992,0.004436537,0.005708549,0.004011389,0.001671496,5.312437E-05,2.158648E-07,0.0001914527,0.001112621,3.811746E-05,7.389209E-05,0.000167366
11,1.728087E-06,0.01531947,6.980055E-05,6.084725E-06,1.17034E-05,4.846791E-07,5.278575E-08,9.079997E-09,1.125067E-08,1.141345E-05,0.0002964496,8.780684E-05,2.367965E-05,0.000168904,1.268106E-08,4.970523E-06,1.220649E-06,0.000216816,1.537153E-05,8.083091E-10,2.752386E-05,4.968177E-06,4.850614E-05,2.707121E-10,0.0002697516,0.0008076082,0.0002052177,4.457645E-05,0.0004194922,5.048058E-06,3.243789E-05,0.0004449793,6.357907E-05,2.403418E-05,1.17595E-05,2.349901E-05,8.323362E-07,0.0001017329,8.516219E-07,0.0001744795,0.0001215338,2.762409E-06,0.001936931,1.054668E-05,3.821698E-06,5.209509E-06,8.328965E-09,1.198304E-05,1.591909E-11,2.383391E-10,0.0001739652,2.02523E-05,6.21211E-10,4.36068E-07,4.526386E-05,4.207331E-07,1.993936E-05,6.08299E-06,0.0001828004,4.307268E-06,0.003941494,1.240332E-05,1.219416E-06,0.005270089,1.078852E-06,0.0002029828,0.002277426,5.038243E-05,9.722097E-12,1.139101E-06,1.457759E-06,0.002454025,6.128189E-07,2.492314E-06,8.673729E-05,3.041815E-06,8.561738E-05,6.634874E-05,0.0009333697,0.0004965448,0.0001462464,0.00205591,0.000686188,5.901279E-07,0.001458366,0.0001828838,4.810248E-05,0.0001489017,3.04673E-05,5.950638E-06,0.01011083,0.0001115144,0.0001978616,2.954878E-05,2.595264E-05,0.0002750611,1.287301E-06,3.738139E-06,4.707674E-05,3.973112E-05,1.437246E-05,0.0009695373,5.635091E-06,0.0003394422,8.546241E-07,1.300749E-06,1.680592E-05,6.302442E-05,0.0001341672,0.001342394,0.05080652,0.01307876,2.61872E-07,2.456903E-07,3.218327E-08,4.677716E-07,5.76872E-11,1.815093E-08,4.508355E-06,1.404772E-07,3.590953E-07,9.800482E-07,6.222511E-05,9.394728E-06,3.259031E-09,4.902782E-10,3.261302E-07,2.638987E-05,3.440312E-08,2.561515E-07,3.093616E-07,4.688367E-08,6.978528E-06,1.82312E-06,0.001687585,0.00541536,0.001341682,0.0002087723,3.362179E-08,2.582341E-06,1.257167E-06,9.913945E-08,1.181767E-08,3.021781E-08,1.970785E-07,3.100828E-08,3.408107E-06,0.000430707,0.002534495,0.004731899,1.079545E-05,0.0007112781,0.01497224,2.438988E-06,0.0005453225,0.002742182,0.0005591147,8.122894E-05,0.0003938004,1.080325E-05,3.575972E-06,1.006592E-05,1.452065E-05,9.142908E-05,4.073691E-05,7.933952E-06,0.01895467,2.780877E-05,9.22377E-06,0.0009156428,1.310855E-05,2.644559E-06,0.002532759,0.003435489,0.01642664,0.002576863,0.0003992176,0.0001846935,0.0003599249,0.08855758,0.05730816,0.03056891,0.00647973,0.02963015,1.515223E-05,1.230696E-06,6.856701E-06,3.456436E-06,2.476832E-08,1.414031E-07,3.059528E-07,3.225668E-07,1.968464E-08,4.386347E-07,1.583049E-07,0.0001109951,0.0001889452,6.072578E-06,0.0001817797,4.423558E-08,1.099712E-07,3.621931E-06,2.553219E-05,1.419085E-06,1.129565E-07,9.196642E-08,7.12574E-06,1.191449E-07,1.455916E-10,0.0002154129,0.001110288,6.895798E-05,3.022029E-05,7.286601E-07,6.401874E-07,9.688207E-07,5.7575E-06,0.000250335,5.397215E-05,6.294782E-07,3.142965E-05,2.700655E-07,4.699232E-05,1.538483E-05,8.127569E-07,3.827349E-08,1.548539E-05,4.116066E-05,5.533597E-06,4.902789E-05,0.001165697,3.054116E-06,0.0001497798,5.507568E-05,6.184848E-05,2.153689E-05,2.429947E-05,5.5824E-05,0.0002376508,0.001280934,0.004192647,1.973228E-07,0.001702202,4.622581E-05,0.001354426,0.002377496,0.0005017021,4.681862E-05,5.487627E-05,3.966673E-06,0.001468093,1.319084E-05,2.029225E-08,3.899721E-07,3.637637E-08,0.001085719,4.773888E-06,1.322504E-05,3.676806E-07,1.736817E-07,7.117654E-09,1.575729E-05,0.0001699783,1.351515E-05,3.9606E-06,3.598578E-05,0.001027238,0.00203319,6.057304E-05,1.601252E-06,4.199396E-06,5.70716E-05,1.14315E-06,8.493264E-06,8.752929E-06,0.0002686055,8.023447E-06,3.678285E-06,0.0001418902,0.0001041254,6.37741E-05,4.892412E-06,0.00015056,0.0002813606,1.252115E-05,1.277722E-05,5.192951E-06,0.0001073511,2.94906E-07,3.622512E-05,5.442333E-05,4.41963E-06,0.0001210726,3.918867E-07,1.493725E-05,2.672948E-06,8.841501E-05,0.00206616,0.0002842865,0.0004903962,0.0002629149,7.297838E-05,7.325869E-06,2.366977E-05,0.0001020347,1.843957E-06,0.0002512787,1.079823E-05,0.0003434949,5.526853E-05,1.267365E-05,0.0004910165,0.0003154963,0.003077388,0.001119329,0.0038458,0.004775173,0.003476826,0.001428422,4.54221E-05,1.791236E-07,0.0001597621,0.0009345107,3.157443E-05,6.108914E-05,0.0001448831
12,1.705655E-06,0.01600998,7.30135E-05,6.370114E-06,1.165372E-05,4.759112E-07,5.396336E-08,8.767454E-09,9.803546E-09,1.111779E-05,0.0003136147,9.287614E-05,2.346317E-05,0.0001699405,8.982738E-09,4.050499E-06,1.265926E-06,0.0002191624,1.53931E-05,7.790646E-10,2.870842E-05,4.995098E-06,4.93637E-05,2.468248E-10,0.0002649357,0.0007520632,0.0002065164,4.471108E-05,0.0004285531,5.105179E-06,3.232107E-05,0.0004477215,6.371266E-05,2.440452E-05,1.190319E-05,2.352043E-05,8.533793E-07,9.673462E-05,8.511661E-07,0.0001677897,0.0001307952,2.433206E-06,0.001893636,1.157885E-05,4.115308E-06,5.342813E-06,8.93753E-09,1.224107E-05,1.578096E-11,2.342994E-10,0.0001842098,2.073461E-05,5.904515E-10,4.472792E-07,4.428267E-05,4.290088E-07,2.051463E-05,6.411434E-06,0.0001936507,4.461644E-06,0.004136677,1.263604E-05,1.266669E-06,0.0056697,1.064183E-06,0.000229387,0.002494614,5.762912E-05,6.931686E-12,1.257721E-06,1.269511E-06,0.002264452,5.617778E-07,2.156778E-06,7.599532E-05,1.856101E-06,6.065834E-05,5.910387E-05,0.0008225835,0.0004290683,0.0001283061,0.00179777,0.0006083093,5.161245E-07,0.001276148,0.0001559294,4.268513E-05,0.0001261949,2.722533E-05,5.173488E-06,0.009073888,8.396214E-05,0.0001708932,2.436958E-05,2.266084E-05,0.0002675653,1.289593E-06,3.867538E-06,4.986137E-05,4.135993E-05,1.522397E-05,0.001040501,6.121403E-06,0.0003555892,9.185219E-07,1.421004E-06,1.807032E-05,6.884831E-05,0.0001446992,0.001429854,0.05151868,0.01399588,2.125727E-07,2.003183E-07,2.55713E-08,3.781234E-07,2.874755E-11,1.424019E-08,3.876119E-06,1.14524E-07,2.27652E-07,7.986516E-07,5.082969E-05,7.574148E-06,2.395437E-09,4.067027E-10,2.663649E-07,2.14747E-05,2.832017E-08,2.11503E-07,2.521701E-07,3.804674E-08,5.677664E-06,1.456811E-06,0.001374724,0.00428103,0.001076231,0.000169629,2.736889E-08,2.152031E-06,1.019311E-06,7.996481E-08,8.360748E-09,2.430846E-08,1.514405E-07,2.524422E-08,2.76787E-06,0.000382943,0.002767723,0.004952735,1.118565E-05,0.0007318624,0.01548406,2.477883E-06,0.0005729495,0.002746781,0.0005916076,8.369667E-05,0.0004189387,1.116738E-05,8.352915E-06,2.328475E-05,3.220989E-05,0.0002102623,8.995973E-05,1.722619E-05,0.03564045,6.204343E-05,1.968343E-05,0.002051749,1.590712E-05,2.988214E-06,0.002988129,0.00390518,0.01944858,0.003091484,0.0004831176,0.0002087594,0.0003906568,0.08573911,0.06619708,0.03354824,0.00763935,0.03428995,1.314625E-05,1.085409E-06,5.865549E-06,3.00313E-06,2.248107E-08,7.723639E-08,2.573686E-07,2.696938E-07,1.883207E-08,3.341756E-07,1.382188E-07,0.0001023516,0.0001745648,5.253115E-06,0.0001596158,3.142133E-08,9.626606E-08,3.27359E-06,2.25892E-05,1.243054E-06,1.039602E-07,8.076793E-08,6.379887E-06,1.056323E-07,1.15507E-10,0.0001845121,0.0009011432,6.069934E-05,2.69479E-05,6.449643E-07,5.63155E-07,8.623732E-07,5.205364E-06,0.0002196774,4.731033E-05,5.586177E-07,2.791284E-05,2.399782E-07,4.095766E-05,1.34618E-05,7.083686E-07,3.345682E-08,2.315057E-05,6.249411E-05,7.309899E-06,7.371535E-05,0.001873093,4.594097E-06,0.0002280014,6.815705E-05,9.437834E-05,3.298957E-05,3.676689E-05,8.520905E-05,0.0003686965,0.001955049,0.006239282,3.016628E-07,0.002640797,7.301625E-05,0.002073602,0.003593339,0.000770467,7.202494E-05,8.374957E-05,6.046367E-06,0.002229353,2.016661E-05,3.101054E-08,5.962757E-07,5.55989E-08,0.001689021,5.452127E-06,1.492096E-05,4.212418E-07,2.02049E-07,5.137823E-09,1.747846E-05,0.0001859394,1.659353E-05,3.955913E-06,4.10379E-05,0.001247149,0.002467753,6.978318E-05,1.845715E-06,4.998937E-06,6.617551E-05,1.308961E-06,9.887E-06,1.014232E-05,0.0002867541,9.258562E-06,4.236639E-06,0.0001661879,0.0001199753,7.189255E-05,5.727967E-06,0.0001793074,0.0003249207,1.430459E-05,1.48031E-05,6.027406E-06,0.0001235239,3.394946E-07,4.555006E-05,6.922604E-05,5.485286E-06,0.0001525928,3.103233E-07,1.823519E-05,2.931621E-06,0.0001104125,0.002758169,0.0003785485,0.0006122596,0.0003328928,7.494758E-05,9.287217E-06,3.100343E-05,0.0001298346,2.326062E-06,0.0003199569,1.361249E-05,0.0004067267,6.99141E-05,1.606056E-05,0.0006326889,0.0003997731,0.003797991,0.001441168,0.005043999,0.00606904,0.004363614,0.001821286,5.799474E-05,2.272214E-07,0.0002023044,0.001179203,4.007116E-05,7.749291E-05,0.0001870432
13,1.38482E-06,0.01410628,6.440217E-05,5.621434E-06,1.157031E-05,4.543634E-07,5.54529E-08,8.209163E-09,8.065376E-09,1.048257E-05,0.0003225424,9.489679E-05,2.221859E-05,0.0001665678,5.583876E-09,3.208848E-06,1.240077E-06,0.0002184325,1.510568E-05,8.382672E-10,2.999209E-05,5.002534E-06,4.935377E-05,2.216278E-10,0.0002447249,0.0006997239,0.0002073971,4.446661E-05,0.0004266152,5.058735E-06,2.981606E-05,0.0004448477,6.079901E-05,2.40774E-05,1.197772E-05,2.27257E-05,8.637448E-07,8.981067E-05,8.502494E-07,0.0001532999,0.000142097,2.086974E-06,0.001814713,1.249201E-05,4.337911E-06,5.313179E-06,9.230178E-09,1.248146E-05,1.662198E-11,2.507261E-10,0.0001975238,2.1243E-05,5.697924E-10,4.358095E-07,4.377881E-05,4.427907E-07,2.116267E-05,6.670634E-06,0.0002038631,4.616915E-06,0.004189664,1.297594E-05,1.282265E-06,0.005686937,1.0016E-06,0.0002379524,0.002627366,6.571489E-05,4.381483E-12,1.337637E-06,1.074659E-06,0.001978066,4.852537E-07,1.730222E-06,6.387504E-05,9.727261E-07,4.049936E-05,4.997909E-05,0.0006941212,0.0003358039,0.0001083367,0.001462062,0.0005118905,4.376228E-07,0.001087803,0.0001338167,3.565427E-05,0.0001103135,2.271443E-05,4.455572E-06,0.00784932,6.865098E-05,0.0001434941,1.910914E-05,1.928558E-05,0.0002225467,1.073889E-06,3.6295E-06,4.729428E-05,3.897543E-05,1.434435E-05,0.001034472,6.123169E-06,0.0003445368,9.805477E-07,1.520489E-06,1.91654E-05,7.301569E-05,0.0001533987,0.001453092,0.05085002,0.01492798,1.756817E-07,1.659802E-07,2.011659E-08,3.098911E-07,1.281693E-11,1.091805E-08,3.298361E-06,9.386873E-08,1.423578E-07,6.62581E-07,4.191262E-05,5.792472E-06,2.046802E-09,3.304715E-10,2.187749E-07,1.707324E-05,2.323928E-08,1.780327E-07,2.084448E-07,3.136816E-08,4.702539E-06,1.204525E-06,0.001137814,0.003624603,0.0008914634,0.0001406634,2.278869E-08,1.814583E-06,8.362238E-07,6.567986E-08,6.60844E-09,1.991356E-08,1.156226E-07,2.089015E-08,2.295377E-06,0.0003446404,0.003164887,0.005497763,1.232401E-05,0.0008089493,0.01723323,2.792047E-06,0.0006295306,0.003157666,0.0006501819,9.468722E-05,0.0004759137,1.244332E-05,6.757361E-06,1.752835E-05,2.61868E-05,0.0001641656,7.37505E-05,1.398291E-05,0.02831729,4.988712E-05,1.499371E-05,0.001678695,1.748744E-05,3.178617E-06,0.002940231,0.004144491,0.01990096,0.003270104,0.0005250403,0.000222636,0.0004125198,0.08843422,0.06986614,0.03319522,0.008153436,0.03669629,1.462822E-05,1.226668E-06,6.257384E-06,3.335558E-06,2.602037E-08,4.83429E-08,2.689399E-07,2.722085E-07,2.281661E-08,3.068506E-07,1.426267E-07,0.0001177966,0.0001994081,5.570455E-06,0.0001757069,2.80243E-08,1.079431E-07,3.574572E-06,2.517058E-05,1.369294E-06,1.222826E-07,9.061477E-08,7.159799E-06,1.116007E-07,1.15999E-10,0.0001906886,0.0009392303,6.816751E-05,3.001809E-05,7.211497E-07,5.937766E-07,9.556986E-07,5.750401E-06,0.0002439705,5.091973E-05,6.208467E-07,3.182762E-05,2.708315E-07,4.41689E-05,1.503847E-05,7.93169E-07,3.751227E-08,2.132659E-05,5.99391E-05,5.773954E-06,6.493634E-05,0.001848988,4.151671E-06,0.0002147841,5.100618E-05,9.073593E-05,3.149164E-05,3.248872E-05,8.169119E-05,0.0003526399,0.001840185,0.005393228,2.935427E-07,0.002523883,6.971455E-05,0.001987858,0.003252462,0.000723697,6.931749E-05,8.043944E-05,5.63806E-06,0.002114014,1.958933E-05,3.002111E-08,5.84549E-07,5.371481E-08,0.001632682,5.374735E-06,1.411186E-05,4.146119E-07,2.017329E-07,2.862533E-09,1.622995E-05,0.0001643362,1.735479E-05,3.210304E-06,3.707534E-05,0.001270829,0.002483593,6.796945E-05,1.832767E-06,4.845195E-06,6.490699E-05,1.271106E-06,9.681211E-06,9.436836E-06,0.0002645933,9.148027E-06,4.162072E-06,0.0001635465,0.0001177103,6.513557E-05,5.61083E-06,0.0001753713,0.0003192033,1.3517E-05,1.447892E-05,6.038488E-06,0.000118609,3.378597E-07,4.676788E-05,7.223309E-05,5.432525E-06,0.0001573346,1.800572E-07,1.771058E-05,2.489082E-06,0.0001045712,0.002933514,0.0003992548,0.0005967679,0.0003373447,6.065234E-05,9.621474E-06,3.155221E-05,0.0001333026,2.373215E-06,0.000327823,1.302081E-05,0.0003952677,7.234103E-05,1.654694E-05,0.0006512493,0.0004054393,0.003533442,0.001480037,0.005172132,0.00625038,0.00425765,0.001843716,6.01749E-05,2.347668E-07,0.0002029546,0.001206405,4.180173E-05,8.064705E-05,0.0001947835
14,1.112866E-06,0.01220562,5.57965E-05,4.870079E-06,1.095991E-05,4.076937E-07,5.394327E-08,7.234769E-09,7.722437E-09,9.338879E-06,0.000316578,8.544423E-05,2.007263E-05,0.0001565467,4.525351E-09,2.391461E-06,1.161526E-06,0.0002045635,1.439282E-05,8.206992E-10,2.969686E-05,4.770135E-06,4.696488E-05,2.032132E-10,0.000211476,0.0006162476,0.0001977787,4.218E-05,0.000404066,4.85897E-06,2.846227E-05,0.0004232102,5.706138E-05,2.285344E-05,1.156422E-05,2.092069E-05,8.344809E-07,7.990893E-05,8.102882E-07,0.0001029517,0.0001157219,1.546567E-06,0.001303045,1.030874E-05,3.215999E-06,4.02119E-06,7.214226E-09,9.50609E-06,1.327208E-11,1.990231E-10,0.0001587401,1.635893E-05,4.495907E-10,3.226908E-07,3.287464E-05,3.440455E-07,1.660163E-05,5.283253E-06,0.0001665041,3.652852E-06,0.003345053,1.011242E-05,9.934146E-07,0.004835944,9.493562E-07,0.000211547,0.002412835,6.520319E-05,2.350276E-12,1.227949E-06,1.215011E-06,0.002313238,5.225893E-07,1.85723E-06,7.157204E-05,9.131211E-07,3.545757E-05,5.651162E-05,0.000790111,0.0003758448,0.0001230467,0.00162841,0.0005774523,4.965122E-07,0.001241248,0.0001509799,4.040108E-05,0.0001209773,2.641319E-05,5.008101E-06,0.009029836,7.848546E-05,0.0001632211,2.016511E-05,2.193426E-05,0.0001790371,8.762993E-07,3.408939E-06,4.480024E-05,3.689857E-05,1.384105E-05,0.001028632,6.091206E-06,0.0003333424,1.031164E-06,1.579146E-06,1.978751E-05,7.519869E-05,0.0001588783,0.00147106,0.04905607,0.01546202,1.952422E-07,1.855582E-07,2.097805E-08,3.41211E-07,7.502578E-12,1.115797E-08,3.778255E-06,1.027921E-07,1.169849E-07,7.397883E-07,4.689491E-05,6.462027E-06,2.361217E-09,3.702105E-10,2.434806E-07,1.867515E-05,2.566945E-08,2.019736E-07,2.327071E-07,3.484626E-08,5.240212E-06,1.354506E-06,0.001283775,0.003862754,0.001003599,0.0001522458,2.546963E-08,2.041478E-06,9.446526E-07,7.401396E-08,7.441277E-09,2.215626E-08,1.202642E-07,2.330091E-08,2.563355E-06,0.000184444,0.00173717,0.002940488,6.56209E-06,0.0004295539,0.009223027,1.484174E-06,0.000333402,0.001619256,0.0003542855,4.984663E-05,0.0002567778,6.649497E-06,7.764323E-06,1.9799E-05,2.962758E-05,0.0001844204,8.356321E-05,1.585052E-05,0.03212684,5.709608E-05,1.598345E-05,0.001915351,1.71357E-05,3.008805E-06,0.00274842,0.003938742,0.01858058,0.003089272,0.0005060951,0.0002115841,0.0003928868,0.08444702,0.06670889,0.02941767,0.007753804,0.03498285,1.51436E-05,1.277653E-06,6.11131E-06,3.433687E-06,2.726491E-08,2.724716E-08,2.577059E-07,2.451431E-07,2.492499E-08,3.201338E-07,1.329246E-07,0.0001260442,0.0001948964,5.486803E-06,0.0001810299,2.298601E-08,1.12544E-07,3.64673E-06,2.562479E-05,1.405026E-06,1.308564E-07,9.379806E-08,7.38543E-06,1.118717E-07,1.16645E-10,0.0001804159,0.0009060908,7.042332E-05,3.097145E-05,7.617941E-07,6.283576E-07,9.900394E-07,5.909445E-06,0.0002525601,5.251697E-05,6.472119E-07,3.394352E-05,2.835951E-07,4.4257E-05,1.571536E-05,8.266856E-07,3.904099E-08,1.860115E-05,5.512392E-05,5.36211E-06,5.388866E-05,0.001761542,3.633685E-06,0.0001966099,3.631729E-05,8.419427E-05,2.846788E-05,2.916995E-05,7.528733E-05,0.0003242955,0.001704633,0.004911823,2.720569E-07,0.002337395,6.403756E-05,0.001837621,0.002947395,0.0006650868,6.511459E-05,7.464158E-05,5.052253E-06,0.001957087,1.829299E-05,2.790965E-08,5.359429E-07,5.001912E-08,0.001529606,9.141637E-06,2.242388E-05,6.941078E-07,3.354713E-07,2.630572E-09,2.532972E-05,0.000238059,3.011101E-05,5.343749E-06,5.548513E-05,0.002218258,0.003906678,0.0001158996,3.121788E-06,8.070127E-06,0.0001056345,2.147655E-06,1.591127E-05,1.542823E-05,0.0004160386,1.519412E-05,6.954824E-06,0.0002735749,0.0002057541,0.0001124621,9.41396E-06,0.0002929476,0.0005354514,2.301594E-05,2.496871E-05,1.056428E-05,0.000194182,5.759499E-07,4.491349E-05,6.985472E-05,4.934403E-06,0.0001506991,9.429029E-08,1.579769E-05,2.406887E-06,9.033991E-05,0.002913375,0.0003619666,0.0005445852,0.0003217526,4.52334E-05,9.309336E-06,2.99407E-05,0.0001252383,2.282788E-06,0.0003116406,1.214574E-05,0.00035406,6.933079E-05,1.5873E-05,0.0006236155,0.0003922595,0.003361468,0.00142687,0.004945682,0.006014833,0.004028662,0.00176857,5.901811E-05,2.269405E-07,0.000189436,0.001165591,4.064676E-05,7.808203E-05,0.000190429
15,8.113059E-07,0.009145717,4.184368E-05,3.65149E-06,1.143592E-05,3.953278E-07,5.702901E-08,7.11548E-09,9.170797E-09,8.916525E-06,0.0003410805,7.861345E-05,2.031675E-05,0.0001625168,5.335244E-09,1.964298E-06,1.179031E-06,0.0002074139,1.564691E-05,9.180954E-10,3.183197E-05,5.008379E-06,4.891449E-05,2.149072E-10,0.0002167807,0.0005782169,0.0002075261,4.402324E-05,0.0004195405,5.186865E-06,3.12523E-05,0.000443579,6.145951E-05,2.415297E-05,1.229947E-05,2.184991E-05,8.87107E-07,8.173348E-05,8.490196E-07,0.0001040241,0.0001478258,2.176484E-06,0.00145646,1.400084E-05,3.563394E-06,5.085801E-06,9.295285E-09,1.147231E-05,1.641764E-11,2.572184E-10,0.0002014188,2.004647E-05,6.247453E-10,4.337881E-07,3.988273E-05,4.296191E-07,2.125401E-05,6.848106E-06,0.0002279881,4.743951E-06,0.004624681,1.262951E-05,1.315695E-06,0.004854424,1.343478E-06,0.0002316381,0.00274582,8.199584E-05,1.761279E-12,1.459521E-06,9.126682E-07,0.001793395,3.494158E-07,1.353443E-06,5.333908E-05,7.53244E-07,2.07182E-05,4.239747E-05,0.0006004039,0.0002899969,9.328115E-05,0.001251209,0.0004364479,3.739497E-07,0.0009417261,0.0001126617,2.993432E-05,9.116955E-05,1.959107E-05,3.84433E-06,0.006878305,7.052979E-05,0.0001249854,1.479143E-05,1.655222E-05,0.0001351489,6.878242E-07,3.199958E-06,4.228189E-05,3.497723E-05,1.389074E-05,0.001021915,6.050359E-06,0.0003221246,9.438022E-07,1.42943E-06,1.796971E-05,6.780636E-05,0.0001448696,0.001356284,0.04351839,0.01402891,2.058044E-07,1.948927E-07,2.040136E-08,3.550772E-07,4.688801E-12,1.10694E-08,4.09047E-06,1.084745E-07,9.216148E-08,7.851134E-07,5.041726E-05,7.026183E-06,2.648913E-09,3.900114E-10,2.558725E-07,2.021689E-05,2.729017E-08,2.161488E-07,2.465571E-07,3.664742E-08,5.51666E-06,1.471589E-06,0.001321248,0.004182407,0.001061838,0.0001639317,2.694836E-08,2.175518E-06,9.786569E-07,7.78419E-08,9.178793E-09,2.364735E-08,1.242296E-07,2.433529E-08,2.709351E-06,0.0003036754,0.002583811,0.004294214,9.520651E-06,0.0006189865,0.01340376,2.135919E-06,0.0004760596,0.002332864,0.0005016482,7.332469E-05,0.0003749659,9.616273E-06,2.513375E-06,6.439193E-06,1.00228E-05,6.095342E-05,2.804901E-05,5.484659E-06,0.01313287,1.915819E-05,5.215202E-06,0.0006377612,1.535782E-05,2.679364E-06,0.002341345,0.003502706,0.01596567,0.002606994,0.0004319924,0.0001865421,0.0003670769,0.09015823,0.05795771,0.02482186,0.006538797,0.03022959,1.491341E-05,1.256104E-06,5.565114E-06,3.349348E-06,2.642061E-08,1.594847E-08,2.380844E-07,1.969303E-07,2.498934E-08,3.552266E-07,1.138162E-07,0.0001277971,0.0001675481,5.228737E-06,0.0001783678,1.793103E-08,1.11669E-07,3.479046E-06,2.432727E-05,1.413925E-06,1.294339E-07,9.231844E-08,7.149723E-06,1.067044E-07,1.166635E-10,0.000175281,0.0008039155,6.890106E-05,3.021196E-05,7.73505E-07,6.613121E-07,9.837582E-07,5.765514E-06,0.0002483119,5.372467E-05,6.49157E-07,3.441992E-05,2.809514E-07,4.350113E-05,1.565581E-05,8.164313E-07,3.853179E-08,1.646389E-05,5.231175E-05,5.794309E-06,4.496328E-05,0.001731613,3.361123E-06,0.0001856355,2.721521E-05,8.094306E-05,2.631389E-05,2.730367E-05,7.17213E-05,0.0003075949,0.001650457,0.004840303,2.596484E-07,0.002262232,6.083059E-05,0.001759056,0.00288338,0.0006405375,6.343643E-05,7.192414E-05,4.82895E-06,0.001882853,1.760571E-05,2.677496E-08,5.190343E-07,4.799312E-08,0.001484256,1.021478E-05,2.279961E-05,7.551353E-07,3.528968E-07,1.716983E-09,2.606257E-05,0.0002097927,3.278702E-05,6.540535E-06,5.217748E-05,0.002524697,0.003702817,0.0001309396,3.48403E-06,8.664269E-06,0.0001103044,2.418071E-06,1.68235E-05,1.657436E-05,0.0004164142,1.636513E-05,7.566708E-06,0.0002974389,0.0002409494,0.0001350899,1.03782E-05,0.0003194404,0.0005861628,2.705943E-05,2.885633E-05,1.219127E-05,0.0002137479,6.401633E-07,4.65446E-05,7.240316E-05,4.735438E-06,0.0001550349,5.806936E-08,1.538155E-05,2.815362E-06,8.157001E-05,0.003108888,0.0003282954,0.0005466576,0.0003309868,3.68951E-05,9.719268E-06,3.003271E-05,0.0001250358,2.437871E-06,0.0003178295,1.230055E-05,0.0003305739,7.160909E-05,1.638121E-05,0.0006411174,0.000414312,0.003620315,0.001496197,0.005093059,0.006239605,0.004299003,0.001856156,6.26458E-05,2.368013E-07,0.0001962384,0.00122012,4.243157E-05,8.12217E-05,0.0002012799
16,5.590912E-07,0.006020757,2.753725E-05,2.401998E-06,1.158912E-05,3.702521E-07,5.780201E-08,6.958146E-09,1.043987E-08,7.645435E-06,0.0003576014,7.143316E-05,2.022342E-05,0.0001649025,5.695981E-09,1.663192E-06,1.160631E-06,0.0002035467,1.581368E-05,9.767109E-10,3.258578E-05,5.079216E-06,4.897713E-05,2.123552E-10,0.0002295792,0.0005374549,0.000210611,4.457265E-05,0.0004230181,5.358175E-06,3.33717E-05,0.0004503989,6.535896E-05,2.499294E-05,1.267674E-05,2.270813E-05,9.196395E-07,8.6627E-05,8.618798E-07,7.76257E-05,0.0001483133,2.422337E-06,0.001210688,1.601484E-05,3.267194E-06,5.453381E-06,1.00162E-08,1.123915E-05,1.67887E-11,2.639008E-10,0.000203061,1.96217E-05,6.939231E-10,5.236505E-07,4.152297E-05,4.343324E-07,2.255589E-05,7.407411E-06,0.0002640868,5.115633E-06,0.005512066,1.269402E-05,1.507267E-06,0.003752647,1.589044E-06,0.0002120616,0.00247867,8.794944E-05,1.249241E-12,1.524632E-06,6.18123E-07,0.001257394,2.142676E-07,9.036007E-07,3.598399E-05,5.247696E-07,1.165764E-05,2.86676E-05,0.0004100329,0.0002027037,6.361973E-05,0.0008813115,0.0002994441,2.527252E-07,0.0006421623,7.706672E-05,2.051555E-05,6.213177E-05,1.327664E-05,2.584824E-06,0.004740791,5.196041E-05,8.581213E-05,1.050207E-05,1.12386E-05,7.765915E-05,4.363136E-07,2.499217E-06,3.319748E-05,2.7512E-05,1.180215E-05,0.0008423484,5.022669E-06,0.0002585629,7.263257E-07,1.071044E-06,1.375401E-05,5.141459E-05,0.0001107969,0.001068732,0.03498913,0.01068516,1.836507E-07,1.761874E-07,1.689526E-08,3.18927E-07,2.790271E-12,9.817387E-09,3.760079E-06,9.433558E-08,6.496035E-08,7.057591E-07,4.470324E-05,6.364614E-06,2.56415E-09,3.639709E-10,2.314602E-07,1.865373E-05,2.445138E-08,1.951714E-07,2.207999E-07,3.24616E-08,4.983236E-06,1.27441E-06,0.001217649,0.003718966,0.0009282664,0.0001461027,2.413462E-08,1.964386E-06,8.948408E-07,6.951144E-08,8.921182E-09,2.145722E-08,1.1697E-07,2.193745E-08,2.412283E-06,0.0002319948,0.001802329,0.002904685,6.460437E-06,0.0004148397,0.009096549,1.440828E-06,0.0003223937,0.001590852,0.0003391654,4.890835E-05,0.0002563659,6.493693E-06,1.695987E-06,4.428543E-06,6.863378E-06,4.259478E-05,1.905843E-05,3.788054E-06,0.009751505,1.313058E-05,3.712959E-06,0.0004330961,1.51143E-05,2.581294E-06,0.002260413,0.00336895,0.01557615,0.002475952,0.0004122888,0.0001783245,0.000360215,0.09390145,0.05538926,0.02473649,0.006151574,0.02868158,1.254133E-05,1.051711E-06,4.31118E-06,2.790817E-06,2.17912E-08,8.800153E-09,1.928673E-07,1.239431E-07,2.105644E-08,3.332426E-07,8.165569E-08,0.0001109811,0.0001255236,4.317937E-06,0.0001505815,1.264062E-08,9.472174E-08,2.839378E-06,1.970349E-05,1.186977E-06,1.084229E-07,7.737236E-08,5.883947E-06,8.851723E-08,9.599656E-11,0.0001545196,0.0006214582,5.760512E-05,2.521273E-05,6.668442E-07,5.930956E-07,8.386981E-07,4.793169E-06,0.0002084686,4.76497E-05,5.598544E-07,2.961442E-05,2.383648E-07,3.753196E-05,1.329518E-05,6.892637E-07,3.236861E-08,1.446669E-05,4.948965E-05,6.194172E-06,3.678847E-05,0.001701056,3.141902E-06,0.0001761972,2.168602E-05,7.761385E-05,2.420239E-05,2.577884E-05,6.82101E-05,0.0002908657,0.001583914,0.004756467,2.474428E-07,0.002196146,5.73788E-05,0.001675875,0.002849622,0.0006173633,6.122392E-05,6.949475E-05,4.713903E-06,0.001800067,1.685814E-05,2.552083E-08,4.901175E-07,4.568449E-08,0.001437649,1.117906E-05,2.27113E-05,8.082099E-07,3.644188E-07,1.215055E-09,2.703254E-05,0.000166673,3.461945E-05,7.816453E-06,4.753025E-05,0.002832456,0.003534864,0.0001454768,3.823048E-06,9.148698E-06,0.0001136026,2.590476E-06,1.751863E-05,1.782359E-05,0.0004159767,1.740253E-05,8.118536E-06,0.0003188039,0.0002735783,0.0001580462,1.133795E-05,0.0003420591,0.000631447,3.149277E-05,3.272197E-05,1.368468E-05,0.0002367331,6.990567E-07,4.740923E-05,7.368827E-05,4.451535E-06,0.0001568624,3.882178E-08,1.510961E-05,3.214205E-06,7.120868E-05,0.003273159,0.0002990208,0.0005474594,0.0003379406,3.152687E-05,9.99168E-06,2.982324E-05,0.0001228069,2.477805E-06,0.0003182613,1.245049E-05,0.0003084787,7.280743E-05,1.664687E-05,0.0006487616,0.0004287821,0.003846018,0.001552278,0.005140382,0.006356071,0.004581805,0.00192757,6.509019E-05,2.442968E-07,0.0002047343,0.001253903,4.348682E-05,8.282304E-05,0.0002098578
17,3.382755E-07,0.003297091,1.50612E-05,1.313103E-06,1.114083E-05,3.309511E-07,5.547346E-08,6.532424E-09,1.449661E-08,6.283781E-06,0.0003614879,6.388105E-05,1.929741E-05,0.0001575454,4.437243E-09,1.437802E-06,1.125512E-06,0.000193357,1.532259E-05,9.36024E-10,3.145113E-05,4.914081E-06,4.670621E-05,1.918048E-10,0.0002228049,0.0004937699,0.0002026527,4.303175E-05,0.000407939,5.269893E-06,3.309075E-05,0.0004339188,6.44084E-05,2.444691E-05,1.241886E-05,2.224312E-05,9.042178E-07,9.176091E-05,8.290006E-07,6.782215E-05,0.000163655,3.725157E-06,0.001113305,1.993833E-05,3.380788E-06,6.351218E-06,1.212169E-08,1.21436E-05,1.915495E-11,2.897632E-10,0.0002231537,2.109131E-05,7.907593E-10,6.419436E-07,4.806095E-05,4.793929E-07,2.60249E-05,8.684535E-06,0.000326133,5.94974E-06,0.006819921,1.399612E-05,1.831851E-06,0.002506169,1.901703E-06,0.0001622366,0.00181883,7.516406E-05,7.10441E-13,1.280052E-06,1.590959E-07,0.0003404974,5.159201E-08,2.314564E-07,9.22199E-06,1.082591E-07,2.670502E-06,7.41536E-06,0.0001072595,5.319323E-05,1.64574E-05,0.0002313243,7.80919E-05,6.457811E-08,0.0001661448,2.001867E-05,5.330529E-06,1.595207E-05,3.418995E-06,6.636951E-07,0.00124497,1.228183E-05,2.202985E-05,2.987908E-06,2.893617E-06,4.095643E-05,2.540283E-07,1.689461E-06,2.25642E-05,1.861328E-05,8.330291E-06,0.0005866822,3.543687E-06,0.000176733,4.827567E-07,7.026826E-07,9.295445E-06,3.449573E-05,7.43323E-05,0.0007245822,0.02617713,0.007139747,1.975497E-07,1.903836E-07,1.690005E-08,3.432199E-07,1.9996E-12,1.0486E-08,4.231628E-06,1.009709E-07,5.979318E-08,7.666609E-07,4.881306E-05,6.924073E-06,2.550136E-09,4.004997E-10,2.496053E-07,2.042944E-05,2.660879E-08,2.113803E-07,2.378311E-07,3.440926E-08,5.378618E-06,1.367471E-06,0.001278742,0.004059858,0.00101608,0.0001566731,2.592315E-08,2.148582E-06,9.556401E-07,7.388119E-08,8.864188E-09,2.29616E-08,1.398818E-07,2.35555E-08,2.596252E-06,0.0002241762,0.00124706,0.001935225,4.274477E-06,0.0002703865,0.006017171,9.561678E-07,0.0002142062,0.001034989,0.000223003,3.202688E-05,0.0001711721,4.267347E-06,5.054986E-06,1.33046E-05,1.949767E-05,0.0001266399,5.376957E-05,1.061659E-05,0.02492624,3.768529E-05,1.170153E-05,0.001236911,1.674132E-05,2.716185E-06,0.00251267,0.003523605,0.01711691,0.002706339,0.0004518256,0.0001859832,0.000366951,0.08892523,0.05893123,0.02909061,0.006633164,0.03039777,1.171801E-05,9.808684E-07,3.73899E-06,2.594953E-06,2.005723E-08,5.463788E-09,1.757776E-07,9.147961E-08,1.990003E-08,4.490946E-07,6.771393E-08,0.0001089388,0.0001086026,4.004613E-06,0.0001402385,1.066735E-08,8.955006E-08,2.664577E-06,1.810615E-05,1.103009E-06,1.008533E-07,7.234987E-08,5.424297E-06,8.290831E-08,8.459151E-11,0.0001465116,0.0005575208,5.360151E-05,2.360224E-05,6.401817E-07,5.74721E-07,7.995291E-07,4.475771E-06,0.0001948152,4.58194E-05,5.342145E-07,2.80635E-05,2.259303E-07,3.573878E-05,1.249868E-05,6.469139E-07,3.025826E-08,1.326602E-05,4.870278E-05,8.863988E-06,3.258935E-05,0.001760193,3.070048E-06,0.000171967,1.91258E-05,7.728178E-05,2.363948E-05,2.549091E-05,6.764911E-05,0.0002874705,0.001579447,0.004759578,2.458544E-07,0.002223777,5.665963E-05,0.001657341,0.002849848,0.0006141783,6.068533E-05,7.010588E-05,4.735911E-06,0.00177422,1.672599E-05,2.523371E-08,4.801659E-07,4.49153E-08,0.001441523,1.113049E-05,2.079431E-05,7.926928E-07,3.466059E-07,7.983278E-10,2.595496E-05,0.0001289856,3.383345E-05,1.099334E-05,4.133005E-05,0.002946733,0.003208685,0.0001455486,3.835391E-06,9.134933E-06,0.0001097672,2.560289E-06,1.684418E-05,1.77566E-05,0.0003940389,1.696583E-05,8.001378E-06,0.0003149708,0.0002822521,0.0001640084,1.138903E-05,0.0003378458,0.0006223109,3.24614E-05,3.351916E-05,1.384559E-05,0.0002381065,6.960672E-07,4.630546E-05,7.224152E-05,4.047957E-06,0.0001530298,2.525699E-08,1.443855E-05,4.552559E-06,6.237258E-05,0.00336463,0.0002721643,0.000531502,0.0003283815,2.768975E-05,9.887837E-06,2.949828E-05,0.0001188209,2.431748E-06,0.0003091015,1.22436E-05,0.0002882308,7.129429E-05,1.635391E-05,0.0006363559,0.0004267213,0.003844638,0.001557096,0.005036196,0.006231048,0.004571947,0.001912238,6.429198E-05,2.438166E-07,0.0002039651,0.001230668,4.280736E-05,8.121014E-05,0.0002096405
18,3.046006E-07,0.002668727,1.217692E-05,1.06091E-06,1.138861E-05,3.140817E-07,5.677491E-08,6.475254E-09,2.336218E-08,5.720995E-06,0.0003890088,6.171118E-05,1.943646E-05,0.0001598606,3.129343E-09,1.319815E-06,1.124651E-06,0.0001956013,1.57437E-05,9.736182E-10,3.233486E-05,5.072749E-06,4.725507E-05,1.84823E-10,0.0002161181,0.0004956257,0.0002066853,4.4284E-05,0.0004179059,5.473753E-06,3.326142E-05,0.0004425237,6.471613E-05,2.508682E-05,1.288172E-05,2.246304E-05,9.405435E-07,0.0001042597,8.480467E-07,5.23743E-05,0.0001483327,5.145275E-06,0.0008665209,1.914706E-05,2.842113E-06,5.695296E-06,1.068307E-08,1.060766E-05,1.722603E-11,2.592312E-10,0.0001984694,1.836752E-05,6.900084E-10,5.608345E-07,4.373832E-05,4.23313E-07,2.35818E-05,7.903362E-06,0.00030533,5.371801E-06,0.006175527,1.243698E-05,1.653254E-06,0.002167719,2.961165E-06,0.0001491151,0.001619148,7.474585E-05,4.333218E-13,1.235205E-06,8.572979E-08,0.0001932564,2.644894E-08,1.230417E-07,4.915434E-06,3.93607E-08,1.287723E-06,4.014981E-06,5.856968E-05,2.804872E-05,8.880509E-06,0.0001222779,4.220621E-05,3.43782E-08,8.988019E-05,1.080796E-05,2.851391E-06,8.64324E-06,1.842806E-06,3.577454E-07,0.000682638,5.945795E-06,1.169943E-05,1.792973E-06,1.560089E-06,3.005586E-05,1.965333E-07,1.448723E-06,1.936786E-05,1.586344E-05,7.085488E-06,0.0005105993,3.124144E-06,0.0001519708,3.693623E-07,5.159951E-07,7.063181E-06,2.599222E-05,5.575447E-05,0.0005321517,0.02214322,0.005366028,1.862658E-07,1.796971E-07,1.469909E-08,3.224408E-07,1.134745E-12,9.608654E-09,4.174453E-06,9.363049E-08,4.862648E-08,7.311269E-07,4.667832E-05,6.435081E-06,2.262225E-09,3.811599E-10,2.34282E-07,1.888745E-05,2.51426E-08,2.004041E-07,2.238657E-07,3.185077E-08,5.055756E-06,1.297139E-06,0.001207505,0.003794812,0.0009665365,0.0001471251,2.438588E-08,2.057913E-06,8.918018E-07,6.91328E-08,7.460153E-09,2.130926E-08,1.474391E-07,2.217974E-08,2.441895E-06,0.0003237558,0.001177059,0.001746421,3.842926E-06,0.0002390302,0.005419163,8.524451E-07,0.0001890162,0.0009249144,0.0001974193,2.860893E-05,0.0001551084,3.824181E-06,6.392012E-06,1.632979E-05,2.395313E-05,0.00015455,6.606902E-05,1.281131E-05,0.02745268,4.577056E-05,1.600805E-05,0.001522515,2.009972E-05,3.109093E-06,0.002890454,0.003982021,0.0194865,0.003154801,0.0005323036,0.000210742,0.0004021367,0.08998486,0.06679786,0.03728734,0.007700868,0.03484887,1.1511E-05,9.644635E-07,3.404819E-06,2.543215E-06,1.956431E-08,3.310274E-09,1.670865E-07,7.752146E-08,2.008457E-08,6.923063E-07,6.090524E-08,0.0001125561,0.0001004247,3.873067E-06,0.0001371857,9.440913E-09,8.921668E-08,2.549031E-06,1.758048E-05,1.084767E-06,9.895192E-08,7.139613E-08,5.246695E-06,8.000506E-08,7.868304E-11,0.0001371146,0.0005405517,5.227371E-05,2.321062E-05,6.408537E-07,5.563535E-07,7.968416E-07,4.369156E-06,0.0001905962,4.436227E-05,5.282423E-07,2.777574E-05,2.24188E-07,3.462467E-05,1.228812E-05,6.380243E-07,2.971238E-08,1.356795E-05,5.365958E-05,1.545837E-05,3.330354E-05,0.002031983,3.306817E-06,0.0001854795,1.874055E-05,8.59203E-05,2.592931E-05,2.734051E-05,7.511313E-05,0.0003168068,0.001738946,0.005040408,2.747231E-07,0.002501717,6.21693E-05,0.001824284,0.003036384,0.000669586,6.636076E-05,7.892258E-05,5.144912E-06,0.001932893,1.852289E-05,2.783609E-08,5.250531E-07,4.916473E-08,0.001596648,1.24242E-05,2.137174E-05,8.759316E-07,3.748695E-07,5.488014E-10,2.784388E-05,0.0001231677,3.789841E-05,1.902836E-05,4.172355E-05,0.003445546,0.003330009,0.000162501,4.328763E-06,9.888049E-06,0.0001192303,2.829854E-06,1.822553E-05,1.945891E-05,0.0004307862,1.856259E-05,8.874963E-06,0.0003493532,0.0003234485,0.0001812315,1.278464E-05,0.0003725156,0.0006861804,3.59029E-05,3.790328E-05,1.559553E-05,0.0002611711,7.771146E-07,5.048446E-05,7.955085E-05,4.118075E-06,0.0001676492,1.708731E-08,1.534139E-05,7.879114E-06,6.317579E-05,0.003872349,0.0002822815,0.0005713692,0.0003541038,2.709354E-05,1.096542E-05,3.139871E-05,0.0001292197,2.669969E-06,0.0003364761,1.311525E-05,0.000309833,7.809808E-05,1.803895E-05,0.0006982833,0.0004698379,0.004071127,0.001740009,0.005496695,0.006818135,0.004871265,0.00208403,7.026642E-05,2.721156E-07,0.0002206459,0.001339653,4.716686E-05,8.911534E-05,0.0002319965
19,3.486248E-07,0.002815801,1.284057E-05,1.117556E-06,1.171046E-05,3.001365E-07,5.840542E-08,6.425241E-09,3.658254E-08,5.425824E-06,0.0004196703,6.111392E-05,1.975233E-05,0.0001619759,2.638334E-09,1.175271E-06,1.151949E-06,0.000198359,1.605571E-05,1.009801E-09,3.348786E-05,5.222585E-06,4.835271E-05,1.821779E-10,0.0002077513,0.0005046584,0.0002118168,4.584153E-05,0.000431012,5.691276E-06,3.395162E-05,0.0004549786,6.507761E-05,2.579955E-05,1.341142E-05,2.246465E-05,9.78716E-07,0.0001162386,8.732914E-07,4.197266E-05,0.0001382634,7.042327E-06,0.0007129486,1.82443E-05,2.456404E-06,5.108706E-06,9.724222E-09,9.364725E-06,1.49655E-11,2.330327E-10,0.000179917,1.634291E-05,5.99255E-10,4.805107E-07,3.957629E-05,3.784968E-07,2.145597E-05,7.189191E-06,0.0002817683,4.860936E-06,0.00551199,1.122252E-05,1.457871E-06,0.001834279,4.303851E-06,0.0001327459,0.001422901,7.084376E-05,2.323448E-13,1.129196E-06,6.343392E-08,0.000150104,1.896919E-08,9.002346E-08,3.593709E-06,2.335884E-08,8.090367E-07,2.987805E-06,4.36855E-05,2.044607E-05,6.595228E-06,8.821207E-05,3.117734E-05,2.509794E-08,6.667955E-05,7.920859E-06,2.114586E-06,6.339586E-06,1.36622E-06,2.646233E-07,0.0005105667,4.172472E-06,8.602725E-06,1.441144E-06,1.155896E-06,2.43256E-05,1.667573E-07,1.333391E-06,1.783026E-05,1.452504E-05,6.408056E-06,0.0004753184,2.926762E-06,0.0001400273,3.737926E-07,5.175634E-07,7.267844E-06,2.661467E-05,5.685195E-05,0.000530051,0.02461663,0.005484791,1.76784E-07,1.705787E-07,1.288044E-08,3.03877E-07,5.94743E-13,8.750477E-09,4.131084E-06,8.961845E-08,3.818738E-08,7.032454E-07,4.516669E-05,6.120452E-06,2.137327E-09,3.616762E-10,2.210032E-07,1.753742E-05,2.391669E-08,1.919253E-07,2.125839E-07,2.981323E-08,4.764074E-06,1.239609E-06,0.001139194,0.003541188,0.0009162941,0.0001409839,2.310267E-08,1.974959E-06,8.33477E-07,6.59738E-08,6.692732E-09,2.000745E-08,1.526476E-07,2.089898E-08,2.329626E-06,0.0005264822,0.001280688,0.001807314,4.006326E-06,0.000244283,0.005640932,8.720986E-07,0.0001941508,0.000939437,0.0002030181,2.934614E-05,0.0001609733,3.960516E-06,8.664799E-06,2.171518E-05,3.157684E-05,0.0002020827,8.699366E-05,1.670566E-05,0.03397065,6.056152E-05,2.29263E-05,0.002019262,2.10248E-05,3.094535E-06,0.002893555,0.003951681,0.01916339,0.003180482,0.0005422662,0.0002092723,0.0003924389,0.08405924,0.06664402,0.04058234,0.007773198,0.03492489,1.062724E-05,8.939691E-07,2.920136E-06,2.347738E-06,1.800475E-08,1.742726E-09,1.486614E-07,6.353635E-08,1.925031E-08,9.691381E-07,5.26402E-08,0.0001089755,8.911439E-05,3.532556E-06,0.0001250096,7.589098E-09,8.368524E-08,2.344606E-06,1.600134E-05,9.883165E-07,9.176725E-08,6.574948E-08,4.810659E-06,7.371617E-08,6.987563E-11,0.0001188065,0.0004968407,4.796368E-05,2.149219E-05,5.988107E-07,5.092118E-07,7.459062E-07,4.046221E-06,0.0001758992,4.009283E-05,4.882743E-07,2.585791E-05,2.091754E-07,3.104883E-05,1.135306E-05,5.920142E-07,2.740555E-08,1.171667E-05,4.991114E-05,2.191484E-05,2.924891E-05,0.00197325,3.017203E-06,0.0001682928,1.475566E-05,8.074756E-05,2.390824E-05,2.517005E-05,7.037541E-05,0.0002947849,0.001611961,0.004563788,2.581209E-07,0.002366947,5.797834E-05,0.001696479,0.002724653,0.000615161,6.141569E-05,7.468533E-05,4.639504E-06,0.001780469,1.729627E-05,2.585641E-08,4.864684E-07,4.545683E-08,0.001486053,1.157736E-05,1.839771E-05,8.111147E-07,3.41046E-07,2.913237E-10,2.488555E-05,0.0001012075,3.592958E-05,2.670651E-05,3.601064E-05,0.003356606,0.002952855,0.0001501118,4.088351E-06,9.122617E-06,0.0001082815,2.584212E-06,1.663403E-05,1.80672E-05,0.0003966472,1.701934E-05,8.250048E-06,0.0003244746,0.0003067515,0.0001681261,1.199149E-05,0.0003462624,0.0006346795,3.288815E-05,3.553589E-05,1.466578E-05,0.0002359411,7.252129E-07,4.419365E-05,7.037095E-05,3.365455E-06,0.0001475384,8.573721E-09,1.301689E-05,1.055352E-05,5.234368E-05,0.003564714,0.0002394403,0.0004945262,0.0003047617,2.033215E-05,9.773098E-06,2.741243E-05,0.0001123898,2.337064E-06,0.0002952707,1.145009E-05,0.0002694961,6.856747E-05,1.597777E-05,0.0006153719,0.0004134763,0.003497795,0.001556158,0.0048518,0.005998411,0.004149493,0.001817421,6.173511E-05,2.429308E-07,0.0001885836,0.001171296,4.170161E-05,7.834496E-05,0.000204933
20,4.115049E-07,0.003117392,1.421709E-05,1.235857E-06,1.245206E-05,3.031418E-07,6.15939E-08,6.836447E-09,5.582095E-08,5.323531E-06,0.0004714837,6.4905E-05,2.147163E-05,0.000171273,3.022478E-09,1.041224E-06,1.262491E-06,0.0002085327,1.698516E-05,1.130166E-09,3.538686E-05,5.523347E-06,5.124667E-05,2.063282E-10,0.0002170855,0.0005445934,0.0002249222,4.90212E-05,0.000463018,6.118309E-06,3.79908E-05,0.0004851332,7.059985E-05,2.78343E-05,1.439234E-05,2.408648E-05,1.0509E-06,0.0001315579,9.292503E-07,3.893489E-05,0.0001472872,1.050468E-05,0.000675301,2.05672E-05,2.552266E-06,5.55317E-06,1.062022E-08,9.699476E-06,1.5424E-11,2.435425E-10,0.0001854863,1.674072E-05,6.85229E-10,5.053849E-07,4.322274E-05,3.917771E-07,2.281302E-05,7.725271E-06,0.0003057827,5.171343E-06,0.006028396,1.162782E-05,1.568379E-06,0.001801923,6.890716E-06,0.0001441224,0.001460699,7.852964E-05,1.592561E-13,1.260231E-06,6.536484E-08,0.0001638105,1.973349E-08,9.525684E-08,3.668225E-06,2.58323E-08,6.95044E-07,3.129282E-06,4.53159E-05,2.193537E-05,6.864481E-06,9.223217E-05,3.245855E-05,2.540282E-08,6.861424E-05,8.206272E-06,2.134204E-06,6.610257E-06,1.394914E-06,2.732784E-07,0.0005293798,4.721293E-06,8.996848E-06,1.584433E-06,1.192248E-06,1.731873E-05,1.294812E-07,1.071306E-06,1.445007E-05,1.16619E-05,5.25002E-06,0.000384299,2.376378E-06,0.0001123332,4.277836E-07,5.956807E-07,8.486838E-06,3.130165E-05,6.630764E-05,0.0006272524,0.03031837,0.00637557,1.796059E-07,1.749408E-07,1.248255E-08,3.106704E-07,3.697252E-13,9.038994E-09,4.421178E-06,8.978018E-08,3.075877E-08,7.240955E-07,4.590105E-05,6.431111E-06,2.179414E-09,3.813929E-10,2.269105E-07,1.804075E-05,2.445346E-08,1.959945E-07,2.160177E-07,2.967727E-08,4.827793E-06,1.270441E-06,0.001135201,0.00358169,0.0009146847,0.0001429815,2.343054E-08,2.015074E-06,8.535779E-07,6.674548E-08,7.50343E-09,2.068196E-08,1.651674E-07,2.13358E-08,2.361922E-06,0.0008143242,0.00140522,0.001858159,4.204133E-06,0.000248111,0.005853218,8.905907E-07,0.0001933251,0.0009752677,0.000206515,3.025304E-05,0.0001659374,4.100204E-06,7.889702E-06,2.037276E-05,2.874984E-05,0.0001860172,7.825843E-05,1.543488E-05,0.0334853,5.603147E-05,2.207527E-05,0.001833121,1.844433E-05,2.576284E-06,0.002470302,0.003311157,0.01601089,0.002644259,0.0004493683,0.0001732489,0.0003374987,0.0765508,0.05595357,0.0357744,0.006397126,0.02893146,6.830722E-06,5.777431E-07,1.787309E-06,1.513782E-06,1.154488E-08,6.941638E-10,9.593293E-08,3.658552E-08,1.287004E-08,8.950914E-07,3.332012E-08,7.409335E-05,5.740982E-05,2.325568E-06,7.968413E-05,4.046042E-09,5.463801E-08,1.554575E-06,1.022563E-05,6.330525E-07,5.896718E-08,4.216313E-08,3.095751E-06,4.947642E-08,4.789006E-11,7.523238E-05,0.0003250876,3.090798E-05,1.399128E-05,3.87636E-07,3.415068E-07,4.922212E-07,2.660887E-06,0.0001137191,2.621072E-05,3.175352E-07,1.66983E-05,1.362803E-07,2.01581E-05,7.306061E-06,3.810997E-07,1.753635E-08,9.608847E-06,4.312879E-05,2.719845E-05,2.48975E-05,0.001799192,2.66666E-06,0.0001441957,1.069592E-05,7.068387E-05,2.054787E-05,2.287351E-05,6.115701E-05,0.0002573496,0.001404197,0.004133674,2.229215E-07,0.00209499,5.106864E-05,0.001469409,0.002393189,0.000537992,5.330633E-05,6.549379E-05,4.030221E-06,0.001539126,1.489724E-05,2.217196E-08,4.197939E-07,3.906896E-08,0.00129355,1.129299E-05,1.702116E-05,7.903588E-07,3.279592E-07,1.754614E-10,2.423266E-05,8.779371E-05,3.604096E-05,3.731087E-05,3.434291E-05,0.003457245,0.002869038,0.0001462004,4.045517E-06,9.119275E-06,0.0001043635,2.517871E-06,1.613458E-05,1.841508E-05,0.0003923224,1.653674E-05,8.072749E-06,0.0003192444,0.0003031912,0.0001724007,1.194406E-05,0.0003441865,0.000619693,3.276252E-05,3.5235E-05,1.43993E-05,0.0002318526,7.061275E-07,4.497502E-05,7.191282E-05,3.255433E-06,0.0001503332,5.40096E-09,1.326351E-05,1.541791E-05,5.239018E-05,0.003835523,0.0002437692,0.0005154655,0.0003087414,1.736813E-05,1.009876E-05,2.87078E-05,0.0001135954,2.376517E-06,0.0003007801,1.225741E-05,0.0002780303,6.984299E-05,1.635687E-05,0.0006334663,0.0004258679,0.003746128,0.001622509,0.005041509,0.006125669,0.004309238,0.001878808,6.329822E-05,2.504452E-07,0.0001934714,0.001195547,4.239817E-05,7.923406E-05,0.0002108156
21,4.164542E-07,0.003011172,1.373463E-05,1.192581E-06,1.237216E-05,2.83248E-07,6.087538E-08,6.983037E-09,7.568794E-08,4.801493E-06,0.000485932,6.522732E-05,2.149735E-05,0.0001674397,3.13188E-09,8.882877E-07,1.231848E-06,0.0002025152,1.676647E-05,1.145499E-09,3.498372E-05,5.456504E-06,4.963354E-05,2.173322E-10,0.0002326635,0.0005408258,0.0002237828,4.8634E-05,0.0004558662,6.072347E-06,3.673124E-05,0.0004769504,7.115793E-05,2.77531E-05,1.430616E-05,2.462846E-05,1.047522E-06,0.0001366195,9.239952E-07,3.128315E-05,0.0001403252,1.339837E-05,0.000564279,2.049997E-05,2.416833E-06,5.375433E-06,1.014067E-08,8.77896E-06,1.410596E-11,2.264196E-10,0.0001712939,1.517343E-05,7.10273E-10,5.249769E-07,4.168941E-05,3.653991E-07,2.167468E-05,7.336798E-06,0.0002967698,4.886919E-06,0.005926867,1.073232E-05,1.55674E-06,0.001571102,9.702049E-06,0.0001393353,0.00136701,8.079438E-05,1.11934E-13,1.342417E-06,7.761031E-08,0.0002020099,2.392166E-08,1.144494E-07,4.277156E-06,3.143814E-08,7.013948E-07,3.699635E-06,5.367746E-05,2.534712E-05,8.114441E-06,0.0001108207,3.857487E-05,2.954916E-08,8.119191E-05,9.591717E-06,2.567576E-06,7.719703E-06,1.688638E-06,3.240151E-07,0.0006289593,5.75961E-06,1.074993E-05,1.972331E-06,1.41716E-06,1.375857E-05,1.10231E-07,9.847153E-07,1.322445E-05,1.063569E-05,4.953385E-06,0.0003573832,2.215485E-06,0.0001040284,4.500738E-07,6.143206E-07,8.988924E-06,3.301914E-05,6.978582E-05,0.0006790992,0.03348585,0.006784595,1.798484E-07,1.767512E-07,1.180165E-08,3.136094E-07,2.534005E-13,9.558438E-09,4.568697E-06,8.660723E-08,2.472152E-08,7.324679E-07,4.539183E-05,6.146623E-06,2.124625E-09,3.851771E-10,2.269278E-07,1.824784E-05,2.442777E-08,1.958735E-07,2.147073E-07,2.889481E-08,4.826172E-06,1.245197E-06,0.001131921,0.003621019,0.0009364008,0.000144183,2.344644E-08,2.017968E-06,8.51755E-07,6.58485E-08,7.68295E-09,2.089684E-08,1.724078E-07,2.150682E-08,2.368118E-06,0.001113378,0.001397795,0.001740317,4.026227E-06,0.000232148,0.005603801,8.246971E-07,0.000184686,0.0009016949,0.0001986093,2.851576E-05,0.00015665,3.91811E-06,6.977888E-06,1.759652E-05,2.544764E-05,0.0001672439,6.981685E-05,1.391122E-05,0.03072189,5.004621E-05,2.046836E-05,0.001631215,1.973505E-05,2.660659E-06,0.002476846,0.003391761,0.0166923,0.002724882,0.0004627316,0.0001786855,0.0003522133,0.08109441,0.0579343,0.03850628,0.006579097,0.02981738,8.955228E-06,7.620602E-07,2.207473E-06,1.987909E-06,1.520005E-08,6.214205E-10,1.297968E-07,4.164868E-08,1.760551E-08,1.606388E-06,4.109274E-08,0.0001008908,7.649449E-05,3.0805E-06,0.0001025542,4.537591E-09,7.260753E-08,2.000882E-06,1.317754E-05,8.215779E-07,7.762523E-08,5.512827E-08,3.986087E-06,6.367281E-08,6.655351E-11,0.0001062975,0.0004260736,4.084015E-05,1.823185E-05,5.071668E-07,4.360951E-07,6.470802E-07,3.398003E-06,0.0001480523,3.486891E-05,4.176468E-07,2.18848E-05,1.800474E-07,2.727375E-05,9.530128E-06,4.991559E-07,2.285662E-08,1.304834E-05,6.227103E-05,5.3854E-05,3.389353E-05,0.002686235,3.861834E-06,0.000203823,1.318281E-05,0.0001029708,2.914445E-05,3.187458E-05,8.831475E-05,0.000367846,0.002005114,0.005730738,3.240103E-07,0.003032323,7.163724E-05,0.00210113,0.003459309,0.0007705579,7.620262E-05,9.540033E-05,5.978749E-06,0.002191202,2.141578E-05,3.176986E-08,6.017481E-07,5.606532E-08,0.001852843,1.046235E-05,1.488381E-05,7.344045E-07,3.053335E-07,1.109322E-10,2.313015E-05,7.04195E-05,3.486578E-05,4.753724E-05,3.004473E-05,0.003332134,0.002706083,0.0001332433,3.802978E-06,8.327947E-06,9.532904E-05,2.328407E-06,1.472971E-05,1.673093E-05,0.0003625862,1.545648E-05,7.501561E-06,0.0002940678,0.0002799539,0.0001547714,1.112372E-05,0.0003108338,0.000570295,3.068023E-05,3.265739E-05,1.330591E-05,0.0002213982,6.534158E-07,5.799964E-05,9.328585E-05,3.955743E-06,0.0001941336,4.753473E-09,1.762535E-05,2.724664E-05,6.357658E-05,0.005138165,0.0003189938,0.0006704852,0.0003931196,1.92955E-05,1.320233E-05,3.642226E-05,0.000143779,3.054439E-06,0.0003804306,1.542308E-05,0.0003577991,9.05524E-05,2.109976E-05,0.0008105126,0.0005489014,0.004694788,0.002097601,0.006320567,0.007825592,0.00562373,0.00242829,8.15598E-05,3.250792E-07,0.0002568488,0.001532371,5.450764E-05,0.0001015632,0.0002723253
22,4.525142E-07,0.003205143,1.460619E-05,1.268313E-06,1.200705E-05,2.508154E-07,5.970363E-08,6.886299E-09,8.448157E-08,4.45383E-06,0.0004749104,6.512082E-05,2.009185E-05,0.0001584841,2.305282E-09,7.393554E-07,1.146385E-06,0.0001894682,1.613149E-05,1.099134E-09,3.412483E-05,5.297155E-06,4.652975E-05,2.01802E-10,0.0002373052,0.0005133714,0.0002176798,4.676101E-05,0.0004294288,5.792445E-06,3.189179E-05,0.000453987,6.718571E-05,2.637879E-05,1.374863E-05,2.399487E-05,1.014152E-06,0.0001352861,8.987633E-07,3.013653E-05,0.0001510914,1.599694E-05,0.0005494618,2.087315E-05,2.523742E-06,5.259375E-06,9.826092E-09,8.589226E-06,1.428515E-11,2.300554E-10,0.0001761826,1.505242E-05,6.812822E-10,5.593494E-07,4.120337E-05,3.720805E-07,2.176805E-05,7.212737E-06,0.0002965676,4.85093E-06,0.005853587,1.079872E-05,1.584185E-06,0.001113859,8.488846E-06,9.410403E-05,0.0009745557,5.998116E-05,5.349471E-14,1.01326E-06,8.370614E-08,0.0002192217,2.662346E-08,1.188426E-07,4.522428E-06,2.573486E-08,6.464653E-07,3.874564E-06,5.698249E-05,2.462128E-05,8.602471E-06,0.0001163807,4.075628E-05,3.136752E-08,8.739983E-05,1.056067E-05,2.79122E-06,8.410089E-06,1.801116E-06,3.547769E-07,0.0006767309,5.944004E-06,1.1542E-05,2.176232E-06,1.531977E-06,1.281965E-05,9.842233E-08,9.691457E-07,1.275068E-05,1.035787E-05,4.827276E-06,0.0003576751,2.21029E-06,0.0001038145,4.514531E-07,5.977383E-07,8.998512E-06,3.246427E-05,6.927618E-05,0.0006754628,0.03448994,0.006893884,1.698109E-07,1.672099E-07,1.009839E-08,2.935559E-07,1.53827E-13,9.199895E-09,4.317538E-06,8.023499E-08,1.889721E-08,6.978041E-07,4.231703E-05,5.257041E-06,2.251617E-09,3.457757E-10,2.091415E-07,1.679239E-05,2.263162E-08,1.84792E-07,2.001351E-07,2.682409E-08,4.529646E-06,1.185221E-06,0.001092493,0.003412074,0.000878243,0.0001381902,2.21887E-08,1.899327E-06,7.975771E-07,6.22144E-08,6.894841E-09,1.95544E-08,1.652797E-07,2.022754E-08,2.235349E-06,0.002184147,0.002328531,0.002798911,6.567904E-06,0.0003771145,0.009270689,1.371255E-06,0.0003052393,0.001494902,0.0003216051,4.744681E-05,0.0002560006,6.486205E-06,7.682486E-06,1.783058E-05,2.775826E-05,0.0001820556,7.795136E-05,1.533949E-05,0.03261299,5.528856E-05,2.312844E-05,0.001815977,2.138014E-05,2.861727E-06,0.00243059,0.003574546,0.01763849,0.002896557,0.0005002969,0.0001926959,0.0003727218,0.08311567,0.06227805,0.04234415,0.007140865,0.03222944,8.669843E-06,7.439251E-07,1.950255E-06,1.919711E-06,1.504463E-08,3.886388E-10,1.278091E-07,3.80822E-08,1.826708E-08,1.788307E-06,3.611116E-08,9.842237E-05,7.644886E-05,2.876191E-06,9.679899E-05,3.764844E-09,7.110255E-08,1.860215E-06,1.234267E-05,7.929257E-07,7.63035E-08,5.349244E-08,3.756447E-06,5.71893E-08,6.148695E-11,0.000107936,0.000403072,3.982414E-05,1.715388E-05,4.835917E-07,3.812838E-07,6.047057E-07,3.064664E-06,0.0001407831,3.293544E-05,3.967577E-07,2.121772E-05,1.73825E-07,2.652715E-05,9.126124E-06,4.840419E-07,2.206252E-08,1.382512E-05,7.210489E-05,7.203381E-05,3.570115E-05,0.003124174,4.271646E-06,0.0002287925,1.299155E-05,0.0001201683,3.284395E-05,3.318274E-05,0.0001017989,0.0004133284,0.002250302,0.005814021,3.800548E-07,0.003402243,7.754788E-05,0.002396784,0.003833834,0.0008605697,8.6958E-05,0.0001102355,6.966855E-06,0.002478603,2.492706E-05,3.676644E-08,7.119384E-07,6.487898E-08,0.002110098,9.510059E-06,1.243599E-05,6.706903E-07,2.856201E-07,6.554431E-11,2.15136E-05,6.13258E-05,3.419776E-05,5.04004E-05,2.504625E-05,0.003064863,0.002562862,0.0001176308,3.507583E-06,7.300463E-06,8.481443E-05,2.121934E-06,1.316623E-05,1.407526E-05,0.0003220409,1.428187E-05,6.823467E-06,0.0002614344,0.0002480461,0.0001245886,9.860593E-06,0.0002651034,0.000513041,2.692345E-05,2.884706E-05,1.203696E-05,0.0002030951,5.979966E-07,6.094747E-05,9.911459E-05,3.810583E-06,0.0002043463,3.237666E-09,1.891229E-05,3.311185E-05,6.080334E-05,0.005450381,0.0003470189,0.0006779949,0.0004029969,1.735913E-05,1.405406E-05,3.686272E-05,0.0001469451,3.214767E-06,0.0003889666,1.478478E-05,0.000368648,9.600884E-05,2.209657E-05,0.0008291893,0.0005644197,0.004372062,0.002138026,0.006210752,0.008105949,0.005713364,0.002484902,8.527157E-05,3.409178E-07,0.0002720124,0.00158663,5.760287E-05,0.0001068517,0.0002840649
23,5.530053E-07,0.003926502,1.786876E-05,1.552865E-06,1.214909E-05,2.328143E-07,6.115989E-08,6.878993E-09,8.423797E-08,4.287883E-06,0.0004845982,6.775602E-05,1.936894E-05,0.0001573259,1.536293E-09,6.355419E-07,1.113918E-06,0.0001875994,1.627285E-05,1.1108E-09,3.491032E-05,5.351547E-06,4.628832E-05,1.835637E-10,0.0002281048,0.0005215863,0.0002199529,4.730321E-05,0.0004279785,5.775034E-06,3.133102E-05,0.0004569774,6.542425E-05,2.616466E-05,1.391813E-05,2.353572E-05,1.026834E-06,0.0001366709,9.123622E-07,2.846779E-05,0.0001617083,1.607151E-05,0.0005288291,2.115538E-05,2.617549E-06,5.050859E-06,9.444685E-09,8.458224E-06,1.468765E-11,2.315078E-10,0.0001803554,1.500139E-05,6.219196E-10,5.353176E-07,4.162298E-05,3.751312E-07,2.186533E-05,7.142026E-06,0.0002950296,4.84102E-06,0.005683179,1.08886E-05,1.542279E-06,0.001550536,1.262365E-05,0.0001288795,0.00137998,8.991704E-05,4.587519E-14,1.494403E-06,7.810289E-08,0.0002062315,2.556761E-08,1.055002E-07,4.142212E-06,1.568624E-08,5.07284E-07,3.559868E-06,5.247786E-05,2.230719E-05,7.983707E-06,0.0001046183,3.732453E-05,2.89808E-08,8.154174E-05,9.896774E-06,2.611866E-06,7.939848E-06,1.696614E-06,3.292528E-07,0.0006323463,5.352984E-06,1.061346E-05,2.031702E-06,1.433287E-06,1.316274E-05,9.877689E-08,1.058646E-06,1.374236E-05,1.125792E-05,5.123884E-06,0.0003959384,2.437409E-06,0.0001142698,4.369304E-07,5.608726E-07,8.588445E-06,3.060882E-05,6.583134E-05,0.0006276022,0.03293537,0.006627289,1.679708E-07,1.661414E-07,9.122336E-09,2.893092E-07,8.612531E-14,8.964245E-09,4.275304E-06,7.775657E-08,1.458824E-08,6.954932E-07,4.109411E-05,5.056039E-06,2.112349E-09,3.349851E-10,2.051446E-07,1.595372E-05,2.193086E-08,1.836071E-07,1.971815E-07,2.619807E-08,4.471767E-06,1.158822E-06,0.00108071,0.00344569,0.0008757333,0.0001365982,2.19743E-08,1.877907E-06,7.950404E-07,6.184246E-08,6.476085E-09,1.904776E-08,1.626729E-07,2.003721E-08,2.208323E-06,0.002173084,0.00236863,0.002788509,6.58929E-06,0.0003765515,0.009348079,1.385522E-06,0.0003117475,0.001529201,0.0003273425,4.77986E-05,0.0002590321,6.566927E-06,4.735504E-06,1.081727E-05,1.772052E-05,0.0001097492,5.036763E-05,9.70843E-06,0.02059434,3.420039E-05,1.459923E-05,0.001154156,2.537401E-05,3.370409E-06,0.002780819,0.004190523,0.01996148,0.003342108,0.0005885873,0.0002282934,0.0004316568,0.09532872,0.07192723,0.04963806,0.008415149,0.03798525,8.88512E-06,7.693263E-07,1.835215E-06,1.966538E-06,1.570873E-08,2.292124E-10,1.293009E-07,3.67345E-08,1.994421E-08,1.806467E-06,3.429991E-08,0.0001017844,8.0759E-05,2.808385E-06,9.731603E-05,3.279734E-09,7.379502E-08,1.825E-06,1.242997E-05,8.218112E-07,7.957681E-08,5.478346E-08,3.805661E-06,5.856246E-08,5.667058E-11,0.0001050389,0.0004150907,4.087598E-05,1.733074E-05,4.878274E-07,3.789877E-07,6.077361E-07,3.018542E-06,0.0001437071,3.245707E-05,3.983923E-07,2.187409E-05,1.791339E-07,2.635675E-05,9.318303E-06,5.001456E-07,2.261725E-08,9.372969E-06,5.319924E-05,5.238487E-05,2.436301E-05,0.002327276,3.000703E-06,0.0001661064,8.128662E-06,8.982149E-05,2.379594E-05,2.462888E-05,7.523273E-05,0.0003006983,0.001637398,0.00415875,2.810775E-07,0.002461896,5.50616E-05,0.00176284,0.002724847,0.0006225575,6.447073E-05,8.153993E-05,4.993314E-06,0.001822222,1.857086E-05,2.715834E-08,5.205139E-07,4.813137E-08,0.001558308,9.716995E-06,1.168976E-05,6.864686E-07,2.976949E-07,3.87103E-11,2.17772E-05,5.886798E-05,3.726285E-05,5.101451E-05,2.373672E-05,0.00316339,0.002704513,0.0001176214,3.632651E-06,7.186882E-06,8.517892E-05,2.163538E-06,1.331282E-05,1.441039E-05,0.0003304615,1.464547E-05,6.990417E-06,0.00026386,0.0002490527,0.0001230137,9.903885E-06,0.0002607989,0.0005232151,2.64242E-05,2.883446E-05,1.235842E-05,0.0002016163,6.167631E-07,5.69536E-05,9.337417E-05,3.270072E-06,0.0001908708,1.743353E-09,1.74589E-05,3.050282E-05,5.256619E-05,0.005140328,0.0003338061,0.0006033443,0.0003700164,1.374233E-05,1.33012E-05,3.310133E-05,0.0001346055,3.010336E-06,0.0003577688,1.388167E-05,0.000346238,8.967536E-05,2.066787E-05,0.0007637878,0.0005199016,0.003960816,0.001958677,0.005579176,0.007545773,0.005139878,0.002275879,8.007311E-05,3.193607E-07,0.0002466932,0.001477101,5.429603E-05,9.990393E-05,0.0002655731
24,5.485894E-07,0.003861679,1.756356E-05,1.526705E-06,1.203352E-05,2.127633E-07,6.123734E-08,6.727966E-09,8.365232E-08,3.723007E-06,0.0004874844,6.903195E-05,1.809835E-05,0.0001530264,1.45895E-09,5.277112E-07,1.098016E-06,0.000181582,1.639915E-05,1.105726E-09,3.485942E-05,5.303695E-06,4.497156E-05,1.869867E-10,0.0002041609,0.0005197238,0.0002185652,4.721302E-05,0.0004205487,5.688909E-06,3.124349E-05,0.0004524974,6.380775E-05,2.552223E-05,1.397093E-05,2.284182E-05,1.021212E-06,0.0001369434,9.080529E-07,2.333556E-05,0.0001730417,1.680986E-05,0.0004774656,2.330911E-05,2.834622E-06,5.156756E-06,1.021911E-08,8.641114E-06,1.527595E-11,2.375192E-10,0.0001891439,1.531229E-05,7.023463E-10,5.358388E-07,4.605751E-05,3.939276E-07,2.356743E-05,7.657803E-06,0.0003226811,5.206879E-06,0.006141895,1.137494E-05,1.645058E-06,0.001247083,1.343379E-05,0.0001214512,0.001283673,9.72394E-05,2.764915E-14,1.592445E-06,5.536189E-08,0.0001482995,1.863175E-08,7.043561E-08,2.880014E-06,1.070276E-08,2.957537E-07,2.505523E-06,3.70099E-05,1.587013E-05,5.664617E-06,7.298223E-05,2.607466E-05,2.044779E-08,5.797391E-05,6.98893E-06,1.874995E-06,5.640371E-06,1.20766E-06,2.352261E-07,0.0004503102,4.080216E-06,7.634453E-06,1.458093E-06,1.020077E-06,1.032295E-05,8.470551E-08,1.049987E-06,1.351233E-05,1.11262E-05,5.061131E-06,0.0004000701,2.456563E-06,0.0001143684,4.107297E-07,5.131545E-07,8.086937E-06,2.849083E-05,6.166199E-05,0.0005830392,0.03125546,0.00625134,1.575689E-07,1.554189E-07,7.85289E-09,2.693288E-07,4.540343E-14,8.242139E-09,4.051887E-06,7.261242E-08,1.097712E-08,6.604474E-07,3.863808E-05,4.749599E-06,1.887625E-09,3.080393E-10,1.917605E-07,1.479396E-05,2.036979E-08,1.736697E-07,1.853664E-07,2.446891E-08,4.183357E-06,1.10227E-06,0.001026358,0.003283744,0.0008225385,0.0001289223,2.069217E-08,1.771063E-06,7.327876E-07,5.798665E-08,6.538234E-09,1.803386E-08,1.536141E-07,1.866394E-08,2.067768E-06,0.002102219,0.002327824,0.0026914,6.380935E-06,0.0003628868,0.009071109,1.33874E-06,0.0003044858,0.001486966,0.0003193627,4.655027E-05,0.000252289,6.384663E-06,6.032347E-06,1.386867E-05,2.239124E-05,0.0001385013,6.379827E-05,1.244723E-05,0.02761927,4.454715E-05,1.875219E-05,0.001478274,2.093326E-05,2.74037E-06,0.002247857,0.003414091,0.01590098,0.00266409,0.0004787253,0.0001865607,0.0003605979,0.08309916,0.05933902,0.04072386,0.006835466,0.03101396,8.707684E-06,7.618858E-07,1.661982E-06,1.931905E-06,1.570474E-08,1.253597E-10,1.252871E-07,2.86904E-08,2.045714E-08,1.780335E-06,3.004218E-08,0.0001013838,8.166733E-05,2.597431E-06,9.361911E-05,2.706891E-09,7.341396E-08,1.778889E-06,1.193063E-05,8.183901E-07,7.898289E-08,5.377664E-08,3.679918E-06,5.868478E-08,5.723734E-11,9.319664E-05,0.0004103138,4.035261E-05,1.687805E-05,4.744947E-07,3.7177E-07,5.956355E-07,2.838839E-06,0.000141122,3.127302E-05,3.839883E-07,2.165338E-05,1.788767E-07,2.534151E-05,9.158146E-06,4.955721E-07,2.226346E-08,9.636359E-06,5.931046E-05,5.837158E-05,2.407298E-05,0.002634994,3.153877E-06,0.0001816112,7.490447E-06,0.0001016389,2.585055E-05,2.825006E-05,8.435474E-05,0.0003326404,0.00182151,0.004673676,3.140979E-07,0.002732186,5.881947E-05,0.001964486,0.002996052,0.0006856243,7.26653E-05,9.17853E-05,5.45958E-06,0.002040451,2.092191E-05,3.034736E-08,5.881085E-07,5.406646E-08,0.001749691,8.732257E-06,9.701024E-06,6.178245E-07,2.711365E-07,1.937795E-11,1.934035E-05,4.142684E-05,3.481672E-05,4.596789E-05,1.895224E-05,0.002888545,0.002501421,0.0001037288,3.312854E-06,6.430984E-06,7.474882E-05,1.97867E-06,1.175582E-05,1.324372E-05,0.0002989047,1.321194E-05,6.325049E-06,0.0002354739,0.0002223923,0.0001108905,8.87258E-06,0.0002247406,0.0004705604,2.33655E-05,2.551512E-05,1.121532E-05,0.0001777164,5.602835E-07,6.872747E-05,0.0001131162,3.630871E-06,0.0002297972,1.169015E-09,2.074007E-05,3.670408E-05,5.606245E-05,0.006288772,0.000412075,0.000685599,0.0004382648,1.37601E-05,1.62625E-05,3.960744E-05,0.0001576203,3.674821E-06,0.0004205885,1.720155E-05,0.0004203134,0.0001078887,2.500444E-05,0.0009122041,0.0006261581,0.004824384,0.002346386,0.006430307,0.009073359,0.006119417,0.002712894,9.77024E-05,3.88019E-07,0.0002911067,0.001788762,6.601475E-05,0.000120531,0.0003226636
25,9.248365E-07,0.006241496,2.838528E-05,2.466022E-06,1.157667E-05,1.812746E-07,5.930037E-08,6.604274E-09,9.092691E-08,2.882324E-06,0.0004653727,6.611861E-05,1.60957E-05,0.0001438291,1.677566E-09,4.236217E-07,9.666813E-07,0.000166656,1.585305E-05,1.033461E-09,3.353594E-05,5.153147E-06,4.142713E-05,1.906121E-10,0.0002023526,0.0004880296,0.0002122942,4.532485E-05,0.0003921083,5.442996E-06,2.849951E-05,0.0004307209,6.177741E-05,2.406274E-05,1.339077E-05,2.255318E-05,9.869588E-07,0.0001377057,8.780601E-07,1.482179E-05,0.0001604277,1.758897E-05,0.0003526292,2.333325E-05,2.71631E-06,4.777462E-06,9.457728E-09,7.868786E-06,1.458388E-11,2.160591E-10,0.0001764552,1.371071E-05,7.669002E-10,5.676639E-07,4.593981E-05,3.767524E-07,2.326149E-05,7.424864E-06,0.0003293544,5.128724E-06,0.006326355,1.048788E-05,1.71467E-06,0.001095122,2.103159E-05,0.0001340867,0.00146645,0.0001398412,2.588135E-14,2.345992E-06,3.446539E-08,9.15548E-05,1.159069E-08,4.051546E-08,1.746027E-06,7.726201E-09,1.538095E-07,1.512344E-06,2.291329E-05,9.392188E-06,3.494836E-06,4.568808E-05,1.590843E-05,1.274681E-08,3.630727E-05,4.286567E-06,1.173326E-06,3.525752E-06,7.539953E-07,1.471485E-07,0.0002815915,2.724817E-06,4.8513E-06,9.508935E-07,6.384631E-07,1.045419E-05,9.675701E-08,1.555215E-06,1.952375E-05,1.637802E-05,7.693374E-06,0.0006101367,3.728587E-06,0.0001725386,3.957086E-07,4.796507E-07,7.90403E-06,2.709346E-05,5.983217E-05,0.000578008,0.03205417,0.006165267,1.676161E-07,1.665345E-07,7.365272E-09,2.848642E-07,3.236147E-14,9.051985E-09,4.259233E-06,7.42673E-08,9.287302E-09,7.094297E-07,4.075127E-05,4.853228E-06,2.065987E-09,3.230484E-10,2.02072E-07,1.58749E-05,2.117755E-08,1.875427E-07,1.968806E-07,2.612765E-08,4.487824E-06,1.161774E-06,0.001096574,0.003403925,0.0008754986,0.0001353175,2.213483E-08,1.891627E-06,7.976401E-07,6.269223E-08,7.512622E-09,1.968459E-08,1.716173E-07,2.014423E-08,2.223922E-06,0.00141857,0.001358996,0.001553889,3.733735E-06,0.0002139659,0.0053817,7.693745E-07,0.0001770328,0.0008663963,0.0001868542,2.735443E-05,0.0001475599,3.771715E-06,4.941884E-06,1.08558E-05,1.837765E-05,0.0001152373,5.314166E-05,1.056122E-05,0.0245131,3.761711E-05,1.619143E-05,0.001229563,1.949226E-05,2.612796E-06,0.001982847,0.003187937,0.01489702,0.00242897,0.0004475132,0.0001767879,0.0003508696,0.08398605,0.05660108,0.03988227,0.006392448,0.02919976,9.322794E-06,8.199208E-07,1.576697E-06,2.056028E-06,1.702982E-08,8.672907E-11,1.371348E-07,2.075159E-08,2.22521E-08,2.163629E-06,2.532409E-08,0.0001077815,8.731769E-05,2.574177E-06,9.803622E-05,2.414752E-09,7.961926E-08,1.749159E-06,1.225768E-05,8.78608E-07,8.502351E-08,5.836806E-08,3.792297E-06,5.910582E-08,6.497145E-11,0.0001028544,0.0004285747,4.380008E-05,1.753964E-05,5.059028E-07,3.788771E-07,6.205804E-07,2.788232E-06,0.0001497979,3.375842E-05,4.033614E-07,2.347668E-05,1.918045E-07,2.790268E-05,9.800427E-06,5.375899E-07,2.397672E-08,1.040229E-05,7.180799E-05,8.042284E-05,2.299807E-05,0.003182098,3.537386E-06,0.0002150501,7.63628E-06,0.0001252423,3.010729E-05,3.193092E-05,0.0001025764,0.0003925503,0.002195072,0.005352391,3.851351E-07,0.003234548,6.576295E-05,0.00237086,0.003642115,0.0008139504,8.89753E-05,0.0001115051,6.834516E-06,0.002470303,2.584074E-05,3.718013E-08,7.217731E-07,6.635409E-08,0.002131223,1.043008E-05,1.02883E-05,7.34841E-07,3.285981E-07,1.492257E-11,2.360107E-05,3.266309E-05,4.231735E-05,6.221662E-05,1.781061E-05,0.003430012,0.002986953,0.0001208056,4.010847E-06,7.027207E-06,8.553264E-05,2.389842E-06,1.354577E-05,1.48595E-05,0.0003480394,1.600645E-05,7.559523E-06,0.0002733283,0.0002636463,0.0001253061,1.032821E-05,0.0002467226,0.0005576469,2.802127E-05,2.98071E-05,1.353283E-05,0.000218017,6.787002E-07,7.584872E-05,0.0001251055,3.545255E-06,0.0002516356,8.31331E-10,2.333897E-05,4.575157E-05,4.841313E-05,0.006884059,0.0004519903,0.0006984562,0.0004724695,1.274595E-05,1.816451E-05,3.987907E-05,0.0001657356,4.081879E-06,0.0004437097,1.773904E-05,0.0004522633,0.0001200386,2.748503E-05,0.0009743304,0.0006880088,0.005052053,0.002511617,0.00649346,0.009892647,0.006786735,0.002934734,0.0001090129,4.262373E-07,0.0003292857,0.001970086,7.365444E-05,0.0001335425,0.0003579212
26,1.060769E-06,0.006757302,3.074634E-05,2.667616E-06,9.506126E-06,1.307732E-07,4.85578E-08,5.728535E-09,8.946829E-08,1.989379E-06,0.0003796386,5.403685E-05,1.260065E-05,0.0001157816,1.664546E-09,3.151147E-07,7.704883E-07,0.0001340071,1.362894E-05,8.285639E-10,2.740323E-05,4.377231E-06,3.328157E-05,1.710573E-10,0.000184212,0.0003889807,0.0001768015,3.722362E-05,0.0003160226,4.467415E-06,2.336781E-05,0.0003535305,5.274756E-05,1.961995E-05,1.09335E-05,1.962879E-05,8.143377E-07,0.000119805,7.236679E-07,9.127515E-06,0.0001370349,1.82228E-05,0.0002492588,2.125146E-05,2.369473E-06,4.151884E-06,8.436332E-09,6.703279E-06,1.30638E-11,1.823855E-10,0.0001501105,1.137432E-05,7.795955E-10,5.859317E-07,4.149398E-05,3.316196E-07,2.100504E-05,6.616467E-06,0.0003051946,4.646549E-06,0.00609471,8.855316E-06,1.678892E-06,0.0003806156,1.28054E-05,5.529221E-05,0.0006379822,7.086666E-05,9.702721E-15,1.265857E-06,6.991825E-08,0.0001844774,2.346742E-08,7.857178E-08,3.475317E-06,1.897134E-08,2.817419E-07,3.008015E-06,4.641394E-05,1.903197E-05,7.090156E-06,9.628943E-05,3.200716E-05,2.60002E-08,7.408579E-05,8.830454E-06,2.33751E-06,7.291707E-06,1.543771E-06,2.98013E-07,0.0005737605,6.094167E-06,1.010124E-05,2.049843E-06,1.301136E-06,9.386818E-06,1.002575E-07,1.994354E-06,2.457709E-05,2.09926E-05,1.033119E-05,0.0007965158,4.839527E-06,0.0002231213,4.192834E-07,4.858904E-07,8.216398E-06,2.767563E-05,6.223199E-05,0.0006282579,0.03531605,0.006445501,1.379346E-07,1.375628E-07,5.304424E-09,2.326085E-07,2.060998E-14,8.019645E-09,3.463939E-06,5.941692E-08,6.486174E-09,5.899015E-07,3.325631E-05,3.96392E-06,1.741277E-09,2.614192E-10,1.663316E-07,1.351907E-05,1.721349E-08,1.550158E-07,1.613638E-07,2.159347E-08,3.714879E-06,9.75103E-07,0.0008876726,0.002920976,0.0007132862,0.0001109486,1.82489E-08,1.554683E-06,6.63087E-07,5.173695E-08,6.897861E-09,1.65744E-08,1.496155E-07,1.665419E-08,1.831787E-06,0.002223117,0.001707026,0.001917672,4.756126E-06,0.0002720068,0.006876493,9.638936E-07,0.0002167125,0.001098403,0.000234803,3.415221E-05,0.000184021,4.771361E-06,6.387264E-06,1.401534E-05,2.342917E-05,0.0001552371,6.764006E-05,1.381083E-05,0.03384435,5.005683E-05,2.199922E-05,0.001586683,1.464519E-05,2.051631E-06,0.001483835,0.002417745,0.01165364,0.001812561,0.0003382206,0.0001341883,0.000276232,0.06970809,0.04393396,0.03195553,0.004829999,0.02216241,8.868732E-06,7.825739E-07,1.319694E-06,1.940908E-06,1.626814E-08,6.02049E-11,1.38267E-07,1.387216E-08,2.151092E-08,2.476159E-06,1.967282E-08,0.00010198,8.298107E-05,2.339598E-06,9.150471E-05,2.079314E-09,7.680379E-08,1.617396E-06,1.148185E-05,8.731416E-07,8.10914E-08,5.761006E-08,3.553647E-06,5.501921E-08,6.744644E-11,0.000108395,0.0003952363,4.247069E-05,1.639733E-05,4.811611E-07,3.604877E-07,5.770998E-07,2.536599E-06,0.0001426727,3.340869E-05,3.810383E-07,2.258799E-05,1.825777E-07,2.820241E-05,9.323838E-06,5.172653E-07,2.295213E-08,8.219789E-06,6.396219E-05,8.656483E-05,1.679398E-05,0.002845908,3.040661E-06,0.0001897213,6.284022E-06,0.000114236,2.655695E-05,2.809585E-05,9.219145E-05,0.0003464636,0.001977779,0.004822372,3.45695E-07,0.002833857,5.651986E-05,0.002131562,0.003410987,0.0007279012,8.112501E-05,9.969023E-05,6.521859E-06,0.002224846,2.35045E-05,3.359169E-08,6.482808E-07,6.007011E-08,0.001931873,8.613078E-06,7.485663E-06,6.031042E-07,2.733046E-07,8.964023E-12,2.061342E-05,1.900365E-05,3.562055E-05,6.192273E-05,1.201129E-05,0.002820576,0.002469551,9.748559E-05,3.36113E-06,5.645933E-06,6.975463E-05,2.069417E-06,1.103633E-05,1.202197E-05,0.0002789827,1.349476E-05,6.272885E-06,0.0002224166,0.0002171716,0.0001033012,8.355145E-06,0.0001954824,0.0004623347,2.401465E-05,2.438767E-05,1.129903E-05,0.0001910525,5.682664E-07,6.55215E-05,0.0001078982,2.684346E-06,0.0002148043,5.216262E-10,2.124927E-05,4.723479E-05,3.389569E-05,0.005902693,0.0003877823,0.0005759429,0.0004003599,1.004408E-05,1.588406E-05,3.34098E-05,0.0001400485,3.671547E-06,0.0003745701,1.500738E-05,0.0003781288,0.0001049884,2.367879E-05,0.000824718,0.0005962798,0.004389312,0.002109676,0.0053476,0.008523353,0.006115482,0.002523738,9.555274E-05,3.656047E-07,0.0003008598,0.001704129,6.417558E-05,0.0001156126,0.0003117618
27,1.69586E-06,0.01026152,4.672967E-05,4.048394E-06,9.109056E-06,1.128714E-07,4.557392E-08,6.120177E-09,9.06461E-08,1.85046E-06,0.0003651492,5.159173E-05,1.228214E-05,0.0001108005,2.170333E-09,3.268781E-07,7.51724E-07,0.000128276,1.368897E-05,7.747811E-10,2.577321E-05,4.411965E-06,3.164923E-05,1.934294E-10,0.0002012628,0.0003869672,0.0001714817,3.572519E-05,0.0003036973,4.277877E-06,2.364746E-05,0.0003407832,5.477179E-05,1.914918E-05,1.039064E-05,2.083991E-05,7.842703E-07,0.0001204617,6.932368E-07,9.024731E-06,0.0001454963,2.016964E-05,0.0002490517,2.281997E-05,2.474326E-06,4.510404E-06,9.252186E-09,6.988528E-06,1.381927E-11,1.827027E-10,0.0001517321,1.152673E-05,9.869346E-10,7.152736E-07,4.622291E-05,3.4868E-07,2.238634E-05,7.05099E-06,0.0003264806,4.974129E-06,0.007056554,9.018122E-06,2.002175E-06,0.0004503918,1.6645E-05,6.446064E-05,0.0007661164,8.462035E-05,1.077854E-14,1.709286E-06,1.086532E-07,0.0002886126,3.674511E-08,1.253026E-07,5.363254E-06,3.952914E-08,4.714075E-07,4.698586E-06,7.195949E-05,3.126546E-05,1.112492E-05,0.000161594,5.045935E-05,4.041032E-08,0.0001150643,1.392867E-05,3.642563E-06,1.101166E-05,2.420846E-06,4.661587E-07,0.0008928489,1.103856E-05,1.611667E-05,3.354544E-06,2.024065E-06,1.043252E-05,1.170307E-07,2.413907E-06,2.963915E-05,2.542821E-05,1.338215E-05,0.0009592363,5.813753E-06,0.0002678084,6.00216E-07,6.661467E-07,1.13271E-05,3.821913E-05,8.62614E-05,0.0009351249,0.05061269,0.008857964,1.511309E-07,1.511095E-07,5.26338E-09,2.533995E-07,2.254091E-14,1.002469E-08,3.81683E-06,6.448855E-08,7.455901E-09,6.529929E-07,3.653401E-05,4.608684E-06,1.853655E-09,2.873488E-10,1.836697E-07,1.604778E-05,1.91891E-08,1.702464E-07,1.767808E-07,2.371683E-08,4.072982E-06,1.048087E-06,0.000989894,0.003044861,0.0007993732,0.0001222459,1.99861E-08,1.704413E-06,7.297033E-07,5.691721E-08,8.906096E-09,1.870519E-08,1.725509E-07,1.823875E-08,2.014357E-06,0.0027502,0.001951818,0.002146281,5.476788E-06,0.0003085517,0.007826704,1.094724E-06,0.0002438261,0.001203962,0.000267841,3.882828E-05,0.0002072786,5.411935E-06,5.383376E-06,1.243227E-05,2.019053E-05,0.0001424951,5.731613E-05,1.219467E-05,0.03344805,4.414767E-05,1.972174E-05,0.001357148,1.07694E-05,1.602737E-06,0.001115402,0.001798799,0.009047902,0.001320459,0.0002435642,9.832869E-05,0.0002144754,0.05979452,0.03274958,0.02440735,0.003472866,0.01614223,8.059332E-06,7.068229E-07,1.082233E-06,1.748317E-06,1.449815E-08,4.960184E-11,1.406907E-07,1.1706E-08,2.002744E-08,2.378391E-06,1.705499E-08,9.309463E-05,7.522182E-05,2.168151E-06,8.284448E-05,2.044234E-09,7.047309E-08,1.495171E-06,1.037777E-05,8.293457E-07,7.221617E-08,5.510932E-08,3.200897E-06,5.11883E-08,7.239027E-11,0.0001122464,0.0003735459,3.911513E-05,1.496009E-05,4.359715E-07,3.436783E-07,5.210318E-07,2.320262E-06,0.0001305669,3.284147E-05,3.520782E-07,2.054294E-05,1.642807E-07,2.850476E-05,8.47297E-06,4.717093E-07,2.078084E-08,7.227301E-06,6.176849E-05,8.951588E-05,1.572109E-05,0.002797602,3.046475E-06,0.0001862713,6.735773E-06,0.000112898,2.591098E-05,2.846223E-05,9.021142E-05,0.0003395068,0.001946962,0.005049645,3.326219E-07,0.002746749,5.540725E-05,0.002091832,0.003632254,0.0007276238,8.028404E-05,9.694613E-05,7.049198E-06,0.002188357,2.292638E-05,3.262678E-08,6.404539E-07,5.868231E-08,0.001907576,1.040177E-05,8.176257E-06,7.240428E-07,3.304906E-07,9.780038E-12,2.779717E-05,2.178539E-05,4.500411E-05,7.992212E-05,1.40227E-05,0.00343006,0.002998613,0.0001174959,4.105791E-06,6.986753E-06,8.495495E-05,2.631116E-06,1.34068E-05,1.49221E-05,0.000348474,1.666325E-05,7.641521E-06,0.0002705973,0.000261681,0.0001319147,1.008382E-05,0.0002384993,0.0005644832,3.134769E-05,2.991397E-05,1.369109E-05,0.0002557652,6.892103E-07,6.566784E-05,0.0001073712,2.41661E-06,0.0002124118,4.71599E-10,2.367865E-05,5.002725E-05,3.249999E-05,0.005936809,0.0003870719,0.0005897594,0.0004026114,1.09959E-05,1.606078E-05,3.408044E-05,0.0001401202,3.834575E-06,0.0003737845,1.554868E-05,0.0003898314,0.0001066266,2.372701E-05,0.0008276424,0.0006018059,0.004719967,0.002094379,0.005371609,0.008567312,0.006678397,0.00258676,9.682745E-05,3.642529E-07,0.0003327895,0.001715959,6.411708E-05,0.0001149655,0.0003154113
28,1.582908E-06,0.009531618,4.338449E-05,3.759927E-06,6.698194E-06,7.370213E-08,3.267208E-08,5.109344E-09,6.449272E-08,1.316666E-06,0.0002644572,3.620056E-05,9.24709E-06,8.110983E-05,2.010292E-09,3.133044E-07,5.468544E-07,9.39582E-05,1.031203E-05,5.662951E-10,1.85022E-05,3.452141E-06,2.273402E-05,1.630128E-10,0.0001774148,0.0003011739,0.0001269143,2.622476E-05,0.0002221752,3.123003E-06,1.76469E-05,0.0002492466,4.320548E-05,1.430682E-05,7.550415E-06,1.706647E-05,5.728789E-07,8.875442E-05,5.077733E-07,5.225931E-06,9.403461E-05,1.251799E-05,0.0001526438,1.462322E-05,1.515448E-06,3.00925E-06,5.958061E-09,4.426621E-06,8.539999E-12,1.148996E-10,9.383439E-05,7.118143E-06,7.316387E-10,5.548121E-07,3.171463E-05,2.237237E-07,1.450614E-05,4.541927E-06,0.0002113475,3.203946E-06,0.00493331,5.627851E-06,1.459379E-06,0.0003597404,1.43732E-05,5.322762E-05,0.0006671639,7.32622E-05,1.025872E-14,1.703176E-06,9.02602E-07,0.002369192,2.958967E-07,1.07527E-06,4.438781E-05,4.144158E-07,5.119934E-06,3.897205E-05,0.0005929505,0.0002665411,9.241504E-05,0.001438098,0.0004239804,3.342602E-07,0.0009525272,0.0001146949,3.085736E-05,9.149287E-05,1.964256E-05,3.916571E-06,0.007332734,9.997847E-05,0.0001361256,2.801208E-05,1.679238E-05,1.051508E-05,1.236639E-07,2.710389E-06,3.289702E-05,2.827035E-05,1.595084E-05,0.001062928,6.39317E-06,0.0002973765,8.194829E-07,8.946241E-07,1.531691E-05,5.144798E-05,0.0001163295,0.001353003,0.06763269,0.01191382,1.568425E-07,1.552226E-07,4.817371E-09,2.585068E-07,2.804322E-14,1.197216E-08,3.887202E-06,6.656391E-08,9.764958E-09,6.817954E-07,3.783649E-05,4.959235E-06,1.894438E-09,2.909419E-10,1.881302E-07,1.789548E-05,2.02639E-08,1.741569E-07,1.823866E-07,2.442092E-08,4.165509E-06,1.095212E-06,0.001031021,0.003248189,0.0007952282,0.0001273933,2.057041E-08,1.747398E-06,7.316464E-07,5.876836E-08,1.002069E-08,1.955661E-08,1.782915E-07,1.864847E-08,2.072064E-06,0.003052504,0.002172728,0.002397637,6.176666E-06,0.000345527,0.008779204,1.217801E-06,0.0002797445,0.001346259,0.0002941898,4.407267E-05,0.0002306907,6.07931E-06,5.772452E-06,1.376393E-05,2.182163E-05,0.0001653571,6.151769E-05,1.343939E-05,0.03901449,4.884605E-05,2.141827E-05,0.001468389,8.535602E-06,1.389451E-06,0.000904623,0.001449313,0.007720299,0.00106326,0.0001919296,7.861888E-05,0.0001777929,0.05226189,0.02665848,0.01956164,0.002762461,0.01290764,8.857656E-06,7.637664E-07,1.054395E-06,1.894293E-06,1.526029E-08,5.778476E-11,1.75697E-07,1.149525E-08,2.196394E-08,2.508463E-06,1.716425E-08,0.0001006138,7.834589E-05,2.438873E-06,9.054129E-05,2.909638E-09,7.787172E-08,1.624159E-06,1.123626E-05,9.224889E-07,7.619656E-08,6.405823E-08,3.384078E-06,5.554514E-08,9.131743E-11,0.0001480881,0.000435369,4.290558E-05,1.631328E-05,4.757473E-07,3.822755E-07,5.633597E-07,2.48903E-06,0.000142249,3.872488E-05,3.933997E-07,2.233443E-05,1.759001E-07,3.493976E-05,9.270299E-06,5.160077E-07,2.258705E-08,6.154602E-06,5.853989E-05,8.374244E-05,1.417498E-05,0.002646807,3.009458E-06,0.0001784359,8.661669E-06,0.0001091298,2.503249E-05,2.733209E-05,8.679485E-05,0.0003242446,0.001860349,0.004996324,3.158303E-07,0.002617229,5.198675E-05,0.001996927,0.003744922,0.0007078229,7.696242E-05,9.310999E-05,7.514734E-06,0.002097139,2.181834E-05,3.10267E-08,6.148381E-07,5.599835E-08,0.001814243,1.060334E-05,7.418302E-06,7.309561E-07,3.336464E-07,1.054393E-11,3.218486E-05,2.015619E-05,4.734095E-05,7.965203E-05,1.343647E-05,0.003453478,0.002941122,0.0001192338,4.219788E-06,7.080595E-06,8.742723E-05,2.783754E-06,1.352409E-05,1.514862E-05,0.0003722174,1.725761E-05,7.832306E-06,0.0002753933,0.0002653512,0.0001381517,1.02337E-05,0.0002388682,0.0005745469,3.430103E-05,3.096183E-05,1.387868E-05,0.0002899295,7.002182E-07,7.228523E-05,0.0001173859,2.359857E-06,0.0002308108,5.496874E-10,2.957351E-05,5.361805E-05,3.354992E-05,0.006445208,0.0004087768,0.0006683602,0.0004431094,1.615926E-05,1.781244E-05,3.712245E-05,0.0001550908,4.365186E-06,0.0004065219,1.716042E-05,0.0004476185,0.0001190587,2.615803E-05,0.00090674,0.0006627057,0.005394908,0.002287208,0.005779883,0.00937488,0.007935244,0.002900359,0.0001067673,4.005786E-07,0.0004065518,0.001890589,6.996499E-05,0.0001253518,0.0003455508
29,1.779935E-06,0.01106311,5.037902E-05,4.368068E-06,6.783064E-06,6.582455E-08,3.238522E-08,5.913284E-09,5.971587E-08,1.354495E-06,0.0002590781,3.558343E-05,9.502081E-06,8.2374E-05,2.736858E-09,4.549116E-07,5.370882E-07,9.598981E-05,1.050023E-05,5.640548E-10,1.836009E-05,3.763148E-06,2.244854E-05,1.852814E-10,0.0002062491,0.0003302911,0.0001295548,2.648269E-05,0.0002231559,3.117281E-06,1.756052E-05,0.0002501879,4.607685E-05,1.453798E-05,7.586666E-06,1.918756E-05,5.654047E-07,8.698946E-05,5.1252E-07,5.153161E-06,0.000100355,1.18328E-05,0.0001597785,1.453937E-05,1.509018E-06,3.146839E-06,5.942173E-09,4.54523E-06,8.789404E-12,1.131105E-10,9.470825E-05,7.123904E-06,8.425518E-10,6.497735E-07,3.522374E-05,2.310665E-07,1.490919E-05,4.611584E-06,0.0002145867,3.254413E-06,0.005354657,5.709344E-06,1.669896E-06,0.0003534992,1.351311E-05,5.121275E-05,0.000701341,7.338355E-05,1.290907E-14,1.966876E-06,1.628556E-06,0.004146152,5.259736E-07,1.978952E-06,8.030151E-05,1.022278E-06,1.333375E-05,6.984748E-05,0.001053948,0.0004801504,0.0001660209,0.002731513,0.0007644911,6.009722E-07,0.001715905,0.0002057981,5.469018E-05,0.000168728,3.554779E-05,6.909821E-06,0.01283271,0.0002010244,0.0002491456,4.902964E-05,3.029726E-05,1.06766E-05,1.251172E-07,2.874364E-06,3.434016E-05,2.956839E-05,1.769239E-05,0.001108423,6.527064E-06,0.0003126597,9.923084E-07,1.050868E-06,1.806726E-05,6.015605E-05,0.0001363022,0.001679412,0.07630279,0.01399432,1.55726E-07,1.549349E-07,4.225694E-09,2.565303E-07,3.870259E-14,1.38124E-08,3.721738E-06,6.62803E-08,1.369819E-08,6.79833E-07,3.651851E-05,4.900452E-06,1.946722E-09,2.904838E-10,1.855653E-07,1.860691E-05,2.004397E-08,1.696377E-07,1.796802E-07,2.409396E-08,4.141831E-06,1.078241E-06,0.001009476,0.003239339,0.000809164,0.0001233459,2.037977E-08,1.682997E-06,7.393771E-07,5.835051E-08,1.12131E-08,1.977003E-08,1.700359E-07,1.870866E-08,2.060013E-06,0.003078236,0.002313448,0.002604117,6.740855E-06,0.0003771967,0.009593812,1.337621E-06,0.0003014845,0.001528161,0.0003254205,4.770735E-05,0.0002472853,6.67108E-06,5.283905E-06,1.27274E-05,2.035659E-05,0.000162431,5.720885E-05,1.28219E-05,0.04048435,4.662042E-05,1.947012E-05,0.001376364,5.914815E-06,1.086896E-06,0.0006300019,0.001038332,0.005728404,0.0007487434,0.00013157,5.611153E-05,0.0001321958,0.0418074,0.01921859,0.01346324,0.001943052,0.009187971,9.286475E-06,7.866651E-07,9.719138E-07,1.956306E-06,1.529938E-08,7.287913E-11,2.102172E-07,1.145683E-08,2.320993E-08,2.380867E-06,1.665209E-08,0.0001017865,7.903874E-05,2.588957E-06,9.508635E-05,4.35548E-09,8.198948E-08,1.64519E-06,1.171701E-05,9.607409E-07,7.646498E-08,7.168883E-08,3.393603E-06,5.688518E-08,1.071222E-10,0.0001779071,0.0004940414,4.488834E-05,1.688241E-05,4.923439E-07,3.933815E-07,5.776504E-07,2.498281E-06,0.0001470406,4.277594E-05,4.143625E-07,2.299461E-05,1.798278E-07,4.067481E-05,9.650375E-06,5.382725E-07,2.342163E-08,5.649442E-06,6.024801E-05,8.041524E-05,1.405232E-05,0.002665731,3.185916E-06,0.000186538,1.309172E-05,0.0001142649,2.652628E-05,2.813275E-05,9.059557E-05,0.0003345602,0.00191033,0.005194681,3.275859E-07,0.00269773,5.200815E-05,0.002060919,0.004107423,0.0007359162,7.936263E-05,9.742585E-05,8.651968E-06,0.002170627,2.253989E-05,3.20681E-08,6.283023E-07,5.80017E-08,0.001830356,1.018127E-05,6.311075E-06,6.971075E-07,3.204991E-07,1.216207E-11,3.543448E-05,1.878102E-05,4.790664E-05,7.089679E-05,1.232169E-05,0.003221228,0.002773567,0.0001145588,4.086414E-06,6.647105E-06,8.577708E-05,2.741253E-06,1.287709E-05,1.440191E-05,0.0003842935,1.691805E-05,7.577723E-06,0.0002638573,0.000250859,0.0001317784,9.779392E-06,0.0002220423,0.0005503481,3.464659E-05,2.974425E-05,1.314732E-05,0.000309004,6.715836E-07,7.335141E-05,0.0001185079,2.111977E-06,0.000231555,6.699237E-10,3.42909E-05,5.01333E-05,3.236508E-05,0.006337188,0.0004051626,0.0006913168,0.0004529728,2.38278E-05,1.820463E-05,3.668131E-05,0.0001601238,4.523714E-06,0.0004070083,1.730038E-05,0.0004862949,0.0001227699,2.659582E-05,0.0009130366,0.0006673964,0.005513812,0.002296804,0.005638194,0.009429366,0.008534865,0.002957967,0.0001077711,4.078382E-07,0.0004562607,0.001914712,7.045905E-05,0.0001262991,0.0003419121
30,1.614645E-06,0.01043351,4.755665E-05,4.124626E-06,7.521805E-06,6.509809E-08,3.538973E-08,7.392157E-09,5.484839E-08,1.504033E-06,0.0002774609,3.895194E-05,1.08355E-05,9.193985E-05,3.932542E-09,7.435991E-07,6.065556E-07,0.000106095,1.159782E-05,6.034728E-10,2.012685E-05,4.377779E-06,2.472083E-05,2.131598E-10,0.0002469983,0.0003991112,0.000144243,2.922259E-05,0.0002464437,3.396369E-06,1.94435E-05,0.0002767015,5.299429E-05,1.618908E-05,8.359224E-06,2.302749E-05,6.094091E-07,9.261962E-05,5.669801E-07,2.746103E-06,6.050522E-05,5.75622E-06,9.299306E-05,8.161424E-06,8.62301E-07,1.886382E-06,3.502285E-09,2.598014E-06,5.000672E-12,6.376433E-11,5.423458E-05,4.080933E-06,5.07526E-10,4.067205E-07,2.219224E-05,1.342828E-07,8.621069E-06,2.656476E-06,0.000123045,1.877124E-06,0.003248176,3.275884E-06,1.051193E-06,0.0003826417,1.372137E-05,5.868523E-05,0.0008552635,8.763972E-05,2.066595E-14,2.657816E-06,1.865668E-06,0.004594596,5.999477E-07,2.340143E-06,9.281177E-05,1.503174E-06,2.265665E-05,7.963574E-05,0.001187686,0.0005568971,0.000189957,0.003251444,0.0008774511,6.874129E-07,0.001960946,0.0002329593,6.303209E-05,0.0001878487,4.120014E-05,7.943981E-06,0.01424251,0.0002150737,0.0002848903,5.405177E-05,3.470546E-05,1.05231E-05,1.281165E-07,3.038132E-06,3.598722E-05,3.110744E-05,1.937112E-05,0.001154162,6.655289E-06,0.0003291624,9.65897E-07,1.047547E-06,1.777878E-05,5.895643E-05,0.0001340777,0.001714137,0.07180238,0.01373645,1.615846E-07,1.594093E-07,3.89459E-09,2.624493E-07,5.974678E-14,1.597694E-08,3.717807E-06,7.117763E-08,2.187959E-08,7.080922E-07,3.759447E-05,5.159689E-06,1.980489E-09,2.935724E-10,1.900772E-07,2.004612E-05,2.098246E-08,1.717426E-07,1.853346E-07,2.491287E-08,4.25769E-06,1.145506E-06,0.00106061,0.003280236,0.0008405272,0.0001297343,2.109451E-08,1.694103E-06,7.479956E-07,6.002146E-08,1.081854E-08,2.040144E-08,1.682388E-07,1.918669E-08,2.130027E-06,0.003263221,0.002893263,0.003356931,8.682196E-06,0.0004868735,0.01233002,1.742903E-06,0.0003990902,0.001930702,0.0004303431,6.237814E-05,0.0003135905,8.630128E-06,6.742577E-06,1.682024E-05,2.586736E-05,0.0002172617,7.284589E-05,1.621297E-05,0.04758251,5.931651E-05,2.388606E-05,0.001750998,7.208163E-06,1.43821E-06,0.0008226239,0.001299189,0.00762471,0.0009625601,0.0001633489,7.050623E-05,0.0001627188,0.0485897,0.02434298,0.01636471,0.002485471,0.01160295,1.195382E-05,9.990517E-07,1.11351E-06,2.48963E-06,1.900791E-08,1.199735E-10,3.045392E-07,1.358603E-08,3.027468E-08,2.515729E-06,2.019284E-08,0.0001262806,9.972862E-05,3.419141E-06,0.000123087,8.257264E-09,1.059305E-07,2.146379E-06,1.481349E-05,1.220762E-06,9.531834E-08,9.601789E-08,4.268598E-06,7.285155E-08,1.431232E-10,0.000246935,0.0006933443,5.753605E-05,2.154477E-05,6.221808E-07,5.0247E-07,7.331634E-07,3.188837E-06,0.0001879738,5.700992E-05,5.353285E-07,2.896812E-05,2.26659E-07,5.666441E-05,1.235624E-05,6.906284E-07,2.991655E-08,4.782634E-06,5.668416E-05,6.367273E-05,1.286917E-05,0.002447529,3.124972E-06,0.0001780378,1.846785E-05,0.0001091571,2.526758E-05,2.701587E-05,8.603305E-05,0.0003164962,0.001789746,0.005020653,3.094861E-07,0.002549124,4.912615E-05,0.001952982,0.004071932,0.0007014616,7.471915E-05,9.293114E-05,8.868977E-06,0.002059486,2.129032E-05,3.029168E-08,5.93641E-07,5.497711E-08,0.001686371,1.021483E-05,5.66929E-06,6.961124E-07,3.227936E-07,1.556666E-11,4.023609E-05,1.745845E-05,5.06192E-05,5.966009E-05,1.19497E-05,0.003131514,0.002776239,0.00011534,4.129951E-06,6.85384E-06,8.678087E-05,2.781916E-06,1.301602E-05,1.456019E-05,0.0004179352,1.72409E-05,7.635724E-06,0.0002652966,0.0002467905,0.0001329962,9.814433E-06,0.0002231927,0.0005543071,3.602148E-05,2.987836E-05,1.297771E-05,0.0003358552,6.744122E-07,6.490829E-05,0.0001045729,1.667051E-06,0.0002031352,7.556598E-10,3.420212E-05,3.699164E-05,2.762431E-05,0.005424481,0.0003562401,0.0006320816,0.000403365,3.126717E-05,1.621085E-05,3.316482E-05,0.0001423411,4.024121E-06,0.0003618217,1.549355E-05,0.0004641229,0.0001099884,2.354602E-05,0.0008059942,0.0005833912,0.004976606,0.002023696,0.004971345,0.00833629,0.007891032,0.002631895,9.455881E-05,3.626206E-07,0.0004360961,0.0016941,6.208389E-05,0.0001112419,0.0002941079
31,2.182652E-06,0.01443655,6.590368E-05,5.714227E-06,5.353817E-06,4.283035E-08,2.470351E-08,5.829064E-09,3.023633E-08,1.070562E-06,0.0001942866,2.896252E-05,8.085682E-06,6.704423E-05,3.933207E-09,7.597225E-07,4.583603E-07,7.782706E-05,8.529551E-06,4.182038E-10,1.406594E-05,3.264187E-06,1.774755E-05,1.6476E-10,0.0001812742,0.0003203653,0.000102364,2.079753E-05,0.0001783515,2.375125E-06,1.413695E-05,0.0001979151,3.885245E-05,1.164887E-05,5.925629E-06,1.726396E-05,4.241988E-07,6.413268E-05,4.024739E-07,1.653123E-06,4.207522E-05,2.988641E-06,6.224258E-05,5.349246E-06,5.949591E-07,1.323565E-06,2.456634E-09,1.775201E-06,3.412714E-12,4.181849E-11,3.57593E-05,2.727598E-06,3.61764E-10,2.796043E-07,1.651147E-05,8.896954E-08,5.725267E-06,1.790697E-06,8.107399E-05,1.250534E-06,0.00225151,2.16781E-06,7.360604E-07,0.0003106955,9.890136E-06,5.410459E-05,0.00079737,7.993833E-05,2.604482E-14,2.688464E-06,1.94974E-06,0.004735807,6.602322E-07,2.577437E-06,9.942562E-05,2.24108E-06,3.37295E-05,8.469016E-05,0.001222844,0.0006032454,0.0002001765,0.003513774,0.0009258711,7.178776E-07,0.002044252,0.0002473578,6.413822E-05,0.0002000311,4.249116E-05,8.366382E-06,0.0145313,0.0002398689,0.0002970565,5.512571E-05,3.626154E-05,1.024728E-05,1.378905E-07,3.224652E-06,3.858395E-05,3.304595E-05,2.113997E-05,0.001200564,6.847668E-06,0.0003467755,9.37083E-07,1.007356E-06,1.673346E-05,5.61434E-05,0.0001264581,0.001654738,0.06558613,0.01283548,1.320588E-07,1.294844E-07,2.940039E-09,2.129122E-07,7.500374E-14,1.42553E-08,2.987164E-06,6.022585E-08,2.603431E-08,5.804575E-07,3.044917E-05,4.414685E-06,1.805685E-09,2.379212E-10,1.556779E-07,1.691908E-05,1.742146E-08,1.375064E-07,1.5123E-07,2.030892E-08,3.458596E-06,9.317453E-07,0.0008597411,0.002657942,0.0006874158,0.0001067358,1.724045E-08,1.358231E-06,5.993599E-07,4.912782E-08,9.308299E-09,1.65865E-08,1.335014E-07,1.56048E-08,1.739163E-06,0.002558506,0.00296566,0.003508044,9.047486E-06,0.0005054537,0.01271742,1.874487E-06,0.0004105082,0.0020919,0.0004487204,6.618963E-05,0.0003238589,8.986365E-06,4.3446E-06,1.132991E-05,1.765836E-05,0.000147441,4.914723E-05,1.098204E-05,0.0347358,3.954592E-05,1.566419E-05,0.001174259,6.342559E-06,1.365892E-06,0.0007449104,0.001178467,0.006909086,0.0008536319,0.0001404211,6.333847E-05,0.0001482011,0.04695279,0.02147827,0.01419211,0.00217929,0.01030558,9.642183E-06,7.982027E-07,8.301686E-07,1.995865E-06,1.490395E-08,1.270133E-10,2.720161E-07,1.000542E-08,2.502519E-08,1.562974E-06,1.62151E-08,0.0001001054,8.370757E-05,2.888483E-06,0.0001017033,9.548525E-09,8.566673E-08,1.838979E-06,1.217148E-05,1.013435E-06,7.472237E-08,8.060899E-08,3.434848E-06,6.130424E-08,1.254592E-10,0.0002054785,0.0006319968,4.605112E-05,1.763613E-05,4.912778E-07,4.087328E-07,5.922126E-07,2.661563E-06,0.0001521557,4.718271E-05,4.356135E-07,2.280225E-05,1.801002E-07,4.818849E-05,9.940749E-06,5.559431E-07,2.396198E-08,4.120673E-06,5.252444E-05,4.62434E-05,1.216123E-05,0.002250476,3.076965E-06,0.0001700302,2.448913E-05,0.0001023367,2.443368E-05,2.671633E-05,8.046612E-05,0.0003004463,0.00165508,0.004901819,2.863173E-07,0.002392755,4.742713E-05,0.001831126,0.003963638,0.0006639695,6.91407E-05,8.729185E-05,8.691869E-06,0.001929342,1.972988E-05,2.806769E-08,5.570664E-07,5.11297E-08,0.001542698,7.193672E-06,3.719251E-06,4.915271E-07,2.303843E-07,1.432803E-11,3.166391E-05,1.131603E-05,3.805851E-05,3.314071E-05,8.621905E-06,0.002182629,0.002080236,8.256731E-05,2.930979E-06,5.158725E-06,6.413153E-05,2.042706E-06,9.484943E-06,1.082566E-05,0.0003302529,1.235441E-05,5.447505E-06,0.000192069,0.0001696939,9.57477E-05,7.033972E-06,0.0001646911,0.0003969716,2.602428E-05,2.113811E-05,8.956292E-06,0.0002504819,4.768646E-07,6.126967E-05,9.861036E-05,1.455905E-06,0.0001908111,9.293301E-10,3.577794E-05,2.724396E-05,2.647671E-05,0.005048675,0.0003540649,0.0006291549,0.0003891933,4.205016E-05,1.537806E-05,3.325904E-05,0.0001396934,3.933359E-06,0.0003496532,1.548418E-05,0.0004893843,0.0001045331,2.233031E-05,0.0007759574,0.000544554,0.004901824,0.001926432,0.004872723,0.007930681,0.007747368,0.002516772,8.828051E-05,3.455242E-07,0.0004332813,0.001603561,5.836561E-05,0.0001044789,0.0002718643
32,2.312503E-06,0.01567846,7.164277E-05,6.211288E-06,6.088449E-06,4.560269E-08,2.752627E-08,7.212911E-09,2.61764E-08,1.189718E-06,0.0002186824,3.446318E-05,9.617574E-06,7.845912E-05,5.70386E-09,1.201686E-06,5.316589E-07,9.169042E-05,9.742101E-06,4.762489E-10,1.575921E-05,3.903851E-06,2.025938E-05,1.964491E-10,0.0002138047,0.0004079604,0.0001154766,2.360839E-05,0.0002060439,2.644664E-06,1.588569E-05,0.0002247687,4.467545E-05,1.334925E-05,6.688264E-06,2.027164E-05,4.761686E-07,7.07404E-05,4.565416E-07,2.40552E-06,7.171735E-05,3.765397E-06,0.000100032,8.646749E-06,1.017008E-06,2.269957E-06,4.077906E-09,2.992167E-06,5.728723E-12,6.751175E-11,5.789385E-05,4.48365E-06,6.196626E-10,4.71278E-07,2.981784E-05,1.442391E-07,9.304497E-06,2.961685E-06,0.0001304825,2.032337E-06,0.003747994,3.517831E-06,1.239535E-06,0.0003426551,9.825413E-06,6.962651E-05,0.001011668,0.0001020103,4.778189E-14,3.734434E-06,1.59633E-06,0.003848135,5.70357E-07,2.218322E-06,8.367212E-05,2.384674E-06,3.859405E-05,7.055936E-05,0.0009852761,0.0004970808,0.0001641843,0.002924742,0.0007649332,5.85112E-07,0.00166435,0.0002022209,5.411575E-05,0.000158095,3.534375E-05,6.74982E-06,0.01174578,0.0002070659,0.0002415414,4.393221E-05,2.965108E-05,9.846133E-06,1.475688E-07,3.408686E-06,4.134907E-05,3.486887E-05,2.264864E-05,0.001243767,7.118431E-06,0.000364644,1.058154E-06,1.142361E-06,1.860855E-05,6.340605E-05,0.0001405179,0.001864899,0.07084309,0.01421088,1.560486E-07,1.535866E-07,3.253872E-09,2.513027E-07,1.416869E-13,1.821804E-08,3.490105E-06,7.285383E-08,4.064524E-08,6.852151E-07,3.508152E-05,5.233083E-06,2.068632E-09,2.841307E-10,1.836277E-07,2.014977E-05,2.068891E-08,1.582867E-07,1.777878E-07,2.394479E-08,4.070598E-06,1.094017E-06,0.000998482,0.003137805,0.0008044678,0.0001259288,2.028909E-08,1.580748E-06,7.198159E-07,5.838791E-08,1.144269E-08,1.947835E-08,1.5352E-07,1.852614E-08,2.055648E-06,0.002222835,0.003427834,0.00408393,1.050482E-05,0.0005870776,0.01467333,2.203533E-06,0.0005030563,0.002378593,0.0005378825,7.668365E-05,0.0003773682,1.048784E-05,1.831043E-06,4.855629E-06,7.959223E-06,6.446639E-05,2.203097E-05,4.933108E-06,0.01680688,1.717582E-05,6.752246E-06,0.0005186125,7.878566E-06,1.832411E-06,0.0009144482,0.001493239,0.008593466,0.001055385,0.0001702337,7.974138E-05,0.0001889189,0.06330257,0.02631206,0.01717324,0.002666586,0.01279369,1.226348E-05,1.008787E-06,9.894547E-07,2.527541E-06,1.853239E-08,2.197608E-10,3.766005E-07,1.148803E-08,3.262948E-08,1.511032E-06,2.053644E-08,0.0001259968,0.00011129,3.840925E-06,0.0001329516,1.678318E-08,1.089254E-07,2.389103E-06,1.593905E-05,1.297369E-06,9.294602E-08,1.075399E-07,4.353038E-06,7.849561E-08,1.668296E-10,0.0002704441,0.0008989139,5.802063E-05,2.277199E-05,6.092083E-07,5.0826E-07,7.503946E-07,3.476958E-06,0.0001932685,6.045755E-05,5.567485E-07,2.819994E-05,2.256663E-07,6.336108E-05,1.257861E-05,7.046694E-07,3.023822E-08,4.439655E-06,6.01238E-05,4.076403E-05,1.413952E-05,0.002566695,3.718388E-06,0.0002013391,3.936793E-05,0.000117839,2.945811E-05,3.105627E-05,9.263513E-05,0.0003516458,0.001875803,0.005682756,3.278032E-07,0.002750468,5.607844E-05,0.002106638,0.00464615,0.0007714219,7.823162E-05,0.0001009662,1.030727E-05,0.002214326,2.252703E-05,3.203143E-08,6.296265E-07,5.855082E-08,0.001752874,9.092021E-06,4.439999E-06,6.23865E-07,2.977297E-07,2.447766E-11,4.394706E-05,1.290638E-05,5.152953E-05,3.254298E-05,1.114333E-05,0.002747292,0.002802761,0.0001066117,3.720681E-06,6.677901E-06,8.580661E-05,2.627721E-06,1.237706E-05,1.38893E-05,0.0004680162,1.581144E-05,6.957701E-06,0.0002493057,0.0002086833,0.0001196283,8.983249E-06,0.000216259,0.0005067717,3.311395E-05,2.676341E-05,1.104063E-05,0.0003283209,6.035815E-07,6.248653E-05,0.000100774,1.394629E-06,0.0001942279,1.279765E-09,3.980782E-05,2.136633E-05,2.739061E-05,0.005113692,0.0003816129,0.0006745732,0.0004083599,5.985922E-05,1.572159E-05,3.453821E-05,0.0001498596,4.069129E-06,0.0003645705,1.598055E-05,0.0005566032,0.0001070504,2.287215E-05,0.000807712,0.0005464213,0.005026928,0.001970095,0.005128303,0.008117583,0.008037366,0.00259047,8.842567E-05,3.556831E-07,0.0004566464,0.001631983,5.927716E-05,0.0001060184,0.0002737582
33,2.418351E-06,0.01667861,7.62354E-05,6.612916E-06,6.346554E-06,4.331011E-08,2.860066E-08,7.935264E-09,1.875556E-08,1.119485E-06,0.0002215088,3.446325E-05,1.033795E-05,8.328593E-05,8.522297E-09,1.703782E-06,5.654319E-07,9.63398E-05,1.05031E-05,4.788707E-10,1.636799E-05,4.207925E-06,2.118985E-05,2.14128E-10,0.0002267389,0.0004359634,0.0001198832,2.440094E-05,0.0002136172,2.681585E-06,1.602144E-05,0.0002327514,4.634808E-05,1.394797E-05,6.924202E-06,2.135609E-05,4.929914E-07,7.223128E-05,4.750769E-07,2.19126E-06,8.461079E-05,3.078203E-06,0.000104288,9.978246E-06,1.148161E-06,2.78181E-06,5.051664E-09,3.513165E-06,6.944458E-12,7.653945E-11,6.690426E-05,5.217893E-06,7.765691E-10,5.720642E-07,3.639772E-05,1.676953E-07,1.087078E-05,3.486058E-06,0.0001518254,2.383154E-06,0.004462163,4.037847E-06,1.49093E-06,0.0002800338,7.906638E-06,7.230289E-05,0.001044109,0.0001157939,8.089619E-14,4.468799E-06,1.704856E-06,0.003994367,5.850832E-07,2.44642E-06,9.083978E-05,3.680942E-06,5.626999E-05,7.489073E-05,0.00102727,0.0005180234,0.0001740552,0.003120845,0.0008207856,6.211808E-07,0.001765826,0.0002183783,5.730873E-05,0.0001736768,3.665391E-05,7.302439E-06,0.0124879,0.0002278274,0.0002582918,4.606006E-05,3.164883E-05,8.230057E-06,1.431257E-07,3.55988E-06,4.323878E-05,3.644907E-05,2.377933E-05,0.001287859,7.444597E-06,0.00038333,9.025876E-07,9.773445E-07,1.567151E-05,5.348168E-05,0.0001184522,0.001576427,0.05906868,0.01203422,1.516681E-07,1.490251E-07,2.889163E-09,2.432349E-07,2.231743E-13,1.846841E-08,3.295115E-06,7.27259E-08,5.534453E-08,6.645464E-07,3.339411E-05,4.966005E-06,1.76574E-09,2.691324E-10,1.77546E-07,1.961001E-05,2.027327E-08,1.514608E-07,1.721737E-07,2.314652E-08,3.946495E-06,1.073802E-06,0.0009729611,0.003014098,0.0007920613,0.0001210558,1.969955E-08,1.537123E-06,6.925816E-07,5.660806E-08,1.152349E-08,1.906001E-08,1.46568E-07,1.800695E-08,1.998662E-06,0.001742191,0.003930476,0.004771561,1.226095E-05,0.0006893172,0.0171481,2.671464E-06,0.0005939481,0.002945511,0.0006260793,9.270422E-05,0.000449143,1.239897E-05,2.438226E-06,6.454121E-06,1.082612E-05,8.79339E-05,2.999253E-05,6.735432E-06,0.0236164,2.35779E-05,9.075906E-06,0.000709789,6.467206E-06,1.605495E-06,0.0007457337,0.001257069,0.007194895,0.0008889805,0.000142227,6.720576E-05,0.0001606018,0.05516943,0.02219216,0.01421737,0.002237131,0.01078634,1.27308E-05,1.042125E-06,9.338237E-07,2.604371E-06,1.88291E-08,3.226121E-10,4.115639E-07,9.364286E-09,3.382379E-08,1.069741E-06,1.940484E-08,0.0001269099,0.0001103162,4.10263E-06,0.0001404975,2.370251E-08,1.128233E-07,2.522186E-06,1.655814E-05,1.374417E-06,9.440907E-08,1.149238E-07,4.482165E-06,7.624038E-08,1.808422E-10,0.0002849527,0.0009541476,5.965128E-05,2.342246E-05,6.150058E-07,5.109578E-07,7.638662E-07,3.620959E-06,0.0001985889,6.245226E-05,5.792008E-07,2.864402E-05,2.303972E-07,6.639465E-05,1.297648E-05,7.275991E-07,3.1129E-08,4.320768E-06,6.387148E-05,2.996901E-05,1.388224E-05,0.002662887,4.094398E-06,0.0002182115,5.72823E-05,0.0001256047,3.176277E-05,3.111387E-05,9.815733E-05,0.0003735932,0.001948661,0.0058892,3.498926E-07,0.002893436,6.033211E-05,0.002236489,0.004938898,0.0008251113,8.19405E-05,0.0001075175,1.111993E-05,0.002347347,2.396348E-05,3.399461E-08,6.828691E-07,6.235681E-08,0.001857124,1.09723E-05,4.87684E-06,7.478208E-07,3.582778E-07,4.119879E-11,5.596219E-05,1.193467E-05,6.321069E-05,2.702169E-05,1.227986E-05,0.003219492,0.00323724,0.0001313195,4.48108E-06,8.241772E-06,0.0001040136,3.237252E-06,1.495162E-05,1.578759E-05,0.0005819394,1.894525E-05,8.312294E-06,0.0002989917,0.0002457639,0.0001405057,1.065878E-05,0.0002626413,0.0006064772,3.991301E-05,3.24696E-05,1.308362E-05,0.0003994885,7.252895E-07,6.191945E-05,0.0001002086,1.26309E-06,0.0001920559,1.776202E-09,4.175684E-05,1.463069E-05,2.504374E-05,0.004935726,0.0003647873,0.0006908731,0.0004115278,8.092022E-05,1.558761E-05,3.537947E-05,0.0001505765,4.128402E-06,0.0003656759,1.48913E-05,0.0005667522,0.0001063365,2.257372E-05,0.0007987563,0.0005269345,0.004834486,0.001930295,0.005137667,0.00802406,0.007932442,0.002572951,8.599774E-05,3.530355E-07,0.0004581624,0.001608193,5.868105E-05,0.0001047361,0.0002693978
34,2.138265E-06,0.01445765,6.603012E-05,5.729281E-06,5.9368E-06,3.598015E-08,2.664255E-08,7.764024E-09,1.253164E-08,9.276675E-07,0.000199321,3.015695E-05,9.871639E-06,7.881278E-05,1.102286E-08,2.169277E-06,5.267296E-07,8.962402E-05,9.757002E-06,4.35336E-10,1.524938E-05,4.056374E-06,1.975412E-05,1.989574E-10,0.0002145732,0.000412228,0.0001121544,2.259648E-05,0.0001969598,2.445254E-06,1.430636E-05,0.0002162134,4.303242E-05,1.304682E-05,6.395095E-06,2.020223E-05,4.613932E-07,6.880658E-05,4.438598E-07,1.862941E-06,9.357135E-05,2.418176E-06,0.0001006203,1.077506E-05,1.191767E-06,3.183755E-06,5.664693E-09,3.84894E-06,7.414252E-12,8.221692E-11,7.298643E-05,5.703434E-06,8.683662E-10,6.570835E-07,4.148309E-05,1.850001E-07,1.200681E-05,3.841612E-06,0.0001666945,2.641861E-06,0.004988837,4.351452E-06,1.692754E-06,0.0001858538,5.157901E-06,5.828204E-05,0.000850956,0.0001054277,1.168497E-13,4.249816E-06,1.140062E-06,0.002564476,3.63044E-07,1.668731E-06,6.137558E-05,3.458162E-06,5.177398E-05,4.912344E-05,0.0006721232,0.0003336421,0.0001148393,0.002079834,0.0005507218,4.139185E-07,0.001172478,0.0001447508,3.898095E-05,0.0001150561,2.500568E-05,4.764885E-06,0.008387993,0.0001213475,0.0001727916,3.13952E-05,2.114116E-05,6.681739E-06,1.336536E-07,3.708163E-06,4.472028E-05,3.802866E-05,2.477451E-05,0.001333664,7.821291E-06,0.0004023821,8.519588E-07,9.18915E-07,1.466056E-05,4.966058E-05,0.000110893,0.001472763,0.05700457,0.01132968,1.461357E-07,1.434321E-07,2.458304E-09,2.318648E-07,3.628895E-13,1.832503E-08,3.049889E-06,7.039004E-08,7.137127E-08,6.384903E-07,3.139691E-05,4.610144E-06,1.791351E-09,2.516488E-10,1.687565E-07,1.872416E-05,1.949448E-08,1.433038E-07,1.644664E-07,2.241615E-08,3.785732E-06,1.029241E-06,0.0009386975,0.002916261,0.000740317,0.0001142046,1.895424E-08,1.479274E-06,6.651464E-07,5.482755E-08,9.11636E-09,1.826979E-08,1.442623E-07,1.730876E-08,1.923113E-06,0.001059118,0.003313313,0.004115618,1.064366E-05,0.0006052292,0.01495958,2.33003E-06,0.0005360047,0.002559474,0.0005612799,7.993365E-05,0.0003969448,1.087791E-05,9.475323E-06,2.518533E-05,3.82731E-05,0.000340882,0.0001072926,2.3594E-05,0.06453395,8.797434E-05,3.393331E-05,0.00259703,6.632568E-06,1.707222E-06,0.0008319264,0.001293399,0.008129138,0.001011927,0.0001609027,7.030005E-05,0.0001581899,0.04476241,0.02451009,0.01575829,0.002536513,0.01167809,1.305931E-05,1.06293E-06,8.48512E-07,2.645328E-06,1.885484E-08,5.026646E-10,4.400785E-07,7.349314E-09,3.430339E-08,7.794374E-07,1.747475E-08,0.0001250381,0.0001052691,4.286877E-06,0.0001460236,3.310892E-08,1.154487E-07,2.585442E-06,1.67501E-05,1.395852E-06,9.509395E-08,1.207462E-07,4.528912E-06,7.229787E-08,1.840724E-10,0.0002955498,0.000987566,6.078838E-05,2.359884E-05,6.164319E-07,5.013663E-07,7.603583E-07,3.673091E-06,0.000201574,6.366954E-05,5.949083E-07,2.891874E-05,2.310715E-07,6.876483E-05,1.323621E-05,7.45499E-07,3.176872E-08,4.37977E-06,7.239042E-05,2.444817E-05,1.402432E-05,0.002919818,4.754553E-06,0.0002504859,8.927153E-05,0.0001429073,3.617839E-05,3.272259E-05,0.0001108996,0.0004199607,0.002156094,0.006380251,3.996811E-07,0.003223349,6.837022E-05,0.002535653,0.005565243,0.000937181,9.168018E-05,0.0001214175,1.282544E-05,0.002651862,2.736698E-05,3.8691E-08,7.601715E-07,7.109708E-08,0.002113515,1.130171E-05,4.447352E-06,7.619348E-07,3.642543E-07,6.369428E-11,6.016281E-05,9.278888E-06,6.504764E-05,1.974013E-05,1.107874E-05,0.003182676,0.003098108,0.0001373464,4.600875E-06,8.41067E-06,0.0001060564,3.331896E-06,1.521808E-05,1.51024E-05,0.0006082765,1.937124E-05,8.437597E-06,0.0003027145,0.0002476804,0.000138783,1.066498E-05,0.0002678143,0.0006179738,4.095442E-05,3.356285E-05,1.32918E-05,0.0004153133,7.464185E-07,6.544282E-05,0.000106249,1.18974E-06,0.0002022971,2.829076E-09,4.633184E-05,1.110627E-05,2.352846E-05,0.005029087,0.0003626154,0.0007459423,0.0004386446,0.0001168982,1.647945E-05,3.723252E-05,0.0001596033,4.40781E-06,0.0003881905,1.456994E-05,0.0006079398,0.000113094,2.371935E-05,0.0008348968,0.0005410577,0.004859957,0.001999955,0.005412779,0.008458737,0.008297705,0.002712541,8.934291E-05,3.711145E-07,0.0004909582,0.001688164,6.226733E-05,0.0001108004,0.0002845534
35,2.147629E-06,0.01380118,6.301949E-05,5.463482E-06,6.621758E-06,3.640407E-08,2.953214E-08,9.055969E-09,1.121309E-08,1.008027E-06,0.0002196937,3.312151E-05,1.157077E-05,8.902168E-05,1.501279E-08,3.28798E-06,6.001374E-07,0.0001021473,1.118623E-05,4.742796E-10,1.685393E-05,4.641473E-06,2.25256E-05,2.21513E-10,0.0002355896,0.0004669325,0.000125614,2.521177E-05,0.0002217653,2.691572E-06,1.659143E-05,0.0002434266,4.822619E-05,1.474409E-05,7.092918E-06,2.274275E-05,5.199652E-07,8.065484E-05,4.950346E-07,1.939113E-06,0.0001117051,2.21712E-06,0.0001126119,1.223325E-05,1.338118E-06,3.839447E-06,6.664278E-09,4.471421E-06,8.690102E-12,9.381178E-11,8.32713E-05,6.620548E-06,1.003987E-09,7.488802E-07,4.843653E-05,2.12089E-07,1.372538E-05,4.437444E-06,0.0001888998,3.048988E-06,0.005759083,4.930612E-06,1.95293E-06,0.0001161906,2.69468E-06,3.830937E-05,0.0005492061,6.883257E-05,1.23786E-13,2.896322E-06,9.309078E-07,0.002068122,2.895638E-07,1.432038E-06,5.084735E-05,3.468561E-06,5.802345E-05,4.031881E-05,0.0005428731,0.0002824916,9.411293E-05,0.001710723,0.0004572202,3.373103E-07,0.0009532575,0.0001172369,3.135568E-05,9.692007E-05,1.987595E-05,3.936207E-06,0.006946677,0.0001014321,0.0001407275,2.694165E-05,1.724628E-05,6.279529E-06,1.418776E-07,3.892872E-06,4.733312E-05,4.028379E-05,2.603402E-05,0.001378758,8.281507E-06,0.000421569,5.880382E-07,6.363818E-07,1.00092E-05,3.41538E-05,7.622696E-05,0.001008111,0.04117506,0.007728952,1.498721E-07,1.465837E-07,2.280833E-09,2.36212E-07,6.28994E-13,1.937156E-08,3.088675E-06,7.344612E-08,1.033789E-07,6.528808E-07,3.190928E-05,4.913441E-06,2.132006E-09,2.528956E-10,1.732471E-07,1.934742E-05,2.035386E-08,1.453794E-07,1.685647E-07,2.294512E-08,3.868911E-06,1.053031E-06,0.0009581528,0.003057117,0.0007524292,0.0001171101,1.937624E-08,1.539579E-06,6.680793E-07,5.594016E-08,9.481486E-09,1.861314E-08,1.553947E-07,1.759467E-08,1.960221E-06,0.0008790797,0.003455455,0.00430205,1.130306E-05,0.0006400545,0.01575696,2.45099E-06,0.000553677,0.002824382,0.0005813873,8.590813E-05,0.0004256547,1.147781E-05,5.800977E-06,1.606226E-05,2.470073E-05,0.0002137112,6.844512E-05,1.511737E-05,0.04277715,5.537243E-05,2.263941E-05,0.001645359,6.587832E-06,1.76893E-06,0.0008556068,0.001317094,0.00812671,0.001021341,0.0001620706,7.097443E-05,0.0001610963,0.04659526,0.02441876,0.01665677,0.002524612,0.01170386,1.358886E-05,1.106893E-06,8.013027E-07,2.74184E-06,1.938579E-08,8.242581E-10,4.785584E-07,6.871881E-09,3.659691E-08,6.517526E-07,1.834693E-08,0.0001285736,0.0001079319,4.684674E-06,0.000153789,4.662281E-08,1.200484E-07,2.738033E-06,1.777935E-05,1.487117E-06,9.77679E-08,1.285896E-07,4.812568E-06,7.661721E-08,1.914801E-10,0.0003028321,0.001042868,6.355369E-05,2.477838E-05,6.312867E-07,5.376732E-07,7.885042E-07,3.99583E-06,0.000211756,6.635466E-05,6.256392E-07,2.967545E-05,2.389633E-07,7.220567E-05,1.376432E-05,7.784088E-07,3.301923E-08,3.134533E-06,5.682504E-05,1.542226E-05,1.109193E-05,0.002282469,3.960363E-06,0.0002008428,9.752668E-05,0.0001129505,2.915482E-05,2.668588E-05,8.715573E-05,0.000334518,0.001693382,0.005284408,3.126587E-07,0.002526647,5.630516E-05,0.002015585,0.00445715,0.0007574956,7.20004E-05,9.49543E-05,1.020701E-05,0.002104756,2.162104E-05,3.046323E-08,6.053778E-07,5.618374E-08,0.00170369,9.948785E-06,3.544937E-06,6.665089E-07,3.180159E-07,8.739648E-11,5.534461E-05,7.452496E-06,5.892225E-05,1.386107E-05,9.760779E-06,0.002764575,0.002673099,0.0001227107,4.044016E-06,7.594051E-06,9.518085E-05,2.998502E-06,1.362228E-05,1.359397E-05,0.0005472188,1.703861E-05,7.399528E-06,0.0002686711,0.0002156601,0.0001270278,9.325955E-06,0.0002461916,0.0005480889,3.633032E-05,3.00298E-05,1.158441E-05,0.0003691387,6.585511E-07,4.576948E-05,7.43499E-05,7.550481E-07,0.0001408756,3.083846E-09,3.388273E-05,6.227409E-06,1.656425E-05,0.003477611,0.0002496328,0.0005489204,0.0003101762,0.0001121671,1.152046E-05,2.676072E-05,0.0001144189,3.159235E-06,0.0002781914,1.04669E-05,0.0004334752,7.939813E-05,1.656346E-05,0.0005898522,0.0003738648,0.003536647,0.001393175,0.003960653,0.005974226,0.005846592,0.001928952,6.180115E-05,2.583853E-07,0.0003466539,0.001181795,4.366482E-05,7.739488E-05,0.0002018547
36,2.154805E-06,0.01298184,5.923209E-05,5.130718E-06,6.356972E-06,3.333814E-08,2.800414E-08,9.1329E-09,8.660106E-09,9.777937E-07,0.0002155486,3.159863E-05,1.24001E-05,8.715194E-05,1.835282E-08,4.21922E-06,6.152325E-07,0.000103147,1.075691E-05,4.48758E-10,1.602722E-05,4.528339E-06,2.264765E-05,2.194491E-10,0.0002243407,0.0004587077,0.000120421,2.440921E-05,0.0002209411,2.581688E-06,1.78645E-05,0.0002380643,4.792483E-05,1.473515E-05,6.873202E-06,2.20559E-05,5.052096E-07,8.209216E-05,4.731433E-07,1.649567E-06,0.0001021363,1.567172E-06,9.945818E-05,1.103834E-05,1.164373E-06,3.788669E-06,6.177537E-09,4.096113E-06,7.777776E-12,8.080014E-11,7.190319E-05,5.969478E-06,9.050042E-10,6.530798E-07,4.382283E-05,1.849288E-07,1.215685E-05,4.056099E-06,0.0001661648,2.729101E-06,0.005262154,4.319743E-06,1.736234E-06,0.0001625218,3.076658E-06,6.127682E-05,0.0007876166,9.728837E-05,2.935641E-13,4.306534E-06,7.911415E-07,0.001796228,2.434118E-07,1.363334E-06,4.409073E-05,3.777936E-06,6.689768E-05,3.550782E-05,0.000460429,0.0002669901,8.112867E-05,0.001505003,0.0004044969,2.828994E-07,0.0007998839,0.0001006159,2.707361E-05,8.007527E-05,1.737804E-05,3.272789E-06,0.005979833,8.533903E-05,0.0001190635,2.431917E-05,1.458997E-05,5.946602E-06,1.580185E-07,3.848219E-06,4.804433E-05,4.015166E-05,2.611351E-05,0.001316907,8.137046E-06,0.0004090992,6.375058E-07,7.05903E-07,1.084903E-05,3.802437E-05,8.320147E-05,0.00111638,0.04717811,0.008267043,1.521715E-07,1.510804E-07,2.236025E-09,2.44009E-07,1.104837E-12,2.090035E-08,3.21091E-06,7.465393E-08,1.360687E-07,6.60168E-07,3.153618E-05,5.355893E-06,1.980468E-09,2.755812E-10,1.818935E-07,2.001159E-05,2.11548E-08,1.451534E-07,1.712173E-07,2.307871E-08,3.937617E-06,1.033293E-06,0.000976759,0.003040574,0.0007612634,0.0001202916,1.95536E-08,1.57017E-06,7.021402E-07,5.638416E-08,9.706293E-09,1.898097E-08,1.681931E-07,1.814692E-08,1.9882E-06,0.0007170363,0.003624626,0.004406527,1.179446E-05,0.0006512341,0.01600746,2.529251E-06,0.0005840005,0.002814195,0.0006169887,8.645107E-05,0.0004426193,1.174494E-05,7.168826E-06,2.207425E-05,3.08541E-05,0.0002729338,8.351338E-05,1.846893E-05,0.05179233,6.813298E-05,2.955753E-05,0.002017137,6.473109E-06,1.721816E-06,0.0009233843,0.001283332,0.008122283,0.001027756,0.0001585217,6.78018E-05,0.0001532349,0.0441451,0.02345198,0.0170672,0.002438484,0.01121977,1.448384E-05,1.182437E-06,8.167744E-07,2.930285E-06,2.044109E-08,1.443763E-09,5.367774E-07,7.074085E-09,4.04024E-08,5.60032E-07,2.219979E-08,0.0001401725,0.0001144874,5.5785E-06,0.0001668575,6.608967E-08,1.278066E-07,3.121235E-06,1.99708E-05,1.581243E-06,1.033653E-07,1.391099E-07,5.38574E-06,8.82573E-08,2.113097E-10,0.0003208464,0.001139765,6.773129E-05,2.744517E-05,6.685696E-07,6.318851E-07,8.676386E-07,4.726651E-06,0.000230289,7.279681E-05,6.913501E-07,3.100143E-05,2.574719E-07,7.782935E-05,1.471285E-05,8.251973E-07,3.489543E-08,2.662393E-06,5.059621E-05,1.100981E-05,1.114606E-05,0.002088242,3.983444E-06,0.000184149,0.0001191273,0.0001009626,2.707563E-05,2.644837E-05,7.811013E-05,0.0003097982,0.001530241,0.005383633,2.743376E-07,0.002312252,5.543101E-05,0.001823638,0.004188539,0.0007149964,6.410712E-05,8.490902E-05,9.18061E-06,0.001908573,1.909246E-05,2.683903E-08,5.283151E-07,4.988125E-08,0.001562418,1.163365E-05,3.938839E-06,7.768062E-07,3.665452E-07,1.662908E-10,6.778564E-05,8.404134E-06,7.107711E-05,1.295205E-05,1.283107E-05,0.003294582,0.003085326,0.0001466455,4.710751E-06,9.450759E-06,0.0001158441,3.48968E-06,1.651302E-05,1.724517E-05,0.0006560984,1.974013E-05,8.680211E-06,0.0003244664,0.0002527382,0.0001669222,1.117079E-05,0.0003175296,0.0006494316,4.415486E-05,3.670223E-05,1.336726E-05,0.0004349892,7.629296E-07,4.226949E-05,6.849186E-05,6.631979E-07,0.000129766,4.630902E-09,3.277782E-05,4.606278E-06,1.726374E-05,0.003278095,0.0002282564,0.0005669078,0.000291941,0.0001401758,1.06075E-05,2.614599E-05,0.0001104215,2.893708E-06,0.0002681854,1.059967E-05,0.0004088623,7.294871E-05,1.537469E-05,0.000564248,0.0003457648,0.003679408,0.001320757,0.004041279,0.005601212,0.005619807,0.001863586,5.634821E-05,2.397816E-07,0.0003226069,0.001099148,3.993851E-05,7.055043E-05,0.0001895342
37,2.169305E-06,0.01254292,5.722286E-05,4.952929E-06,6.38165E-06,3.200836E-08,2.786349E-08,9.557898E-09,7.192126E-09,9.422402E-07,0.0002205506,3.056971E-05,1.382354E-05,8.832064E-05,2.448579E-08,5.514469E-06,6.444857E-07,0.0001069824,1.084714E-05,4.460328E-10,1.595578E-05,4.627731E-06,2.337369E-05,2.236005E-10,0.0002289216,0.0004585663,0.00012051,2.471747E-05,0.0002279421,2.583516E-06,1.919375E-05,0.0002403149,4.926233E-05,1.531752E-05,6.977528E-06,2.223837E-05,5.107971E-07,8.556611E-05,4.733973E-07,1.503072E-06,0.0001074038,1.3317E-06,9.759406E-05,1.17555E-05,1.159271E-06,4.393998E-06,6.761802E-09,4.325372E-06,8.104013E-12,8.135823E-11,7.304036E-05,6.259115E-06,9.731451E-10,6.948538E-07,4.536062E-05,1.897291E-07,1.273346E-05,4.353906E-06,0.0001731528,2.855097E-06,0.005636299,4.453471E-06,1.818422E-06,0.0001299158,2.382162E-06,6.269215E-05,0.0007119415,9.127895E-05,4.666651E-13,4.216026E-06,8.064353E-07,0.001866279,2.382637E-07,1.544839E-06,4.570963E-05,5.057841E-06,8.944169E-05,3.722545E-05,0.0004677285,0.0002887342,8.298576E-05,0.001569989,0.0004266752,2.818166E-07,0.0008026806,0.0001042133,2.676536E-05,8.294019E-05,1.732186E-05,3.376442E-06,0.006139074,8.166581E-05,0.0001206951,2.573009E-05,1.481403E-05,5.165762E-06,1.676432E-07,3.798938E-06,4.828563E-05,3.951198E-05,2.587293E-05,0.001248984,7.941912E-06,0.0003968188,5.524463E-07,6.238876E-07,9.499819E-06,3.39385E-05,7.263817E-05,0.0009879882,0.04255714,0.007151047,1.534682E-07,1.512357E-07,2.159806E-09,2.452146E-07,1.89815E-12,2.166139E-08,3.302122E-06,7.735053E-08,1.880297E-07,6.630196E-07,3.193601E-05,5.677403E-06,2.563398E-09,2.793833E-10,1.834447E-07,2.061753E-05,2.21147E-08,1.429816E-07,1.723483E-07,2.275063E-08,3.891126E-06,1.065642E-06,0.0009715282,0.003156437,0.0007661446,0.0001195841,1.952906E-08,1.591348E-06,6.771302E-07,5.566018E-08,9.157426E-09,1.891872E-08,1.755579E-07,1.796523E-08,1.988071E-06,0.0005749207,0.003624033,0.004326009,1.16182E-05,0.0006264947,0.01547374,2.515988E-06,0.0005552725,0.002824303,0.0005938483,8.618122E-05,0.0004381242,1.146953E-05,8.803104E-06,2.891779E-05,3.753392E-05,0.0003424543,0.00010049,2.216073E-05,0.05842358,8.275077E-05,3.726848E-05,0.002443046,6.700541E-06,1.762057E-06,0.001015767,0.001300945,0.008555721,0.001095569,0.0001642184,6.81234E-05,0.0001517969,0.04168783,0.02388901,0.01809273,0.00250687,0.01139695,1.508227E-05,1.232846E-06,8.140776E-07,3.060656E-06,2.101964E-08,2.521056E-09,5.829687E-07,6.514953E-09,4.278426E-08,4.831874E-07,2.506104E-08,0.0001487894,0.0001149364,6.45312E-06,0.0001752528,8.91246E-08,1.326765E-07,3.391962E-06,2.15369E-05,1.648675E-06,1.064089E-07,1.475305E-07,5.766142E-06,9.506223E-08,2.233286E-10,0.0003400431,0.001182132,7.033797E-05,2.940012E-05,6.913374E-07,6.984792E-07,9.298008E-07,5.250179E-06,0.0002413215,7.735164E-05,7.434739E-07,3.152806E-05,2.712359E-07,8.14427E-05,1.532393E-05,8.491018E-07,3.585087E-08,2.411153E-06,4.799347E-05,8.614638E-06,1.142017E-05,0.002018734,4.200236E-06,0.0001774229,0.0001481387,9.546565E-05,2.638224E-05,2.620345E-05,7.445609E-05,0.0003018017,0.001452403,0.005464233,2.578577E-07,0.002248666,5.585671E-05,0.001733536,0.004088007,0.0007054739,5.963897E-05,8.113007E-05,8.72148E-06,0.001817507,1.78259E-05,2.504598E-08,5.056552E-07,4.683683E-08,0.001498887,1.184282E-05,3.817779E-06,7.883984E-07,3.65469E-07,2.81733E-10,7.163728E-05,7.428328E-06,7.295266E-05,1.080085E-05,1.401508E-05,0.003407675,0.002999688,0.0001513283,4.768796E-06,9.99301E-06,0.0001206858,3.525705E-06,1.706037E-05,1.81593E-05,0.0006670156,1.983053E-05,8.849943E-06,0.0003374624,0.0002578939,0.0001821478,1.160928E-05,0.0003427124,0.0006607721,4.622824E-05,3.88719E-05,1.334731E-05,0.0004435486,7.645917E-07,4.458499E-05,7.222912E-05,6.687031E-07,0.0001370513,8.131553E-09,3.601274E-05,4.013026E-06,1.969995E-05,0.003523342,0.0002316391,0.0006638533,0.0003118963,0.0001935495,1.11506E-05,2.878597E-05,0.0001200406,3.04884E-06,0.000290401,1.163154E-05,0.0004296299,7.658634E-05,1.632258E-05,0.0006113441,0.000364015,0.00413853,0.001430601,0.00453822,0.005932457,0.006081415,0.002039575,5.816405E-05,2.552048E-07,0.0003414662,0.001161717,4.155391E-05,7.332885E-05,0.0002017021
